    FDMNES
    energy     <xanes>
   7097.00  4.6915483E-03
   7097.33  4.7884245E-03
   7097.67  4.8890836E-03
   7098.00  4.9937501E-03
   7098.33  5.1032476E-03
   7098.67  5.2173560E-03
   7099.00  5.3363735E-03
   7099.33  5.4613461E-03
   7099.67  5.5920402E-03
   7100.00  5.7288631E-03
   7100.33  5.8731764E-03
   7100.67  6.0247450E-03
   7101.00  6.1841429E-03
   7101.33  6.3531990E-03
   7101.67  6.5317038E-03
   7102.00  6.7204998E-03
   7102.33  6.9221390E-03
   7102.67  7.1365028E-03
   7103.00  7.3648890E-03
   7103.33  7.6110375E-03
   7103.67  7.8750734E-03
   7104.00  8.1591236E-03
   7104.33  8.4690252E-03
   7104.67  8.8055270E-03
   7105.00  9.1724031E-03
   7105.33  9.5795550E-03
   7105.67  1.0029382E-02
   7106.00  1.0529319E-02
   7106.33  1.1098171E-02
   7106.67  1.1743126E-02
   7107.00  1.2481075E-02
   7107.33  1.3353884E-02
   7107.67  1.4385000E-02
   7108.00  1.5621535E-02
   7108.33  1.7181321E-02
   7108.67  1.9159085E-02
   7109.00  2.1734567E-02
   7109.33  2.5387647E-02
   7109.67  3.0681432E-02
   7110.00  3.8727907E-02
   7110.33  5.2750693E-02
   7110.67  7.6077777E-02
   7111.00  1.0842601E-01
   7111.33  1.3526596E-01
   7111.67  1.4602644E-01
   7112.00  1.4234505E-01
   7112.33  1.3404646E-01
   7112.67  1.2801173E-01
   7113.00  1.2216999E-01
   7113.33  1.1509573E-01
   7113.67  1.0520661E-01
   7114.00  9.2337473E-02
   7114.33  8.1203657E-02
   7114.67  7.4807825E-02
   7115.00  7.3417499E-02
   7115.33  7.7490956E-02
   7115.67  8.6821851E-02
   7116.00  1.0191795E-01
   7116.33  1.2230179E-01
   7116.67  1.4325754E-01
   7117.00  1.6276024E-01
   7117.33  1.8185090E-01
   7117.67  2.0031210E-01
   7118.00  2.1787148E-01
   7118.33  2.3550054E-01
   7118.67  2.5397075E-01
   7119.00  2.7264057E-01
   7119.33  2.9039754E-01
   7119.67  3.0916513E-01
   7120.00  3.3245792E-01
   7120.33  3.6353477E-01
   7120.67  3.9947746E-01
   7121.00  4.3539024E-01
   7121.33  4.6437754E-01
   7121.67  4.8372480E-01
   7122.00  4.9284881E-01
   7122.33  4.9160492E-01
   7122.67  4.8340542E-01
   7123.00  4.7119865E-01
   7123.33  4.5854000E-01
   7123.67  4.4725926E-01
   7124.00  4.3697809E-01
   7124.33  4.2729739E-01
   7124.67  4.2001439E-01
   7125.00  4.1784559E-01
   7125.33  4.2345123E-01
   7125.67  4.3502663E-01
   7126.00  4.4989207E-01
   7126.33  4.6475029E-01
   7126.67  4.7914634E-01
   7127.00  4.9486668E-01
   7127.33  5.1320481E-01
   7127.67  5.3253459E-01
   7128.00  5.5142919E-01
   7128.33  5.6948332E-01
   7128.67  5.8771837E-01
   7129.00  6.0707108E-01
   7129.33  6.2785247E-01
   7129.67  6.4843387E-01
   7130.00  6.6641316E-01
   7130.33  6.7777413E-01
   7130.67  6.8100930E-01
   7131.00  6.7607174E-01
   7131.33  6.6405488E-01
   7131.67  6.4851483E-01
   7132.00  6.3177705E-01
   7132.33  6.1609987E-01
   7132.67  6.0270165E-01
   7133.00  5.9218795E-01
   7133.33  5.8527645E-01
   7133.67  5.8151254E-01
   7134.00  5.8038314E-01
   7134.33  5.8082839E-01
   7134.67  5.8124848E-01
   7135.00  5.8084868E-01
   7135.33  5.7940659E-01
   7135.67  5.7763499E-01
   7136.00  5.7625112E-01
   7136.33  5.7602897E-01
   7136.67  5.7703779E-01
   7137.00  5.7904915E-01
   7137.33  5.8145526E-01
   7137.67  5.8334083E-01
   7138.00  5.8400422E-01
   7138.33  5.8270747E-01
   7138.67  5.7955558E-01
   7139.00  5.7471819E-01
   7139.33  5.6840644E-01
   7139.67  5.6124081E-01
   7140.00  5.5362156E-01
   7140.33  5.4597173E-01
   7140.67  5.3863232E-01
   7141.00  5.3179562E-01
   7141.33  5.2565011E-01
   7141.67  5.2014366E-01
   7142.00  5.1526049E-01
   7142.33  5.1105331E-01
   7142.67  5.0744352E-01
   7143.00  5.0444490E-01
   7143.33  5.0216871E-01
   7143.67  5.0057701E-01
   7144.00  4.9970745E-01
   7144.33  4.9968212E-01
   7144.67  5.0039516E-01
   7145.00  5.0178407E-01
   7145.33  5.0375841E-01
   7145.67  5.0599698E-01
   7146.00  5.0820682E-01
   7146.33  5.0995072E-01
   7146.67  5.1092928E-01
   7147.00  5.1093590E-01
   7147.33  5.0974902E-01
   7147.67  5.0756977E-01
   7148.00  5.0453834E-01
   7148.33  5.0075567E-01
   7148.67  4.9646856E-01
   7149.00  4.9179737E-01
   7149.33  4.8684185E-01
   7149.67  4.8176517E-01
   7150.00  4.7667005E-01
   7150.33  4.7167770E-01
   7150.67  4.6688997E-01
   7151.00  4.6240491E-01
   7151.33  4.5837729E-01
   7151.67  4.5483567E-01
   7152.00  4.5182824E-01
   7152.33  4.4946214E-01
   7152.67  4.4767500E-01
   7153.00  4.4645277E-01
   7153.33  4.4582496E-01
   7153.67  4.4567432E-01
   7154.00  4.4594949E-01
   7154.33  4.4663261E-01
   7154.67  4.4762065E-01
   7155.00  4.4886937E-01
   7155.33  4.5035723E-01
   7155.67  4.5200967E-01
   7156.00  4.5378145E-01
   7156.33  4.5561891E-01
   7156.67  4.5744277E-01
   7157.00  4.5918281E-01
   7157.33  4.6073196E-01
   7157.67  4.6203163E-01
   7158.00  4.6302748E-01
   7158.33  4.6363948E-01
   7158.67  4.6390384E-01
   7159.00  4.6384179E-01
   7159.33  4.6348524E-01
   7159.67  4.6296456E-01
   7160.00  4.6237110E-01
   7160.33  4.6181262E-01
   7160.67  4.6137930E-01
   7161.00  4.6113740E-01
   7161.33  4.6117446E-01
   7161.67  4.6149605E-01
   7162.00  4.6211845E-01
   7162.33  4.6308262E-01
   7162.67  4.6433864E-01
   7163.00  4.6586701E-01
   7163.33  4.6766886E-01
   7163.67  4.6968114E-01
   7164.00  4.7187548E-01
   7164.33  4.7423950E-01
   7164.67  4.7672554E-01
   7165.00  4.7931076E-01
   7165.33  4.8198013E-01
   7165.67  4.8470053E-01
   7166.00  4.8745066E-01
   7166.33  4.9020443E-01
   7166.67  4.9293181E-01
   7167.00  4.9560504E-01
   7167.33  4.9818038E-01
   7167.67  5.0063628E-01
   7168.00  5.0294474E-01
   7168.33  5.0505093E-01
   7168.67  5.0694879E-01
   7169.00  5.0861854E-01
   7169.33  5.1001307E-01
   7169.67  5.1115488E-01
   7170.00  5.1204438E-01
   7170.33  5.1266043E-01
   7170.67  5.1305181E-01
   7171.00  5.1324257E-01
   7171.33  5.1325391E-01
   7171.67  5.1316820E-01
   7172.00  5.1305977E-01
