    FDMNES
    energy     <xanes>
   7097.00  4.9370754E-03
   7097.33  5.0501602E-03
   7097.67  5.1682877E-03
   7098.00  5.2917979E-03
   7098.33  5.4218556E-03
   7098.67  5.5582206E-03
   7099.00  5.7013563E-03
   7099.33  5.8527856E-03
   7099.67  6.0122633E-03
   7100.00  6.1804383E-03
   7100.33  6.3593548E-03
   7100.67  6.5487866E-03
   7101.00  6.7496716E-03
   7101.33  6.9648407E-03
   7101.67  7.1941400E-03
   7102.00  7.4389771E-03
   7102.33  7.7034232E-03
   7102.67  7.9875150E-03
   7103.00  8.2934622E-03
   7103.33  8.6273969E-03
   7103.67  8.9898165E-03
   7104.00  9.3843890E-03
   7104.33  9.8208990E-03
   7104.67  1.0300955E-02
   7105.00  1.0831091E-02
   7105.33  1.1428123E-02
   7105.67  1.2096470E-02
   7106.00  1.2848896E-02
   7106.33  1.3717312E-02
   7106.67  1.4713945E-02
   7107.00  1.5867098E-02
   7107.33  1.7246380E-02
   7107.67  1.8889292E-02
   7108.00  2.0871355E-02
   7108.33  2.3379836E-02
   7108.67  2.6556947E-02
   7109.00  3.0672560E-02
   7109.33  3.6436922E-02
   7109.67  4.4638973E-02
   7110.00  5.6825686E-02
   7110.33  7.7436453E-02
   7110.67  1.1113750E-01
   7111.00  1.5879286E-01
   7111.33  2.0542043E-01
   7111.67  2.3922287E-01
   7112.00  2.6236427E-01
   7112.33  2.7905860E-01
   7112.67  2.9299624E-01
   7113.00  3.1213938E-01
   7113.33  3.4070211E-01
   7113.67  3.6256128E-01
   7114.00  3.6546420E-01
   7114.33  3.3288371E-01
   7114.67  2.8188116E-01
   7115.00  2.3386123E-01
   7115.33  2.0064874E-01
   7115.67  1.7907077E-01
   7116.00  1.6497937E-01
   7116.33  1.5423613E-01
   7116.67  1.4385638E-01
   7117.00  1.3335146E-01
   7117.33  1.2385792E-01
   7117.67  1.1686560E-01
   7118.00  1.1321815E-01
   7118.33  1.1346901E-01
   7118.67  1.1685780E-01
   7119.00  1.2277998E-01
   7119.33  1.2952144E-01
   7119.67  1.3461692E-01
   7120.00  1.3791993E-01
   7120.33  1.4139264E-01
   7120.67  1.4605186E-01
   7121.00  1.5117913E-01
   7121.33  1.5546712E-01
   7121.67  1.5912589E-01
   7122.00  1.6276992E-01
   7122.33  1.6638025E-01
   7122.67  1.7042224E-01
   7123.00  1.7647664E-01
   7123.33  1.8697357E-01
   7123.67  2.0256808E-01
   7124.00  2.2354011E-01
   7124.33  2.4973421E-01
   7124.67  2.7814814E-01
   7125.00  3.0558296E-01
   7125.33  3.2892344E-01
   7125.67  3.4909329E-01
   7126.00  3.6792727E-01
   7126.33  3.8690478E-01
   7126.67  4.0578130E-01
   7127.00  4.2342149E-01
   7127.33  4.3872017E-01
   7127.67  4.5246459E-01
   7128.00  4.6542185E-01
   7128.33  4.7800379E-01
   7128.67  4.9128610E-01
   7129.00  5.0705216E-01
   7129.33  5.2775617E-01
   7129.67  5.5317123E-01
   7130.00  5.8210062E-01
   7130.33  6.1257211E-01
   7130.67  6.4227194E-01
   7131.00  6.6948723E-01
   7131.33  6.9254219E-01
   7131.67  7.1271914E-01
   7132.00  7.3262729E-01
   7132.33  7.5683371E-01
   7132.67  7.8769679E-01
   7133.00  8.2490135E-01
   7133.33  8.6535201E-01
   7133.67  9.0412510E-01
   7134.00  9.3749488E-01
   7134.33  9.6002475E-01
   7134.67  9.6985910E-01
   7135.00  9.6685782E-01
   7135.33  9.5229495E-01
   7135.67  9.3079855E-01
   7136.00  9.0475947E-01
   7136.33  8.7611479E-01
   7136.67  8.4698924E-01
   7137.00  8.1859394E-01
   7137.33  7.9198814E-01
   7137.67  7.6728615E-01
   7138.00  7.4447895E-01
   7138.33  7.2368639E-01
   7138.67  7.0464999E-01
   7139.00  6.8744343E-01
   7139.33  6.7247346E-01
   7139.67  6.5961745E-01
   7140.00  6.4885323E-01
   7140.33  6.4013811E-01
   7140.67  6.3272496E-01
   7141.00  6.2603676E-01
   7141.33  6.1936968E-01
   7141.67  6.1212763E-01
   7142.00  6.0399140E-01
   7142.33  5.9473989E-01
   7142.67  5.8467026E-01
   7143.00  5.7408193E-01
   7143.33  5.6338224E-01
   7143.67  5.5297692E-01
   7144.00  5.4312066E-01
   7144.33  5.3406700E-01
   7144.67  5.2576005E-01
   7145.00  5.1815676E-01
   7145.33  5.1125360E-01
   7145.67  5.0490783E-01
   7146.00  4.9910128E-01
   7146.33  4.9393063E-01
   7146.67  4.8938442E-01
   7147.00  4.8551611E-01
   7147.33  4.8245122E-01
   7147.67  4.8009856E-01
   7148.00  4.7842694E-01
   7148.33  4.7744159E-01
   7148.67  4.7696123E-01
   7149.00  4.7687754E-01
   7149.33  4.7708378E-01
   7149.67  4.7740467E-01
   7150.00  4.7772686E-01
   7150.33  4.7792209E-01
   7150.67  4.7791470E-01
   7151.00  4.7765135E-01
   7151.33  4.7706385E-01
   7151.67  4.7618827E-01
   7152.00  4.7504858E-01
   7152.33  4.7366835E-01
   7152.67  4.7214054E-01
   7153.00  4.7052841E-01
   7153.33  4.6890409E-01
   7153.67  4.6733440E-01
   7154.00  4.6586444E-01
   7154.33  4.6454760E-01
   7154.67  4.6338506E-01
   7155.00  4.6237932E-01
   7155.33  4.6154067E-01
   7155.67  4.6083562E-01
   7156.00  4.6025031E-01
   7156.33  4.5978531E-01
   7156.67  4.5942145E-01
   7157.00  4.5916016E-01
   7157.33  4.5902201E-01
   7157.67  4.5900258E-01
   7158.00  4.5910961E-01
   7158.33  4.5936431E-01
   7158.67  4.5974708E-01
   7159.00  4.6024710E-01
   7159.33  4.6085353E-01
   7159.67  4.6152165E-01
   7160.00  4.6221667E-01
   7160.33  4.6289248E-01
   7160.67  4.6350964E-01
   7161.00  4.6403792E-01
   7161.33  4.6443883E-01
   7161.67  4.6471889E-01
   7162.00  4.6488573E-01
   7162.33  4.6495109E-01
   7162.67  4.6495970E-01
   7163.00  4.6493693E-01
   7163.33  4.6490561E-01
   7163.67  4.6488781E-01
   7164.00  4.6488835E-01
   7164.33  4.6489459E-01
   7164.67  4.6487730E-01
   7165.00  4.6480464E-01
   7165.33  4.6462665E-01
   7165.67  4.6432408E-01
   7166.00  4.6388119E-01
   7166.33  4.6327661E-01
   7166.67  4.6254120E-01
   7167.00  4.6169829E-01
   7167.33  4.6077786E-01
   7167.67  4.5983474E-01
   7168.00  4.5891059E-01
   7168.33  4.5806114E-01
   7168.67  4.5732305E-01
   7169.00  4.5673383E-01
   7169.33  4.5635315E-01
   7169.67  4.5617965E-01
   7170.00  4.5622282E-01
   7170.33  4.5651113E-01
   7170.67  4.5700574E-01
   7171.00  4.5768279E-01
   7171.33  4.5850498E-01
   7171.67  4.5935702E-01
   7172.00  4.6010896E-01
