    FDMNES
    energy     <xanes>
   7097.00  4.6714565E-03
   7097.33  4.7727111E-03
   7097.67  4.8782772E-03
   7098.00  4.9884415E-03
   7098.33  5.1041948E-03
   7098.67  5.2253287E-03
   7099.00  5.3522367E-03
   7099.33  5.4862161E-03
   7099.67  5.6270591E-03
   7100.00  5.7753215E-03
   7100.33  5.9327538E-03
   7100.67  6.0991730E-03
   7101.00  6.2753936E-03
   7101.33  6.4638623E-03
   7101.67  6.6644773E-03
   7102.00  6.8784830E-03
   7102.33  7.1094497E-03
   7102.67  7.3574825E-03
   7103.00  7.6245831E-03
   7103.33  7.9162439E-03
   7103.67  8.2330702E-03
   7104.00  8.5784900E-03
   7104.33  8.9615304E-03
   7104.67  9.3840227E-03
   7105.00  9.8523191E-03
   7105.33  1.0382564E-02
   7105.67  1.0979774E-02
   7106.00  1.1656987E-02
   7106.33  1.2446468E-02
   7106.67  1.3362425E-02
   7107.00  1.4435545E-02
   7107.33  1.5740942E-02
   7107.67  1.7323943E-02
   7108.00  1.9272335E-02
   7108.33  2.1804382E-02
   7108.67  2.5100630E-02
   7109.00  2.9498744E-02
   7109.33  3.5895361E-02
   7109.67  4.5339488E-02
   7110.00  5.9888173E-02
   7110.33  8.5533030E-02
   7110.67  1.2921188E-01
   7111.00  1.9466683E-01
   7111.33  2.6449750E-01
   7111.67  3.0060026E-01
   7112.00  2.7316781E-01
   7112.33  2.0813138E-01
   7112.67  1.5958194E-01
   7113.00  1.3338590E-01
   7113.33  1.2636908E-01
   7113.67  1.2972877E-01
   7114.00  1.2990885E-01
   7114.33  1.1624321E-01
   7114.67  1.0062707E-01
   7115.00  8.8684049E-02
   7115.33  8.1369600E-02
   7115.67  7.7560049E-02
   7116.00  7.6585857E-02
   7116.33  7.7843112E-02
   7116.67  8.0360030E-02
   7117.00  8.3674184E-02
   7117.33  8.7593210E-02
   7117.67  9.2010196E-02
   7118.00  9.6874315E-02
   7118.33  1.0204164E-01
   7118.67  1.0730276E-01
   7119.00  1.1266477E-01
   7119.33  1.1840316E-01
   7119.67  1.2482094E-01
   7120.00  1.3221597E-01
   7120.33  1.4110541E-01
   7120.67  1.5177689E-01
   7121.00  1.6472243E-01
   7121.33  1.8071238E-01
   7121.67  1.9940308E-01
   7122.00  2.2045560E-01
   7122.33  2.4361370E-01
   7122.67  2.6826357E-01
   7123.00  2.9416390E-01
   7123.33  3.2117921E-01
   7123.67  3.4889777E-01
   7124.00  3.7703574E-01
   7124.33  4.0494828E-01
   7124.67  4.3136573E-01
   7125.00  4.5464408E-01
   7125.33  4.7218696E-01
   7125.67  4.8378431E-01
   7126.00  4.9021786E-01
   7126.33  4.9344791E-01
   7126.67  4.9662478E-01
   7127.00  5.0166959E-01
   7127.33  5.1000330E-01
   7127.67  5.2125842E-01
   7128.00  5.3515754E-01
   7128.33  5.5187510E-01
   7128.67  5.7124835E-01
   7129.00  5.9340432E-01
   7129.33  6.1822862E-01
   7129.67  6.4421393E-01
   7130.00  6.6989322E-01
   7130.33  6.9331310E-01
   7130.67  7.1355049E-01
   7131.00  7.3012908E-01
   7131.33  7.4240132E-01
   7131.67  7.5078591E-01
   7132.00  7.5519378E-01
   7132.33  7.5514257E-01
   7132.67  7.5173132E-01
   7133.00  7.4631112E-01
   7133.33  7.4124261E-01
   7133.67  7.3828663E-01
   7134.00  7.3760800E-01
   7134.33  7.3838446E-01
   7134.67  7.3948685E-01
   7135.00  7.4059528E-01
   7135.33  7.4179755E-01
   7135.67  7.4334628E-01
   7136.00  7.4545337E-01
   7136.33  7.4833180E-01
   7136.67  7.5185687E-01
   7137.00  7.5588047E-01
   7137.33  7.6018877E-01
   7137.67  7.6447311E-01
   7138.00  7.6846538E-01
   7138.33  7.7171813E-01
   7138.67  7.7389957E-01
   7139.00  7.7465157E-01
   7139.33  7.7346203E-01
   7139.67  7.7051417E-01
   7140.00  7.6601610E-01
   7140.33  7.6028469E-01
   7140.67  7.5401596E-01
   7141.00  7.4764947E-01
   7141.33  7.4157624E-01
   7141.67  7.3592367E-01
   7142.00  7.3068370E-01
   7142.33  7.2573655E-01
   7142.67  7.2080032E-01
   7143.00  7.1564411E-01
   7143.33  7.0993635E-01
   7143.67  7.0348327E-01
   7144.00  6.9609759E-01
   7144.33  6.8748106E-01
   7144.67  6.7768861E-01
   7145.00  6.6672519E-01
   7145.33  6.5455586E-01
   7145.67  6.4151061E-01
   7146.00  6.2782438E-01
   7146.33  6.1378692E-01
   7146.67  5.9978930E-01
   7147.00  5.8611910E-01
   7147.33  5.7313728E-01
   7147.67  5.6097644E-01
   7148.00  5.4974863E-01
   7148.33  5.3962626E-01
   7148.67  5.3046570E-01
   7149.00  5.2221691E-01
   7149.33  5.1489976E-01
   7149.67  5.0831114E-01
   7150.00  5.0236115E-01
   7150.33  4.9701093E-01
   7150.67  4.9208989E-01
   7151.00  4.8750955E-01
   7151.33  4.8319356E-01
   7151.67  4.7900538E-01
   7152.00  4.7486017E-01
   7152.33  4.7065027E-01
   7152.67  4.6626863E-01
   7153.00  4.6161848E-01
   7153.33  4.5655366E-01
   7153.67  4.5104210E-01
   7154.00  4.4503874E-01
   7154.33  4.3845151E-01
   7154.67  4.3135086E-01
   7155.00  4.2377364E-01
   7155.33  4.1574178E-01
   7155.67  4.0740052E-01
   7156.00  3.9884235E-01
   7156.33  3.9016748E-01
   7156.67  3.8150149E-01
   7157.00  3.7293639E-01
   7157.33  3.6459494E-01
   7157.67  3.5653890E-01
   7158.00  3.4883458E-01
   7158.33  3.4160550E-01
   7158.67  3.3486586E-01
   7159.00  3.2867208E-01
   7159.33  3.2316699E-01
   7159.67  3.1834295E-01
   7160.00  3.1426161E-01
   7160.33  3.1109776E-01
   7160.67  3.0881758E-01
   7161.00  3.0746983E-01
   7161.33  3.0721213E-01
   7161.67  3.0793001E-01
   7162.00  3.0960292E-01
   7162.33  3.1229096E-01
   7162.67  3.1580291E-01
   7163.00  3.2005093E-01
   7163.33  3.2498363E-01
   7163.67  3.3038951E-01
   7164.00  3.3615037E-01
   7164.33  3.4218182E-01
   7164.67  3.4836132E-01
   7165.00  3.5461756E-01
   7165.33  3.6087756E-01
   7165.67  3.6707867E-01
   7166.00  3.7317649E-01
   7166.33  3.7911157E-01
   7166.67  3.8487036E-01
   7167.00  3.9043225E-01
   7167.33  3.9575405E-01
   7167.67  4.0085331E-01
   7168.00  4.0572694E-01
   7168.33  4.1034805E-01
   7168.67  4.1474955E-01
   7169.00  4.1893720E-01
   7169.33  4.2289361E-01
   7169.67  4.2665302E-01
   7170.00  4.3022136E-01
   7170.33  4.3357927E-01
   7170.67  4.3674798E-01
   7171.00  4.3971562E-01
   7171.33  4.4241511E-01
   7171.67  4.4479132E-01
   7172.00  4.4672424E-01
