    FDMNES
    energy     <xanes>
   7097.00  4.6526592E-03
   7097.33  4.7593886E-03
   7097.67  4.8708567E-03
   7098.00  4.9873823E-03
   7098.33  5.1100593E-03
   7098.67  5.2386614E-03
   7099.00  5.3736234E-03
   7099.33  5.5163750E-03
   7099.67  5.6666854E-03
   7100.00  5.8251634E-03
   7100.33  5.9937274E-03
   7100.67  6.1721643E-03
   7101.00  6.3613537E-03
   7101.33  6.5639516E-03
   7101.67  6.7798115E-03
   7102.00  7.0102523E-03
   7102.33  7.2590908E-03
   7102.67  7.5263564E-03
   7103.00  7.8141162E-03
   7103.33  8.1281097E-03
   7103.67  8.4687898E-03
   7104.00  8.8395769E-03
   7104.33  9.2496029E-03
   7104.67  9.7003340E-03
   7105.00  1.0197830E-02
   7105.33  1.0757704E-02
   7105.67  1.1383956E-02
   7106.00  1.2088320E-02
   7106.33  1.2900151E-02
   7106.67  1.3830380E-02
   7107.00  1.4904637E-02
   7107.33  1.6185933E-02
   7107.67  1.7707107E-02
   7108.00  1.9534876E-02
   7108.33  2.1834118E-02
   7108.67  2.4725333E-02
   7109.00  2.8437632E-02
   7109.33  3.3568368E-02
   7109.67  4.0755026E-02
   7110.00  5.1239765E-02
   7110.33  6.8542298E-02
   7110.67  9.6264899E-02
   7111.00  1.3533431E-01
   7111.33  1.7901977E-01
   7111.67  2.2838834E-01
   7112.00  2.7773922E-01
   7112.33  2.9282396E-01
   7112.67  3.0819673E-01
   7113.00  3.5977060E-01
   7113.33  3.8755926E-01
   7113.67  3.5341287E-01
   7114.00  3.1434665E-01
   7114.33  2.8655834E-01
   7114.67  2.4177880E-01
   7115.00  1.9105314E-01
   7115.33  1.6132497E-01
   7115.67  1.4989451E-01
   7116.00  1.4531934E-01
   7116.33  1.3740745E-01
   7116.67  1.2338931E-01
   7117.00  1.0360743E-01
   7117.33  8.6744288E-02
   7117.67  7.5941616E-02
   7118.00  7.0196872E-02
   7118.33  6.8593670E-02
   7118.67  6.9928325E-02
   7119.00  7.3789282E-02
   7119.33  7.9836979E-02
   7119.67  8.7303495E-02
   7120.00  9.5952279E-02
   7120.33  1.0579285E-01
   7120.67  1.1645049E-01
   7121.00  1.2715115E-01
   7121.33  1.3598549E-01
   7121.67  1.4210489E-01
   7122.00  1.4627128E-01
   7122.33  1.5033071E-01
   7122.67  1.5546095E-01
   7123.00  1.6198459E-01
   7123.33  1.7036736E-01
   7123.67  1.8068009E-01
   7124.00  1.9300088E-01
   7124.33  2.0760420E-01
   7124.67  2.2435312E-01
   7125.00  2.4317925E-01
   7125.33  2.6366385E-01
   7125.67  2.8474153E-01
   7126.00  3.0596697E-01
   7126.33  3.2742370E-01
   7126.67  3.4923576E-01
   7127.00  3.7137914E-01
   7127.33  3.9403067E-01
   7127.67  4.1754278E-01
   7128.00  4.4238091E-01
   7128.33  4.6929950E-01
   7128.67  4.9835557E-01
   7129.00  5.2944881E-01
   7129.33  5.6227124E-01
   7129.67  5.9597079E-01
   7130.00  6.3013371E-01
   7130.33  6.6474338E-01
   7130.67  7.0007686E-01
   7131.00  7.3653746E-01
   7131.33  7.7467120E-01
   7131.67  8.1417684E-01
   7132.00  8.5419031E-01
   7132.33  8.9229741E-01
   7132.67  9.2547089E-01
   7133.00  9.5083836E-01
   7133.33  9.6494017E-01
   7133.67  9.6880024E-01
   7134.00  9.6358991E-01
   7134.33  9.5048150E-01
   7134.67  9.3239207E-01
   7135.00  9.1081132E-01
   7135.33  8.8687146E-01
   7135.67  8.6189045E-01
   7136.00  8.3652826E-01
   7136.33  8.1136208E-01
   7136.67  7.8682315E-01
   7137.00  7.6331080E-01
   7137.33  7.4152727E-01
   7137.67  7.2177547E-01
   7138.00  7.0437710E-01
   7138.33  6.8980860E-01
   7138.67  6.7766753E-01
   7139.00  6.6771668E-01
   7139.33  6.5979748E-01
   7139.67  6.5326327E-01
   7140.00  6.4776214E-01
   7140.33  6.4297851E-01
   7140.67  6.3842506E-01
   7141.00  6.3371835E-01
   7141.33  6.2829502E-01
   7141.67  6.2176984E-01
   7142.00  6.1386327E-01
   7142.33  6.0439382E-01
   7142.67  5.9399993E-01
   7143.00  5.8341868E-01
   7143.33  5.7372542E-01
   7143.67  5.6553473E-01
   7144.00  5.5901713E-01
   7144.33  5.5398521E-01
   7144.67  5.4955020E-01
   7145.00  5.4507070E-01
   7145.33  5.3998547E-01
   7145.67  5.3423122E-01
   7146.00  5.2791989E-01
   7146.33  5.2125213E-01
   7146.67  5.1450593E-01
   7147.00  5.0784402E-01
   7147.33  5.0146019E-01
   7147.67  4.9548729E-01
   7148.00  4.9002340E-01
   7148.33  4.8520557E-01
   7148.67  4.8103056E-01
   7149.00  4.7754932E-01
   7149.33  4.7488014E-01
   7149.67  4.7293067E-01
   7150.00  4.7168083E-01
   7150.33  4.7117614E-01
   7150.67  4.7128857E-01
   7151.00  4.7197692E-01
   7151.33  4.7325843E-01
   7151.67  4.7501764E-01
   7152.00  4.7721015E-01
   7152.33  4.7982697E-01
   7152.67  4.8275832E-01
   7153.00  4.8594497E-01
   7153.33  4.8933593E-01
   7153.67  4.9283353E-01
   7154.00  4.9637673E-01
   7154.33  4.9990164E-01
   7154.67  5.0336209E-01
   7155.00  5.0672898E-01
   7155.33  5.0996615E-01
   7155.67  5.1307227E-01
   7156.00  5.1603381E-01
   7156.33  5.1881031E-01
   7156.67  5.2139260E-01
   7157.00  5.2374410E-01
   7157.33  5.2577330E-01
   7157.67  5.2744914E-01
   7158.00  5.2870919E-01
   7158.33  5.2941967E-01
   7158.67  5.2957518E-01
   7159.00  5.2912790E-01
   7159.33  5.2795677E-01
   7159.67  5.2612080E-01
   7160.00  5.2361797E-01
   7160.33  5.2038289E-01
   7160.67  5.1653045E-01
   7161.00  5.1210139E-01
   7161.33  5.0708975E-01
   7161.67  5.0162918E-01
   7162.00  4.9578492E-01
   7162.33  4.8960031E-01
   7162.67  4.8319395E-01
   7163.00  4.7663069E-01
   7163.33  4.6996940E-01
   7163.67  4.6328342E-01
   7164.00  4.5662031E-01
   7164.33  4.5003839E-01
   7164.67  4.4357100E-01
   7165.00  4.3724883E-01
   7165.33  4.3112281E-01
   7165.67  4.2519629E-01
   7166.00  4.1949002E-01
   7166.33  4.1405760E-01
   7166.67  4.0889196E-01
   7167.00  4.0401423E-01
   7167.33  3.9948715E-01
   7167.67  3.9529114E-01
   7168.00  3.9143821E-01
   7168.33  3.8798135E-01
   7168.67  3.8487923E-01
   7169.00  3.8212791E-01
   7169.33  3.7975817E-01
   7169.67  3.7771158E-01
   7170.00  3.7597278E-01
   7170.33  3.7455824E-01
   7170.67  3.7341038E-01
   7171.00  3.7250850E-01
   7171.33  3.7185028E-01
   7171.67  3.7136695E-01
   7172.00  3.7100759E-01
