    FDMNES
    energy     <xanes>
   7097.00  4.3882973E-03
   7097.33  4.4725916E-03
   7097.67  4.5599468E-03
   7098.00  4.6505364E-03
   7098.33  4.7450136E-03
   7098.67  4.8431904E-03
   7099.00  4.9452968E-03
   7099.33  5.0521566E-03
   7099.67  5.1635712E-03
   7100.00  5.2798539E-03
   7100.33  5.4020717E-03
   7100.67  5.5300249E-03
   7101.00  5.6641560E-03
   7101.33  5.8058933E-03
   7101.67  5.9550590E-03
   7102.00  6.1123055E-03
   7102.33  6.2796250E-03
   7102.67  6.4569165E-03
   7103.00  6.6451929E-03
   7103.33  6.8473839E-03
   7103.67  7.0635942E-03
   7104.00  7.2955047E-03
   7104.33  7.5477260E-03
   7104.67  7.8208942E-03
   7105.00  8.1180417E-03
   7105.33  8.4471043E-03
   7105.67  8.8101401E-03
   7106.00  9.2132570E-03
   7106.33  9.6718593E-03
   7106.67  1.0192209E-02
   7107.00  1.0788593E-02
   7107.33  1.1496385E-02
   7107.67  1.2336539E-02
   7108.00  1.3350484E-02
   7108.33  1.4642320E-02
   7108.67  1.6300279E-02
   7109.00  1.8491594E-02
   7109.33  2.1669155E-02
   7109.67  2.6392154E-02
   7110.00  3.3772432E-02
   7110.33  4.6993883E-02
   7110.67  6.8498614E-02
   7111.00  9.4027999E-02
   7111.33  1.0680358E-01
   7111.67  1.0685190E-01
   7112.00  9.8379474E-02
   7112.33  9.2087235E-02
   7112.67  9.3798666E-02
   7113.00  9.9917936E-02
   7113.33  1.0549098E-01
   7113.67  1.1123179E-01
   7114.00  1.0173253E-01
   7114.33  7.7929367E-02
   7114.67  6.0388716E-02
   7115.00  5.0664537E-02
   7115.33  4.6390345E-02
   7115.67  4.4840476E-02
   7116.00  4.4949327E-02
   7116.33  4.6039750E-02
   7116.67  4.7621055E-02
   7117.00  4.9650920E-02
   7117.33  5.2279335E-02
   7117.67  5.5541958E-02
   7118.00  5.9550116E-02
   7118.33  6.4601336E-02
   7118.67  7.0872363E-02
   7119.00  7.8719712E-02
   7119.33  8.8783558E-02
   7119.67  1.0116965E-01
   7120.00  1.1639331E-01
   7120.33  1.3594789E-01
   7120.67  1.6067851E-01
   7121.00  1.9159666E-01
   7121.33  2.2939359E-01
   7121.67  2.7063166E-01
   7122.00  3.1090931E-01
   7122.33  3.4481306E-01
   7122.67  3.7300767E-01
   7123.00  3.9958571E-01
   7123.33  4.3056363E-01
   7123.67  4.6701912E-01
   7124.00  5.0587652E-01
   7124.33  5.4038739E-01
   7124.67  5.6651543E-01
   7125.00  5.8399407E-01
   7125.33  5.9402900E-01
   7125.67  5.9941494E-01
   7126.00  6.0148013E-01
   7126.33  6.0260675E-01
   7126.67  6.0689251E-01
   7127.00  6.1742992E-01
   7127.33  6.3642376E-01
   7127.67  6.6128012E-01
   7128.00  6.8897151E-01
   7128.33  7.1592066E-01
   7128.67  7.4068711E-01
   7129.00  7.6363572E-01
   7129.33  7.8522302E-01
   7129.67  8.0558436E-01
   7130.00  8.2431816E-01
   7130.33  8.3976003E-01
   7130.67  8.5044426E-01
   7131.00  8.5524045E-01
   7131.33  8.5269255E-01
   7131.67  8.4370707E-01
   7132.00  8.2909209E-01
   7132.33  8.0936226E-01
   7132.67  7.8596016E-01
   7133.00  7.6014286E-01
   7133.33  7.3451386E-01
   7133.67  7.1205211E-01
   7134.00  6.9453341E-01
   7134.33  6.8272872E-01
   7134.67  6.7430719E-01
   7135.00  6.6740122E-01
   7135.33  6.6064211E-01
   7135.67  6.5378605E-01
   7136.00  6.4713894E-01
   7136.33  6.4107437E-01
   7136.67  6.3551774E-01
   7137.00  6.3024469E-01
   7137.33  6.2490940E-01
   7137.67  6.1926771E-01
   7138.00  6.1326062E-01
   7138.33  6.0698715E-01
   7138.67  6.0074464E-01
   7139.00  5.9477645E-01
   7139.33  5.8932961E-01
   7139.67  5.8438234E-01
   7140.00  5.7985781E-01
   7140.33  5.7562496E-01
   7140.67  5.7146176E-01
   7141.00  5.6721758E-01
   7141.33  5.6272511E-01
   7141.67  5.5793388E-01
   7142.00  5.5284837E-01
   7142.33  5.4754265E-01
   7142.67  5.4220958E-01
   7143.00  5.3700248E-01
   7143.33  5.3207856E-01
   7143.67  5.2742949E-01
   7144.00  5.2298441E-01
   7144.33  5.1858118E-01
   7144.67  5.1399795E-01
   7145.00  5.0904205E-01
   7145.33  5.0344639E-01
   7145.67  4.9714950E-01
   7146.00  4.9011359E-01
   7146.33  4.8232080E-01
   7146.67  4.7403986E-01
   7147.00  4.6549736E-01
   7147.33  4.5697283E-01
   7147.67  4.4868078E-01
   7148.00  4.4071689E-01
   7148.33  4.3311964E-01
   7148.67  4.2576950E-01
   7149.00  4.1860360E-01
   7149.33  4.1164095E-01
   7149.67  4.0494490E-01
   7150.00  3.9862931E-01
   7150.33  3.9286136E-01
   7150.67  3.8760270E-01
   7151.00  3.8280253E-01
   7151.33  3.7838819E-01
   7151.67  3.7418251E-01
   7152.00  3.7009026E-01
   7152.33  3.6604488E-01
   7152.67  3.6200818E-01
   7153.00  3.5797050E-01
   7153.33  3.5393235E-01
   7153.67  3.4991619E-01
   7154.00  3.4596225E-01
   7154.33  3.4215735E-01
   7154.67  3.3857531E-01
   7155.00  3.3530044E-01
   7155.33  3.3247350E-01
   7155.67  3.3011534E-01
   7156.00  3.2826527E-01
   7156.33  3.2701092E-01
   7156.67  3.2628730E-01
   7157.00  3.2608503E-01
   7157.33  3.2644869E-01
   7157.67  3.2729447E-01
   7158.00  3.2860723E-01
   7158.33  3.3043375E-01
   7158.67  3.3271653E-01
   7159.00  3.3546193E-01
   7159.33  3.3873753E-01
   7159.67  3.4249048E-01
   7160.00  3.4672346E-01
   7160.33  3.5149241E-01
   7160.67  3.5671906E-01
   7161.00  3.6236762E-01
   7161.33  3.6842223E-01
   7161.67  3.7476327E-01
   7162.00  3.8131976E-01
   7162.33  3.8803162E-01
   7162.67  3.9481441E-01
   7163.00  4.0162015E-01
   7163.33  4.0840507E-01
   7163.67  4.1514533E-01
   7164.00  4.2182850E-01
   7164.33  4.2844005E-01
   7164.67  4.3498412E-01
   7165.00  4.4145559E-01
   7165.33  4.4783352E-01
   7165.67  4.5411064E-01
   7166.00  4.6026548E-01
   7166.33  4.6624809E-01
   7166.67  4.7204197E-01
   7167.00  4.7761416E-01
   7167.33  4.8289384E-01
   7167.67  4.8787793E-01
   7168.00  4.9254051E-01
   7168.33  4.9681636E-01
   7168.67  5.0073517E-01
   7169.00  5.0429236E-01
   7169.33  5.0744671E-01
   7169.67  5.1025645E-01
   7170.00  5.1273965E-01
   7170.33  5.1488486E-01
   7170.67  5.1675756E-01
   7171.00  5.1838025E-01
   7171.33  5.1974507E-01
   7171.67  5.2088927E-01
   7172.00  5.2180804E-01
