    FDMNES
    energy     <xanes>
   7097.00  4.1976666E-03
   7097.33  4.2759816E-03
   7097.67  4.3570049E-03
   7098.00  4.4408820E-03
   7098.33  4.5281774E-03
   7098.67  4.6187144E-03
   7099.00  4.7126832E-03
   7099.33  4.8107873E-03
   7099.67  4.9128376E-03
   7100.00  5.0190904E-03
   7100.33  5.1304441E-03
   7100.67  5.2467043E-03
   7101.00  5.3682279E-03
   7101.33  5.4961991E-03
   7101.67  5.6304345E-03
   7102.00  5.7714524E-03
   7102.33  5.9208773E-03
   7102.67  6.0785760E-03
   7103.00  6.2453417E-03
   7103.33  6.4235200E-03
   7103.67  6.6131220E-03
   7104.00  6.8154433E-03
   7104.33  7.0341052E-03
   7104.67  7.2694985E-03
   7105.00  7.5239246E-03
   7105.33  7.8034903E-03
   7105.67  8.1096081E-03
   7106.00  8.4468366E-03
   7106.33  8.8267757E-03
   7106.67  9.2538371E-03
   7107.00  9.7384786E-03
   7107.33  1.0306692E-02
   7107.67  1.0973190E-02
   7108.00  1.1767526E-02
   7108.33  1.2763796E-02
   7108.67  1.4022456E-02
   7109.00  1.5658252E-02
   7109.33  1.7978850E-02
   7109.67  2.1350673E-02
   7110.00  2.6498145E-02
   7110.33  3.5502755E-02
   7110.67  5.0249214E-02
   7111.00  6.9449494E-02
   7111.33  8.4275393E-02
   7111.67  9.2791521E-02
   7112.00  9.4601394E-02
   7112.33  9.0117480E-02
   7112.67  8.2720219E-02
   7113.00  7.3264972E-02
   7113.33  6.3091543E-02
   7113.67  5.4656567E-02
   7114.00  4.8865986E-02
   7114.33  4.4662829E-02
   7114.67  4.1286153E-02
   7115.00  3.9405212E-02
   7115.33  3.9212282E-02
   7115.67  4.0178711E-02
   7116.00  4.2097418E-02
   7116.33  4.4933739E-02
   7116.67  4.8548540E-02
   7117.00  5.3007525E-02
   7117.33  5.8608465E-02
   7117.67  6.5402142E-02
   7118.00  7.3460888E-02
   7118.33  8.2893587E-02
   7118.67  9.3457122E-02
   7119.00  1.0516981E-01
   7119.33  1.1839039E-01
   7119.67  1.3314360E-01
   7120.00  1.4937405E-01
   7120.33  1.6680527E-01
   7120.67  1.8479287E-01
   7121.00  2.0314007E-01
   7121.33  2.2204610E-01
   7121.67  2.4174771E-01
   7122.00  2.6253739E-01
   7122.33  2.8505106E-01
   7122.67  3.0958672E-01
   7123.00  3.3642698E-01
   7123.33  3.6577701E-01
   7123.67  3.9656165E-01
   7124.00  4.2733576E-01
   7124.33  4.5528607E-01
   7124.67  4.7804190E-01
   7125.00  4.9409888E-01
   7125.33  5.0292231E-01
   7125.67  5.0797632E-01
   7126.00  5.1265811E-01
   7126.33  5.2107186E-01
   7126.67  5.3499955E-01
   7127.00  5.5481576E-01
   7127.33  5.8017050E-01
   7127.67  6.0855159E-01
   7128.00  6.3803337E-01
   7128.33  6.6670920E-01
   7128.67  6.9440987E-01
   7129.00  7.2252330E-01
   7129.33  7.5388019E-01
   7129.67  7.8966527E-01
   7130.00  8.2941346E-01
   7130.33  8.7015474E-01
   7130.67  9.0626303E-01
   7131.00  9.3209428E-01
   7131.33  9.4042357E-01
   7131.67  9.3161566E-01
   7132.00  9.0771659E-01
   7132.33  8.7256096E-01
   7132.67  8.3362282E-01
   7133.00  7.9578358E-01
   7133.33  7.6335335E-01
   7133.67  7.3684925E-01
   7134.00  7.1575888E-01
   7134.33  6.9944609E-01
   7134.67  6.8632641E-01
   7135.00  6.7574550E-01
   7135.33  6.6740311E-01
   7135.67  6.6062185E-01
   7136.00  6.5507446E-01
   7136.33  6.5050832E-01
   7136.67  6.4647410E-01
   7137.00  6.4270634E-01
   7137.33  6.3894036E-01
   7137.67  6.3497248E-01
   7138.00  6.3068456E-01
   7138.33  6.2595706E-01
   7138.67  6.2083163E-01
   7139.00  6.1534130E-01
   7139.33  6.0952425E-01
   7139.67  6.0351986E-01
   7140.00  5.9742904E-01
   7140.33  5.9137596E-01
   7140.67  5.8546944E-01
   7141.00  5.7979494E-01
   7141.33  5.7447220E-01
   7141.67  5.6951965E-01
   7142.00  5.6496707E-01
   7142.33  5.6087609E-01
   7142.67  5.5718100E-01
   7143.00  5.5385243E-01
   7143.33  5.5087825E-01
   7143.67  5.4815202E-01
   7144.00  5.4560624E-01
   7144.33  5.4316494E-01
   7144.67  5.4072286E-01
   7145.00  5.3819714E-01
   7145.33  5.3547099E-01
   7145.67  5.3248756E-01
   7146.00  5.2919627E-01
   7146.33  5.2551072E-01
   7146.67  5.2145288E-01
   7147.00  5.1702516E-01
   7147.33  5.1221447E-01
   7147.67  5.0712038E-01
   7148.00  5.0181070E-01
   7148.33  4.9636643E-01
   7148.67  4.9091216E-01
   7149.00  4.8554304E-01
   7149.33  4.8038413E-01
   7149.67  4.7550019E-01
   7150.00  4.7095169E-01
   7150.33  4.6683438E-01
   7150.67  4.6312124E-01
   7151.00  4.5980775E-01
   7151.33  4.5690877E-01
   7151.67  4.5432213E-01
   7152.00  4.5198340E-01
   7152.33  4.4982269E-01
   7152.67  4.4772060E-01
   7153.00  4.4558756E-01
   7153.33  4.4329972E-01
   7153.67  4.4077014E-01
   7154.00  4.3791699E-01
   7154.33  4.3460820E-01
   7154.67  4.3083361E-01
   7155.00  4.2656165E-01
   7155.33  4.2171931E-01
   7155.67  4.1639074E-01
   7156.00  4.1061711E-01
   7156.33  4.0442365E-01
   7156.67  3.9794998E-01
   7157.00  3.9128771E-01
   7157.33  3.8454145E-01
   7157.67  3.7783989E-01
   7158.00  3.7128950E-01
   7158.33  3.6505295E-01
   7158.67  3.5922587E-01
   7159.00  3.5392015E-01
   7159.33  3.4934287E-01
   7159.67  3.4552853E-01
   7160.00  3.4256245E-01
   7160.33  3.4063815E-01
   7160.67  3.3968868E-01
   7161.00  3.3973063E-01
   7161.33  3.4087522E-01
   7161.67  3.4295300E-01
   7162.00  3.4589432E-01
   7162.33  3.4968107E-01
   7162.67  3.5408022E-01
   7163.00  3.5895307E-01
   7163.33  3.6418864E-01
   7163.67  3.6961142E-01
   7164.00  3.7511679E-01
   7164.33  3.8059570E-01
   7164.67  3.8596448E-01
   7165.00  3.9116618E-01
   7165.33  3.9612954E-01
   7165.67  4.0085839E-01
   7166.00  4.0534904E-01
   7166.33  4.0958424E-01
   7166.67  4.1361575E-01
   7167.00  4.1746996E-01
   7167.33  4.2116493E-01
   7167.67  4.2475619E-01
   7168.00  4.2827509E-01
   7168.33  4.3174969E-01
   7168.67  4.3521166E-01
   7169.00  4.3867762E-01
   7169.33  4.4216039E-01
   7169.67  4.4565889E-01
   7170.00  4.4916728E-01
   7170.33  4.5267297E-01
   7170.67  4.5614505E-01
   7171.00  4.5953478E-01
   7171.33  4.6272982E-01
   7171.67  4.6559862E-01
   7172.00  4.6795045E-01
