    FDMNES
    energy     <xanes>
   7097.00  5.0138933E-03
   7097.33  5.1363725E-03
   7097.67  5.2646077E-03
   7098.00  5.3990004E-03
   7098.33  5.5409025E-03
   7098.67  5.6900575E-03
   7099.00  5.8470156E-03
   7099.33  6.0135568E-03
   7099.67  6.1894223E-03
   7100.00  6.3753860E-03
   7100.33  6.5738532E-03
   7100.67  6.7845918E-03
   7101.00  7.0087246E-03
   7101.33  7.2496027E-03
   7101.67  7.5070845E-03
   7102.00  7.7828589E-03
   7102.33  8.0817685E-03
   7102.67  8.4039025E-03
   7103.00  8.7519136E-03
   7103.33  9.1331161E-03
   7103.67  9.5481466E-03
   7104.00  1.0001398E-02
   7104.33  1.0504539E-02
   7104.67  1.1059505E-02
   7105.00  1.1674068E-02
   7105.33  1.2368192E-02
   7105.67  1.3147026E-02
   7106.00  1.4025562E-02
   7106.33  1.5041246E-02
   7106.67  1.6207936E-02
   7107.00  1.7558147E-02
   7107.33  1.9171737E-02
   7107.67  2.1089784E-02
   7108.00  2.3395990E-02
   7108.33  2.6296920E-02
   7108.67  2.9941277E-02
   7109.00  3.4612315E-02
   7109.33  4.1046992E-02
   7109.67  5.0023037E-02
   7110.00  6.3056823E-02
   7110.33  8.4441789E-02
   7110.67  1.1854755E-01
   7111.00  1.6623624E-01
   7111.33  2.1553293E-01
   7111.67  2.6220752E-01
   7112.00  3.1714542E-01
   7112.33  3.9847940E-01
   7112.67  4.8956200E-01
   7113.00  5.6534748E-01
   7113.33  6.0308977E-01
   7113.67  5.5935378E-01
   7114.00  4.4138962E-01
   7114.33  3.1873633E-01
   7114.67  2.3014857E-01
   7115.00  1.7301454E-01
   7115.33  1.3883189E-01
   7115.67  1.1690321E-01
   7116.00  1.0312655E-01
   7116.33  9.5589577E-02
   7116.67  9.2153900E-02
   7117.00  9.1893790E-02
   7117.33  9.4383654E-02
   7117.67  9.9173984E-02
   7118.00  1.0625000E-01
   7118.33  1.1519316E-01
   7118.67  1.2379067E-01
   7119.00  1.2961811E-01
   7119.33  1.3151718E-01
   7119.67  1.3223770E-01
   7120.00  1.3342800E-01
   7120.33  1.3583291E-01
   7120.67  1.3933218E-01
   7121.00  1.4345805E-01
   7121.33  1.4804310E-01
   7121.67  1.5396281E-01
   7122.00  1.6185250E-01
   7122.33  1.7190258E-01
   7122.67  1.8398389E-01
   7123.00  1.9913017E-01
   7123.33  2.1938082E-01
   7123.67  2.4469176E-01
   7124.00  2.7468397E-01
   7124.33  3.0866143E-01
   7124.67  3.4432114E-01
   7125.00  3.7918518E-01
   7125.33  4.0884750E-01
   7125.67  4.3063730E-01
   7126.00  4.4341612E-01
   7126.33  4.4656533E-01
   7126.67  4.4330629E-01
   7127.00  4.3661819E-01
   7127.33  4.2987136E-01
   7127.67  4.2508634E-01
   7128.00  4.2280988E-01
   7128.33  4.2321421E-01
   7128.67  4.2566340E-01
   7129.00  4.2987458E-01
   7129.33  4.3569538E-01
   7129.67  4.4259007E-01
   7130.00  4.5036107E-01
   7130.33  4.5937193E-01
   7130.67  4.7026271E-01
   7131.00  4.8388418E-01
   7131.33  5.0145527E-01
   7131.67  5.2281473E-01
   7132.00  5.4772696E-01
   7132.33  5.7576724E-01
   7132.67  6.0543231E-01
   7133.00  6.3552523E-01
   7133.33  6.6420372E-01
   7133.67  6.8968962E-01
   7134.00  7.1060042E-01
   7134.33  7.2570517E-01
   7134.67  7.3608692E-01
   7135.00  7.4236403E-01
   7135.33  7.4446949E-01
   7135.67  7.4287482E-01
   7136.00  7.3761694E-01
   7136.33  7.2881021E-01
   7136.67  7.1788190E-01
   7137.00  7.0586970E-01
   7137.33  6.9377569E-01
   7137.67  6.8221288E-01
   7138.00  6.7137456E-01
   7138.33  6.6130390E-01
   7138.67  6.5175861E-01
   7139.00  6.4268696E-01
   7139.33  6.3435687E-01
   7139.67  6.2714760E-01
   7140.00  6.2158132E-01
   7140.33  6.1848722E-01
   7140.67  6.1789148E-01
   7141.00  6.1976909E-01
   7141.33  6.2405311E-01
   7141.67  6.2992707E-01
   7142.00  6.3685647E-01
   7142.33  6.4430848E-01
   7142.67  6.5173892E-01
   7143.00  6.5884895E-01
   7143.33  6.6538972E-01
   7143.67  6.7142078E-01
   7144.00  6.7706927E-01
   7144.33  6.8256838E-01
   7144.67  6.8821067E-01
   7145.00  6.9417670E-01
   7145.33  7.0058322E-01
   7145.67  7.0727231E-01
   7146.00  7.1401988E-01
   7146.33  7.2040170E-01
   7146.67  7.2599507E-01
   7147.00  7.3039034E-01
   7147.33  7.3295883E-01
   7147.67  7.3359761E-01
   7148.00  7.3218159E-01
   7148.33  7.2849877E-01
   7148.67  7.2303010E-01
   7149.00  7.1608793E-01
   7149.33  7.0798129E-01
   7149.67  6.9928751E-01
   7150.00  6.9033000E-01
   7150.33  6.8136670E-01
   7150.67  6.7254160E-01
   7151.00  6.6390483E-01
   7151.33  6.5546508E-01
   7151.67  6.4714478E-01
   7152.00  6.3888973E-01
   7152.33  6.3064845E-01
   7152.67  6.2238804E-01
   7153.00  6.1410225E-01
   7153.33  6.0580252E-01
   7153.67  5.9752109E-01
   7154.00  5.8929516E-01
   7154.33  5.8118812E-01
   7154.67  5.7324066E-01
   7155.00  5.6550052E-01
   7155.33  5.5805471E-01
   7155.67  5.5092077E-01
   7156.00  5.4413732E-01
   7156.33  5.3778976E-01
   7156.67  5.3185406E-01
   7157.00  5.2633692E-01
   7157.33  5.2127498E-01
   7157.67  5.1657747E-01
   7158.00  5.1218853E-01
   7158.33  5.0804780E-01
   7158.67  5.0402213E-01
   7159.00  5.0001551E-01
   7159.33  4.9590942E-01
   7159.67  4.9162108E-01
   7160.00  4.8708727E-01
   7160.33  4.8222668E-01
   7160.67  4.7706157E-01
   7161.00  4.7160481E-01
   7161.33  4.6586746E-01
   7161.67  4.5994629E-01
   7162.00  4.5391194E-01
   7162.33  4.4785248E-01
   7162.67  4.4186023E-01
   7163.00  4.3601018E-01
   7163.33  4.3041202E-01
   7163.67  4.2510303E-01
   7164.00  4.2012127E-01
   7164.33  4.1553054E-01
   7164.67  4.1128259E-01
   7165.00  4.0735627E-01
   7165.33  4.0374824E-01
   7165.67  4.0037702E-01
   7166.00  3.9720282E-01
   7166.33  3.9420527E-01
   7166.67  3.9133682E-01
   7167.00  3.8858491E-01
   7167.33  3.8596332E-01
   7167.67  3.8347077E-01
   7168.00  3.8112634E-01
   7168.33  3.7897764E-01
   7168.67  3.7702738E-01
   7169.00  3.7529083E-01
   7169.33  3.7380594E-01
   7169.67  3.7254940E-01
   7170.00  3.7151801E-01
   7170.33  3.7072681E-01
   7170.67  3.7013185E-01
   7171.00  3.6971421E-01
   7171.33  3.6946324E-01
   7171.67  3.6931675E-01
   7172.00  3.6922049E-01
