    FDMNES
    energy     <xanes>
   7097.00  5.1415103E-03
   7097.33  5.2687527E-03
   7097.67  5.4020327E-03
   7098.00  5.5417731E-03
   7098.33  5.6893941E-03
   7098.67  5.8446283E-03
   7099.00  6.0080543E-03
   7099.33  6.1815426E-03
   7099.67  6.3648224E-03
   7100.00  6.5587075E-03
   7100.33  6.7657246E-03
   7100.67  6.9856297E-03
   7101.00  7.2196017E-03
   7101.33  7.4711586E-03
   7101.67  7.7401489E-03
   7102.00  8.0283424E-03
   7102.33  8.3408162E-03
   7102.67  8.6776553E-03
   7103.00  9.0416329E-03
   7103.33  9.4404019E-03
   7103.67  9.8746082E-03
   7104.00  1.0348829E-02
   7104.33  1.0875240E-02
   7104.67  1.1455814E-02
   7105.00  1.2098617E-02
   7105.33  1.2824398E-02
   7105.67  1.3638409E-02
   7106.00  1.4556132E-02
   7106.33  1.5616285E-02
   7106.67  1.6832967E-02
   7107.00  1.8239555E-02
   7107.33  1.9918070E-02
   7107.67  2.1910135E-02
   7108.00  2.4301013E-02
   7108.33  2.7301061E-02
   7108.67  3.1059970E-02
   7109.00  3.5863419E-02
   7109.33  4.2453306E-02
   7109.67  5.1604558E-02
   7110.00  6.4826871E-02
   7110.33  8.6392716E-02
   7110.67  1.2074569E-01
   7111.00  1.6949310E-01
   7111.33  2.2303965E-01
   7111.67  2.7293617E-01
   7112.00  3.2452762E-01
   7112.33  3.9518419E-01
   7112.67  4.8081118E-01
   7113.00  5.6434314E-01
   7113.33  6.1643530E-01
   7113.67  6.0892568E-01
   7114.00  5.2408516E-01
   7114.33  4.0273098E-01
   7114.67  3.0382464E-01
   7115.00  2.3676055E-01
   7115.33  1.9658164E-01
   7115.67  1.7160744E-01
   7116.00  1.5629302E-01
   7116.33  1.4651704E-01
   7116.67  1.3992844E-01
   7117.00  1.3628124E-01
   7117.33  1.3450559E-01
   7117.67  1.3251286E-01
   7118.00  1.2941927E-01
   7118.33  1.2522924E-01
   7118.67  1.2064625E-01
   7119.00  1.1640864E-01
   7119.33  1.1355687E-01
   7119.67  1.1211033E-01
   7120.00  1.1176377E-01
   7120.33  1.1249102E-01
   7120.67  1.1420744E-01
   7121.00  1.1675247E-01
   7121.33  1.2042620E-01
   7121.67  1.2571902E-01
   7122.00  1.3296385E-01
   7122.33  1.4253757E-01
   7122.67  1.5396301E-01
   7123.00  1.6670119E-01
   7123.33  1.8033590E-01
   7123.67  1.9483480E-01
   7124.00  2.1050476E-01
   7124.33  2.2759957E-01
   7124.67  2.4527338E-01
   7125.00  2.6210162E-01
   7125.33  2.7557277E-01
   7125.67  2.8475698E-01
   7126.00  2.9003113E-01
   7126.33  2.9305971E-01
   7126.67  2.9651141E-01
   7127.00  3.0222144E-01
   7127.33  3.1251140E-01
   7127.67  3.2870854E-01
   7128.00  3.5224971E-01
   7128.33  3.8430834E-01
   7128.67  4.2121796E-01
   7129.00  4.5892549E-01
   7129.33  4.9438556E-01
   7129.67  5.2938050E-01
   7130.00  5.6606306E-01
   7130.33  6.0407994E-01
   7130.67  6.3996962E-01
   7131.00  6.7143524E-01
   7131.33  6.9844435E-01
   7131.67  7.2486464E-01
   7132.00  7.5438619E-01
   7132.33  7.9107423E-01
   7132.67  8.3443776E-01
   7133.00  8.8148942E-01
   7133.33  9.2520970E-01
   7133.67  9.5829856E-01
   7134.00  9.7552139E-01
   7134.33  9.7180428E-01
   7134.67  9.5109861E-01
   7135.00  9.1742225E-01
   7135.33  8.7497739E-01
   7135.67  8.2904493E-01
   7136.00  7.8266298E-01
   7136.33  7.3896548E-01
   7136.67  6.9948336E-01
   7137.00  6.6491596E-01
   7137.33  6.3591248E-01
   7137.67  6.1143444E-01
   7138.00  5.9105399E-01
   7138.33  5.7489380E-01
   7138.67  5.6237719E-01
   7139.00  5.5354820E-01
   7139.33  5.4893963E-01
   7139.67  5.4801947E-01
   7140.00  5.5056444E-01
   7140.33  5.5646485E-01
   7140.67  5.6463914E-01
   7141.00  5.7432849E-01
   7141.33  5.8459789E-01
   7141.67  5.9436381E-01
   7142.00  6.0285696E-01
   7142.33  6.0922208E-01
   7142.67  6.1346883E-01
   7143.00  6.1570553E-01
   7143.33  6.1610051E-01
   7143.67  6.1535134E-01
   7144.00  6.1387910E-01
   7144.33  6.1206714E-01
   7144.67  6.1027562E-01
   7145.00  6.0870558E-01
   7145.33  6.0756801E-01
   7145.67  6.0691711E-01
   7146.00  6.0679846E-01
   7146.33  6.0728103E-01
   7146.67  6.0823810E-01
   7147.00  6.0956273E-01
   7147.33  6.1108521E-01
   7147.67  6.1252941E-01
   7148.00  6.1364623E-01
   7148.33  6.1407036E-01
   7148.67  6.1364083E-01
   7149.00  6.1221816E-01
   7149.33  6.0960159E-01
   7149.67  6.0596962E-01
   7150.00  6.0144017E-01
   7150.33  5.9612292E-01
   7150.67  5.9033607E-01
   7151.00  5.8427947E-01
   7151.33  5.7815774E-01
   7151.67  5.7215449E-01
   7152.00  5.6638953E-01
   7152.33  5.6101076E-01
   7152.67  5.5604897E-01
   7153.00  5.5154833E-01
   7153.33  5.4760586E-01
   7153.67  5.4418167E-01
   7154.00  5.4128743E-01
   7154.33  5.3899580E-01
   7154.67  5.3723532E-01
   7155.00  5.3599184E-01
   7155.33  5.3529371E-01
   7155.67  5.3502731E-01
   7156.00  5.3512890E-01
   7156.33  5.3553755E-01
   7156.67  5.3610414E-01
   7157.00  5.3671824E-01
   7157.33  5.3723669E-01
   7157.67  5.3754500E-01
   7158.00  5.3754913E-01
   7158.33  5.3711266E-01
   7158.67  5.3622815E-01
   7159.00  5.3487409E-01
   7159.33  5.3299756E-01
   7159.67  5.3069049E-01
   7160.00  5.2799788E-01
   7160.33  5.2494165E-01
   7160.67  5.2162967E-01
   7161.00  5.1811933E-01
   7161.33  5.1445030E-01
   7161.67  5.1067220E-01
   7162.00  5.0679131E-01
   7162.33  5.0278901E-01
   7162.67  4.9866250E-01
   7163.00  4.9439375E-01
   7163.33  4.8994556E-01
   7163.67  4.8533245E-01
   7164.00  4.8056255E-01
   7164.33  4.7564305E-01
   7164.67  4.7062539E-01
   7165.00  4.6554287E-01
   7165.33  4.6042982E-01
   7165.67  4.5532341E-01
   7166.00  4.5024743E-01
   7166.33  4.4522880E-01
   7166.67  4.4027660E-01
   7167.00  4.3540466E-01
   7167.33  4.3064003E-01
   7167.67  4.2598398E-01
   7168.00  4.2145416E-01
   7168.33  4.1709501E-01
   7168.67  4.1291293E-01
   7169.00  4.0893187E-01
   7169.33  4.0520943E-01
   7169.67  4.0174348E-01
   7170.00  3.9855330E-01
   7170.33  3.9569279E-01
   7170.67  3.9313723E-01
   7171.00  3.9089317E-01
   7171.33  3.8900594E-01
   7171.67  3.8744488E-01
   7172.00  3.8621999E-01
