    FDMNES
    energy     <xanes>
   7097.00  5.2368023E-03
   7097.33  5.3623866E-03
   7097.67  5.4937581E-03
   7098.00  5.6313123E-03
   7098.33  5.7763952E-03
   7098.67  5.9287379E-03
   7099.00  6.0888799E-03
   7099.33  6.2585841E-03
   7099.67  6.4375758E-03
   7100.00  6.6266104E-03
   7100.33  6.8280572E-03
   7100.67  7.0416626E-03
   7101.00  7.2685174E-03
   7101.33  7.5119046E-03
   7101.67  7.7716520E-03
   7102.00  8.0493935E-03
   7102.33  8.3498477E-03
   7102.67  8.6730579E-03
   7103.00  9.0215817E-03
   7103.33  9.4025138E-03
   7103.67  9.8164173E-03
   7104.00  1.0267520E-02
   7104.33  1.0767108E-02
   7104.67  1.1316993E-02
   7105.00  1.1924668E-02
   7105.33  1.2609432E-02
   7105.67  1.3376248E-02
   7106.00  1.4239650E-02
   7106.33  1.5236015E-02
   7106.67  1.6379004E-02
   7107.00  1.7700567E-02
   7107.33  1.9279329E-02
   7107.67  2.1156910E-02
   7108.00  2.3417650E-02
   7108.33  2.6270584E-02
   7108.67  2.9872158E-02
   7109.00  3.4519971E-02
   7109.33  4.0995807E-02
   7109.67  5.0159099E-02
   7110.00  6.3693479E-02
   7110.33  8.6399649E-02
   7110.67  1.2310224E-01
   7111.00  1.7416732E-01
   7111.33  2.2623288E-01
   7111.67  2.7046416E-01
   7112.00  3.0365669E-01
   7112.33  3.2961185E-01
   7112.67  3.5910194E-01
   7113.00  3.8911072E-01
   7113.33  4.0388914E-01
   7113.67  3.9760176E-01
   7114.00  3.7448009E-01
   7114.33  3.4387157E-01
   7114.67  3.1465637E-01
   7115.00  2.9092026E-01
   7115.33  2.7631797E-01
   7115.67  2.7061385E-01
   7116.00  2.7230637E-01
   7116.33  2.7613098E-01
   7116.67  2.7437608E-01
   7117.00  2.6365507E-01
   7117.33  2.4541823E-01
   7117.67  2.2594072E-01
   7118.00  2.0799080E-01
   7118.33  1.9162697E-01
   7118.67  1.7642170E-01
   7119.00  1.6331907E-01
   7119.33  1.5357292E-01
   7119.67  1.4649341E-01
   7120.00  1.4118123E-01
   7120.33  1.3695678E-01
   7120.67  1.3391715E-01
   7121.00  1.3290017E-01
   7121.33  1.3521320E-01
   7121.67  1.4075875E-01
   7122.00  1.4907310E-01
   7122.33  1.5904994E-01
   7122.67  1.6890995E-01
   7123.00  1.7788903E-01
   7123.33  1.8644521E-01
   7123.67  1.9613024E-01
   7124.00  2.0832653E-01
   7124.33  2.2476194E-01
   7124.67  2.4560657E-01
   7125.00  2.7071490E-01
   7125.33  2.9922743E-01
   7125.67  3.2844274E-01
   7126.00  3.5616133E-01
   7126.33  3.8044826E-01
   7126.67  4.0186860E-01
   7127.00  4.2156063E-01
   7127.33  4.4082029E-01
   7127.67  4.6023808E-01
   7128.00  4.7974384E-01
   7128.33  4.9946093E-01
   7128.67  5.1992384E-01
   7129.00  5.4171968E-01
   7129.33  5.6572845E-01
   7129.67  5.9224297E-01
   7130.00  6.2149394E-01
   7130.33  6.5346167E-01
   7130.67  6.8687447E-01
   7131.00  7.2072626E-01
   7131.33  7.5389729E-01
   7131.67  7.8539446E-01
   7132.00  8.1406465E-01
   7132.33  8.3787240E-01
   7132.67  8.5621006E-01
   7133.00  8.6873561E-01
   7133.33  8.7517442E-01
   7133.67  8.7711801E-01
   7134.00  8.7536069E-01
   7134.33  8.6998095E-01
   7134.67  8.6106743E-01
   7135.00  8.4768863E-01
   7135.33  8.2770763E-01
   7135.67  8.0103518E-01
   7136.00  7.6811380E-01
   7136.33  7.3041557E-01
   7136.67  6.9140559E-01
   7137.00  6.5358755E-01
   7137.33  6.1964899E-01
   7137.67  5.9050473E-01
   7138.00  5.6664701E-01
   7138.33  5.4869902E-01
   7138.67  5.3547917E-01
   7139.00  5.2626359E-01
   7139.33  5.2042913E-01
   7139.67  5.1665818E-01
   7140.00  5.1435312E-01
   7140.33  5.1329014E-01
   7140.67  5.1326155E-01
   7141.00  5.1430312E-01
   7141.33  5.1654813E-01
   7141.67  5.1977164E-01
   7142.00  5.2384868E-01
   7142.33  5.2869353E-01
   7142.67  5.3401774E-01
   7143.00  5.3959795E-01
   7143.33  5.4507279E-01
   7143.67  5.4999631E-01
   7144.00  5.5390978E-01
   7144.33  5.5607648E-01
   7144.67  5.5624457E-01
   7145.00  5.5419354E-01
   7145.33  5.4964194E-01
   7145.67  5.4313722E-01
   7146.00  5.3508167E-01
   7146.33  5.2592608E-01
   7146.67  5.1637503E-01
   7147.00  5.0687208E-01
   7147.33  4.9788555E-01
   7147.67  4.8964687E-01
   7148.00  4.8231651E-01
   7148.33  4.7612953E-01
   7148.67  4.7099693E-01
   7149.00  4.6690559E-01
   7149.33  4.6394662E-01
   7149.67  4.6195136E-01
   7150.00  4.6087885E-01
   7150.33  4.6079034E-01
   7150.67  4.6152805E-01
   7151.00  4.6304924E-01
   7151.33  4.6539287E-01
   7151.67  4.6841105E-01
   7152.00  4.7205133E-01
   7152.33  4.7631779E-01
   7152.67  4.8107116E-01
   7153.00  4.8624906E-01
   7153.33  4.9182192E-01
   7153.67  4.9767358E-01
   7154.00  5.0374504E-01
   7154.33  5.0999486E-01
   7154.67  5.1635201E-01
   7155.00  5.2278073E-01
   7155.33  5.2925333E-01
   7155.67  5.3573957E-01
   7156.00  5.4222069E-01
   7156.33  5.4867296E-01
   7156.67  5.5507764E-01
   7157.00  5.6141197E-01
   7157.33  5.6762647E-01
   7157.67  5.7368654E-01
   7158.00  5.7954544E-01
   7158.33  5.8511305E-01
   7158.67  5.9036068E-01
   7159.00  5.9523345E-01
   7159.33  5.9961262E-01
   7159.67  6.0349159E-01
   7160.00  6.0682008E-01
   7160.33  6.0946750E-01
   7160.67  6.1145951E-01
   7161.00  6.1275801E-01
   7161.33  6.1323351E-01
   7161.67  6.1294261E-01
   7162.00  6.1185368E-01
   7162.33  6.0983712E-01
   7162.67  6.0698908E-01
   7163.00  6.0331413E-01
   7163.33  5.9872778E-01
   7163.67  5.9336269E-01
   7164.00  5.8725865E-01
   7164.33  5.8039440E-01
   7164.67  5.7293677E-01
   7165.00  5.6497110E-01
   7165.33  5.5656338E-01
   7165.67  5.4789313E-01
   7166.00  5.3908029E-01
   7166.33  5.3026461E-01
   7166.67  5.2158362E-01
   7167.00  5.1314908E-01
   7167.33  5.0512373E-01
   7167.67  4.9755834E-01
   7168.00  4.9051946E-01
   7168.33  4.8413772E-01
   7168.67  4.7836962E-01
   7169.00  4.7322210E-01
   7169.33  4.6876344E-01
   7169.67  4.6489348E-01
   7170.00  4.6158134E-01
   7170.33  4.5884421E-01
   7170.67  4.5656320E-01
   7171.00  4.5468791E-01
   7171.33  4.5320353E-01
   7171.67  4.5201458E-01
   7172.00  4.5108454E-01
