    FDMNES
    energy     <xanes>
   7097.00  5.2548087E-03
   7097.33  5.3829252E-03
   7097.67  5.5170612E-03
   7098.00  5.6576362E-03
   7098.33  5.8060632E-03
   7098.67  5.9620736E-03
   7099.00  6.1262418E-03
   7099.33  6.3004283E-03
   7099.67  6.4843617E-03
   7100.00  6.6788509E-03
   7100.33  6.8864098E-03
   7100.67  7.1067956E-03
   7101.00  7.3411824E-03
   7101.33  7.5930743E-03
   7101.67  7.8623251E-03
   7102.00  8.1507033E-03
   7102.33  8.4632781E-03
   7102.67  8.8001503E-03
   7103.00  9.1641048E-03
   7103.33  9.5628147E-03
   7103.67  9.9969702E-03
   7104.00  1.0471202E-02
   7104.33  1.0997801E-02
   7104.67  1.1578866E-02
   7105.00  1.2222649E-02
   7105.33  1.2950316E-02
   7105.67  1.3767504E-02
   7106.00  1.4690304E-02
   7106.33  1.5758873E-02
   7106.67  1.6988595E-02
   7107.00  1.8414996E-02
   7107.33  2.0125331E-02
   7107.67  2.2166255E-02
   7108.00  2.4631772E-02
   7108.33  2.7754612E-02
   7108.67  3.1709502E-02
   7109.00  3.6828116E-02
   7109.33  4.3981053E-02
   7109.67  5.4124915E-02
   7110.00  6.9132030E-02
   7110.33  9.4332351E-02
   7110.67  1.3500524E-01
   7111.00  1.9109930E-01
   7111.33  2.4695161E-01
   7111.67  2.9867756E-01
   7112.00  3.4729389E-01
   7112.33  3.8596392E-01
   7112.67  4.2059025E-01
   7113.00  4.5327809E-01
   7113.33  4.6708013E-01
   7113.67  4.4913595E-01
   7114.00  4.0504236E-01
   7114.33  3.5325681E-01
   7114.67  3.0846894E-01
   7115.00  2.7468147E-01
   7115.33  2.5292359E-01
   7115.67  2.3919890E-01
   7116.00  2.2990524E-01
   7116.33  2.1990752E-01
   7116.67  2.0589407E-01
   7117.00  1.8852371E-01
   7117.33  1.7139993E-01
   7117.67  1.5710201E-01
   7118.00  1.4607591E-01
   7118.33  1.3808545E-01
   7118.67  1.3204875E-01
   7119.00  1.2765344E-01
   7119.33  1.2504262E-01
   7119.67  1.2403050E-01
   7120.00  1.2473435E-01
   7120.33  1.2781223E-01
   7120.67  1.3317785E-01
   7121.00  1.3986626E-01
   7121.33  1.4524605E-01
   7121.67  1.4816011E-01
   7122.00  1.4970707E-01
   7122.33  1.5190938E-01
   7122.67  1.5588850E-01
   7123.00  1.6210028E-01
   7123.33  1.7109335E-01
   7123.67  1.8280020E-01
   7124.00  1.9753193E-01
   7124.33  2.1594760E-01
   7124.67  2.3726261E-01
   7125.00  2.6031574E-01
   7125.33  2.8283611E-01
   7125.67  3.0272671E-01
   7126.00  3.1930306E-01
   7126.33  3.3357995E-01
   7126.67  3.4871762E-01
   7127.00  3.6746892E-01
   7127.33  3.9289358E-01
   7127.67  4.2468478E-01
   7128.00  4.6108596E-01
   7128.33  4.9742319E-01
   7128.67  5.2830926E-01
   7129.00  5.5178004E-01
   7129.33  5.6985890E-01
   7129.67  5.8831355E-01
   7130.00  6.1057852E-01
   7130.33  6.3874965E-01
   7130.67  6.7142226E-01
   7131.00  7.0704459E-01
   7131.33  7.4377606E-01
   7131.67  7.8017648E-01
   7132.00  8.1597839E-01
   7132.33  8.5152230E-01
   7132.67  8.8698196E-01
   7133.00  9.2149031E-01
   7133.33  9.5199335E-01
   7133.67  9.7528700E-01
   7134.00  9.8866235E-01
   7134.33  9.8892669E-01
   7134.67  9.7672153E-01
   7135.00  9.5194482E-01
   7135.33  9.1508898E-01
   7135.67  8.7140194E-01
   7136.00  8.2443216E-01
   7136.33  7.7718823E-01
   7136.67  7.3157899E-01
   7137.00  6.8871855E-01
   7137.33  6.5012873E-01
   7137.67  6.1611490E-01
   7138.00  5.8704098E-01
   7138.33  5.6355320E-01
   7138.67  5.4471244E-01
   7139.00  5.3008560E-01
   7139.33  5.1956535E-01
   7139.67  5.1216190E-01
   7140.00  5.0748368E-01
   7140.33  5.0545708E-01
   7140.67  5.0550390E-01
   7141.00  5.0743744E-01
   7141.33  5.1128600E-01
   7141.67  5.1663127E-01
   7142.00  5.2322868E-01
   7142.33  5.3076612E-01
   7142.67  5.3856945E-01
   7143.00  5.4607265E-01
   7143.33  5.5254082E-01
   7143.67  5.5767047E-01
   7144.00  5.6134022E-01
   7144.33  5.6348876E-01
   7144.67  5.6453382E-01
   7145.00  5.6468861E-01
   7145.33  5.6402400E-01
   7145.67  5.6268181E-01
   7146.00  5.6064355E-01
   7146.33  5.5778160E-01
   7146.67  5.5419264E-01
   7147.00  5.4994311E-01
   7147.33  5.4512518E-01
   7147.67  5.4001238E-01
   7148.00  5.3478927E-01
   7148.33  5.2966512E-01
   7148.67  5.2480542E-01
   7149.00  5.2033521E-01
   7149.33  5.1641702E-01
   7149.67  5.1304567E-01
   7150.00  5.1024061E-01
   7150.33  5.0806882E-01
   7150.67  5.0643664E-01
   7151.00  5.0531436E-01
   7151.33  5.0472082E-01
   7151.67  5.0455731E-01
   7152.00  5.0479306E-01
   7152.33  5.0544526E-01
   7152.67  5.0644742E-01
   7153.00  5.0778907E-01
   7153.33  5.0950588E-01
   7153.67  5.1155365E-01
   7154.00  5.1392983E-01
   7154.33  5.1666756E-01
   7154.67  5.1971104E-01
   7155.00  5.2303667E-01
   7155.33  5.2663271E-01
   7155.67  5.3040973E-01
   7156.00  5.3430092E-01
   7156.33  5.3821512E-01
   7156.67  5.4204710E-01
   7157.00  5.4570761E-01
   7157.33  5.4906355E-01
   7157.67  5.5205959E-01
   7158.00  5.5462989E-01
   7158.33  5.5665108E-01
   7158.67  5.5813727E-01
   7159.00  5.5906008E-01
   7159.33  5.5932690E-01
   7159.67  5.5900422E-01
   7160.00  5.5809635E-01
   7160.33  5.5654758E-01
   7160.67  5.5445533E-01
   7161.00  5.5185055E-01
   7161.33  5.4872093E-01
   7161.67  5.4518056E-01
   7162.00  5.4127949E-01
   7162.33  5.3703265E-01
   7162.67  5.3253958E-01
   7163.00  5.2785959E-01
   7163.33  5.2304429E-01
   7163.67  5.1816869E-01
   7164.00  5.1327780E-01
   7164.33  5.0841733E-01
   7164.67  5.0361525E-01
   7165.00  4.9889150E-01
   7165.33  4.9427379E-01
   7165.67  4.8976329E-01
   7166.00  4.8537195E-01
   7166.33  4.8112636E-01
   7166.67  4.7701921E-01
   7167.00  4.7305973E-01
   7167.33  4.6927970E-01
   7167.67  4.6567065E-01
   7168.00  4.6224148E-01
   7168.33  4.5902436E-01
   7168.67  4.5600398E-01
   7169.00  4.5318696E-01
   7169.33  4.5059796E-01
   7169.67  4.4820275E-01
   7170.00  4.4599151E-01
   7170.33  4.4397393E-01
   7170.67  4.4211803E-01
   7171.00  4.4041918E-01
   7171.33  4.3890457E-01
   7171.67  4.3758482E-01
   7172.00  4.3651026E-01
