    FDMNES
    energy     <xanes>
   7097.00  4.9013720E-03
   7097.33  5.0186223E-03
   7097.67  5.1414131E-03
   7098.00  5.2701387E-03
   7098.33  5.4061150E-03
   7098.67  5.5491076E-03
   7099.00  5.6996620E-03
   7099.33  5.8595239E-03
   7099.67  6.0284639E-03
   7100.00  6.2072578E-03
   7100.33  6.3982874E-03
   7100.67  6.6013627E-03
   7101.00  6.8176238E-03
   7101.33  7.0504299E-03
   7101.67  7.2997062E-03
   7102.00  7.5671951E-03
   7102.33  7.8578256E-03
   7102.67  8.1718060E-03
   7103.00  8.5119271E-03
   7103.33  8.8857806E-03
   7103.67  9.2942416E-03
   7104.00  9.7420457E-03
   7104.33  1.0241612E-02
   7104.67  1.0795414E-02
   7105.00  1.1412093E-02
   7105.33  1.2113590E-02
   7105.67  1.2906437E-02
   7106.00  1.3807968E-02
   7106.33  1.4861095E-02
   7106.67  1.6083728E-02
   7107.00  1.7515384E-02
   7107.33  1.9252700E-02
   7107.67  2.1350781E-02
   7108.00  2.3917895E-02
   7108.33  2.7221908E-02
   7108.67  3.1472660E-02
   7109.00  3.7063994E-02
   7109.33  4.5030176E-02
   7109.67  5.6526187E-02
   7110.00  7.3801364E-02
   7110.33  1.0329025E-01
   7110.67  1.5196753E-01
   7111.00  2.2341773E-01
   7111.33  3.1206942E-01
   7111.67  3.9915593E-01
   7112.00  4.3309664E-01
   7112.33  3.8031302E-01
   7112.67  3.1787803E-01
   7113.00  2.8469845E-01
   7113.33  2.8226084E-01
   7113.67  2.8358560E-01
   7114.00  2.6542859E-01
   7114.33  2.3117251E-01
   7114.67  2.0736853E-01
   7115.00  1.9715187E-01
   7115.33  1.9053714E-01
   7115.67  1.8389214E-01
   7116.00  1.7635761E-01
   7116.33  1.6576024E-01
   7116.67  1.5541054E-01
   7117.00  1.4874767E-01
   7117.33  1.4732644E-01
   7117.67  1.4822688E-01
   7118.00  1.4798988E-01
   7118.33  1.4370132E-01
   7118.67  1.3667117E-01
   7119.00  1.2878877E-01
   7119.33  1.2172115E-01
   7119.67  1.1600574E-01
   7120.00  1.1175315E-01
   7120.33  1.0911799E-01
   7120.67  1.0785456E-01
   7121.00  1.0785527E-01
   7121.33  1.0907639E-01
   7121.67  1.1125322E-01
   7122.00  1.1440200E-01
   7122.33  1.1883679E-01
   7122.67  1.2469026E-01
   7123.00  1.3220533E-01
   7123.33  1.4162174E-01
   7123.67  1.5222218E-01
   7124.00  1.6360100E-01
   7124.33  1.7635352E-01
   7124.67  1.9111317E-01
   7125.00  2.0788802E-01
   7125.33  2.2576254E-01
   7125.67  2.4303235E-01
   7126.00  2.5868296E-01
   7126.33  2.7272580E-01
   7126.67  2.8715562E-01
   7127.00  3.0382810E-01
   7127.33  3.2425253E-01
   7127.67  3.4782158E-01
   7128.00  3.7382030E-01
   7128.33  4.0130795E-01
   7128.67  4.2893460E-01
   7129.00  4.5607897E-01
   7129.33  4.8321140E-01
   7129.67  5.1198931E-01
   7130.00  5.4394094E-01
   7130.33  5.8027667E-01
   7130.67  6.1944951E-01
   7131.00  6.5941525E-01
   7131.33  6.9739025E-01
   7131.67  7.3186763E-01
   7132.00  7.6234725E-01
   7132.33  7.8885129E-01
   7132.67  8.1303785E-01
   7133.00  8.3605102E-01
   7133.33  8.5843671E-01
   7133.67  8.7930216E-01
   7134.00  8.9635094E-01
   7134.33  9.0501168E-01
   7134.67  9.0316001E-01
   7135.00  8.8981736E-01
   7135.33  8.6478170E-01
   7135.67  8.3205494E-01
   7136.00  7.9438152E-01
   7136.33  7.5449216E-01
   7136.67  7.1503280E-01
   7137.00  6.7752561E-01
   7137.33  6.4355766E-01
   7137.67  6.1341536E-01
   7138.00  5.8736841E-01
   7138.33  5.6598803E-01
   7138.67  5.4862091E-01
   7139.00  5.3506242E-01
   7139.33  5.2546008E-01
   7139.67  5.1905911E-01
   7140.00  5.1558495E-01
   7140.33  5.1504027E-01
   7140.67  5.1676952E-01
   7141.00  5.2047987E-01
   7141.33  5.2602165E-01
   7141.67  5.3283247E-01
   7142.00  5.4060936E-01
   7142.33  5.4909968E-01
   7142.67  5.5793046E-01
   7143.00  5.6688836E-01
   7143.33  5.7576353E-01
   7143.67  5.8441406E-01
   7144.00  5.9274977E-01
   7144.33  6.0067115E-01
   7144.67  6.0823015E-01
   7145.00  6.1547508E-01
   7145.33  6.2246774E-01
   7145.67  6.2933372E-01
   7146.00  6.3613901E-01
   7146.33  6.4291487E-01
   7146.67  6.4964149E-01
   7147.00  6.5625271E-01
   7147.33  6.6259702E-01
   7147.67  6.6854465E-01
   7148.00  6.7393976E-01
   7148.33  6.7851437E-01
   7148.67  6.8221302E-01
   7149.00  6.8493931E-01
   7149.33  6.8647779E-01
   7149.67  6.8690469E-01
   7150.00  6.8619215E-01
   7150.33  6.8418613E-01
   7150.67  6.8104298E-01
   7151.00  6.7679066E-01
   7151.33  6.7134725E-01
   7151.67  6.6491187E-01
   7152.00  6.5755324E-01
   7152.33  6.4926817E-01
   7152.67  6.4028183E-01
   7153.00  6.3069342E-01
   7153.33  6.2054092E-01
   7153.67  6.0998297E-01
   7154.00  5.9910083E-01
   7154.33  5.8795794E-01
   7154.67  5.7667473E-01
   7155.00  5.6533137E-01
   7155.33  5.5402842E-01
   7155.67  5.4286080E-01
   7156.00  5.3191645E-01
   7156.33  5.2133956E-01
   7156.67  5.1119115E-01
   7157.00  5.0155585E-01
   7157.33  4.9260470E-01
   7157.67  4.8434878E-01
   7158.00  4.7685078E-01
   7158.33  4.7026667E-01
   7158.67  4.6452705E-01
   7159.00  4.5964081E-01
   7159.33  4.5570164E-01
   7159.67  4.5257021E-01
   7160.00  4.5020076E-01
   7160.33  4.4861072E-01
   7160.67  4.4763493E-01
   7161.00  4.4720574E-01
   7161.33  4.4730620E-01
   7161.67  4.4780222E-01
   7162.00  4.4863314E-01
   7162.33  4.4977552E-01
   7162.67  4.5114646E-01
   7163.00  4.5270864E-01
   7163.33  4.5444011E-01
   7163.67  4.5628184E-01
   7164.00  4.5819779E-01
   7164.33  4.6014606E-01
   7164.67  4.6207188E-01
   7165.00  4.6392594E-01
   7165.33  4.6562886E-01
   7165.67  4.6713050E-01
   7166.00  4.6837161E-01
   7166.33  4.6924131E-01
   7166.67  4.6971507E-01
   7167.00  4.6974939E-01
   7167.33  4.6925134E-01
   7167.67  4.6826079E-01
   7168.00  4.6677639E-01
   7168.33  4.6475776E-01
   7168.67  4.6230667E-01
   7169.00  4.5947577E-01
   7169.33  4.5630167E-01
   7169.67  4.5290638E-01
   7170.00  4.4936517E-01
   7170.33  4.4575876E-01
   7170.67  4.4218197E-01
   7171.00  4.3871321E-01
   7171.33  4.3548841E-01
   7171.67  4.3263448E-01
   7172.00  4.3032819E-01
