    FDMNES
    energy     <xanes>
   7097.00  4.9546221E-03
   7097.33  5.0694214E-03
   7097.67  5.1893411E-03
   7098.00  5.3147235E-03
   7098.33  5.4467473E-03
   7098.67  5.5851649E-03
   7099.00  5.7304422E-03
   7099.33  5.8841162E-03
   7099.67  6.0459327E-03
   7100.00  6.2165421E-03
   7100.33  6.3980020E-03
   7100.67  6.5900743E-03
   7101.00  6.7936961E-03
   7101.33  7.0117077E-03
   7101.67  7.2439385E-03
   7102.00  7.4917896E-03
   7102.33  7.7593301E-03
   7102.67  8.0465714E-03
   7103.00  8.3557037E-03
   7103.33  8.6928283E-03
   7103.67  9.0583986E-03
   7104.00  9.4560324E-03
   7104.33  9.8954134E-03
   7104.67  1.0378061E-02
   7105.00  1.0910382E-02
   7105.33  1.1508910E-02
   7105.67  1.2177854E-02
   7106.00  1.2929633E-02
   7106.33  1.3795370E-02
   7106.67  1.4786688E-02
   7107.00  1.5930863E-02
   7107.33  1.7295040E-02
   7107.67  1.8914616E-02
   7108.00  2.0861408E-02
   7108.33  2.3313350E-02
   7108.67  2.6402943E-02
   7109.00  3.0382239E-02
   7109.33  3.5912325E-02
   7109.67  4.3715509E-02
   7110.00  5.5205819E-02
   7110.33  7.4423251E-02
   7110.67  1.0557241E-01
   7111.00  1.4956979E-01
   7111.33  1.9423296E-01
   7111.67  2.2938666E-01
   7112.00  2.5873888E-01
   7112.33  2.8940819E-01
   7112.67  3.1761266E-01
   7113.00  3.5231281E-01
   7113.33  3.9190992E-01
   7113.67  3.9066224E-01
   7114.00  3.4641783E-01
   7114.33  2.8954500E-01
   7114.67  2.3710740E-01
   7115.00  1.9675161E-01
   7115.33  1.7104716E-01
   7115.67  1.5464063E-01
   7116.00  1.4387083E-01
   7116.33  1.3643915E-01
   7116.67  1.3252082E-01
   7117.00  1.3328947E-01
   7117.33  1.3851959E-01
   7117.67  1.4556549E-01
   7118.00  1.5319346E-01
   7118.33  1.6174851E-01
   7118.67  1.7167470E-01
   7119.00  1.8163033E-01
   7119.33  1.8737161E-01
   7119.67  1.8784505E-01
   7120.00  1.8594764E-01
   7120.33  1.8616781E-01
   7120.67  1.8971824E-01
   7121.00  1.9559419E-01
   7121.33  2.0155615E-01
   7121.67  2.0610331E-01
   7122.00  2.0954736E-01
   7122.33  2.1367696E-01
   7122.67  2.2004974E-01
   7123.00  2.2890189E-01
   7123.33  2.3880056E-01
   7123.67  2.4726843E-01
   7124.00  2.5334701E-01
   7124.33  2.5829899E-01
   7124.67  2.6528064E-01
   7125.00  2.7657893E-01
   7125.33  2.9403619E-01
   7125.67  3.1616978E-01
   7126.00  3.4165876E-01
   7126.33  3.7052052E-01
   7126.67  4.0313592E-01
   7127.00  4.3969548E-01
   7127.33  4.7894460E-01
   7127.67  5.1727814E-01
   7128.00  5.5184900E-01
   7128.33  5.8097029E-01
   7128.67  6.0678119E-01
   7129.00  6.3131347E-01
   7129.33  6.5587689E-01
   7129.67  6.7990463E-01
   7130.00  7.0253341E-01
   7130.33  7.2397460E-01
   7130.67  7.4604320E-01
   7131.00  7.7030974E-01
   7131.33  7.9857584E-01
   7131.67  8.3111897E-01
   7132.00  8.6768512E-01
   7132.33  9.0652496E-01
   7132.67  9.4347654E-01
   7133.00  9.7428823E-01
   7133.33  9.9284534E-01
   7133.67  9.9721001E-01
   7134.00  9.8635632E-01
   7134.33  9.5961467E-01
   7134.67  9.2192730E-01
   7135.00  8.7697533E-01
   7135.33  8.2848246E-01
   7135.67  7.7982251E-01
   7136.00  7.3275072E-01
   7136.33  6.8924454E-01
   7136.67  6.5000696E-01
   7137.00  6.1550270E-01
   7137.33  5.8636148E-01
   7137.67  5.6166608E-01
   7138.00  5.4102084E-01
   7138.33  5.2440526E-01
   7138.67  5.1095215E-01
   7139.00  5.0034101E-01
   7139.33  4.9253551E-01
   7139.67  4.8690398E-01
   7140.00  4.8321727E-01
   7140.33  4.8151525E-01
   7140.67  4.8149199E-01
   7141.00  4.8310969E-01
   7141.33  4.8646793E-01
   7141.67  4.9116268E-01
   7142.00  4.9691161E-01
   7142.33  5.0336658E-01
   7142.67  5.0995879E-01
   7143.00  5.1623955E-01
   7143.33  5.2155648E-01
   7143.67  5.2546909E-01
   7144.00  5.2755220E-01
   7144.33  5.2718534E-01
   7144.67  5.2455342E-01
   7145.00  5.1983572E-01
   7145.33  5.1331198E-01
   7145.67  5.0585109E-01
   7146.00  4.9806177E-01
   7146.33  4.9059803E-01
   7146.67  4.8385312E-01
   7147.00  4.7802112E-01
   7147.33  4.7326822E-01
   7147.67  4.6938154E-01
   7148.00  4.6621379E-01
   7148.33  4.6361623E-01
   7148.67  4.6130369E-01
   7149.00  4.5911236E-01
   7149.33  4.5691214E-01
   7149.67  4.5465108E-01
   7150.00  4.5234709E-01
   7150.33  4.5008713E-01
   7150.67  4.4798477E-01
   7151.00  4.4614084E-01
   7151.33  4.4468307E-01
   7151.67  4.4360013E-01
   7152.00  4.4287447E-01
   7152.33  4.4248174E-01
   7152.67  4.4229413E-01
   7153.00  4.4221901E-01
   7153.33  4.4214777E-01
   7153.67  4.4197930E-01
   7154.00  4.4163633E-01
   7154.33  4.4100777E-01
   7154.67  4.4005612E-01
   7155.00  4.3872879E-01
   7155.33  4.3691873E-01
   7155.67  4.3463790E-01
   7156.00  4.3186488E-01
   7156.33  4.2853642E-01
   7156.67  4.2474410E-01
   7157.00  4.2054222E-01
   7157.33  4.1598934E-01
   7157.67  4.1125326E-01
   7158.00  4.0646025E-01
   7158.33  4.0177297E-01
   7158.67  3.9731964E-01
   7159.00  3.9320130E-01
   7159.33  3.8955926E-01
   7159.67  3.8639712E-01
   7160.00  3.8374106E-01
   7160.33  3.8166539E-01
   7160.67  3.8010340E-01
   7161.00  3.7905001E-01
   7161.33  3.7856479E-01
   7161.67  3.7858751E-01
   7162.00  3.7912569E-01
   7162.33  3.8025709E-01
   7162.67  3.8192580E-01
   7163.00  3.8413486E-01
   7163.33  3.8694328E-01
   7163.67  3.9025857E-01
   7164.00  3.9403966E-01
   7164.33  3.9826411E-01
   7164.67  4.0278807E-01
   7165.00  4.0751834E-01
   7165.33  4.1235208E-01
   7165.67  4.1716515E-01
   7166.00  4.2186629E-01
   7166.33  4.2633509E-01
   7166.67  4.3052276E-01
   7167.00  4.3438404E-01
   7167.33  4.3784393E-01
   7167.67  4.4093920E-01
   7168.00  4.4367928E-01
   7168.33  4.4605091E-01
   7168.67  4.4813760E-01
   7169.00  4.4998481E-01
   7169.33  4.5162947E-01
   7169.67  4.5315515E-01
   7170.00  4.5461131E-01
   7170.33  4.5604522E-01
   7170.67  4.5749486E-01
   7171.00  4.5897286E-01
   7171.33  4.6046125E-01
   7171.67  4.6187923E-01
   7172.00  4.6309741E-01
