    FDMNES
    energy     <xanes>
   7097.00  5.3188884E-03
   7097.33  5.4494244E-03
   7097.67  5.5860437E-03
   7098.00  5.7291618E-03
   7098.33  5.8801922E-03
   7098.67  6.0388507E-03
   7099.00  6.2057018E-03
   7099.33  6.3825932E-03
   7099.67  6.5692309E-03
   7100.00  6.7664015E-03
   7100.33  6.9765789E-03
   7100.67  7.1994843E-03
   7101.00  7.4362454E-03
   7101.33  7.6902703E-03
   7101.67  7.9613506E-03
   7102.00  8.2511582E-03
   7102.33  8.5645502E-03
   7102.67  8.9015092E-03
   7103.00  9.2646157E-03
   7103.33  9.6610812E-03
   7103.67  1.0091348E-02
   7104.00  1.0559599E-02
   7104.33  1.1077096E-02
   7104.67  1.1645365E-02
   7105.00  1.2271618E-02
   7105.33  1.2974592E-02
   7105.67  1.3758461E-02
   7106.00  1.4636671E-02
   7106.33  1.5643127E-02
   7106.67  1.6788934E-02
   7107.00  1.8101983E-02
   7107.33  1.9651111E-02
   7107.67  2.1468041E-02
   7108.00  2.3620184E-02
   7108.33  2.6273307E-02
   7108.67  2.9534557E-02
   7109.00  3.3611224E-02
   7109.33  3.9031908E-02
   7109.67  4.6295598E-02
   7110.00  5.6363885E-02
   7110.33  7.1897363E-02
   7110.67  9.5732261E-02
   7111.00  1.3057218E-01
   7111.33  1.8001843E-01
   7111.67  2.4336857E-01
   7112.00  3.0798701E-01
   7112.33  3.6197413E-01
   7112.67  4.2913914E-01
   7113.00  5.2249789E-01
   7113.33  6.1017117E-01
   7113.67  6.2931826E-01
   7114.00  5.7077751E-01
   7114.33  4.7756966E-01
   7114.67  3.9164171E-01
   7115.00  3.2630625E-01
   7115.33  2.8512811E-01
   7115.67  2.6099017E-01
   7116.00  2.4871217E-01
   7116.33  2.4026193E-01
   7116.67  2.2879010E-01
   7117.00  2.1432134E-01
   7117.33  1.9860404E-01
   7117.67  1.8325518E-01
   7118.00  1.6966179E-01
   7118.33  1.5900205E-01
   7118.67  1.5072022E-01
   7119.00  1.4423832E-01
   7119.33  1.3910414E-01
   7119.67  1.3484503E-01
   7120.00  1.3141278E-01
   7120.33  1.2901662E-01
   7120.67  1.2755466E-01
   7121.00  1.2692965E-01
   7121.33  1.2732722E-01
   7121.67  1.2883829E-01
   7122.00  1.3143356E-01
   7122.33  1.3499396E-01
   7122.67  1.3925981E-01
   7123.00  1.4424722E-01
   7123.33  1.5026659E-01
   7123.67  1.5760943E-01
   7124.00  1.6677460E-01
   7124.33  1.7872844E-01
   7124.67  1.9383272E-01
   7125.00  2.1267543E-01
   7125.33  2.3640548E-01
   7125.67  2.6465889E-01
   7126.00  2.9680844E-01
   7126.33  3.3087245E-01
   7126.67  3.6308851E-01
   7127.00  3.9072891E-01
   7127.33  4.1220530E-01
   7127.67  4.2979538E-01
   7128.00  4.4592019E-01
   7128.33  4.6401601E-01
   7128.67  4.8684591E-01
   7129.00  5.1623970E-01
   7129.33  5.5404246E-01
   7129.67  5.9871895E-01
   7130.00  6.4875464E-01
   7130.33  7.0224440E-01
   7130.67  7.5629967E-01
   7131.00  8.0884716E-01
   7131.33  8.5751432E-01
   7131.67  9.0131427E-01
   7132.00  9.3908631E-01
   7132.33  9.6812397E-01
   7132.67  9.8742089E-01
   7133.00  9.9572677E-01
   7133.33  9.9140977E-01
   7133.67  9.7684172E-01
   7134.00  9.5322601E-01
   7134.33  9.2100330E-01
   7134.67  8.8266701E-01
   7135.00  8.3977188E-01
   7135.33  7.9390787E-01
   7135.67  7.4717506E-01
   7136.00  7.0086261E-01
   7136.33  6.5641864E-01
   7136.67  6.1466446E-01
   7137.00  5.7636302E-01
   7137.33  5.4280807E-01
   7137.67  5.1408456E-01
   7138.00  4.9055308E-01
   7138.33  4.7304505E-01
   7138.67  4.6075172E-01
   7139.00  4.5334500E-01
   7139.33  4.5080165E-01
   7139.67  4.5189958E-01
   7140.00  4.5602236E-01
   7140.33  4.6276545E-01
   7140.67  4.7120567E-01
   7141.00  4.8086608E-01
   7141.33  4.9136003E-01
   7141.67  5.0218793E-01
   7142.00  5.1304693E-01
   7142.33  5.2358984E-01
   7142.67  5.3357219E-01
   7143.00  5.4277491E-01
   7143.33  5.5084233E-01
   7143.67  5.5770605E-01
   7144.00  5.6323615E-01
   7144.33  5.6716107E-01
   7144.67  5.6963988E-01
   7145.00  5.7070800E-01
   7145.33  5.7028322E-01
   7145.67  5.6866830E-01
   7146.00  5.6602643E-01
   7146.33  5.6248820E-01
   7146.67  5.5840745E-01
   7147.00  5.5400680E-01
   7147.33  5.4952654E-01
   7147.67  5.4520101E-01
   7148.00  5.4119850E-01
   7148.33  5.3774418E-01
   7148.67  5.3490775E-01
   7149.00  5.3277622E-01
   7149.33  5.3152635E-01
   7149.67  5.3111841E-01
   7150.00  5.3158466E-01
   7150.33  5.3304785E-01
   7150.67  5.3537168E-01
   7151.00  5.3851606E-01
   7151.33  5.4251961E-01
   7151.67  5.4721116E-01
   7152.00  5.5251125E-01
   7152.33  5.5837511E-01
   7152.67  5.6461741E-01
   7153.00  5.7112506E-01
   7153.33  5.7778032E-01
   7153.67  5.8443310E-01
   7154.00  5.9097065E-01
   7154.33  5.9723562E-01
   7154.67  6.0313794E-01
   7155.00  6.0858199E-01
   7155.33  6.1339995E-01
   7155.67  6.1758103E-01
   7156.00  6.2107350E-01
   7156.33  6.2374869E-01
   7156.67  6.2568331E-01
   7157.00  6.2688234E-01
   7157.33  6.2727864E-01
   7157.67  6.2699577E-01
   7158.00  6.2606887E-01
   7158.33  6.2446637E-01
   7158.67  6.2230695E-01
   7159.00  6.1962696E-01
   7159.33  6.1640655E-01
   7159.67  6.1274326E-01
   7160.00  6.0866715E-01
   7160.33  6.0416426E-01
   7160.67  5.9931703E-01
   7161.00  5.9415756E-01
   7161.33  5.8868598E-01
   7161.67  5.8296864E-01
   7162.00  5.7702960E-01
   7162.33  5.7087201E-01
   7162.67  5.6455144E-01
   7163.00  5.5809402E-01
   7163.33  5.5151378E-01
   7163.67  5.4484938E-01
   7164.00  5.3811992E-01
   7164.33  5.3133941E-01
   7164.67  5.2453137E-01
   7165.00  5.1771063E-01
   7165.33  5.1089566E-01
   7165.67  5.0410454E-01
   7166.00  4.9735422E-01
   7166.33  4.9067370E-01
   7166.67  4.8407841E-01
   7167.00  4.7758997E-01
   7167.33  4.7125240E-01
   7167.67  4.6507979E-01
   7168.00  4.5910138E-01
   7168.33  4.5337999E-01
   7168.67  4.4792044E-01
   7169.00  4.4275041E-01
   7169.33  4.3793537E-01
   7169.67  4.3345544E-01
   7170.00  4.2932552E-01
   7170.33  4.2560387E-01
   7170.67  4.2225328E-01
   7171.00  4.1927917E-01
   7171.33  4.1673948E-01
   7171.67  4.1460934E-01
   7172.00  4.1292205E-01
