    FDMNES
    energy     <xanes>
   7097.00  4.9951807E-03
   7097.33  5.1104340E-03
   7097.67  5.2308403E-03
   7098.00  5.3567444E-03
   7098.33  5.4893325E-03
   7098.67  5.6283554E-03
   7099.00  5.7742816E-03
   7099.33  5.9286567E-03
   7099.67  6.0912234E-03
   7100.00  6.2626343E-03
   7100.33  6.4449550E-03
   7100.67  6.6379420E-03
   7101.00  6.8425319E-03
   7101.33  7.0615691E-03
   7101.67  7.2948719E-03
   7102.00  7.5438342E-03
   7102.33  7.8125154E-03
   7102.67  8.1009034E-03
   7103.00  8.4111636E-03
   7103.33  8.7493485E-03
   7103.67  9.1158597E-03
   7104.00  9.5142445E-03
   7104.33  9.9540343E-03
   7104.67  1.0436625E-02
   7105.00  1.0968231E-02
   7105.33  1.1564956E-02
   7105.67  1.2230682E-02
   7106.00  1.2977299E-02
   7106.33  1.3834686E-02
   7106.67  1.4813520E-02
   7107.00  1.5939458E-02
   7107.33  1.7275779E-02
   7107.67  1.8854594E-02
   7108.00  2.0741997E-02
   7108.33  2.3101567E-02
   7108.67  2.6051187E-02
   7109.00  2.9816177E-02
   7109.33  3.4984267E-02
   7109.67  4.2179518E-02
   7110.00  5.2620698E-02
   7110.33  6.9783593E-02
   7110.67  9.7456253E-02
   7111.00  1.3765574E-01
   7111.33  1.8333094E-01
   7111.67  2.2246878E-01
   7112.00  2.5199962E-01
   7112.33  2.7458657E-01
   7112.67  2.9202460E-01
   7113.00  3.0842563E-01
   7113.33  3.3454487E-01
   7113.67  3.7469824E-01
   7114.00  4.1773185E-01
   7114.33  4.2727599E-01
   7114.67  3.9476098E-01
   7115.00  3.4081267E-01
   7115.33  2.9095065E-01
   7115.67  2.5331981E-01
   7116.00  2.2720016E-01
   7116.33  2.1002881E-01
   7116.67  1.9638364E-01
   7117.00  1.8256409E-01
   7117.33  1.6611364E-01
   7117.67  1.4905165E-01
   7118.00  1.3425202E-01
   7118.33  1.2415043E-01
   7118.67  1.1830611E-01
   7119.00  1.1599255E-01
   7119.33  1.1626905E-01
   7119.67  1.1806045E-01
   7120.00  1.2147573E-01
   7120.33  1.2706807E-01
   7120.67  1.3385230E-01
   7121.00  1.3975940E-01
   7121.33  1.4234750E-01
   7121.67  1.4292566E-01
   7122.00  1.4374548E-01
   7122.33  1.4712097E-01
   7122.67  1.5351165E-01
   7123.00  1.6238192E-01
   7123.33  1.7284296E-01
   7123.67  1.8486193E-01
   7124.00  1.9923891E-01
   7124.33  2.1681733E-01
   7124.67  2.3679300E-01
   7125.00  2.5803448E-01
   7125.33  2.7882957E-01
   7125.67  2.9812488E-01
   7126.00  3.1549520E-01
   7126.33  3.3047629E-01
   7126.67  3.4405461E-01
   7127.00  3.5783392E-01
   7127.33  3.7432235E-01
   7127.67  3.9463636E-01
   7128.00  4.1882627E-01
   7128.33  4.4600777E-01
   7128.67  4.7419209E-01
   7129.00  5.0262315E-01
   7129.33  5.3204364E-01
   7129.67  5.6383887E-01
   7130.00  5.9843018E-01
   7130.33  6.3421931E-01
   7130.67  6.6776915E-01
   7131.00  6.9672526E-01
   7131.33  7.1990296E-01
   7131.67  7.3964734E-01
   7132.00  7.5818069E-01
   7132.33  7.7785995E-01
   7132.67  7.9974310E-01
   7133.00  8.2386738E-01
   7133.33  8.4928098E-01
   7133.67  8.7357142E-01
   7134.00  8.9401428E-01
   7134.33  9.0615518E-01
   7134.67  9.0807018E-01
   7135.00  8.9888576E-01
   7135.33  8.7878195E-01
   7135.67  8.5215054E-01
   7136.00  8.2195060E-01
   7136.33  7.9085104E-01
   7136.67  7.6081482E-01
   7137.00  7.3284020E-01
   7137.33  7.0790796E-01
   7137.67  6.8591528E-01
   7138.00  6.6684856E-01
   7138.33  6.5090491E-01
   7138.67  6.3754095E-01
   7139.00  6.2660122E-01
   7139.33  6.1822273E-01
   7139.67  6.1199484E-01
   7140.00  6.0779582E-01
   7140.33  6.0564625E-01
   7140.67  6.0499996E-01
   7141.00  6.0548239E-01
   7141.33  6.0663526E-01
   7141.67  6.0781012E-01
   7142.00  6.0855562E-01
   7142.33  6.0837992E-01
   7142.67  6.0719129E-01
   7143.00  6.0497247E-01
   7143.33  6.0170097E-01
   7143.67  5.9763316E-01
   7144.00  5.9287683E-01
   7144.33  5.8744985E-01
   7144.67  5.8149780E-01
   7145.00  5.7508692E-01
   7145.33  5.6827667E-01
   7145.67  5.6124712E-01
   7146.00  5.5412769E-01
   7146.33  5.4706456E-01
   7146.67  5.4016070E-01
   7147.00  5.3347583E-01
   7147.33  5.2706857E-01
   7147.67  5.2090338E-01
   7148.00  5.1496650E-01
   7148.33  5.0927505E-01
   7148.67  5.0381183E-01
   7149.00  4.9860052E-01
   7149.33  4.9371334E-01
   7149.67  4.8916572E-01
   7150.00  4.8501222E-01
   7150.33  4.8137392E-01
   7150.67  4.7824897E-01
   7151.00  4.7567396E-01
   7151.33  4.7374886E-01
   7151.67  4.7241381E-01
   7152.00  4.7166872E-01
   7152.33  4.7157597E-01
   7152.67  4.7204370E-01
   7153.00  4.7304780E-01
   7153.33  4.7461265E-01
   7153.67  4.7662463E-01
   7154.00  4.7902618E-01
   7154.33  4.8177040E-01
   7154.67  4.8471587E-01
   7155.00  4.8776239E-01
   7155.33  4.9078316E-01
   7155.67  4.9365730E-01
   7156.00  4.9628552E-01
   7156.33  4.9852392E-01
   7156.67  5.0033634E-01
   7157.00  5.0167397E-01
   7157.33  5.0244003E-01
   7157.67  5.0268993E-01
   7158.00  5.0243623E-01
   7158.33  5.0165622E-01
   7158.67  5.0046182E-01
   7159.00  4.9890713E-01
   7159.33  4.9702517E-01
   7159.67  4.9492633E-01
   7160.00  4.9267655E-01
   7160.33  4.9034295E-01
   7160.67  4.8800728E-01
   7161.00  4.8572759E-01
   7161.33  4.8358217E-01
   7161.67  4.8161465E-01
   7162.00  4.7986924E-01
   7162.33  4.7841596E-01
   7162.67  4.7724056E-01
   7163.00  4.7635232E-01
   7163.33  4.7579331E-01
   7163.67  4.7551783E-01
   7164.00  4.7550594E-01
   7164.33  4.7575079E-01
   7164.67  4.7617760E-01
   7165.00  4.7674109E-01
   7165.33  4.7739598E-01
   7165.67  4.7807685E-01
   7166.00  4.7873887E-01
   7166.33  4.7932658E-01
   7166.67  4.7980680E-01
   7167.00  4.8015210E-01
   7167.33  4.8032512E-01
   7167.67  4.8033057E-01
   7168.00  4.8015928E-01
   7168.33  4.7978751E-01
   7168.67  4.7924406E-01
   7169.00  4.7854051E-01
   7169.33  4.7767996E-01
   7169.67  4.7670709E-01
   7170.00  4.7564927E-01
   7170.33  4.7453552E-01
   7170.67  4.7341064E-01
   7171.00  4.7231051E-01
   7171.33  4.7129023E-01
   7171.67  4.7039613E-01
   7172.00  4.6968217E-01
