    FDMNES
    energy     <xanes>
   7097.00  4.2350812E-03
   7097.33  4.3148673E-03
   7097.67  4.3975797E-03
   7098.00  4.4833916E-03
   7098.33  4.5729396E-03
   7098.67  4.6660543E-03
   7099.00  4.7629687E-03
   7099.33  4.8644965E-03
   7099.67  4.9704632E-03
   7100.00  5.0811924E-03
   7100.33  5.1977561E-03
   7100.67  5.3199875E-03
   7101.00  5.4483539E-03
   7101.33  5.5843201E-03
   7101.67  5.7277581E-03
   7102.00  5.8793739E-03
   7102.33  6.0412622E-03
   7102.67  6.2134046E-03
   7103.00  6.3969282E-03
   7103.33  6.5950048E-03
   7103.67  6.8078918E-03
   7104.00  7.0375163E-03
   7104.33  7.2890376E-03
   7104.67  7.5634090E-03
   7105.00  7.8642154E-03
   7105.33  8.2006574E-03
   7105.67  8.5755355E-03
   7106.00  8.9962844E-03
   7106.33  9.4814010E-03
   7106.67  1.0039122E-02
   7107.00  1.0687259E-02
   7107.33  1.1469551E-02
   7107.67  1.2413056E-02
   7108.00  1.3570019E-02
   7108.33  1.5070865E-02
   7108.67  1.7026593E-02
   7109.00  1.9644808E-02
   7109.33  2.3480709E-02
   7109.67  2.9200759E-02
   7110.00  3.8117078E-02
   7110.33  5.4069632E-02
   7110.67  8.1456465E-02
   7111.00  1.2218078E-01
   7111.33  1.6248085E-01
   7111.67  1.6986890E-01
   7112.00  1.3561037E-01
   7112.33  9.7387679E-02
   7112.67  7.1738524E-02
   7113.00  5.6146670E-02
   7113.33  4.7850865E-02
   7113.67  4.4011967E-02
   7114.00  4.2788556E-02
   7114.33  4.0116030E-02
   7114.67  3.5630130E-02
   7115.00  3.1937792E-02
   7115.33  2.9956339E-02
   7115.67  2.9005894E-02
   7116.00  2.8759572E-02
   7116.33  2.9101850E-02
   7116.67  2.9904576E-02
   7117.00  3.1172111E-02
   7117.33  3.3027668E-02
   7117.67  3.5508217E-02
   7118.00  3.8734249E-02
   7118.33  4.2983726E-02
   7118.67  4.8320704E-02
   7119.00  5.4974073E-02
   7119.33  6.3459174E-02
   7119.67  7.3447305E-02
   7120.00  8.4115867E-02
   7120.33  9.4017917E-02
   7120.67  1.0315080E-01
   7121.00  1.1335105E-01
   7121.33  1.2815145E-01
   7121.67  1.4940652E-01
   7122.00  1.7827814E-01
   7122.33  2.1575522E-01
   7122.67  2.5822850E-01
   7123.00  3.0056677E-01
   7123.33  3.3649011E-01
   7123.67  3.6523664E-01
   7124.00  3.8654984E-01
   7124.33  3.9889148E-01
   7124.67  4.0488105E-01
   7125.00  4.0937877E-01
   7125.33  4.2114956E-01
   7125.67  4.4401042E-01
   7126.00  4.7716060E-01
   7126.33  5.1778407E-01
   7126.67  5.6330183E-01
   7127.00  6.1464849E-01
   7127.33  6.7384360E-01
   7127.67  7.3835432E-01
   7128.00  8.0300579E-01
   7128.33  8.5803558E-01
   7128.67  8.9741960E-01
   7129.00  9.1827059E-01
   7129.33  9.1855040E-01
   7129.67  9.0427480E-01
   7130.00  8.8034040E-01
   7130.33  8.5168519E-01
   7130.67  8.2311743E-01
   7131.00  7.9800225E-01
   7131.33  7.8055717E-01
   7131.67  7.7059382E-01
   7132.00  7.6606359E-01
   7132.33  7.6434268E-01
   7132.67  7.6404875E-01
   7133.00  7.6574178E-01
   7133.33  7.7072033E-01
   7133.67  7.7824997E-01
   7134.00  7.8617194E-01
   7134.33  7.9013362E-01
   7134.67  7.8746960E-01
   7135.00  7.7753972E-01
   7135.33  7.6107443E-01
   7135.67  7.4151811E-01
   7136.00  7.2132199E-01
   7136.33  7.0287678E-01
   7136.67  6.8711953E-01
   7137.00  6.7423252E-01
   7137.33  6.6409668E-01
   7137.67  6.5572729E-01
   7138.00  6.4868250E-01
   7138.33  6.4282855E-01
   7138.67  6.3787357E-01
   7139.00  6.3365710E-01
   7139.33  6.3000069E-01
   7139.67  6.2655454E-01
   7140.00  6.2304459E-01
   7140.33  6.1909757E-01
   7140.67  6.1446708E-01
   7141.00  6.0893765E-01
   7141.33  6.0216295E-01
   7141.67  5.9413329E-01
   7142.00  5.8479723E-01
   7142.33  5.7404913E-01
   7142.67  5.6219976E-01
   7143.00  5.4943180E-01
   7143.33  5.3591479E-01
   7143.67  5.2203464E-01
   7144.00  5.0808435E-01
   7144.33  4.9441776E-01
   7144.67  4.8123958E-01
   7145.00  4.6866810E-01
   7145.33  4.5684086E-01
   7145.67  4.4568159E-01
   7146.00  4.3519581E-01
   7146.33  4.2550809E-01
   7146.67  4.1659003E-01
   7147.00  4.0848850E-01
   7147.33  4.0132361E-01
   7147.67  3.9494887E-01
   7148.00  3.8928754E-01
   7148.33  3.8430170E-01
   7148.67  3.7980839E-01
   7149.00  3.7573304E-01
   7149.33  3.7205330E-01
   7149.67  3.6869801E-01
   7150.00  3.6568287E-01
   7150.33  3.6310789E-01
   7150.67  3.6097329E-01
   7151.00  3.5927957E-01
   7151.33  3.5798452E-01
   7151.67  3.5686122E-01
   7152.00  3.5570718E-01
   7152.33  3.5426611E-01
   7152.67  3.5242942E-01
   7153.00  3.5017505E-01
   7153.33  3.4752929E-01
   7153.67  3.4465815E-01
   7154.00  3.4166549E-01
   7154.33  3.3862768E-01
   7154.67  3.3557949E-01
   7155.00  3.3251640E-01
   7155.33  3.2941269E-01
   7155.67  3.2624711E-01
   7156.00  3.2299846E-01
   7156.33  3.1963413E-01
   7156.67  3.1615773E-01
   7157.00  3.1257106E-01
   7157.33  3.0886974E-01
   7157.67  3.0507992E-01
   7158.00  3.0122550E-01
   7158.33  2.9736295E-01
   7158.67  2.9359441E-01
   7159.00  2.9004578E-01
   7159.33  2.8695329E-01
   7159.67  2.8447616E-01
   7160.00  2.8279763E-01
   7160.33  2.8224342E-01
   7160.67  2.8286608E-01
   7161.00  2.8479632E-01
   7161.33  2.8833848E-01
   7161.67  2.9340880E-01
   7162.00  3.0006415E-01
   7162.33  3.0853449E-01
   7162.67  3.1859424E-01
   7163.00  3.3017585E-01
   7163.33  3.4331039E-01
   7163.67  3.5760574E-01
   7164.00  3.7281302E-01
   7164.33  3.8864642E-01
   7164.67  4.0461819E-01
   7165.00  4.2033517E-01
   7165.33  4.3524144E-01
   7165.67  4.4899453E-01
   7166.00  4.6128490E-01
   7166.33  4.7165048E-01
   7166.67  4.8020650E-01
   7167.00  4.8699657E-01
   7167.33  4.9201446E-01
   7167.67  4.9576666E-01
   7168.00  4.9857939E-01
   7168.33  5.0079256E-01
   7168.67  5.0286277E-01
   7169.00  5.0508084E-01
   7169.33  5.0776089E-01
   7169.67  5.1101731E-01
   7170.00  5.1491006E-01
   7170.33  5.1949174E-01
   7170.67  5.2456688E-01
   7171.00  5.2996196E-01
   7171.33  5.3538956E-01
   7171.67  5.4043096E-01
   7172.00  5.4463169E-01
