    FDMNES
    energy     <xanes>
   7097.00  5.0540134E-03
   7097.33  5.1761572E-03
   7097.67  5.3039049E-03
   7098.00  5.4376346E-03
   7098.33  5.5786402E-03
   7098.67  5.7266533E-03
   7099.00  5.8821859E-03
   7099.33  6.0469237E-03
   7099.67  6.2205871E-03
   7100.00  6.4038870E-03
   7100.33  6.5990720E-03
   7100.67  6.8058728E-03
   7101.00  7.0253039E-03
   7101.33  7.2604503E-03
   7101.67  7.5110998E-03
   7102.00  7.7787496E-03
   7102.33  8.0677753E-03
   7102.67  8.3781249E-03
   7103.00  8.7120978E-03
   7103.33  9.0761537E-03
   7103.67  9.4706320E-03
   7104.00  9.8992381E-03
   7104.33  1.0371994E-02
   7104.67  1.0890167E-02
   7105.00  1.1460101E-02
   7105.33  1.2098356E-02
   7105.67  1.2808460E-02
   7106.00  1.3602166E-02
   7106.33  1.4509210E-02
   7106.67  1.5539063E-02
   7107.00  1.6715958E-02
   7107.33  1.8099870E-02
   7107.67  1.9718053E-02
   7108.00  2.1628981E-02
   7108.33  2.3976865E-02
   7108.67  2.6855137E-02
   7109.00  3.0445589E-02
   7109.33  3.5214889E-02
   7109.67  4.1613874E-02
   7110.00  5.0519883E-02
   7110.33  6.4405742E-02
   7110.67  8.6065615E-02
   7111.00  1.1784854E-01
   7111.33  1.5557263E-01
   7111.67  1.9156134E-01
   7112.00  2.2920587E-01
   7112.33  2.7875739E-01
   7112.67  3.4766358E-01
   7113.00  4.2818585E-01
   7113.33  5.0979769E-01
   7113.67  5.8739157E-01
   7114.00  6.4588544E-01
   7114.33  6.3034308E-01
   7114.67  5.3366067E-01
   7115.00  4.0842678E-01
   7115.33  3.1062125E-01
   7115.67  2.4424818E-01
   7116.00  2.0180821E-01
   7116.33  1.7720031E-01
   7116.67  1.6312884E-01
   7117.00  1.5596071E-01
   7117.33  1.5193457E-01
   7117.67  1.4754145E-01
   7118.00  1.4167269E-01
   7118.33  1.3521121E-01
   7118.67  1.2955737E-01
   7119.00  1.2510537E-01
   7119.33  1.2188183E-01
   7119.67  1.1972285E-01
   7120.00  1.1888279E-01
   7120.33  1.1937477E-01
   7120.67  1.2053305E-01
   7121.00  1.2227767E-01
   7121.33  1.2480268E-01
   7121.67  1.2832983E-01
   7122.00  1.3343604E-01
   7122.33  1.4094300E-01
   7122.67  1.5070394E-01
   7123.00  1.6219570E-01
   7123.33  1.7420105E-01
   7123.67  1.8588152E-01
   7124.00  1.9753539E-01
   7124.33  2.0981131E-01
   7124.67  2.2262549E-01
   7125.00  2.3549798E-01
   7125.33  2.4765021E-01
   7125.67  2.5868175E-01
   7126.00  2.6838106E-01
   7126.33  2.7629890E-01
   7126.67  2.8236474E-01
   7127.00  2.8671611E-01
   7127.33  2.9016654E-01
   7127.67  2.9423879E-01
   7128.00  3.0031205E-01
   7128.33  3.1052130E-01
   7128.67  3.2596189E-01
   7129.00  3.4768781E-01
   7129.33  3.7739995E-01
   7129.67  4.1436304E-01
   7130.00  4.5797158E-01
   7130.33  5.0765796E-01
   7130.67  5.6197998E-01
   7131.00  6.2109147E-01
   7131.33  6.8536903E-01
   7131.67  7.5134923E-01
   7132.00  8.1419317E-01
   7132.33  8.6804876E-01
   7132.67  9.1372061E-01
   7133.00  9.5352139E-01
   7133.33  9.8746277E-01
   7133.67  1.0132809E+00
   7134.00  1.0273641E+00
   7134.33  1.0248915E+00
   7134.67  1.0074347E+00
   7135.00  9.7671836E-01
   7135.33  9.3486056E-01
   7135.67  8.8705136E-01
   7136.00  8.3646328E-01
   7136.33  7.8622025E-01
   7136.67  7.3875515E-01
   7137.00  6.9567863E-01
   7137.33  6.5887474E-01
   7137.67  6.2812388E-01
   7138.00  6.0340007E-01
   7138.33  5.8505653E-01
   7138.67  5.7181246E-01
   7139.00  5.6305740E-01
   7139.33  5.5842108E-01
   7139.67  5.5654928E-01
   7140.00  5.5670849E-01
   7140.33  5.5838965E-01
   7140.67  5.6103744E-01
   7141.00  5.6455241E-01
   7141.33  5.6907467E-01
   7141.67  5.7448457E-01
   7142.00  5.8062619E-01
   7142.33  5.8714830E-01
   7142.67  5.9346621E-01
   7143.00  5.9911275E-01
   7143.33  6.0355366E-01
   7143.67  6.0676587E-01
   7144.00  6.0881100E-01
   7144.33  6.0980368E-01
   7144.67  6.1016597E-01
   7145.00  6.1015256E-01
   7145.33  6.0999115E-01
   7145.67  6.0986936E-01
   7146.00  6.0987296E-01
   7146.33  6.1005295E-01
   7146.67  6.1036641E-01
   7147.00  6.1076568E-01
   7147.33  6.1117347E-01
   7147.67  6.1149638E-01
   7148.00  6.1165299E-01
   7148.33  6.1152395E-01
   7148.67  6.1106957E-01
   7149.00  6.1024767E-01
   7149.33  6.0897663E-01
   7149.67  6.0728363E-01
   7150.00  6.0515691E-01
   7150.33  6.0253834E-01
   7150.67  5.9948957E-01
   7151.00  5.9602575E-01
   7151.33  5.9212625E-01
   7151.67  5.8787607E-01
   7152.00  5.8331745E-01
   7152.33  5.7848338E-01
   7152.67  5.7348253E-01
   7153.00  5.6839174E-01
   7153.33  5.6330903E-01
   7153.67  5.5833506E-01
   7154.00  5.5355836E-01
   7154.33  5.4911427E-01
   7154.67  5.4505231E-01
   7155.00  5.4143449E-01
   7155.33  5.3837962E-01
   7155.67  5.3586273E-01
   7156.00  5.3389967E-01
   7156.33  5.3255754E-01
   7156.67  5.3174239E-01
   7157.00  5.3141287E-01
   7157.33  5.3154728E-01
   7157.67  5.3199439E-01
   7158.00  5.3264978E-01
   7158.33  5.3338301E-01
   7158.67  5.3403432E-01
   7159.00  5.3447032E-01
   7159.33  5.3449342E-01
   7159.67  5.3401111E-01
   7160.00  5.3292295E-01
   7160.33  5.3105568E-01
   7160.67  5.2845011E-01
   7161.00  5.2510229E-01
   7161.33  5.2095602E-01
   7161.67  5.1617665E-01
   7162.00  5.1086565E-01
   7162.33  5.0511642E-01
   7162.67  4.9912272E-01
   7163.00  4.9299853E-01
   7163.33  4.8685613E-01
   7163.67  4.8078523E-01
   7164.00  4.7483624E-01
   7164.33  4.6905775E-01
   7164.67  4.6343314E-01
   7165.00  4.5794691E-01
   7165.33  4.5258240E-01
   7165.67  4.4729443E-01
   7166.00  4.4206171E-01
   7166.33  4.3687743E-01
   7166.67  4.3174122E-01
   7167.00  4.2667011E-01
   7167.33  4.2170680E-01
   7167.67  4.1687759E-01
   7168.00  4.1221798E-01
   7168.33  4.0779741E-01
   7168.67  4.0363183E-01
   7169.00  3.9974842E-01
   7169.33  3.9620455E-01
   7169.67  3.9297421E-01
   7170.00  3.9006275E-01
   7170.33  3.8751214E-01
   7170.67  3.8528117E-01
   7171.00  3.8336699E-01
   7171.33  3.8180198E-01
   7171.67  3.8053717E-01
   7172.00  3.7955700E-01
