    FDMNES
    energy     <xanes>
   7097.00  5.2379871E-03
   7097.33  5.3731363E-03
   7097.67  5.5149009E-03
   7098.00  5.6637585E-03
   7098.33  5.8212902E-03
   7098.67  5.9872244E-03
   7099.00  6.1622219E-03
   7099.33  6.3483866E-03
   7099.67  6.5454538E-03
   7100.00  6.7543655E-03
   7100.33  6.9779991E-03
   7100.67  7.2161404E-03
   7101.00  7.4701759E-03
   7101.33  7.7441742E-03
   7101.67  8.0380644E-03
   7102.00  8.3539693E-03
   7102.33  8.6978743E-03
   7102.67  9.0700585E-03
   7103.00  9.4739280E-03
   7103.33  9.9187244E-03
   7103.67  1.0405550E-02
   7104.00  1.0940194E-02
   7104.33  1.1537812E-02
   7104.67  1.2201475E-02
   7105.00  1.2941769E-02
   7105.33  1.3785531E-02
   7105.67  1.4740832E-02
   7106.00  1.5828945E-02
   7106.33  1.7102482E-02
   7106.67  1.8583545E-02
   7107.00  2.0320732E-02
   7107.33  2.2432840E-02
   7107.67  2.4987954E-02
   7108.00  2.8119636E-02
   7108.33  3.2158475E-02
   7108.67  3.7364838E-02
   7109.00  4.4227421E-02
   7109.33  5.4031827E-02
   7109.67  6.8224166E-02
   7110.00  8.9633219E-02
   7110.33  1.2650883E-01
   7110.67  1.8898189E-01
   7111.00  2.8404975E-01
   7111.33  3.7781081E-01
   7111.67  4.2397246E-01
   7112.00  4.3829484E-01
   7112.33  4.6498070E-01
   7112.67  5.0916196E-01
   7113.00  5.2765333E-01
   7113.33  4.6346879E-01
   7113.67  3.6465226E-01
   7114.00  2.8095531E-01
   7114.33  2.3407667E-01
   7114.67  2.1203857E-01
   7115.00  1.9665213E-01
   7115.33  1.6895943E-01
   7115.67  1.3830813E-01
   7116.00  1.1378621E-01
   7116.33  9.6356409E-02
   7116.67  8.3760606E-02
   7117.00  7.5757466E-02
   7117.33  7.1989303E-02
   7117.67  7.1299001E-02
   7118.00  7.3568915E-02
   7118.33  7.9415774E-02
   7118.67  8.8491184E-02
   7119.00  9.9913455E-02
   7119.33  1.1127489E-01
   7119.67  1.2022178E-01
   7120.00  1.2584861E-01
   7120.33  1.2829090E-01
   7120.67  1.2943531E-01
   7121.00  1.3098192E-01
   7121.33  1.3585779E-01
   7121.67  1.4607634E-01
   7122.00  1.6326284E-01
   7122.33  1.8992833E-01
   7122.67  2.2466993E-01
   7123.00  2.6419648E-01
   7123.33  3.0520705E-01
   7123.67  3.5220332E-01
   7124.00  4.1190699E-01
   7124.33  4.8758559E-01
   7124.67  5.6954328E-01
   7125.00  6.4563753E-01
   7125.33  7.0148875E-01
   7125.67  7.3646584E-01
   7126.00  7.5368824E-01
   7126.33  7.5480111E-01
   7126.67  7.4394574E-01
   7127.00  7.2477754E-01
   7127.33  7.0231023E-01
   7127.67  6.7994702E-01
   7128.00  6.5824871E-01
   7128.33  6.3762727E-01
   7128.67  6.1861911E-01
   7129.00  6.0170571E-01
   7129.33  5.8730159E-01
   7129.67  5.7513095E-01
   7130.00  5.6548588E-01
   7130.33  5.5930863E-01
   7130.67  5.5642322E-01
   7131.00  5.5648686E-01
   7131.33  5.5891632E-01
   7131.67  5.6245932E-01
   7132.00  5.6632156E-01
   7132.33  5.6935570E-01
   7132.67  5.7011467E-01
   7133.00  5.6741301E-01
   7133.33  5.6134487E-01
   7133.67  5.5515612E-01
   7134.00  5.5183931E-01
   7134.33  5.5389070E-01
   7134.67  5.6005769E-01
   7135.00  5.6871358E-01
   7135.33  5.7876265E-01
   7135.67  5.8982043E-01
   7136.00  6.0198500E-01
   7136.33  6.1549527E-01
   7136.67  6.3028085E-01
   7137.00  6.4642122E-01
   7137.33  6.6395740E-01
   7137.67  6.8192025E-01
   7138.00  6.9872755E-01
   7138.33  7.1125697E-01
   7138.67  7.1762007E-01
   7139.00  7.1707021E-01
   7139.33  7.0978854E-01
   7139.67  6.9851527E-01
   7140.00  6.8493543E-01
   7140.33  6.7031660E-01
   7140.67  6.5551937E-01
   7141.00  6.4090571E-01
   7141.33  6.2694282E-01
   7141.67  6.1382505E-01
   7142.00  6.0168745E-01
   7142.33  5.9084399E-01
   7142.67  5.8131881E-01
   7143.00  5.7321814E-01
   7143.33  5.6678542E-01
   7143.67  5.6182475E-01
   7144.00  5.5828175E-01
   7144.33  5.5621626E-01
   7144.67  5.5532568E-01
   7145.00  5.5546985E-01
   7145.33  5.5657382E-01
   7145.67  5.5833966E-01
   7146.00  5.6060391E-01
   7146.33  5.6322624E-01
   7146.67  5.6600664E-01
   7147.00  5.6882853E-01
   7147.33  5.7157261E-01
   7147.67  5.7415683E-01
   7148.00  5.7650743E-01
   7148.33  5.7848352E-01
   7148.67  5.8000501E-01
   7149.00  5.8095422E-01
   7149.33  5.8110245E-01
   7149.67  5.8040660E-01
   7150.00  5.7877270E-01
   7150.33  5.7600531E-01
   7150.67  5.7221121E-01
   7151.00  5.6741967E-01
   7151.33  5.6160101E-01
   7151.67  5.5499935E-01
   7152.00  5.4775370E-01
   7152.33  5.3998606E-01
   7152.67  5.3193937E-01
   7153.00  5.2376419E-01
   7153.33  5.1561529E-01
   7153.67  5.0760825E-01
   7154.00  4.9981077E-01
   7154.33  4.9226860E-01
   7154.67  4.8489966E-01
   7155.00  4.7760336E-01
   7155.33  4.7019201E-01
   7155.67  4.6246344E-01
   7156.00  4.5423057E-01
   7156.33  4.4523124E-01
   7156.67  4.3546322E-01
   7157.00  4.2494639E-01
   7157.33  4.1373801E-01
   7157.67  4.0214212E-01
   7158.00  3.9039304E-01
   7158.33  3.7877716E-01
   7158.67  3.6751093E-01
   7159.00  3.5674291E-01
   7159.33  3.4665886E-01
   7159.67  3.3723381E-01
   7160.00  3.2847735E-01
   7160.33  3.2045940E-01
   7160.67  3.1307541E-01
   7161.00  3.0630535E-01
   7161.33  3.0020973E-01
   7161.67  2.9471266E-01
   7162.00  2.8982045E-01
   7162.33  2.8562060E-01
   7162.67  2.8204606E-01
   7163.00  2.7909954E-01
   7163.33  2.7684778E-01
   7163.67  2.7518978E-01
   7164.00  2.7409730E-01
   7164.33  2.7359386E-01
   7164.67  2.7356340E-01
   7165.00  2.7395933E-01
   7165.33  2.7477647E-01
   7165.67  2.7592450E-01
   7166.00  2.7737648E-01
   7166.33  2.7915137E-01
   7166.67  2.8121160E-01
   7167.00  2.8356533E-01
   7167.33  2.8626679E-01
   7167.67  2.8929297E-01
   7168.00  2.9265277E-01
   7168.33  2.9639005E-01
   7168.67  3.0045389E-01
   7169.00  3.0482728E-01
   7169.33  3.0951509E-01
   7169.67  3.1444182E-01
   7170.00  3.1956422E-01
   7170.33  3.2483771E-01
   7170.67  3.3016687E-01
   7171.00  3.3546016E-01
   7171.33  3.4053063E-01
   7171.67  3.4512683E-01
   7172.00  3.4889865E-01
