    FDMNES
    energy     <xanes>
   7097.00  4.7927417E-03
   7097.33  4.9006149E-03
   7097.67  5.0131680E-03
   7098.00  5.1307103E-03
   7098.33  5.2543132E-03
   7098.67  5.3837467E-03
   7099.00  5.5194324E-03
   7099.33  5.6627671E-03
   7099.67  5.8135168E-03
   7100.00  5.9722726E-03
   7100.33  6.1409074E-03
   7100.67  6.3192067E-03
   7101.00  6.5080279E-03
   7101.33  6.7099682E-03
   7101.67  6.9248861E-03
   7102.00  7.1540777E-03
   7102.33  7.4012951E-03
   7102.67  7.6665913E-03
   7103.00  7.9520265E-03
   7103.33  8.2633055E-03
   7103.67  8.6009606E-03
   7104.00  8.9684776E-03
   7104.33  9.3751133E-03
   7104.67  9.8225875E-03
   7105.00  1.0317289E-02
   7105.33  1.0875570E-02
   7105.67  1.1502270E-02
   7106.00  1.2210403E-02
   7106.33  1.3032359E-02
   7106.67  1.3982111E-02
   7107.00  1.5090320E-02
   7107.33  1.6432398E-02
   7107.67  1.8054093E-02
   7108.00  2.0044630E-02
   7108.33  2.2627610E-02
   7108.67  2.5993870E-02
   7109.00  3.0503658E-02
   7109.33  3.7131267E-02
   7109.67  4.7079456E-02
   7110.00  6.2739079E-02
   7110.33  9.1008222E-02
   7110.67  1.3772829E-01
   7111.00  1.9537529E-01
   7111.33  2.2240499E-01
   7111.67  2.1639837E-01
   7112.00  1.9849238E-01
   7112.33  1.8424760E-01
   7112.67  1.7613758E-01
   7113.00  1.7247367E-01
   7113.33  1.7255335E-01
   7113.67  1.7799120E-01
   7114.00  1.9032607E-01
   7114.33  2.0529361E-01
   7114.67  2.1136080E-01
   7115.00  2.0420528E-01
   7115.33  1.9011753E-01
   7115.67  1.7789452E-01
   7116.00  1.7017233E-01
   7116.33  1.6767768E-01
   7116.67  1.6885043E-01
   7117.00  1.7254411E-01
   7117.33  1.7748509E-01
   7117.67  1.8214231E-01
   7118.00  1.8538901E-01
   7118.33  1.8638330E-01
   7118.67  1.8609438E-01
   7119.00  1.8574733E-01
   7119.33  1.8674510E-01
   7119.67  1.8964630E-01
   7120.00  1.9468286E-01
   7120.33  2.0219999E-01
   7120.67  2.1200955E-01
   7121.00  2.2422139E-01
   7121.33  2.3908021E-01
   7121.67  2.5589812E-01
   7122.00  2.7407823E-01
   7122.33  2.9278314E-01
   7122.67  3.1101979E-01
   7123.00  3.2815572E-01
   7123.33  3.4369348E-01
   7123.67  3.5798706E-01
   7124.00  3.7147968E-01
   7124.33  3.8481352E-01
   7124.67  3.9862908E-01
   7125.00  4.1335582E-01
   7125.33  4.2944213E-01
   7125.67  4.4666367E-01
   7126.00  4.6453886E-01
   7126.33  4.8182561E-01
   7126.67  4.9700774E-01
   7127.00  5.0903138E-01
   7127.33  5.1717146E-01
   7127.67  5.2262738E-01
   7128.00  5.2656704E-01
   7128.33  5.3028502E-01
   7128.67  5.3468344E-01
   7129.00  5.4010630E-01
   7129.33  5.4672362E-01
   7129.67  5.5420135E-01
   7130.00  5.6228477E-01
   7130.33  5.7072284E-01
   7130.67  5.7925885E-01
   7131.00  5.8778366E-01
   7131.33  5.9623521E-01
   7131.67  6.0460620E-01
   7132.00  6.1288095E-01
   7132.33  6.2098864E-01
   7132.67  6.2883517E-01
   7133.00  6.3626556E-01
   7133.33  6.4295380E-01
   7133.67  6.4869341E-01
   7134.00  6.5323178E-01
   7134.33  6.5614134E-01
   7134.67  6.5746045E-01
   7135.00  6.5717289E-01
   7135.33  6.5518475E-01
   7135.67  6.5186031E-01
   7136.00  6.4737698E-01
   7136.33  6.4183684E-01
   7136.67  6.3561266E-01
   7137.00  6.2898901E-01
   7137.33  6.2241513E-01
   7137.67  6.1643910E-01
   7138.00  6.1156902E-01
   7138.33  6.0853082E-01
   7138.67  6.0745474E-01
   7139.00  6.0841776E-01
   7139.33  6.1149497E-01
   7139.67  6.1608137E-01
   7140.00  6.2176098E-01
   7140.33  6.2808921E-01
   7140.67  6.3450951E-01
   7141.00  6.4065671E-01
   7141.33  6.4608371E-01
   7141.67  6.5055765E-01
   7142.00  6.5385199E-01
   7142.33  6.5558771E-01
   7142.67  6.5580976E-01
   7143.00  6.5447998E-01
   7143.33  6.5145245E-01
   7143.67  6.4704513E-01
   7144.00  6.4142532E-01
   7144.33  6.3471161E-01
   7144.67  6.2729155E-01
   7145.00  6.1939670E-01
   7145.33  6.1125468E-01
   7145.67  6.0311820E-01
   7146.00  5.9514983E-01
   7146.33  5.8754040E-01
   7146.67  5.8036241E-01
   7147.00  5.7368087E-01
   7147.33  5.6760414E-01
   7147.67  5.6207277E-01
   7148.00  5.5706853E-01
   7148.33  5.5261843E-01
   7148.67  5.4862470E-01
   7149.00  5.4505678E-01
   7149.33  5.4192848E-01
   7149.67  5.3915804E-01
   7150.00  5.3672026E-01
   7150.33  5.3462963E-01
   7150.67  5.3283099E-01
   7151.00  5.3131706E-01
   7151.33  5.3012411E-01
   7151.67  5.2922691E-01
   7152.00  5.2864091E-01
   7152.33  5.2843076E-01
   7152.67  5.2857865E-01
   7153.00  5.2910100E-01
   7153.33  5.3005237E-01
   7153.67  5.3137173E-01
   7154.00  5.3302697E-01
   7154.33  5.3498716E-01
   7154.67  5.3712449E-01
   7155.00  5.3933883E-01
   7155.33  5.4149205E-01
   7155.67  5.4345409E-01
   7156.00  5.4511082E-01
   7156.33  5.4628574E-01
   7156.67  5.4692759E-01
   7157.00  5.4696758E-01
   7157.33  5.4627172E-01
   7157.67  5.4490117E-01
   7158.00  5.4286255E-01
   7158.33  5.4010321E-01
   7158.67  5.3674769E-01
   7159.00  5.3284609E-01
   7159.33  5.2840711E-01
   7159.67  5.2356573E-01
   7160.00  5.1838950E-01
   7160.33  5.1292536E-01
   7160.67  5.0728219E-01
   7161.00  5.0152346E-01
   7161.33  4.9571389E-01
   7161.67  4.8992467E-01
   7162.00  4.8420806E-01
   7162.33  4.7863556E-01
   7162.67  4.7323912E-01
   7163.00  4.6805399E-01
   7163.33  4.6314545E-01
   7163.67  4.5850936E-01
   7164.00  4.5416150E-01
   7164.33  4.5014985E-01
   7164.67  4.4643996E-01
   7165.00  4.4302757E-01
   7165.33  4.3993463E-01
   7165.67  4.3710582E-01
   7166.00  4.3452369E-01
   7166.33  4.3219996E-01
   7166.67  4.3008304E-01
   7167.00  4.2814890E-01
   7167.33  4.2639110E-01
   7167.67  4.2476877E-01
   7168.00  4.2326784E-01
   7168.33  4.2189003E-01
   7168.67  4.2061449E-01
   7169.00  4.1943914E-01
   7169.33  4.1837829E-01
   7169.67  4.1742405E-01
   7170.00  4.1658173E-01
   7170.33  4.1587201E-01
   7170.67  4.1528484E-01
   7171.00  4.1482160E-01
   7171.33  4.1449192E-01
   7171.67  4.1426195E-01
   7172.00  4.1409922E-01
