    FDMNES
    energy     <xanes>
   7097.00  5.1628634E-03
   7097.33  5.2882626E-03
   7097.67  5.4194790E-03
   7098.00  5.5569100E-03
   7098.33  5.7019074E-03
   7098.67  5.8541998E-03
   7099.00  6.0143278E-03
   7099.33  6.1840595E-03
   7099.67  6.3631152E-03
   7100.00  6.5522493E-03
   7100.33  6.7538319E-03
   7100.67  6.9676001E-03
   7101.00  7.1946375E-03
   7101.33  7.4382156E-03
   7101.67  7.6981431E-03
   7102.00  7.9760321E-03
   7102.33  8.2765576E-03
   7102.67  8.5997218E-03
   7103.00  8.9480245E-03
   7103.33  9.3284351E-03
   7103.67  9.7414223E-03
   7104.00  1.0191066E-02
   7104.33  1.0688315E-02
   7104.67  1.1234749E-02
   7105.00  1.1837465E-02
   7105.33  1.2514860E-02
   7105.67  1.3271252E-02
   7106.00  1.4120069E-02
   7106.33  1.5095092E-02
   7106.67  1.6207978E-02
   7107.00  1.7487214E-02
   7107.33  1.9003043E-02
   7107.67  2.0789734E-02
   7108.00  2.2918704E-02
   7108.33  2.5566265E-02
   7108.67  2.8854255E-02
   7109.00  3.3016819E-02
   7109.33  3.8660418E-02
   7109.67  4.6405457E-02
   7110.00  5.7459889E-02
   7110.33  7.5215154E-02
   7110.67  1.0304137E-01
   7111.00  1.4193972E-01
   7111.33  1.8745890E-01
   7111.67  2.3771003E-01
   7112.00  2.8839151E-01
   7112.33  3.3879142E-01
   7112.67  4.0149248E-01
   7113.00  4.7786140E-01
   7113.33  5.3292761E-01
   7113.67  5.3329234E-01
   7114.00  4.8716375E-01
   7114.33  4.1886725E-01
   7114.67  3.5482415E-01
   7115.00  3.0905874E-01
   7115.33  2.8386576E-01
   7115.67  2.6626466E-01
   7116.00  2.4955812E-01
   7116.33  2.3407487E-01
   7116.67  2.2143306E-01
   7117.00  2.1082203E-01
   7117.33  2.0032027E-01
   7117.67  1.8932133E-01
   7118.00  1.7839468E-01
   7118.33  1.6845002E-01
   7118.67  1.5987096E-01
   7119.00  1.5278848E-01
   7119.33  1.4720258E-01
   7119.67  1.4263491E-01
   7120.00  1.3896678E-01
   7120.33  1.3649531E-01
   7120.67  1.3527129E-01
   7121.00  1.3528212E-01
   7121.33  1.3662758E-01
   7121.67  1.3913210E-01
   7122.00  1.4273602E-01
   7122.33  1.4753873E-01
   7122.67  1.5354259E-01
   7123.00  1.6105668E-01
   7123.33  1.7087431E-01
   7123.67  1.8312896E-01
   7124.00  1.9753417E-01
   7124.33  2.1322352E-01
   7124.67  2.2992767E-01
   7125.00  2.4874212E-01
   7125.33  2.7077737E-01
   7125.67  2.9467691E-01
   7126.00  3.1879518E-01
   7126.33  3.4083333E-01
   7126.67  3.5933395E-01
   7127.00  3.7358979E-01
   7127.33  3.8315539E-01
   7127.67  3.9002125E-01
   7128.00  3.9674189E-01
   7128.33  4.0738841E-01
   7128.67  4.2459023E-01
   7129.00  4.4980319E-01
   7129.33  4.8417554E-01
   7129.67  5.2551989E-01
   7130.00  5.7244104E-01
   7130.33  6.2430085E-01
   7130.67  6.7988701E-01
   7131.00  7.3837313E-01
   7131.33  7.9796557E-01
   7131.67  8.5548967E-01
   7132.00  9.0726661E-01
   7132.33  9.4633481E-01
   7132.67  9.6865596E-01
   7133.00  9.7175648E-01
   7133.33  9.5466270E-01
   7133.67  9.2442573E-01
   7134.00  8.8608308E-01
   7134.33  8.4401026E-01
   7134.67  8.0132731E-01
   7135.00  7.5907129E-01
   7135.33  7.1816455E-01
   7135.67  6.7924434E-01
   7136.00  6.4288301E-01
   7136.33  6.0981945E-01
   7136.67  5.7980415E-01
   7137.00  5.5284594E-01
   7137.33  5.2931322E-01
   7137.67  5.0879507E-01
   7138.00  4.9121038E-01
   7138.33  4.7667979E-01
   7138.67  4.6451199E-01
   7139.00  4.5436187E-01
   7139.33  4.4610648E-01
   7139.67  4.3937412E-01
   7140.00  4.3418796E-01
   7140.33  4.3093119E-01
   7140.67  4.2961697E-01
   7141.00  4.3040756E-01
   7141.33  4.3365464E-01
   7141.67  4.3901140E-01
   7142.00  4.4629471E-01
   7142.33  4.5538271E-01
   7142.67  4.6568391E-01
   7143.00  4.7684978E-01
   7143.33  4.8855749E-01
   7143.67  5.0041149E-01
   7144.00  5.1217103E-01
   7144.33  5.2357279E-01
   7144.67  5.3448862E-01
   7145.00  5.4481208E-01
   7145.33  5.5437187E-01
   7145.67  5.6320147E-01
   7146.00  5.7128194E-01
   7146.33  5.7852952E-01
   7146.67  5.8508316E-01
   7147.00  5.9100310E-01
   7147.33  5.9629275E-01
   7147.67  6.0109400E-01
   7148.00  6.0545863E-01
   7148.33  6.0937116E-01
   7148.67  6.1289624E-01
   7149.00  6.1603479E-01
   7149.33  6.1872173E-01
   7149.67  6.2097552E-01
   7150.00  6.2275936E-01
   7150.33  6.2396798E-01
   7150.67  6.2463648E-01
   7151.00  6.2475265E-01
   7151.33  6.2424850E-01
   7151.67  6.2321270E-01
   7152.00  6.2167916E-01
   7152.33  6.1965305E-01
   7152.67  6.1726974E-01
   7153.00  6.1461307E-01
   7153.33  6.1177228E-01
   7153.67  6.0888356E-01
   7154.00  6.0604482E-01
   7154.33  6.0337935E-01
   7154.67  6.0095333E-01
   7155.00  5.9882069E-01
   7155.33  5.9705993E-01
   7155.67  5.9563872E-01
   7156.00  5.9454388E-01
   7156.33  5.9377580E-01
   7156.67  5.9324533E-01
   7157.00  5.9289805E-01
   7157.33  5.9267922E-01
   7157.67  5.9250453E-01
   7158.00  5.9231644E-01
   7158.33  5.9204419E-01
   7158.67  5.9164378E-01
   7159.00  5.9107693E-01
   7159.33  5.9028352E-01
   7159.67  5.8926320E-01
   7160.00  5.8799856E-01
   7160.33  5.8644261E-01
   7160.67  5.8462006E-01
   7161.00  5.8252697E-01
   7161.33  5.8012510E-01
   7161.67  5.7744397E-01
   7162.00  5.7447769E-01
   7162.33  5.7118109E-01
   7162.67  5.6758136E-01
   7163.00  5.6367058E-01
   7163.33  5.5940198E-01
   7163.67  5.5481234E-01
   7164.00  5.4990381E-01
   7164.33  5.4464714E-01
   7164.67  5.3909808E-01
   7165.00  5.3327721E-01
   7165.33  5.2718434E-01
   7165.67  5.2088472E-01
   7166.00  5.1441202E-01
   7166.33  5.0779157E-01
   7166.67  5.0108239E-01
   7167.00  4.9432158E-01
   7167.33  4.8755413E-01
   7167.67  4.8083045E-01
   7168.00  4.7419104E-01
   7168.33  4.6769541E-01
   7168.67  4.6137202E-01
   7169.00  4.5525997E-01
   7169.33  4.4943368E-01
   7169.67  4.4389905E-01
   7170.00  4.3868415E-01
   7170.33  4.3385985E-01
   7170.67  4.2940717E-01
   7171.00  4.2534883E-01
   7171.33  4.2177909E-01
   7171.67  4.1872024E-01
   7172.00  4.1627386E-01
