    FDMNES
    energy     <xanes>
   7097.00  4.3222990E-03
   7097.33  4.4149912E-03
   7097.67  4.5116592E-03
   7098.00  4.6125645E-03
   7098.33  4.7186147E-03
   7098.67  4.8296116E-03
   7099.00  4.9459092E-03
   7099.33  5.0686855E-03
   7099.67  5.1977345E-03
   7100.00  5.3335474E-03
   7100.33  5.4776916E-03
   7100.67  5.6299679E-03
   7101.00  5.7910778E-03
   7101.33  5.9631671E-03
   7101.67  6.1460766E-03
   7102.00  6.3408420E-03
   7102.33  6.5505022E-03
   7102.67  6.7750099E-03
   7103.00  7.0159559E-03
   7103.33  7.2778218E-03
   7103.67  7.5608302E-03
   7104.00  7.8675438E-03
   7104.33  8.2049036E-03
   7104.67  8.5737657E-03
   7105.00  8.9785036E-03
   7105.33  9.4305426E-03
   7105.67  9.9322536E-03
   7106.00  1.0491666E-02
   7106.33  1.1129103E-02
   7106.67  1.1850790E-02
   7107.00  1.2672944E-02
   7107.33  1.3635648E-02
   7107.67  1.4756029E-02
   7108.00  1.6071496E-02
   7108.33  1.7673638E-02
   7108.67  1.9616410E-02
   7109.00  2.2005655E-02
   7109.33  2.5106643E-02
   7109.67  2.9143620E-02
   7110.00  3.4545088E-02
   7110.33  4.2449045E-02
   7110.67  5.3840304E-02
   7111.00  6.9245731E-02
   7111.33  9.0081770E-02
   7111.67  1.2177521E-01
   7112.00  1.7138501E-01
   7112.33  2.5463289E-01
   7112.67  3.8128443E-01
   7113.00  5.3868567E-01
   7113.33  5.4992570E-01
   7113.67  4.1272161E-01
   7114.00  2.8613141E-01
   7114.33  2.0038735E-01
   7114.67  1.3871414E-01
   7115.00  1.0046914E-01
   7115.33  8.0216830E-02
   7115.67  6.9761873E-02
   7116.00  6.6751611E-02
   7116.33  7.1681474E-02
   7116.67  8.3471781E-02
   7117.00  1.0159418E-01
   7117.33  1.2706993E-01
   7117.67  1.3505686E-01
   7118.00  1.1049926E-01
   7118.33  8.4566507E-02
   7118.67  7.0078018E-02
   7119.00  6.3843346E-02
   7119.33  6.1510282E-02
   7119.67  6.0131260E-02
   7120.00  6.0447759E-02
   7120.33  6.3545617E-02
   7120.67  6.9323146E-02
   7121.00  7.8252666E-02
   7121.33  9.2084832E-02
   7121.67  1.1205285E-01
   7122.00  1.3945049E-01
   7122.33  1.7461556E-01
   7122.67  2.1047220E-01
   7123.00  2.3535295E-01
   7123.33  2.3752409E-01
   7123.67  2.2576366E-01
   7124.00  2.1171168E-01
   7124.33  2.0518852E-01
   7124.67  2.0771240E-01
   7125.00  2.1794370E-01
   7125.33  2.3028930E-01
   7125.67  2.3847255E-01
   7126.00  2.4158054E-01
   7126.33  2.4301212E-01
   7126.67  2.4665009E-01
   7127.00  2.5318105E-01
   7127.33  2.6145181E-01
   7127.67  2.6907878E-01
   7128.00  2.7439353E-01
   7128.33  2.7627907E-01
   7128.67  2.7608538E-01
   7129.00  2.7565625E-01
   7129.33  2.7750199E-01
   7129.67  2.8264664E-01
   7130.00  2.9108189E-01
   7130.33  3.0230206E-01
   7130.67  3.1499841E-01
   7131.00  3.2846503E-01
   7131.33  3.4247510E-01
   7131.67  3.5732070E-01
   7132.00  3.7341012E-01
   7132.33  3.9133069E-01
   7132.67  4.1148569E-01
   7133.00  4.3472801E-01
   7133.33  4.6278009E-01
   7133.67  4.9615422E-01
   7134.00  5.3542853E-01
   7134.33  5.8159741E-01
   7134.67  6.3366467E-01
   7135.00  6.9107317E-01
   7135.33  7.5319282E-01
   7135.67  8.1754532E-01
   7136.00  8.8168729E-01
   7136.33  9.4144928E-01
   7136.67  9.9310552E-01
   7137.00  1.0332419E+00
   7137.33  1.0573381E+00
   7137.67  1.0665079E+00
   7138.00  1.0618313E+00
   7138.33  1.0444923E+00
   7138.67  1.0193459E+00
   7139.00  9.8926031E-01
   7139.33  9.5614874E-01
   7139.67  9.2169549E-01
   7140.00  8.8675388E-01
   7140.33  8.5226191E-01
   7140.67  8.1879626E-01
   7141.00  7.8665523E-01
   7141.33  7.5628057E-01
   7141.67  7.2767062E-01
   7142.00  7.0089039E-01
   7142.33  6.7620739E-01
   7142.67  6.5346827E-01
   7143.00  6.3280208E-01
   7143.33  6.1468785E-01
   7143.67  5.9901821E-01
   7144.00  5.8586562E-01
   7144.33  5.7547138E-01
   7144.67  5.6730227E-01
   7145.00  5.6108337E-01
   7145.33  5.5666529E-01
   7145.67  5.5351399E-01
   7146.00  5.5137584E-01
   7146.33  5.5009105E-01
   7146.67  5.4934502E-01
   7147.00  5.4896869E-01
   7147.33  5.4880872E-01
   7147.67  5.4869171E-01
   7148.00  5.4852080E-01
   7148.33  5.4821120E-01
   7148.67  5.4775363E-01
   7149.00  5.4715377E-01
   7149.33  5.4641790E-01
   7149.67  5.4558100E-01
   7150.00  5.4464899E-01
   7150.33  5.4360135E-01
   7150.67  5.4242793E-01
   7151.00  5.4109351E-01
   7151.33  5.3952163E-01
   7151.67  5.3769271E-01
   7152.00  5.3557961E-01
   7152.33  5.3313685E-01
   7152.67  5.3042220E-01
   7153.00  5.2747845E-01
   7153.33  5.2436000E-01
   7153.67  5.2117674E-01
   7154.00  5.1801010E-01
   7154.33  5.1495997E-01
   7154.67  5.1208095E-01
   7155.00  5.0941018E-01
   7155.33  5.0699280E-01
   7155.67  5.0479214E-01
   7156.00  5.0278518E-01
   7156.33  5.0095049E-01
   7156.67  4.9921569E-01
   7157.00  4.9753769E-01
   7157.33  4.9588392E-01
   7157.67  4.9422989E-01
   7158.00  4.9256690E-01
   7158.33  4.9089552E-01
   7158.67  4.8922980E-01
   7159.00  4.8758932E-01
   7159.33  4.8601142E-01
   7159.67  4.8452405E-01
   7160.00  4.8315745E-01
   7160.33  4.8196337E-01
   7160.67  4.8095010E-01
   7161.00  4.8013542E-01
   7161.33  4.7955775E-01
   7161.67  4.7919285E-01
   7162.00  4.7903490E-01
   7162.33  4.7909285E-01
   7162.67  4.7931908E-01
   7163.00  4.7968703E-01
   7163.33  4.8017311E-01
   7163.67  4.8072377E-01
   7164.00  4.8130313E-01
   7164.33  4.8186839E-01
   7164.67  4.8238248E-01
   7165.00  4.8281591E-01
   7165.33  4.8312660E-01
   7165.67  4.8330693E-01
   7166.00  4.8334446E-01
   7166.33  4.8321218E-01
   7166.67  4.8292626E-01
   7167.00  4.8248794E-01
   7167.33  4.8188400E-01
   7167.67  4.8114165E-01
   7168.00  4.8027113E-01
   7168.33  4.7927297E-01
   7168.67  4.7817893E-01
   7169.00  4.7700618E-01
   7169.33  4.7576934E-01
   7169.67  4.7449858E-01
   7170.00  4.7321510E-01
   7170.33  4.7194669E-01
   7170.67  4.7071923E-01
   7171.00  4.6955844E-01
   7171.33  4.6851069E-01
   7171.67  4.6760525E-01
   7172.00  4.6688484E-01
