    FDMNES
    energy     <xanes>
   7097.00  5.2557456E-03
   7097.33  5.3848194E-03
   7097.67  5.5199309E-03
   7098.00  5.6614955E-03
   7098.33  5.8109217E-03
   7098.67  5.9679321E-03
   7099.00  6.1330931E-03
   7099.33  6.3082508E-03
   7099.67  6.4931209E-03
   7100.00  6.6884961E-03
   7100.33  6.8968570E-03
   7100.67  7.1179403E-03
   7101.00  7.3528878E-03
   7101.33  7.6051340E-03
   7101.67  7.8744962E-03
   7102.00  8.1626794E-03
   7102.33  8.4746094E-03
   7102.67  8.8103177E-03
   7103.00  9.1724599E-03
   7103.33  9.5684123E-03
   7103.67  9.9987210E-03
   7104.00  1.0467743E-02
   7104.33  1.0987135E-02
   7104.67  1.1558667E-02
   7105.00  1.2189975E-02
   7105.33  1.2900786E-02
   7105.67  1.3695915E-02
   7106.00  1.4589944E-02
   7106.33  1.5619457E-02
   7106.67  1.6797517E-02
   7107.00  1.8155457E-02
   7107.33  1.9770461E-02
   7107.67  2.1681405E-02
   7108.00  2.3968399E-02
   7108.33  2.6829547E-02
   7108.67  3.0406377E-02
   7109.00  3.4969946E-02
   7109.33  4.1227558E-02
   7109.67  4.9929223E-02
   7110.00  6.2541480E-02
   7110.33  8.3192206E-02
   7110.67  1.1568890E-01
   7111.00  1.5923302E-01
   7111.33  2.0341948E-01
   7111.67  2.5084100E-01
   7112.00  3.0420599E-01
   7112.33  3.6889152E-01
   7112.67  4.4805565E-01
   7113.00  5.1992594E-01
   7113.33  5.3698076E-01
   7113.67  5.0405421E-01
   7114.00  4.4525224E-01
   7114.33  3.8355983E-01
   7114.67  3.3533077E-01
   7115.00  3.0582660E-01
   7115.33  2.9396668E-01
   7115.67  2.8814214E-01
   7116.00  2.7915945E-01
   7116.33  2.6280794E-01
   7116.67  2.4366626E-01
   7117.00  2.2468635E-01
   7117.33  2.0730226E-01
   7117.67  1.9200248E-01
   7118.00  1.7921118E-01
   7118.33  1.6912584E-01
   7118.67  1.6086267E-01
   7119.00  1.5391094E-01
   7119.33  1.4799391E-01
   7119.67  1.4279036E-01
   7120.00  1.3827352E-01
   7120.33  1.3474613E-01
   7120.67  1.3237466E-01
   7121.00  1.3126333E-01
   7121.33  1.3155051E-01
   7121.67  1.3302491E-01
   7122.00  1.3560549E-01
   7122.33  1.3933756E-01
   7122.67  1.4412242E-01
   7123.00  1.5010842E-01
   7123.33  1.5779278E-01
   7123.67  1.6742810E-01
   7124.00  1.7947955E-01
   7124.33  1.9491836E-01
   7124.67  2.1397307E-01
   7125.00  2.3716898E-01
   7125.33  2.6552468E-01
   7125.67  2.9789059E-01
   7126.00  3.3199036E-01
   7126.33  3.6256553E-01
   7126.67  3.8505037E-01
   7127.00  3.9795925E-01
   7127.33  4.0318164E-01
   7127.67  4.0681308E-01
   7128.00  4.1298151E-01
   7128.33  4.2544715E-01
   7128.67  4.4477887E-01
   7129.00  4.7113422E-01
   7129.33  5.0492164E-01
   7129.67  5.4465290E-01
   7130.00  5.8984852E-01
   7130.33  6.4081751E-01
   7130.67  6.9656268E-01
   7131.00  7.5637171E-01
   7131.33  8.1880600E-01
   7131.67  8.8065552E-01
   7132.00  9.3847282E-01
   7132.33  9.8627501E-01
   7132.67  1.0200458E+00
   7133.00  1.0360766E+00
   7133.33  1.0296079E+00
   7133.67  1.0040203E+00
   7134.00  9.6270736E-01
   7134.33  9.1031982E-01
   7134.67  8.5391274E-01
   7135.00  7.9718385E-01
   7135.33  7.4299052E-01
   7135.67  6.9231406E-01
   7136.00  6.4568637E-01
   7136.33  6.0403412E-01
   7136.67  5.6711370E-01
   7137.00  5.3518269E-01
   7137.33  5.0913094E-01
   7137.67  4.8836655E-01
   7138.00  4.7271926E-01
   7138.33  4.6226776E-01
   7138.67  4.5568038E-01
   7139.00  4.5222268E-01
   7139.33  4.5138539E-01
   7139.67  4.5224851E-01
   7140.00  4.5444155E-01
   7140.33  4.5783956E-01
   7140.67  4.6217825E-01
   7141.00  4.6739722E-01
   7141.33  4.7353607E-01
   7141.67  4.8040121E-01
   7142.00  4.8787601E-01
   7142.33  4.9583280E-01
   7142.67  5.0400015E-01
   7143.00  5.1217732E-01
   7143.33  5.2010901E-01
   7143.67  5.2762095E-01
   7144.00  5.3457367E-01
   7144.33  5.4076951E-01
   7144.67  5.4623628E-01
   7145.00  5.5097197E-01
   7145.33  5.5493715E-01
   7145.67  5.5829674E-01
   7146.00  5.6113384E-01
   7146.33  5.6351295E-01
   7146.67  5.6561348E-01
   7147.00  5.6754732E-01
   7147.33  5.6943319E-01
   7147.67  5.7138852E-01
   7148.00  5.7349562E-01
   7148.33  5.7585636E-01
   7148.67  5.7849024E-01
   7149.00  5.8142016E-01
   7149.33  5.8469107E-01
   7149.67  5.8825088E-01
   7150.00  5.9207405E-01
   7150.33  5.9614711E-01
   7150.67  6.0038919E-01
   7151.00  6.0474618E-01
   7151.33  6.0915297E-01
   7151.67  6.1352765E-01
   7152.00  6.1780250E-01
   7152.33  6.2187776E-01
   7152.67  6.2570283E-01
   7153.00  6.2922099E-01
   7153.33  6.3232891E-01
   7153.67  6.3502642E-01
   7154.00  6.3728651E-01
   7154.33  6.3903602E-01
   7154.67  6.4033000E-01
   7155.00  6.4117657E-01
   7155.33  6.4153954E-01
   7155.67  6.4149570E-01
   7156.00  6.4106675E-01
   7156.33  6.4023302E-01
   7156.67  6.3906282E-01
   7157.00  6.3757409E-01
   7157.33  6.3574785E-01
   7157.67  6.3363783E-01
   7158.00  6.3125625E-01
   7158.33  6.2858283E-01
   7158.67  6.2566033E-01
   7159.00  6.2249646E-01
   7159.33  6.1906879E-01
   7159.67  6.1541036E-01
   7160.00  6.1152050E-01
   7160.33  6.0736267E-01
   7160.67  6.0295539E-01
   7161.00  5.9828688E-01
   7161.33  5.9330755E-01
   7161.67  5.8803789E-01
   7162.00  5.8246754E-01
   7162.33  5.7655255E-01
   7162.67  5.7033945E-01
   7163.00  5.6384413E-01
   7163.33  5.5706241E-01
   7163.67  5.5006411E-01
   7164.00  5.4288778E-01
   7164.33  5.3556498E-01
   7164.67  5.2816089E-01
   7165.00  5.2071602E-01
   7165.33  5.1327428E-01
   7165.67  5.0587439E-01
   7166.00  4.9854520E-01
   7166.33  4.9132630E-01
   7166.67  4.8422728E-01
   7167.00  4.7726336E-01
   7167.33  4.7046715E-01
   7167.67  4.6383250E-01
   7168.00  4.5737087E-01
   7168.33  4.5111938E-01
   7168.67  4.4506722E-01
   7169.00  4.3922458E-01
   7169.33  4.3363251E-01
   7169.67  4.2827976E-01
   7170.00  4.2318318E-01
   7170.33  4.1839952E-01
   7170.67  4.1392115E-01
   7171.00  4.0978004E-01
   7171.33  4.0608346E-01
   7171.67  4.0288336E-01
   7172.00  4.0030682E-01
