    FDMNES
    energy     <xanes>
   7097.00  4.8075736E-03
   7097.33  4.9212554E-03
   7097.67  5.0400940E-03
   7098.00  5.1644363E-03
   7098.33  5.2954721E-03
   7098.67  5.4329535E-03
   7099.00  5.5773511E-03
   7099.33  5.7302149E-03
   7099.67  5.8912878E-03
   7100.00  6.0612236E-03
   7100.33  6.2420914E-03
   7100.67  6.4336448E-03
   7101.00  6.6368187E-03
   7101.33  6.8544548E-03
   7101.67  7.0863619E-03
   7102.00  7.3339231E-03
   7102.33  7.6011752E-03
   7102.67  7.8880802E-03
   7103.00  8.1967678E-03
   7103.33  8.5332121E-03
   7103.67  8.8977468E-03
   7104.00  9.2938156E-03
   7104.33  9.7307157E-03
   7104.67  1.0209662E-02
   7105.00  1.0736572E-02
   7105.33  1.1326870E-02
   7105.67  1.1983915E-02
   7106.00  1.2718719E-02
   7106.33  1.3559098E-02
   7106.67  1.4514051E-02
   7107.00  1.5606376E-02
   7107.33  1.6892412E-02
   7107.67  1.8397999E-02
   7108.00  2.0178261E-02
   7108.33  2.2368973E-02
   7108.67  2.5058225E-02
   7109.00  2.8416909E-02
   7109.33  3.2882712E-02
   7109.67  3.8875758E-02
   7110.00  4.7210802E-02
   7110.33  6.0163829E-02
   7110.67  8.0162840E-02
   7111.00  1.0879532E-01
   7111.33  1.4279414E-01
   7111.67  1.8211731E-01
   7112.00  2.3250110E-01
   7112.33  3.0175453E-01
   7112.67  3.9208741E-01
   7113.00  4.7571273E-01
   7113.33  4.7802813E-01
   7113.67  4.2089802E-01
   7114.00  3.7995462E-01
   7114.33  4.0181043E-01
   7114.67  4.5132058E-01
   7115.00  4.6087168E-01
   7115.33  3.8134943E-01
   7115.67  2.8418515E-01
   7116.00  2.0747525E-01
   7116.33  1.5798453E-01
   7116.67  1.2579816E-01
   7117.00  1.0570755E-01
   7117.33  9.4236407E-02
   7117.67  8.6850085E-02
   7118.00  8.1639356E-02
   7118.33  7.8864826E-02
   7118.67  7.8842011E-02
   7119.00  8.1839018E-02
   7119.33  8.8820094E-02
   7119.67  1.0038193E-01
   7120.00  1.1748259E-01
   7120.33  1.4028525E-01
   7120.67  1.6369150E-01
   7121.00  1.8134497E-01
   7121.33  1.8779387E-01
   7121.67  1.8669463E-01
   7122.00  1.8233551E-01
   7122.33  1.7834655E-01
   7122.67  1.7606553E-01
   7123.00  1.7546646E-01
   7123.33  1.7581714E-01
   7123.67  1.7593156E-01
   7124.00  1.7545702E-01
   7124.33  1.7512603E-01
   7124.67  1.7598362E-01
   7125.00  1.7873830E-01
   7125.33  1.8472778E-01
   7125.67  1.9442047E-01
   7126.00  2.0786082E-01
   7126.33  2.2495648E-01
   7126.67  2.4458318E-01
   7127.00  2.6553992E-01
   7127.33  2.8575046E-01
   7127.67  3.0417035E-01
   7128.00  3.2129685E-01
   7128.33  3.3881701E-01
   7128.67  3.5825165E-01
   7129.00  3.8022955E-01
   7129.33  4.0460470E-01
   7129.67  4.2948966E-01
   7130.00  4.5301615E-01
   7130.33  4.7342876E-01
   7130.67  4.9149887E-01
   7131.00  5.0884586E-01
   7131.33  5.2829537E-01
   7131.67  5.5259105E-01
   7132.00  5.8413656E-01
   7132.33  6.2542637E-01
   7132.67  6.7423513E-01
   7133.00  7.2760787E-01
   7133.33  7.8104258E-01
   7133.67  8.3023665E-01
   7134.00  8.7200418E-01
   7134.33  9.0154078E-01
   7134.67  9.1767516E-01
   7135.00  9.2032876E-01
   7135.33  9.1101730E-01
   7135.67  8.9540114E-01
   7136.00  8.7683955E-01
   7136.33  8.5803094E-01
   7136.67  8.4051625E-01
   7137.00  8.2488730E-01
   7137.33  8.1159456E-01
   7137.67  8.0028199E-01
   7138.00  7.9075921E-01
   7138.33  7.8293459E-01
   7138.67  7.7630270E-01
   7139.00  7.7056732E-01
   7139.33  7.6541900E-01
   7139.67  7.6040427E-01
   7140.00  7.5522066E-01
   7140.33  7.4958522E-01
   7140.67  7.4350149E-01
   7141.00  7.3705759E-01
   7141.33  7.3037801E-01
   7141.67  7.2357219E-01
   7142.00  7.1660207E-01
   7142.33  7.0926149E-01
   7142.67  7.0135900E-01
   7143.00  6.9269914E-01
   7143.33  6.8299388E-01
   7143.67  6.7227561E-01
   7144.00  6.6055218E-01
   7144.33  6.4782091E-01
   7144.67  6.3440724E-01
   7145.00  6.2056472E-01
   7145.33  6.0666238E-01
   7145.67  5.9315549E-01
   7146.00  5.8045891E-01
   7146.33  5.6919125E-01
   7146.67  5.5953945E-01
   7147.00  5.5164156E-01
   7147.33  5.4570373E-01
   7147.67  5.4137068E-01
   7148.00  5.3846486E-01
   7148.33  5.3690376E-01
   7148.67  5.3631217E-01
   7149.00  5.3651483E-01
   7149.33  5.3740605E-01
   7149.67  5.3874412E-01
   7150.00  5.4042433E-01
   7150.33  5.4241972E-01
   7150.67  5.4467498E-01
   7151.00  5.4718837E-01
   7151.33  5.4998382E-01
   7151.67  5.5298831E-01
   7152.00  5.5611724E-01
   7152.33  5.5921449E-01
   7152.67  5.6209450E-01
   7153.00  5.6457278E-01
   7153.33  5.6633926E-01
   7153.67  5.6723866E-01
   7154.00  5.6707843E-01
   7154.33  5.6549813E-01
   7154.67  5.6249308E-01
   7155.00  5.5797303E-01
   7155.33  5.5170942E-01
   7155.67  5.4394067E-01
   7156.00  5.3476602E-01
   7156.33  5.2420773E-01
   7156.67  5.1264460E-01
   7157.00  5.0029389E-01
   7157.33  4.8735368E-01
   7157.67  4.7415087E-01
   7158.00  4.6090002E-01
   7158.33  4.4785706E-01
   7158.67  4.3520608E-01
   7159.00  4.2309818E-01
   7159.33  4.1176638E-01
   7159.67  4.0124200E-01
   7160.00  3.9160175E-01
   7160.33  3.8302481E-01
   7160.67  3.7542593E-01
   7161.00  3.6881221E-01
   7161.33  3.6329258E-01
   7161.67  3.5871211E-01
   7162.00  3.5502398E-01
   7162.33  3.5225946E-01
   7162.67  3.5023240E-01
   7163.00  3.4886526E-01
   7163.33  3.4813208E-01
   7163.67  3.4786846E-01
   7164.00  3.4801004E-01
   7164.33  3.4854414E-01
   7164.67  3.4938801E-01
   7165.00  3.5051899E-01
   7165.33  3.5195298E-01
   7165.67  3.5364287E-01
   7166.00  3.5557438E-01
   7166.33  3.5774873E-01
   7166.67  3.6010106E-01
   7167.00  3.6258945E-01
   7167.33  3.6516704E-01
   7167.67  3.6776395E-01
   7168.00  3.7033075E-01
   7168.33  3.7280656E-01
   7168.67  3.7516032E-01
   7169.00  3.7736543E-01
   7169.33  3.7938152E-01
   7169.67  3.8122308E-01
   7170.00  3.8289417E-01
   7170.33  3.8438901E-01
   7170.67  3.8574663E-01
   7171.00  3.8698335E-01
   7171.33  3.8809373E-01
   7171.67  3.8907198E-01
   7172.00  3.8986844E-01
