    FDMNES
    energy     <xanes>
   7097.00  3.7421663E-03
   7097.33  3.8085687E-03
   7097.67  3.8774647E-03
   7098.00  3.9490113E-03
   7098.33  4.0237669E-03
   7098.67  4.1016002E-03
   7099.00  4.1827252E-03
   7099.33  4.2678664E-03
   7099.67  4.3568904E-03
   7100.00  4.4500982E-03
   7100.33  4.5484570E-03
   7100.67  4.6518446E-03
   7101.00  4.7606987E-03
   7101.33  4.8763574E-03
   7101.67  4.9987378E-03
   7102.00  5.1285033E-03
   7102.33  5.2675853E-03
   7102.67  5.4160030E-03
   7103.00  5.5748133E-03
   7103.33  5.7469513E-03
   7103.67  5.9326832E-03
   7104.00  6.1337972E-03
   7104.33  6.3550472E-03
   7104.67  6.5972990E-03
   7105.00  6.8638129E-03
   7105.33  7.1629337E-03
   7105.67  7.4970595E-03
   7106.00  7.8727324E-03
   7106.33  8.3062177E-03
   7106.67  8.8042142E-03
   7107.00  9.3816434E-03
   7107.33  1.0075050E-02
   7107.67  1.0905137E-02
   7108.00  1.1912674E-02
   7108.33  1.3198421E-02
   7108.67  1.4840521E-02
   7109.00  1.6985321E-02
   7109.33  2.0014782E-02
   7109.67  2.4346701E-02
   7110.00  3.0791288E-02
   7110.33  4.1700738E-02
   7110.67  6.0172175E-02
   7111.00  8.9954160E-02
   7111.33  1.2826448E-01
   7111.67  1.5783928E-01
   7112.00  1.7018720E-01
   7112.33  1.5681849E-01
   7112.67  1.3539937E-01
   7113.00  1.1947347E-01
   7113.33  1.0205213E-01
   7113.67  8.0506322E-02
   7114.00  6.1873480E-02
   7114.33  5.0995862E-02
   7114.67  4.5594654E-02
   7115.00  4.3946570E-02
   7115.33  4.4999508E-02
   7115.67  4.8618251E-02
   7116.00  5.4633468E-02
   7116.33  6.2850513E-02
   7116.67  7.3162189E-02
   7117.00  8.1994702E-02
   7117.33  7.9254106E-02
   7117.67  6.6645268E-02
   7118.00  5.3160713E-02
   7118.33  4.4088223E-02
   7118.67  3.8456094E-02
   7119.00  3.5167146E-02
   7119.33  3.3579128E-02
   7119.67  3.3073680E-02
   7120.00  3.3326378E-02
   7120.33  3.3962460E-02
   7120.67  3.4815511E-02
   7121.00  3.6204938E-02
   7121.33  3.8754383E-02
   7121.67  4.2702979E-02
   7122.00  4.8170934E-02
   7122.33  5.4743339E-02
   7122.67  6.0965452E-02
   7123.00  6.6594473E-02
   7123.33  7.3903205E-02
   7123.67  8.4383158E-02
   7124.00  9.6296400E-02
   7124.33  1.0513515E-01
   7124.67  1.1065424E-01
   7125.00  1.1526487E-01
   7125.33  1.2138154E-01
   7125.67  1.2932289E-01
   7126.00  1.3905957E-01
   7126.33  1.5152342E-01
   7126.67  1.6725559E-01
   7127.00  1.8636555E-01
   7127.33  2.0871297E-01
   7127.67  2.3323893E-01
   7128.00  2.5960800E-01
   7128.33  2.8816913E-01
   7128.67  3.1885231E-01
   7129.00  3.5154783E-01
   7129.33  3.8598558E-01
   7129.67  4.2113883E-01
   7130.00  4.5606167E-01
   7130.33  4.8960913E-01
   7130.67  5.2093517E-01
   7131.00  5.4818342E-01
   7131.33  5.6649093E-01
   7131.67  5.7315634E-01
   7132.00  5.6752258E-01
   7132.33  5.5194727E-01
   7132.67  5.3400974E-01
   7133.00  5.1949377E-01
   7133.33  5.1480360E-01
   7133.67  5.2148100E-01
   7134.00  5.3898937E-01
   7134.33  5.6492479E-01
   7134.67  5.9401450E-01
   7135.00  6.2338934E-01
   7135.33  6.5142537E-01
   7135.67  6.7838661E-01
   7136.00  7.0495992E-01
   7136.33  7.3203510E-01
   7136.67  7.5998567E-01
   7137.00  7.8858514E-01
   7137.33  8.1660062E-01
   7137.67  8.4196508E-01
   7138.00  8.6231400E-01
   7138.33  8.7381943E-01
   7138.67  8.7521385E-01
   7139.00  8.6564552E-01
   7139.33  8.4462380E-01
   7139.67  8.1586277E-01
   7140.00  7.8225544E-01
   7140.33  7.4702154E-01
   7140.67  7.1314797E-01
   7141.00  6.8213741E-01
   7141.33  6.5518916E-01
   7141.67  6.3202912E-01
   7142.00  6.1257978E-01
   7142.33  5.9703934E-01
   7142.67  5.8466296E-01
   7143.00  5.7515552E-01
   7143.33  5.6845735E-01
   7143.67  5.6384446E-01
   7144.00  5.6093243E-01
   7144.33  5.5945027E-01
   7144.67  5.5884503E-01
   7145.00  5.5881346E-01
   7145.33  5.5911266E-01
   7145.67  5.5952473E-01
   7146.00  5.5997121E-01
   7146.33  5.6044091E-01
   7146.67  5.6095854E-01
   7147.00  5.6151849E-01
   7147.33  5.6199941E-01
   7147.67  5.6216456E-01
   7148.00  5.6173891E-01
   7148.33  5.6031491E-01
   7148.67  5.5782870E-01
   7149.00  5.5426618E-01
   7149.33  5.4963717E-01
   7149.67  5.4428940E-01
   7150.00  5.3844853E-01
   7150.33  5.3232893E-01
   7150.67  5.2615525E-01
   7151.00  5.2004061E-01
   7151.33  5.1407063E-01
   7151.67  5.0824134E-01
   7152.00  5.0252806E-01
   7152.33  4.9688600E-01
   7152.67  4.9126153E-01
   7153.00  4.8564461E-01
   7153.33  4.8008555E-01
   7153.67  4.7469638E-01
   7154.00  4.6962973E-01
   7154.33  4.6516067E-01
   7154.67  4.6144718E-01
   7155.00  4.5867205E-01
   7155.33  4.5713242E-01
   7155.67  4.5675449E-01
   7156.00  4.5749479E-01
   7156.33  4.5930022E-01
   7156.67  4.6176748E-01
   7157.00  4.6459003E-01
   7157.33  4.6738220E-01
   7157.67  4.6979291E-01
   7158.00  4.7158120E-01
   7158.33  4.7247780E-01
   7158.67  4.7255003E-01
   7159.00  4.7188133E-01
   7159.33  4.7061391E-01
   7159.67  4.6911352E-01
   7160.00  4.6768362E-01
   7160.33  4.6676007E-01
   7160.67  4.6666827E-01
   7161.00  4.6772059E-01
   7161.33  4.7043197E-01
   7161.67  4.7489770E-01
   7162.00  4.8130538E-01
   7162.33  4.9005837E-01
   7162.67  5.0093884E-01
   7163.00  5.1388585E-01
   7163.33  5.2891470E-01
   7163.67  5.4539156E-01
   7164.00  5.6280875E-01
   7164.33  5.8041196E-01
   7164.67  5.9725672E-01
   7165.00  6.1251292E-01
   7165.33  6.2500999E-01
   7165.67  6.3446382E-01
   7166.00  6.4067882E-01
   7166.33  6.4342259E-01
   7166.67  6.4355825E-01
   7167.00  6.4163954E-01
   7167.33  6.3816539E-01
   7167.67  6.3390167E-01
   7168.00  6.2925014E-01
   7168.33  6.2453824E-01
   7168.67  6.1998048E-01
   7169.00  6.1567684E-01
   7169.33  6.1171760E-01
   7169.67  6.0807110E-01
   7170.00  6.0472186E-01
   7170.33  6.0167335E-01
   7170.67  5.9886102E-01
   7171.00  5.9626693E-01
   7171.33  5.9392513E-01
   7171.67  5.9187048E-01
   7172.00  5.9021604E-01
