    FDMNES
    energy     <xanes>
   7097.00  4.8358277E-03
   7097.33  4.9463854E-03
   7097.67  5.0618066E-03
   7098.00  5.1824165E-03
   7098.33  5.3093345E-03
   7098.67  5.4423265E-03
   7099.00  5.5818364E-03
   7099.33  5.7293279E-03
   7099.67  5.8845637E-03
   7100.00  6.0481674E-03
   7100.33  6.2221063E-03
   7100.67  6.4061651E-03
   7101.00  6.6012499E-03
   7101.33  6.8100942E-03
   7101.67  7.0325604E-03
   7102.00  7.2700189E-03
   7102.33  7.5264230E-03
   7102.67  7.8018390E-03
   7103.00  8.0984409E-03
   7103.33  8.4222360E-03
   7103.67  8.7737840E-03
   7104.00  9.1567443E-03
   7104.33  9.5808271E-03
   7104.67  1.0047791E-02
   7105.00  1.0564272E-02
   7105.33  1.1147256E-02
   7105.67  1.1801569E-02
   7106.00  1.2540465E-02
   7106.33  1.3396921E-02
   7106.67  1.4384399E-02
   7107.00  1.5533043E-02
   7107.33  1.6916755E-02
   7107.67  1.8577293E-02
   7108.00  2.0597136E-02
   7108.33  2.3180524E-02
   7108.67  2.6486813E-02
   7109.00  3.0815387E-02
   7109.33  3.6951795E-02
   7109.67  4.5769594E-02
   7110.00  5.8969685E-02
   7110.33  8.1447306E-02
   7110.67  1.1886752E-01
   7111.00  1.7526588E-01
   7111.33  2.4440474E-01
   7111.67  3.0875866E-01
   7112.00  3.3622943E-01
   7112.33  2.9872573E-01
   7112.67  2.4540835E-01
   7113.00  2.0502333E-01
   7113.33  1.8781882E-01
   7113.67  1.8737307E-01
   7114.00  1.9161273E-01
   7114.33  1.8285099E-01
   7114.67  1.6210059E-01
   7115.00  1.3657231E-01
   7115.33  1.1567277E-01
   7115.67  1.0278164E-01
   7116.00  9.7135955E-02
   7116.33  9.7646835E-02
   7116.67  1.0194993E-01
   7117.00  1.0843615E-01
   7117.33  1.1559042E-01
   7117.67  1.2301540E-01
   7118.00  1.3093125E-01
   7118.33  1.3943355E-01
   7118.67  1.4878959E-01
   7119.00  1.5962175E-01
   7119.33  1.7245261E-01
   7119.67  1.8618101E-01
   7120.00  1.9921814E-01
   7120.33  2.0974724E-01
   7120.67  2.1833322E-01
   7121.00  2.2671631E-01
   7121.33  2.3769350E-01
   7121.67  2.5294977E-01
   7122.00  2.7343004E-01
   7122.33  2.9986197E-01
   7122.67  3.3034967E-01
   7123.00  3.6284158E-01
   7123.33  3.9435743E-01
   7123.67  4.2273218E-01
   7124.00  4.4709430E-01
   7124.33  4.6708603E-01
   7124.67  4.8390508E-01
   7125.00  4.9829698E-01
   7125.33  5.1119168E-01
   7125.67  5.2396892E-01
   7126.00  5.3741901E-01
   7126.33  5.5184637E-01
   7126.67  5.6649097E-01
   7127.00  5.8031759E-01
   7127.33  5.9154147E-01
   7127.67  5.9908151E-01
   7128.00  6.0235536E-01
   7128.33  6.0136142E-01
   7128.67  5.9816783E-01
   7129.00  5.9451311E-01
   7129.33  5.9226489E-01
   7129.67  5.9219573E-01
   7130.00  5.9447359E-01
   7130.33  5.9911982E-01
   7130.67  6.0550388E-01
   7131.00  6.1338567E-01
   7131.33  6.2274360E-01
   7131.67  6.3314700E-01
   7132.00  6.4413501E-01
   7132.33  6.5484777E-01
   7132.67  6.6436444E-01
   7133.00  6.7195707E-01
   7133.33  6.7673005E-01
   7133.67  6.7880188E-01
   7134.00  6.7833853E-01
   7134.33  6.7559952E-01
   7134.67  6.7153891E-01
   7135.00  6.6677366E-01
   7135.33  6.6191454E-01
   7135.67  6.5744210E-01
   7136.00  6.5364415E-01
   7136.33  6.5086392E-01
   7136.67  6.4913056E-01
   7137.00  6.4850153E-01
   7137.33  6.4908927E-01
   7137.67  6.5062384E-01
   7138.00  6.5290580E-01
   7138.33  6.5568684E-01
   7138.67  6.5858063E-01
   7139.00  6.6132917E-01
   7139.33  6.6365898E-01
   7139.67  6.6548309E-01
   7140.00  6.6675238E-01
   7140.33  6.6739253E-01
   7140.67  6.6750263E-01
   7141.00  6.6712229E-01
   7141.33  6.6626996E-01
   7141.67  6.6512317E-01
   7142.00  6.6380136E-01
   7142.33  6.6241525E-01
   7142.67  6.6107768E-01
   7143.00  6.5986078E-01
   7143.33  6.5881807E-01
   7143.67  6.5789093E-01
   7144.00  6.5699083E-01
   7144.33  6.5593671E-01
   7144.67  6.5451755E-01
   7145.00  6.5250313E-01
   7145.33  6.4950881E-01
   7145.67  6.4539772E-01
   7146.00  6.4000888E-01
   7146.33  6.3305745E-01
   7146.67  6.2469353E-01
   7147.00  6.1496237E-01
   7147.33  6.0382197E-01
   7147.67  5.9159267E-01
   7148.00  5.7844123E-01
   7148.33  5.6448934E-01
   7148.67  5.5004438E-01
   7149.00  5.3529459E-01
   7149.33  5.2044213E-01
   7149.67  5.0570162E-01
   7150.00  4.9123631E-01
   7150.33  4.7727343E-01
   7150.67  4.6390525E-01
   7151.00  4.5124019E-01
   7151.33  4.3948120E-01
   7151.67  4.2859982E-01
   7152.00  4.1863375E-01
   7152.33  4.0971681E-01
   7152.67  4.0172424E-01
   7153.00  3.9463144E-01
   7153.33  3.8849899E-01
   7153.67  3.8315922E-01
   7154.00  3.7855057E-01
   7154.33  3.7467320E-01
   7154.67  3.7135715E-01
   7155.00  3.6852233E-01
   7155.33  3.6612047E-01
   7155.67  3.6400687E-01
   7156.00  3.6210155E-01
   7156.33  3.6032907E-01
   7156.67  3.5858675E-01
   7157.00  3.5680934E-01
   7157.33  3.5493045E-01
   7157.67  3.5292611E-01
   7158.00  3.5078113E-01
   7158.33  3.4847718E-01
   7158.67  3.4604753E-01
   7159.00  3.4351575E-01
   7159.33  3.4090955E-01
   7159.67  3.3828057E-01
   7160.00  3.3566982E-01
   7160.33  3.3313418E-01
   7160.67  3.3071176E-01
   7161.00  3.2844276E-01
   7161.33  3.2639868E-01
   7161.67  3.2459737E-01
   7162.00  3.2307724E-01
   7162.33  3.2192453E-01
   7162.67  3.2114046E-01
   7163.00  3.2075783E-01
   7163.33  3.2086401E-01
   7163.67  3.2142987E-01
   7164.00  3.2246983E-01
   7164.33  3.2405265E-01
   7164.67  3.2611703E-01
   7165.00  3.2865431E-01
   7165.33  3.3170249E-01
   7165.67  3.3517803E-01
   7166.00  3.3905273E-01
   7166.33  3.4333416E-01
   7166.67  3.4793382E-01
   7167.00  3.5281015E-01
   7167.33  3.5794172E-01
   7167.67  3.6324866E-01
   7168.00  3.6868533E-01
   7168.33  3.7420808E-01
   7168.67  3.7975438E-01
   7169.00  3.8527947E-01
   7169.33  3.9072426E-01
   7169.67  3.9604947E-01
   7170.00  4.0121470E-01
   7170.33  4.0614737E-01
   7170.67  4.1082381E-01
   7171.00  4.1519422E-01
   7171.33  4.1913026E-01
   7171.67  4.2254925E-01
   7172.00  4.2528984E-01
