    FDMNES
    energy     <xanes>
   7097.00  5.2598008E-03
   7097.33  5.3992824E-03
   7097.67  5.5458030E-03
   7098.00  5.6998840E-03
   7098.33  5.8632314E-03
   7098.67  6.0355747E-03
   7099.00  6.2176408E-03
   7099.33  6.4117148E-03
   7099.67  6.6175407E-03
   7100.00  6.8361607E-03
   7100.33  7.0707237E-03
   7100.67  7.3210385E-03
   7101.00  7.5886499E-03
   7101.33  7.8780446E-03
   7101.67  8.1892059E-03
   7102.00  8.5245148E-03
   7102.33  8.8906255E-03
   7102.67  9.2879364E-03
   7103.00  9.7202947E-03
   7103.33  1.0198059E-02
   7103.67  1.0722596E-02
   7104.00  1.1300488E-02
   7104.33  1.1948863E-02
   7104.67  1.2671389E-02
   7105.00  1.3480179E-02
   7105.33  1.4405803E-02
   7105.67  1.5457759E-02
   7106.00  1.6660520E-02
   7106.33  1.8074435E-02
   7106.67  1.9725317E-02
   7107.00  2.1669292E-02
   7107.33  2.4043285E-02
   7107.67  2.6926363E-02
   7108.00  3.0472844E-02
   7108.33  3.5064030E-02
   7108.67  4.0999830E-02
   7109.00  4.8841558E-02
   7109.33  6.0061211E-02
   7109.67  7.6300017E-02
   7110.00  1.0075475E-01
   7110.33  1.4267524E-01
   7110.67  2.1321654E-01
   7111.00  3.2161225E-01
   7111.33  4.4464355E-01
   7111.67  5.2131329E-01
   7112.00  5.5648439E-01
   7112.33  5.7725384E-01
   7112.67  5.8522683E-01
   7113.00  5.7025895E-01
   7113.33  4.8138872E-01
   7113.67  3.6321666E-01
   7114.00  2.6621337E-01
   7114.33  2.0092779E-01
   7114.67  1.5645201E-01
   7115.00  1.2759724E-01
   7115.33  1.0982870E-01
   7115.67  9.6147416E-02
   7116.00  8.4393232E-02
   7116.33  7.5024074E-02
   7116.67  6.7803040E-02
   7117.00  6.2851978E-02
   7117.33  6.0222808E-02
   7117.67  5.9330813E-02
   7118.00  6.0006715E-02
   7118.33  6.2416888E-02
   7118.67  6.6591299E-02
   7119.00  7.2717596E-02
   7119.33  8.0427995E-02
   7119.67  8.7639656E-02
   7120.00  9.2575942E-02
   7120.33  9.5244648E-02
   7120.67  9.8006422E-02
   7121.00  1.0237202E-01
   7121.33  1.0995446E-01
   7121.67  1.2146407E-01
   7122.00  1.3784663E-01
   7122.33  1.6136311E-01
   7122.67  1.9306938E-01
   7123.00  2.3389558E-01
   7123.33  2.8224752E-01
   7123.67  3.3140243E-01
   7124.00  3.8005644E-01
   7124.33  4.3375506E-01
   7124.67  4.9221138E-01
   7125.00  5.4719834E-01
   7125.33  5.8429715E-01
   7125.67  6.0057806E-01
   7126.00  6.0016395E-01
   7126.33  5.9023316E-01
   7126.67  5.7834548E-01
   7127.00  5.6842767E-01
   7127.33  5.6476607E-01
   7127.67  5.6871878E-01
   7128.00  5.7973856E-01
   7128.33  5.9359504E-01
   7128.67  6.0236915E-01
   7129.00  6.0110034E-01
   7129.33  5.8942546E-01
   7129.67  5.7457659E-01
   7130.00  5.6150943E-01
   7130.33  5.5379750E-01
   7130.67  5.5154878E-01
   7131.00  5.5447698E-01
   7131.33  5.6240996E-01
   7131.67  5.7386804E-01
   7132.00  5.8776223E-01
   7132.33  6.0272341E-01
   7132.67  6.1818039E-01
   7133.00  6.3508111E-01
   7133.33  6.5461801E-01
   7133.67  6.7539313E-01
   7134.00  6.9536331E-01
   7134.33  7.1228740E-01
   7134.67  7.2566370E-01
   7135.00  7.3504525E-01
   7135.33  7.3908993E-01
   7135.67  7.3813253E-01
   7136.00  7.3325360E-01
   7136.33  7.2701876E-01
   7136.67  7.2260483E-01
   7137.00  7.2190844E-01
   7137.33  7.2632245E-01
   7137.67  7.3426674E-01
   7138.00  7.4323511E-01
   7138.33  7.4844336E-01
   7138.67  7.4622708E-01
   7139.00  7.3526429E-01
   7139.33  7.1654801E-01
   7139.67  6.9479529E-01
   7140.00  6.7305255E-01
   7140.33  6.5371985E-01
   7140.67  6.3725016E-01
   7141.00  6.2356505E-01
   7141.33  6.1252434E-01
   7141.67  6.0338590E-01
   7142.00  5.9588257E-01
   7142.33  5.8990057E-01
   7142.67  5.8505999E-01
   7143.00  5.8127965E-01
   7143.33  5.7867126E-01
   7143.67  5.7711066E-01
   7144.00  5.7658639E-01
   7144.33  5.7715619E-01
   7144.67  5.7856326E-01
   7145.00  5.8063457E-01
   7145.33  5.8317534E-01
   7145.67  5.8588168E-01
   7146.00  5.8857726E-01
   7146.33  5.9112607E-01
   7146.67  5.9351573E-01
   7147.00  5.9575920E-01
   7147.33  5.9783160E-01
   7147.67  5.9966699E-01
   7148.00  6.0110902E-01
   7148.33  6.0180546E-01
   7148.67  6.0151387E-01
   7149.00  5.9995338E-01
   7149.33  5.9666784E-01
   7149.67  5.9173180E-01
   7150.00  5.8520885E-01
   7150.33  5.7721102E-01
   7150.67  5.6833375E-01
   7151.00  5.5897954E-01
   7151.33  5.4954589E-01
   7151.67  5.4031716E-01
   7152.00  5.3140096E-01
   7152.33  5.2283120E-01
   7152.67  5.1446657E-01
   7153.00  5.0617376E-01
   7153.33  4.9776902E-01
   7153.67  4.8910975E-01
   7154.00  4.8009279E-01
   7154.33  4.7059018E-01
   7154.67  4.6064126E-01
   7155.00  4.5028280E-01
   7155.33  4.3957017E-01
   7155.67  4.2868470E-01
   7156.00  4.1777692E-01
   7156.33  4.0706348E-01
   7156.67  3.9672508E-01
   7157.00  3.8693071E-01
   7157.33  3.7794961E-01
   7157.67  3.6983827E-01
   7158.00  3.6269056E-01
   7158.33  3.5670435E-01
   7158.67  3.5177576E-01
   7159.00  3.4789230E-01
   7159.33  3.4512351E-01
   7159.67  3.4325058E-01
   7160.00  3.4216241E-01
   7160.33  3.4177504E-01
   7160.67  3.4182126E-01
   7161.00  3.4212827E-01
   7161.33  3.4250350E-01
   7161.67  3.4275570E-01
   7162.00  3.4275244E-01
   7162.33  3.4233217E-01
   7162.67  3.4146905E-01
   7163.00  3.4013053E-01
   7163.33  3.3825544E-01
   7163.67  3.3594028E-01
   7164.00  3.3323815E-01
   7164.33  3.3019447E-01
   7164.67  3.2694881E-01
   7165.00  3.2359843E-01
   7165.33  3.2026352E-01
   7165.67  3.1705777E-01
   7166.00  3.1407071E-01
   7166.33  3.1142802E-01
   7166.67  3.0915815E-01
   7167.00  3.0730136E-01
   7167.33  3.0594065E-01
   7167.67  3.0503114E-01
   7168.00  3.0457080E-01
   7168.33  3.0460294E-01
   7168.67  3.0505455E-01
   7169.00  3.0590598E-01
   7169.33  3.0717761E-01
   7169.67  3.0879330E-01
   7170.00  3.1072476E-01
   7170.33  3.1296786E-01
   7170.67  3.1543744E-01
   7171.00  3.1807200E-01
   7171.33  3.2076370E-01
   7171.67  3.2330512E-01
   7172.00  3.2543463E-01
