    FDMNES
    energy     <xanes>
   7097.00  4.2647299E-03
   7097.33  4.3590246E-03
   7097.67  4.4575350E-03
   7098.00  4.5605588E-03
   7098.33  4.6690941E-03
   7098.67  4.7829617E-03
   7099.00  4.9025761E-03
   7099.33  5.0292663E-03
   7099.67  5.1628619E-03
   7100.00  5.3039588E-03
   7100.33  5.4543820E-03
   7100.67  5.6140015E-03
   7101.00  5.7837053E-03
   7101.33  5.9660934E-03
   7101.67  6.1611454E-03
   7102.00  6.3702419E-03
   7102.33  6.5972543E-03
   7102.67  6.8424254E-03
   7103.00  7.1080150E-03
   7103.33  7.4001047E-03
   7103.67  7.7195582E-03
   7104.00  8.0703122E-03
   7104.33  8.4625760E-03
   7104.67  8.8987195E-03
   7105.00  9.3861594E-03
   7105.33  9.9435368E-03
   7105.67  1.0577127E-02
   7106.00  1.1302392E-02
   7106.33  1.2157330E-02
   7106.67  1.3159499E-02
   7107.00  1.4345833E-02
   7107.33  1.5806416E-02
   7107.67  1.7597190E-02
   7108.00  1.9825251E-02
   7108.33  2.2756722E-02
   7108.67  2.6615486E-02
   7109.00  3.1818878E-02
   7109.33  3.9477087E-02
   7109.67  5.0902618E-02
   7110.00  6.8670718E-02
   7110.33  1.0028610E-01
   7110.67  1.5431253E-01
   7111.00  2.3450736E-01
   7111.33  3.1580334E-01
   7111.67  3.5190825E-01
   7112.00  3.2013060E-01
   7112.33  2.5250157E-01
   7112.67  1.9855570E-01
   7113.00  1.6139139E-01
   7113.33  1.2944657E-01
   7113.67  1.0169254E-01
   7114.00  8.1749485E-02
   7114.33  7.0770194E-02
   7114.67  6.5343113E-02
   7115.00  6.1622457E-02
   7115.33  5.6859675E-02
   7115.67  5.3125773E-02
   7116.00  5.0520140E-02
   7116.33  4.7471300E-02
   7116.67  4.3988680E-02
   7117.00  4.0897761E-02
   7117.33  3.8881276E-02
   7117.67  3.7932360E-02
   7118.00  3.8075250E-02
   7118.33  3.9586570E-02
   7118.67  4.2502307E-02
   7119.00  4.6819946E-02
   7119.33  5.2125631E-02
   7119.67  5.7596562E-02
   7120.00  6.3325954E-02
   7120.33  7.0355045E-02
   7120.67  7.9358896E-02
   7121.00  9.0676518E-02
   7121.33  1.0454571E-01
   7121.67  1.2011289E-01
   7122.00  1.3650414E-01
   7122.33  1.5253154E-01
   7122.67  1.6744721E-01
   7123.00  1.8090418E-01
   7123.33  1.9248349E-01
   7123.67  2.0219294E-01
   7124.00  2.0970870E-01
   7124.33  2.1439330E-01
   7124.67  2.1593277E-01
   7125.00  2.1333376E-01
   7125.33  2.0652037E-01
   7125.67  1.9978908E-01
   7126.00  1.9713615E-01
   7126.33  2.0190035E-01
   7126.67  2.1350839E-01
   7127.00  2.3129780E-01
   7127.33  2.5488953E-01
   7127.67  2.8271482E-01
   7128.00  3.1422347E-01
   7128.33  3.4938957E-01
   7128.67  3.8737274E-01
   7129.00  4.2774305E-01
   7129.33  4.7039371E-01
   7129.67  5.1535394E-01
   7130.00  5.6355722E-01
   7130.33  6.1599796E-01
   7130.67  6.6929588E-01
   7131.00  7.1701909E-01
   7131.33  7.4878542E-01
   7131.67  7.6439722E-01
   7132.00  7.6952560E-01
   7132.33  7.7303468E-01
   7132.67  7.8130832E-01
   7133.00  7.9681558E-01
   7133.33  8.2146719E-01
   7133.67  8.5427384E-01
   7134.00  8.9522189E-01
   7134.33  9.4561292E-01
   7134.67  1.0043923E+00
   7135.00  1.0696249E+00
   7135.33  1.1319079E+00
   7135.67  1.1714075E+00
   7136.00  1.1683843E+00
   7136.33  1.1134114E+00
   7136.67  1.0347568E+00
   7137.00  9.5476576E-01
   7137.33  8.8837616E-01
   7137.67  8.3623182E-01
   7138.00  7.9650252E-01
   7138.33  7.6765114E-01
   7138.67  7.4629111E-01
   7139.00  7.3118171E-01
   7139.33  7.2215903E-01
   7139.67  7.1817945E-01
   7140.00  7.1916696E-01
   7140.33  7.2574924E-01
   7140.67  7.3716234E-01
   7141.00  7.5290411E-01
   7141.33  7.7196358E-01
   7141.67  7.9152105E-01
   7142.00  8.0875255E-01
   7142.33  8.1954607E-01
   7142.67  8.2220358E-01
   7143.00  8.1608167E-01
   7143.33  8.0112764E-01
   7143.67  7.8040475E-01
   7144.00  7.5596698E-01
   7144.33  7.2975007E-01
   7144.67  7.0355862E-01
   7145.00  6.7834152E-01
   7145.33  6.5501406E-01
   7145.67  6.3376139E-01
   7146.00  6.1475241E-01
   7146.33  5.9833563E-01
   7146.67  5.8418129E-01
   7147.00  5.7219722E-01
   7147.33  5.6248242E-01
   7147.67  5.5460037E-01
   7148.00  5.4837815E-01
   7148.33  5.4378418E-01
   7148.67  5.4041778E-01
   7149.00  5.3808537E-01
   7149.33  5.3665021E-01
   7149.67  5.3575189E-01
   7150.00  5.3513913E-01
   7150.33  5.3449171E-01
   7150.67  5.3349097E-01
   7151.00  5.3184575E-01
   7151.33  5.2906955E-01
   7151.67  5.2493443E-01
   7152.00  5.1918202E-01
   7152.33  5.1138973E-01
   7152.67  5.0174033E-01
   7153.00  4.9032692E-01
   7153.33  4.7720045E-01
   7153.67  4.6289072E-01
   7154.00  4.4772408E-01
   7154.33  4.3201131E-01
   7154.67  4.1615004E-01
   7155.00  4.0041128E-01
   7155.33  3.8510991E-01
   7155.67  3.7037880E-01
   7156.00  3.5633466E-01
   7156.33  3.4318861E-01
   7156.67  3.3093501E-01
   7157.00  3.1964722E-01
   7157.33  3.0953715E-01
   7157.67  3.0055369E-01
   7158.00  2.9276609E-01
   7158.33  2.8641586E-01
   7158.67  2.8142420E-01
   7159.00  2.7785517E-01
   7159.33  2.7595009E-01
   7159.67  2.7554416E-01
   7160.00  2.7661037E-01
   7160.33  2.7921848E-01
   7160.67  2.8300554E-01
   7161.00  2.8773145E-01
   7161.33  2.9311657E-01
   7161.67  2.9869539E-01
   7162.00  3.0414337E-01
   7162.33  3.0909369E-01
   7162.67  3.1339755E-01
   7163.00  3.1697310E-01
   7163.33  3.1972727E-01
   7163.67  3.2182122E-01
   7164.00  3.2334831E-01
   7164.33  3.2437896E-01
   7164.67  3.2509668E-01
   7165.00  3.2560628E-01
   7165.33  3.2600765E-01
   7165.67  3.2641163E-01
   7166.00  3.2689014E-01
   7166.33  3.2752858E-01
   7166.67  3.2836182E-01
   7167.00  3.2942519E-01
   7167.33  3.3078248E-01
   7167.67  3.3242294E-01
   7168.00  3.3435953E-01
   7168.33  3.3663974E-01
   7168.67  3.3922790E-01
   7169.00  3.4211963E-01
   7169.33  3.4533792E-01
   7169.67  3.4882236E-01
   7170.00  3.5254079E-01
   7170.33  3.5646046E-01
   7170.67  3.6047945E-01
   7171.00  3.6450390E-01
   7171.33  3.6836182E-01
   7171.67  3.7184206E-01
   7172.00  3.7468115E-01
