    FDMNES
    energy     <xanes>
   7097.00  4.3785399E-03
   7097.33  4.4760309E-03
   7097.67  4.5778816E-03
   7098.00  4.6843903E-03
   7098.33  4.7965725E-03
   7098.67  4.9142274E-03
   7099.00  5.0377639E-03
   7099.33  5.1685154E-03
   7099.67  5.3062792E-03
   7100.00  5.4516308E-03
   7100.33  5.6063685E-03
   7100.67  5.7703100E-03
   7101.00  5.9442906E-03
   7101.33  6.1308135E-03
   7101.67  6.3297650E-03
   7102.00  6.5424039E-03
   7102.33  6.7723469E-03
   7102.67  7.0196565E-03
   7103.00  7.2863141E-03
   7103.33  7.5777887E-03
   7103.67  7.8945598E-03
   7104.00  8.2399193E-03
   7104.33  8.6226119E-03
   7104.67  9.0441072E-03
   7105.00  9.5102519E-03
   7105.33  1.0036053E-02
   7105.67  1.0625435E-02
   7106.00  1.1289715E-02
   7106.33  1.2057140E-02
   7106.67  1.2938255E-02
   7107.00  1.3957658E-02
   7107.33  1.5175666E-02
   7107.67  1.6623306E-02
   7108.00  1.8363567E-02
   7108.33  2.0551324E-02
   7108.67  2.3296180E-02
   7109.00  2.6805693E-02
   7109.33  3.1613142E-02
   7109.67  3.8256223E-02
   7110.00  4.7769182E-02
   7110.33  6.3079355E-02
   7110.67  8.7805804E-02
   7111.00  1.2676351E-01
   7111.33  1.8464810E-01
   7111.67  2.4327383E-01
   7112.00  2.7238485E-01
   7112.33  2.9523128E-01
   7112.67  3.5541832E-01
   7113.00  4.2390497E-01
   7113.33  4.0188466E-01
   7113.67  3.1627582E-01
   7114.00  2.3457702E-01
   7114.33  1.8330772E-01
   7114.67  1.5145163E-01
   7115.00  1.3119581E-01
   7115.33  1.1899014E-01
   7115.67  1.1129506E-01
   7116.00  1.0276382E-01
   7116.33  8.8674846E-02
   7116.67  7.5024119E-02
   7117.00  6.5366250E-02
   7117.33  6.0089111E-02
   7117.67  5.7660321E-02
   7118.00  5.7301510E-02
   7118.33  5.8312522E-02
   7118.67  5.9993572E-02
   7119.00  6.2352783E-02
   7119.33  6.5367226E-02
   7119.67  6.8577589E-02
   7120.00  7.2087805E-02
   7120.33  7.6473467E-02
   7120.67  8.1842189E-02
   7121.00  8.8150711E-02
   7121.33  9.5548968E-02
   7121.67  1.0414640E-01
   7122.00  1.1416615E-01
   7122.33  1.2588535E-01
   7122.67  1.3910559E-01
   7123.00  1.5397756E-01
   7123.33  1.7116088E-01
   7123.67  1.9090279E-01
   7124.00  2.1332300E-01
   7124.33  2.3793539E-01
   7124.67  2.6343871E-01
   7125.00  2.8969537E-01
   7125.33  3.1761805E-01
   7125.67  3.4710128E-01
   7126.00  3.7682452E-01
   7126.33  4.0494452E-01
   7126.67  4.3265369E-01
   7127.00  4.6284873E-01
   7127.33  4.9942429E-01
   7127.67  5.4253664E-01
   7128.00  5.8971377E-01
   7128.33  6.3318493E-01
   7128.67  6.6213041E-01
   7129.00  6.6710030E-01
   7129.33  6.4197142E-01
   7129.67  5.9966501E-01
   7130.00  5.5237562E-01
   7130.33  5.1075662E-01
   7130.67  4.7790934E-01
   7131.00  4.5388182E-01
   7131.33  4.3861561E-01
   7131.67  4.3023435E-01
   7132.00  4.2756008E-01
   7132.33  4.2816737E-01
   7132.67  4.2860139E-01
   7133.00  4.2743216E-01
   7133.33  4.2436294E-01
   7133.67  4.2032626E-01
   7134.00  4.1604235E-01
   7134.33  4.1222081E-01
   7134.67  4.0917910E-01
   7135.00  4.0705143E-01
   7135.33  4.0600228E-01
   7135.67  4.0591071E-01
   7136.00  4.0676708E-01
   7136.33  4.0867454E-01
   7136.67  4.1149505E-01
   7137.00  4.1519580E-01
   7137.33  4.1981436E-01
   7137.67  4.2515407E-01
   7138.00  4.3111623E-01
   7138.33  4.3764979E-01
   7138.67  4.4460576E-01
   7139.00  4.5195097E-01
   7139.33  4.5973202E-01
   7139.67  4.6789116E-01
   7140.00  4.7638165E-01
   7140.33  4.8510321E-01
   7140.67  4.9382903E-01
   7141.00  5.0237157E-01
   7141.33  5.1049851E-01
   7141.67  5.1810525E-01
   7142.00  5.2507040E-01
   7142.33  5.3113760E-01
   7142.67  5.3624964E-01
   7143.00  5.4032819E-01
   7143.33  5.4329293E-01
   7143.67  5.4548109E-01
   7144.00  5.4718839E-01
   7144.33  5.4878903E-01
   7144.67  5.5066173E-01
   7145.00  5.5310480E-01
   7145.33  5.5649999E-01
   7145.67  5.6090671E-01
   7146.00  5.6637867E-01
   7146.33  5.7301962E-01
   7146.67  5.8059682E-01
   7147.00  5.8897874E-01
   7147.33  5.9806422E-01
   7147.67  6.0759077E-01
   7148.00  6.1741157E-01
   7148.33  6.2740246E-01
   7148.67  6.3744080E-01
   7149.00  6.4747098E-01
   7149.33  6.5745976E-01
   7149.67  6.6741326E-01
   7150.00  6.7735041E-01
   7150.33  6.8730924E-01
   7150.67  6.9732040E-01
   7151.00  7.0739631E-01
   7151.33  7.1752770E-01
   7151.67  7.2765080E-01
   7152.00  7.3768116E-01
   7152.33  7.4746117E-01
   7152.67  7.5686137E-01
   7153.00  7.6573335E-01
   7153.33  7.7381779E-01
   7153.67  7.8104808E-01
   7154.00  7.8731569E-01
   7154.33  7.9239608E-01
   7154.67  7.9636510E-01
   7155.00  7.9920062E-01
   7155.33  8.0075901E-01
   7155.67  8.0119970E-01
   7156.00  8.0054859E-01
   7156.33  7.9871279E-01
   7156.67  7.9586880E-01
   7157.00  7.9205758E-01
   7157.33  7.8721258E-01
   7157.67  7.8149684E-01
   7158.00  7.7495121E-01
   7158.33  7.6752572E-01
   7158.67  7.5937750E-01
   7159.00  7.5057756E-01
   7159.33  7.4116400E-01
   7159.67  7.3132793E-01
   7160.00  7.2118652E-01
   7160.33  7.1086829E-01
   7160.67  7.0054446E-01
   7161.00  6.9033759E-01
   7161.33  6.8039916E-01
   7161.67  6.7079131E-01
   7162.00  6.6156652E-01
   7162.33  6.5280473E-01
   7162.67  6.4444941E-01
   7163.00  6.3647201E-01
   7163.33  6.2885526E-01
   7163.67  6.2148186E-01
   7164.00  6.1427461E-01
   7164.33  6.0714427E-01
   7164.67  5.9998249E-01
   7165.00  5.9270793E-01
   7165.33  5.8521305E-01
   7165.67  5.7745852E-01
   7166.00  5.6940917E-01
   7166.33  5.6101022E-01
   7166.67  5.5231214E-01
   7167.00  5.4334553E-01
   7167.33  5.3413994E-01
   7167.67  5.2479611E-01
   7168.00  5.1538840E-01
   7168.33  5.0601368E-01
   7168.67  4.9676287E-01
   7169.00  4.8771417E-01
   7169.33  4.7898664E-01
   7169.67  4.7061947E-01
   7170.00  4.6267119E-01
   7170.33  4.5526428E-01
   7170.67  4.4839830E-01
   7171.00  4.4212833E-01
   7171.33  4.3662156E-01
   7171.67  4.3192151E-01
   7172.00  4.2817997E-01
