    FDMNES
    energy     <xanes>
   7097.00  4.9168377E-03
   7097.33  5.0340037E-03
   7097.67  5.1566075E-03
   7098.00  5.2850306E-03
   7098.33  5.4205552E-03
   7098.67  5.5629439E-03
   7099.00  5.7127232E-03
   7099.33  5.8715892E-03
   7099.67  6.0393080E-03
   7100.00  6.2166273E-03
   7100.33  6.4058547E-03
   7100.67  6.6067933E-03
   7101.00  6.8205403E-03
   7101.33  7.0503431E-03
   7101.67  7.2961143E-03
   7102.00  7.5595300E-03
   7102.33  7.8453472E-03
   7102.67  8.1537506E-03
   7103.00  8.4874253E-03
   7103.33  8.8536918E-03
   7103.67  9.2533801E-03
   7104.00  9.6910521E-03
   7104.33  1.0178687E-02
   7104.67  1.0718670E-02
   7105.00  1.1319349E-02
   7105.33  1.2001933E-02
   7105.67  1.2772784E-02
   7106.00  1.3648733E-02
   7106.33  1.4671470E-02
   7106.67  1.5858627E-02
   7107.00  1.7248946E-02
   7107.33  1.8937271E-02
   7107.67  2.0978766E-02
   7108.00  2.3481495E-02
   7108.33  2.6713888E-02
   7108.67  3.0892360E-02
   7109.00  3.6424117E-02
   7109.33  4.4390612E-02
   7109.67  5.6048215E-02
   7110.00  7.3867364E-02
   7110.33  1.0495327E-01
   7110.67  1.5633076E-01
   7111.00  2.2661775E-01
   7111.33  2.8713577E-01
   7111.67  3.2292218E-01
   7112.00  3.4266527E-01
   7112.33  3.5250990E-01
   7112.67  3.4795589E-01
   7113.00  3.4215378E-01
   7113.33  3.4229777E-01
   7113.67  3.2883097E-01
   7114.00  2.9245858E-01
   7114.33  2.4147874E-01
   7114.67  1.9419580E-01
   7115.00  1.5695083E-01
   7115.33  1.3090981E-01
   7115.67  1.1251151E-01
   7116.00  9.9838245E-02
   7116.33  9.1736178E-02
   7116.67  8.6628357E-02
   7117.00  8.3927275E-02
   7117.33  8.3417827E-02
   7117.67  8.4505165E-02
   7118.00  8.6889108E-02
   7118.33  9.0293842E-02
   7118.67  9.4154841E-02
   7119.00  9.8066048E-02
   7119.33  1.0155982E-01
   7119.67  1.0440795E-01
   7120.00  1.0674989E-01
   7120.33  1.0918839E-01
   7120.67  1.1247760E-01
   7121.00  1.1728845E-01
   7121.33  1.2453099E-01
   7121.67  1.3449540E-01
   7122.00  1.4777453E-01
   7122.33  1.6563852E-01
   7122.67  1.8788930E-01
   7123.00  2.1378284E-01
   7123.33  2.4128236E-01
   7123.67  2.6760774E-01
   7124.00  2.9101916E-01
   7124.33  3.1029087E-01
   7124.67  3.2697237E-01
   7125.00  3.4294621E-01
   7125.33  3.6019367E-01
   7125.67  3.7923479E-01
   7126.00  4.0000959E-01
   7126.33  4.2272198E-01
   7126.67  4.4727744E-01
   7127.00  4.7348349E-01
   7127.33  5.0047761E-01
   7127.67  5.2669487E-01
   7128.00  5.5106692E-01
   7128.33  5.7285549E-01
   7128.67  5.9279824E-01
   7129.00  6.1211343E-01
   7129.33  6.3328359E-01
   7129.67  6.5780349E-01
   7130.00  6.8529882E-01
   7130.33  7.1299236E-01
   7130.67  7.3690832E-01
   7131.00  7.5419184E-01
   7131.33  7.6222317E-01
   7131.67  7.6268585E-01
   7132.00  7.5806484E-01
   7132.33  7.5292777E-01
   7132.67  7.5188682E-01
   7133.00  7.5698561E-01
   7133.33  7.6819051E-01
   7133.67  7.8172616E-01
   7134.00  7.9481612E-01
   7134.33  8.0569542E-01
   7134.67  8.1465775E-01
   7135.00  8.2178489E-01
   7135.33  8.2629669E-01
   7135.67  8.2779720E-01
   7136.00  8.2592233E-01
   7136.33  8.2020032E-01
   7136.67  8.1139707E-01
   7137.00  8.0010376E-01
   7137.33  7.8713471E-01
   7137.67  7.7384734E-01
   7138.00  7.6118066E-01
   7138.33  7.5008319E-01
   7138.67  7.4063809E-01
   7139.00  7.3259662E-01
   7139.33  7.2524219E-01
   7139.67  7.1733431E-01
   7140.00  7.0780250E-01
   7140.33  6.9536807E-01
   7140.67  6.8005742E-01
   7141.00  6.6226580E-01
   7141.33  6.4291980E-01
   7141.67  6.2363708E-01
   7142.00  6.0561348E-01
   7142.33  5.9017929E-01
   7142.67  5.7756209E-01
   7143.00  5.6776726E-01
   7143.33  5.6066437E-01
   7143.67  5.5521091E-01
   7144.00  5.5069133E-01
   7144.33  5.4643227E-01
   7144.67  5.4199802E-01
   7145.00  5.3729616E-01
   7145.33  5.3240875E-01
   7145.67  5.2755601E-01
   7146.00  5.2290274E-01
   7146.33  5.1862300E-01
   7146.67  5.1473307E-01
   7147.00  5.1121988E-01
   7147.33  5.0804883E-01
   7147.67  5.0508035E-01
   7148.00  5.0222701E-01
   7148.33  4.9941419E-01
   7148.67  4.9659354E-01
   7149.00  4.9376155E-01
   7149.33  4.9095331E-01
   7149.67  4.8822165E-01
   7150.00  4.8561694E-01
   7150.33  4.8320763E-01
   7150.67  4.8099793E-01
   7151.00  4.7899307E-01
   7151.33  4.7720875E-01
   7151.67  4.7560559E-01
   7152.00  4.7417575E-01
   7152.33  4.7295059E-01
   7152.67  4.7194607E-01
   7153.00  4.7122359E-01
   7153.33  4.7092971E-01
   7153.67  4.7112857E-01
   7154.00  4.7190772E-01
   7154.33  4.7341586E-01
   7154.67  4.7557838E-01
   7155.00  4.7833605E-01
   7155.33  4.8159581E-01
   7155.67  4.8507700E-01
   7156.00  4.8854073E-01
   7156.33  4.9164042E-01
   7156.67  4.9411255E-01
   7157.00  4.9572318E-01
   7157.33  4.9612130E-01
   7157.67  4.9530266E-01
   7158.00  4.9321520E-01
   7158.33  4.8971738E-01
   7158.67  4.8505375E-01
   7159.00  4.7934766E-01
   7159.33  4.7267735E-01
   7159.67  4.6536412E-01
   7160.00  4.5760203E-01
   7160.33  4.4958862E-01
   7160.67  4.4156440E-01
   7161.00  4.3369252E-01
   7161.33  4.2617345E-01
   7161.67  4.1909482E-01
   7162.00  4.1253550E-01
   7162.33  4.0662225E-01
   7162.67  4.0130128E-01
   7163.00  3.9657009E-01
   7163.33  3.9248994E-01
   7163.67  3.8896530E-01
   7164.00  3.8596643E-01
   7164.33  3.8351157E-01
   7164.67  3.8149525E-01
   7165.00  3.7987910E-01
   7165.33  3.7866468E-01
   7165.67  3.7776824E-01
   7166.00  3.7716055E-01
   7166.33  3.7684424E-01
   7166.67  3.7676062E-01
   7167.00  3.7689097E-01
   7167.33  3.7724284E-01
   7167.67  3.7777755E-01
   7168.00  3.7848368E-01
   7168.33  3.7936880E-01
   7168.67  3.8040277E-01
   7169.00  3.8157770E-01
   7169.33  3.8290057E-01
   7169.67  3.8434382E-01
   7170.00  3.8589572E-01
   7170.33  3.8755024E-01
   7170.67  3.8927125E-01
   7171.00  3.9102711E-01
   7171.33  3.9275381E-01
   7171.67  3.9434570E-01
   7172.00  3.9566115E-01
