    FDMNES
    energy     <xanes>
   7097.00  4.9529656E-03
   7097.33  5.0737398E-03
   7097.67  5.2000875E-03
   7098.00  5.3323899E-03
   7098.33  5.4719438E-03
   7098.67  5.6184910E-03
   7099.00  5.7725521E-03
   7099.33  5.9358273E-03
   7099.67  6.1080539E-03
   7100.00  6.2899624E-03
   7100.33  6.4838410E-03
   7100.67  6.6894499E-03
   7101.00  6.9078469E-03
   7101.33  7.1422091E-03
   7101.67  7.3923804E-03
   7102.00  7.6599506E-03
   7102.33  7.9495005E-03
   7102.67  8.2610925E-03
   7103.00  8.5972263E-03
   7103.33  8.9648173E-03
   7103.67  9.3644541E-03
   7104.00  9.8002914E-03
   7104.33  1.0283387E-02
   7104.67  1.0815594E-02
   7105.00  1.1404320E-02
   7105.33  1.2068596E-02
   7105.67  1.2813465E-02
   7106.00  1.3653391E-02
   7106.33  1.4624498E-02
   7106.67  1.5740628E-02
   7107.00  1.7033763E-02
   7107.33  1.8582462E-02
   7107.67  2.0428737E-02
   7108.00  2.2657172E-02
   7108.33  2.5476955E-02
   7108.67  2.9044377E-02
   7109.00  3.3655450E-02
   7109.33  4.0083843E-02
   7109.67  4.9167635E-02
   7110.00  6.2538951E-02
   7110.33  8.4829762E-02
   7110.67  1.2081778E-01
   7111.00  1.7204799E-01
   7111.33  2.3202653E-01
   7111.67  2.9862463E-01
   7112.00  3.5856085E-01
   7112.33  3.7351154E-01
   7112.67  3.5956255E-01
   7113.00  3.4012721E-01
   7113.33  3.2149635E-01
   7113.67  3.1061250E-01
   7114.00  3.1215478E-01
   7114.33  3.1192825E-01
   7114.67  2.9198339E-01
   7115.00  2.5452594E-01
   7115.33  2.1312422E-01
   7115.67  1.7925719E-01
   7116.00  1.5603758E-01
   7116.33  1.4366866E-01
   7116.67  1.3868970E-01
   7117.00  1.3950028E-01
   7117.33  1.4547076E-01
   7117.67  1.5496707E-01
   7118.00  1.6606902E-01
   7118.33  1.7411001E-01
   7118.67  1.7563920E-01
   7119.00  1.7196890E-01
   7119.33  1.6838777E-01
   7119.67  1.6814151E-01
   7120.00  1.7163554E-01
   7120.33  1.7930226E-01
   7120.67  1.9138343E-01
   7121.00  2.0819423E-01
   7121.33  2.2957899E-01
   7121.67  2.5369481E-01
   7122.00  2.7851399E-01
   7122.33  3.0020311E-01
   7122.67  3.1645627E-01
   7123.00  3.2822855E-01
   7123.33  3.4022453E-01
   7123.67  3.5710743E-01
   7124.00  3.8038016E-01
   7124.33  4.0881699E-01
   7124.67  4.3803919E-01
   7125.00  4.6515818E-01
   7125.33  4.8774693E-01
   7125.67  5.0636252E-01
   7126.00  5.2289748E-01
   7126.33  5.4048070E-01
   7126.67  5.6008865E-01
   7127.00  5.8010349E-01
   7127.33  5.9671865E-01
   7127.67  6.0728824E-01
   7128.00  6.1061326E-01
   7128.33  6.0642816E-01
   7128.67  5.9712491E-01
   7129.00  5.8402046E-01
   7129.33  5.6867510E-01
   7129.67  5.5329538E-01
   7130.00  5.3874606E-01
   7130.33  5.2439930E-01
   7130.67  5.0886433E-01
   7131.00  4.9202443E-01
   7131.33  4.7554486E-01
   7131.67  4.6158981E-01
   7132.00  4.5160343E-01
   7132.33  4.4711092E-01
   7132.67  4.4762615E-01
   7133.00  4.5272222E-01
   7133.33  4.6197977E-01
   7133.67  4.7367204E-01
   7134.00  4.8621271E-01
   7134.33  4.9728409E-01
   7134.67  5.0562024E-01
   7135.00  5.1108095E-01
   7135.33  5.1410144E-01
   7135.67  5.1592546E-01
   7136.00  5.1735621E-01
   7136.33  5.1927069E-01
   7136.67  5.2221644E-01
   7137.00  5.2648249E-01
   7137.33  5.3237373E-01
   7137.67  5.3971604E-01
   7138.00  5.4848141E-01
   7138.33  5.5876067E-01
   7138.67  5.7020228E-01
   7139.00  5.8252953E-01
   7139.33  5.9535176E-01
   7139.67  6.0810196E-01
   7140.00  6.2034666E-01
   7140.33  6.3151461E-01
   7140.67  6.4135678E-01
   7141.00  6.4964336E-01
   7141.33  6.5601564E-01
   7141.67  6.6064750E-01
   7142.00  6.6352376E-01
   7142.33  6.6432141E-01
   7142.67  6.6307419E-01
   7143.00  6.5959399E-01
   7143.33  6.5354179E-01
   7143.67  6.4549635E-01
   7144.00  6.3599488E-01
   7144.33  6.2579191E-01
   7144.67  6.1584254E-01
   7145.00  6.0679441E-01
   7145.33  5.9935744E-01
   7145.67  5.9362895E-01
   7146.00  5.8966093E-01
   7146.33  5.8754980E-01
   7146.67  5.8685986E-01
   7147.00  5.8736076E-01
   7147.33  5.8892486E-01
   7147.67  5.9123843E-01
   7148.00  5.9416551E-01
   7148.33  5.9761495E-01
   7148.67  6.0137183E-01
   7149.00  6.0530241E-01
   7149.33  6.0926935E-01
   7149.67  6.1315175E-01
   7150.00  6.1687815E-01
   7150.33  6.2036822E-01
   7150.67  6.2361189E-01
   7151.00  6.2658774E-01
   7151.33  6.2924750E-01
   7151.67  6.3161317E-01
   7152.00  6.3366418E-01
   7152.33  6.3531760E-01
   7152.67  6.3656045E-01
   7153.00  6.3732791E-01
   7153.33  6.3745735E-01
   7153.67  6.3691708E-01
   7154.00  6.3561822E-01
   7154.33  6.3335931E-01
   7154.67  6.3017050E-01
   7155.00  6.2600620E-01
   7155.33  6.2071669E-01
   7155.67  6.1443817E-01
   7156.00  6.0721222E-01
   7156.33  5.9901743E-01
   7156.67  5.9008613E-01
   7157.00  5.8054943E-01
   7157.33  5.7051475E-01
   7157.67  5.6019779E-01
   7158.00  5.4972569E-01
   7158.33  5.3922094E-01
   7158.67  5.2878718E-01
   7159.00  5.1849220E-01
   7159.33  5.0842406E-01
   7159.67  4.9860856E-01
   7160.00  4.8908375E-01
   7160.33  4.7992888E-01
   7160.67  4.7112994E-01
   7161.00  4.6269823E-01
   7161.33  4.5468009E-01
   7161.67  4.4701751E-01
   7162.00  4.3969234E-01
   7162.33  4.3271758E-01
   7162.67  4.2602757E-01
   7163.00  4.1960111E-01
   7163.33  4.1344897E-01
   7163.67  4.0752973E-01
   7164.00  4.0183991E-01
   7164.33  3.9640675E-01
   7164.67  3.9120868E-01
   7165.00  3.8625858E-01
   7165.33  3.8160643E-01
   7165.67  3.7723354E-01
   7166.00  3.7314779E-01
   7166.33  3.6938805E-01
   7166.67  3.6591377E-01
   7167.00  3.6271637E-01
   7167.33  3.5981409E-01
   7167.67  3.5715699E-01
   7168.00  3.5473087E-01
   7168.33  3.5254930E-01
   7168.67  3.5057612E-01
   7169.00  3.4880754E-01
   7169.33  3.4726803E-01
   7169.67  3.4593315E-01
   7170.00  3.4480445E-01
   7170.33  3.4390925E-01
   7170.67  3.4322029E-01
   7171.00  3.4273153E-01
   7171.33  3.4244617E-01
   7171.67  3.4229624E-01
   7172.00  3.4221268E-01
