    FDMNES
    energy     <xanes>
   7097.00  4.4736335E-03
   7097.33  4.5640509E-03
   7097.67  4.6579183E-03
   7098.00  4.7554369E-03
   7098.33  4.8573518E-03
   7098.67  4.9634575E-03
   7099.00  5.0740205E-03
   7099.33  5.1899832E-03
   7099.67  5.3111269E-03
   7100.00  5.4378136E-03
   7100.33  5.5712650E-03
   7100.67  5.7112585E-03
   7101.00  5.8583021E-03
   7101.33  6.0140278E-03
   7101.67  6.1782320E-03
   7102.00  6.3516554E-03
   7102.33  6.5365605E-03
   7102.67  6.7328162E-03
   7103.00  6.9415544E-03
   7103.33  7.1660633E-03
   7103.67  7.4064085E-03
   7104.00  7.6644258E-03
   7104.33  7.9451904E-03
   7104.67  8.2492714E-03
   7105.00  8.5798799E-03
   7105.33  8.9454963E-03
   7105.67  9.3480078E-03
   7106.00  9.7936200E-03
   7106.33  1.0298111E-02
   7106.67  1.0867129E-02
   7107.00  1.1514429E-02
   7107.33  1.2274181E-02
   7107.67  1.3164557E-02
   7108.00  1.4222767E-02
   7108.33  1.5541802E-02
   7108.67  1.7193654E-02
   7109.00  1.9315945E-02
   7109.33  2.2275127E-02
   7109.67  2.6493133E-02
   7110.00  3.2804109E-02
   7110.33  4.3602422E-02
   7110.67  6.1107871E-02
   7111.00  8.3940482E-02
   7111.33  9.9675264E-02
   7111.67  1.0766862E-01
   7112.00  1.1874665E-01
   7112.33  1.3769324E-01
   7112.67  1.5484047E-01
   7113.00  1.6684847E-01
   7113.33  1.6963188E-01
   7113.67  1.5192975E-01
   7114.00  1.1693636E-01
   7114.33  8.9415492E-02
   7114.67  7.3937623E-02
   7115.00  6.6853934E-02
   7115.33  6.5447628E-02
   7115.67  6.7261191E-02
   7116.00  7.1456966E-02
   7116.33  7.8100940E-02
   7116.67  8.7590829E-02
   7117.00  1.0081606E-01
   7117.33  1.1916948E-01
   7117.67  1.4209478E-01
   7118.00  1.6811231E-01
   7118.33  1.9269113E-01
   7118.67  2.1063603E-01
   7119.00  2.2009401E-01
   7119.33  2.2268516E-01
   7119.67  2.2307001E-01
   7120.00  2.2342916E-01
   7120.33  2.2559734E-01
   7120.67  2.3175719E-01
   7121.00  2.4443952E-01
   7121.33  2.6689253E-01
   7121.67  2.9903084E-01
   7122.00  3.4094939E-01
   7122.33  3.9212034E-01
   7122.67  4.4549498E-01
   7123.00  4.9028932E-01
   7123.33  5.0975375E-01
   7123.67  5.0654961E-01
   7124.00  4.9435444E-01
   7124.33  4.8558080E-01
   7124.67  4.7867207E-01
   7125.00  4.7203051E-01
   7125.33  4.6792257E-01
   7125.67  4.6728353E-01
   7126.00  4.6913611E-01
   7126.33  4.7249296E-01
   7126.67  4.7965978E-01
   7127.00  4.9479296E-01
   7127.33  5.2048028E-01
   7127.67  5.5168509E-01
   7128.00  5.8321287E-01
   7128.33  6.0952879E-01
   7128.67  6.2977925E-01
   7129.00  6.4519448E-01
   7129.33  6.5693880E-01
   7129.67  6.6568830E-01
   7130.00  6.7116623E-01
   7130.33  6.7310067E-01
   7130.67  6.7269948E-01
   7131.00  6.7090177E-01
   7131.33  6.6847344E-01
   7131.67  6.6578448E-01
   7132.00  6.6286212E-01
   7132.33  6.5987267E-01
   7132.67  6.5706386E-01
   7133.00  6.5434092E-01
   7133.33  6.5123056E-01
   7133.67  6.4750231E-01
   7134.00  6.4318791E-01
   7134.33  6.3842169E-01
   7134.67  6.3350146E-01
   7135.00  6.2866194E-01
   7135.33  6.2413117E-01
   7135.67  6.1983995E-01
   7136.00  6.1556969E-01
   7136.33  6.1102709E-01
   7136.67  6.0624389E-01
   7137.00  6.0148533E-01
   7137.33  5.9722031E-01
   7137.67  5.9370005E-01
   7138.00  5.9104162E-01
   7138.33  5.8933872E-01
   7138.67  5.8837099E-01
   7139.00  5.8801993E-01
   7139.33  5.8822400E-01
   7139.67  5.8880108E-01
   7140.00  5.8962693E-01
   7140.33  5.9052699E-01
   7140.67  5.9129219E-01
   7141.00  5.9177239E-01
   7141.33  5.9180581E-01
   7141.67  5.9140228E-01
   7142.00  5.9056361E-01
   7142.33  5.8924085E-01
   7142.67  5.8745965E-01
   7143.00  5.8515380E-01
   7143.33  5.8212035E-01
   7143.67  5.7829227E-01
   7144.00  5.7354917E-01
   7144.33  5.6766716E-01
   7144.67  5.6075327E-01
   7145.00  5.5286866E-01
   7145.33  5.4407392E-01
   7145.67  5.3470714E-01
   7146.00  5.2500014E-01
   7146.33  5.1519884E-01
   7146.67  5.0551440E-01
   7147.00  4.9605992E-01
   7147.33  4.8693549E-01
   7147.67  4.7812493E-01
   7148.00  4.6966381E-01
   7148.33  4.6171826E-01
   7148.67  4.5440841E-01
   7149.00  4.4790738E-01
   7149.33  4.4249884E-01
   7149.67  4.3812657E-01
   7150.00  4.3475592E-01
   7150.33  4.3236805E-01
   7150.67  4.3065332E-01
   7151.00  4.2940216E-01
   7151.33  4.2838478E-01
   7151.67  4.2733839E-01
   7152.00  4.2609422E-01
   7152.33  4.2447966E-01
   7152.67  4.2249757E-01
   7153.00  4.2019086E-01
   7153.33  4.1765396E-01
   7153.67  4.1507612E-01
   7154.00  4.1260434E-01
   7154.33  4.1041898E-01
   7154.67  4.0859374E-01
   7155.00  4.0718085E-01
   7155.33  4.0625312E-01
   7155.67  4.0573626E-01
   7156.00  4.0558763E-01
   7156.33  4.0577213E-01
   7156.67  4.0616139E-01
   7157.00  4.0666486E-01
   7157.33  4.0716561E-01
   7157.67  4.0754219E-01
   7158.00  4.0769444E-01
   7158.33  4.0748212E-01
   7158.67  4.0687838E-01
   7159.00  4.0586315E-01
   7159.33  4.0441523E-01
   7159.67  4.0265840E-01
   7160.00  4.0068603E-01
   7160.33  3.9861434E-01
   7160.67  3.9658527E-01
   7161.00  3.9470105E-01
   7161.33  3.9309509E-01
   7161.67  3.9181999E-01
   7162.00  3.9093355E-01
   7162.33  3.9054745E-01
   7162.67  3.9065401E-01
   7163.00  3.9128877E-01
   7163.33  3.9255535E-01
   7163.67  3.9440537E-01
   7164.00  3.9684585E-01
   7164.33  3.9994270E-01
   7164.67  4.0359854E-01
   7165.00  4.0777807E-01
   7165.33  4.1248221E-01
   7165.67  4.1757873E-01
   7166.00  4.2299249E-01
   7166.33  4.2865319E-01
   7166.67  4.3442826E-01
   7167.00  4.4022514E-01
   7167.33  4.4592788E-01
   7167.67  4.5144814E-01
   7168.00  4.5670845E-01
   7168.33  4.6158929E-01
   7168.67  4.6607573E-01
   7169.00  4.7013760E-01
   7169.33  4.7370710E-01
   7169.67  4.7684641E-01
   7170.00  4.7957491E-01
   7170.33  4.8187876E-01
   7170.67  4.8384455E-01
   7171.00  4.8550647E-01
   7171.33  4.8686579E-01
   7171.67  4.8797936E-01
   7172.00  4.8885577E-01
