    FDMNES
    energy     <xanes>
   7097.00  4.0962950E-03
   7097.33  4.1739515E-03
   7097.67  4.2543968E-03
   7098.00  4.3377897E-03
   7098.33  4.4247266E-03
   7098.67  4.5150376E-03
   7099.00  4.6089337E-03
   7099.33  4.7071691E-03
   7099.67  4.8095652E-03
   7100.00  4.9164110E-03
   7100.33  5.0286865E-03
   7100.67  5.1462138E-03
   7101.00  5.2694032E-03
   7101.33  5.3995715E-03
   7101.67  5.5365640E-03
   7102.00  5.6809881E-03
   7102.33  5.8346890E-03
   7102.67  5.9975866E-03
   7103.00  6.1706281E-03
   7103.33  6.3565380E-03
   7103.67  6.5554324E-03
   7104.00  6.7688853E-03
   7104.33  7.0011970E-03
   7104.67  7.2529792E-03
   7105.00  7.5270668E-03
   7105.33  7.8308555E-03
   7105.67  8.1662589E-03
   7106.00  8.5389381E-03
   7106.33  8.9631392E-03
   7106.67  9.4445214E-03
   7107.00  9.9960704E-03
   7107.33  1.0649835E-02
   7107.67  1.1424058E-02
   7108.00  1.2354989E-02
   7108.33  1.3532963E-02
   7108.67  1.5030410E-02
   7109.00  1.6984013E-02
   7109.33  1.9756690E-02
   7109.67  2.3768312E-02
   7110.00  2.9843329E-02
   7110.33  4.0350362E-02
   7110.67  5.7664296E-02
   7111.00  8.1634830E-02
   7111.33  1.0466104E-01
   7111.67  1.2307011E-01
   7112.00  1.3459318E-01
   7112.33  1.2919128E-01
   7112.67  1.1292380E-01
   7113.00  9.5235810E-02
   7113.33  8.0518778E-02
   7113.67  6.8548810E-02
   7114.00  5.8912392E-02
   7114.33  5.1555838E-02
   7114.67  4.5642159E-02
   7115.00  4.1357316E-02
   7115.33  3.9353956E-02
   7115.67  3.9016074E-02
   7116.00  3.9868416E-02
   7116.33  4.1495955E-02
   7116.67  4.3529551E-02
   7117.00  4.6064521E-02
   7117.33  4.9584711E-02
   7117.67  5.4286725E-02
   7118.00  6.0210950E-02
   7118.33  6.7186298E-02
   7118.67  7.4530617E-02
   7119.00  8.1710825E-02
   7119.33  8.7844860E-02
   7119.67  9.2459692E-02
   7120.00  9.5885967E-02
   7120.33  9.9172298E-02
   7120.67  1.0349071E-01
   7121.00  1.0978028E-01
   7121.33  1.1937669E-01
   7121.67  1.3267573E-01
   7122.00  1.5016288E-01
   7122.33  1.7276576E-01
   7122.67  1.9975971E-01
   7123.00  2.2990504E-01
   7123.33  2.5910794E-01
   7123.67  2.8304100E-01
   7124.00  3.0243549E-01
   7124.33  3.2172883E-01
   7124.67  3.4248801E-01
   7125.00  3.6340187E-01
   7125.33  3.8300459E-01
   7125.67  4.0179778E-01
   7126.00  4.2141817E-01
   7126.33  4.4529142E-01
   7126.67  4.7578064E-01
   7127.00  5.1410148E-01
   7127.33  5.6047413E-01
   7127.67  6.1136828E-01
   7128.00  6.6398607E-01
   7128.33  7.1548268E-01
   7128.67  7.6359259E-01
   7129.00  8.0602871E-01
   7129.33  8.3994172E-01
   7129.67  8.6697722E-01
   7130.00  8.8919006E-01
   7130.33  9.0782479E-01
   7130.67  9.2306697E-01
   7131.00  9.3307370E-01
   7131.33  9.3312456E-01
   7131.67  9.2188523E-01
   7132.00  9.0093285E-01
   7132.33  8.7558364E-01
   7132.67  8.5265342E-01
   7133.00  8.3574475E-01
   7133.33  8.2745695E-01
   7133.67  8.2630145E-01
   7134.00  8.3055975E-01
   7134.33  8.3755906E-01
   7134.67  8.4364530E-01
   7135.00  8.4624760E-01
   7135.33  8.4266685E-01
   7135.67  8.3304768E-01
   7136.00  8.1807373E-01
   7136.33  7.9891909E-01
   7136.67  7.7792892E-01
   7137.00  7.5650861E-01
   7137.33  7.3593389E-01
   7137.67  7.1679845E-01
   7138.00  6.9937379E-01
   7138.33  6.8394068E-01
   7138.67  6.7016316E-01
   7139.00  6.5786371E-01
   7139.33  6.4694136E-01
   7139.67  6.3697033E-01
   7140.00  6.2771982E-01
   7140.33  6.1900197E-01
   7140.67  6.1056482E-01
   7141.00  6.0230233E-01
   7141.33  5.9414965E-01
   7141.67  5.8606652E-01
   7142.00  5.7806732E-01
   7142.33  5.7021142E-01
   7142.67  5.6253343E-01
   7143.00  5.5506818E-01
   7143.33  5.4786554E-01
   7143.67  5.4089534E-01
   7144.00  5.3414425E-01
   7144.33  5.2761402E-01
   7144.67  5.2125762E-01
   7145.00  5.1506084E-01
   7145.33  5.0903527E-01
   7145.67  5.0316715E-01
   7146.00  4.9747253E-01
   7146.33  4.9200823E-01
   7146.67  4.8678817E-01
   7147.00  4.8184742E-01
   7147.33  4.7726311E-01
   7147.67  4.7302448E-01
   7148.00  4.6914515E-01
   7148.33  4.6566871E-01
   7148.67  4.6253263E-01
   7149.00  4.5971516E-01
   7149.33  4.5722012E-01
   7149.67  4.5496925E-01
   7150.00  4.5291858E-01
   7150.33  4.5102755E-01
   7150.67  4.4921491E-01
   7151.00  4.4742418E-01
   7151.33  4.4558485E-01
   7151.67  4.4363674E-01
   7152.00  4.4152018E-01
   7152.33  4.3913702E-01
   7152.67  4.3644639E-01
   7153.00  4.3338217E-01
   7153.33  4.2980810E-01
   7153.67  4.2569685E-01
   7154.00  4.2097403E-01
   7154.33  4.1547416E-01
   7154.67  4.0922423E-01
   7155.00  4.0219868E-01
   7155.33  3.9431217E-01
   7155.67  3.8572213E-01
   7156.00  3.7652409E-01
   7156.33  3.6681571E-01
   7156.67  3.5684234E-01
   7157.00  3.4678266E-01
   7157.33  3.3686896E-01
   7157.67  3.2729438E-01
   7158.00  3.1822200E-01
   7158.33  3.0989829E-01
   7158.67  3.0237236E-01
   7159.00  2.9573291E-01
   7159.33  2.9018013E-01
   7159.67  2.8565624E-01
   7160.00  2.8220647E-01
   7160.33  2.8001289E-01
   7160.67  2.7896407E-01
   7161.00  2.7906906E-01
   7161.33  2.8045874E-01
   7161.67  2.8294857E-01
   7162.00  2.8647373E-01
   7162.33  2.9104454E-01
   7162.67  2.9642045E-01
   7163.00  3.0249512E-01
   7163.33  3.0921167E-01
   7163.67  3.1636629E-01
   7164.00  3.2385076E-01
   7164.33  3.3157110E-01
   7164.67  3.3938551E-01
   7165.00  3.4719960E-01
   7165.33  3.5489962E-01
   7165.67  3.6240993E-01
   7166.00  3.6966672E-01
   7166.33  3.7657049E-01
   7166.67  3.8311461E-01
   7167.00  3.8927392E-01
   7167.33  3.9499201E-01
   7167.67  4.0033049E-01
   7168.00  4.0531153E-01
   7168.33  4.0993033E-01
   7168.67  4.1426814E-01
   7169.00  4.1836046E-01
   7169.33  4.2221945E-01
   7169.67  4.2590212E-01
   7170.00  4.2942752E-01
   7170.33  4.3278913E-01
   7170.67  4.3600282E-01
   7171.00  4.3905127E-01
   7171.33  4.4185914E-01
   7171.67  4.4435191E-01
   7172.00  4.4639210E-01
