    FDMNES
    energy     <xanes>
   7097.00  5.7156367E-03
   7097.33  5.8739858E-03
   7097.67  6.0405263E-03
   7098.00  6.2158681E-03
   7098.33  6.4020007E-03
   7098.67  6.5986121E-03
   7099.00  6.8065507E-03
   7099.33  7.0284801E-03
   7099.67  7.2641020E-03
   7100.00  7.5146295E-03
   7100.33  7.7837274E-03
   7100.67  8.0711668E-03
   7101.00  8.3787388E-03
   7101.33  8.7116508E-03
   7101.67  9.0698645E-03
   7102.00  9.4561262E-03
   7102.33  9.8781269E-03
   7102.67  1.0336283E-02
   7103.00  1.0835004E-02
   7103.33  1.1386191E-02
   7103.67  1.1991319E-02
   7104.00  1.2657870E-02
   7104.33  1.3405367E-02
   7104.67  1.4237791E-02
   7105.00  1.5168762E-02
   7105.33  1.6232758E-02
   7105.67  1.7440056E-02
   7106.00  1.8817815E-02
   7106.33  2.0433162E-02
   7106.67  2.2313798E-02
   7107.00  2.4520998E-02
   7107.33  2.7204410E-02
   7107.67  3.0447827E-02
   7108.00  3.4416480E-02
   7108.33  3.9518305E-02
   7108.67  4.6066571E-02
   7109.00  5.4650269E-02
   7109.33  6.6811341E-02
   7109.67  8.4247197E-02
   7110.00  1.1026460E-01
   7110.33  1.5430238E-01
   7110.67  2.2635674E-01
   7111.00  3.2939217E-01
   7111.33  4.3828660E-01
   7111.67  5.4156849E-01
   7112.00  6.4999744E-01
   7112.33  7.4844028E-01
   7112.67  8.1025284E-01
   7113.00  7.8588246E-01
   7113.33  6.3843997E-01
   7113.67  4.7009362E-01
   7114.00  3.3934775E-01
   7114.33  2.5604469E-01
   7114.67  2.0124911E-01
   7115.00  1.6568122E-01
   7115.33  1.4424840E-01
   7115.67  1.3203148E-01
   7116.00  1.2735957E-01
   7116.33  1.2717496E-01
   7116.67  1.2431520E-01
   7117.00  1.1636697E-01
   7117.33  1.0746350E-01
   7117.67  1.0158049E-01
   7118.00  9.9557857E-02
   7118.33  1.0143594E-01
   7118.67  1.0555630E-01
   7119.00  1.1066191E-01
   7119.33  1.1654444E-01
   7119.67  1.2397388E-01
   7120.00  1.3305233E-01
   7120.33  1.4269859E-01
   7120.67  1.5178739E-01
   7121.00  1.6058817E-01
   7121.33  1.7176405E-01
   7121.67  1.8815924E-01
   7122.00  2.1124715E-01
   7122.33  2.4189524E-01
   7122.67  2.7773667E-01
   7123.00  3.1653639E-01
   7123.33  3.5592928E-01
   7123.67  3.9518844E-01
   7124.00  4.3523589E-01
   7124.33  4.7714453E-01
   7124.67  5.1931416E-01
   7125.00  5.5874853E-01
   7125.33  5.9087267E-01
   7125.67  6.1402145E-01
   7126.00  6.2727399E-01
   7126.33  6.2937194E-01
   7126.67  6.2277732E-01
   7127.00  6.0960772E-01
   7127.33  5.9239495E-01
   7127.67  5.7411167E-01
   7128.00  5.5622342E-01
   7128.33  5.3999962E-01
   7128.67  5.2602476E-01
   7129.00  5.1485151E-01
   7129.33  5.0741121E-01
   7129.67  5.0363632E-01
   7130.00  5.0366082E-01
   7130.33  5.0780651E-01
   7130.67  5.1504608E-01
   7131.00  5.2454101E-01
   7131.33  5.3515113E-01
   7131.67  5.4532926E-01
   7132.00  5.5387971E-01
   7132.33  5.5950126E-01
   7132.67  5.6248131E-01
   7133.00  5.6358182E-01
   7133.33  5.6396201E-01
   7133.67  5.6473799E-01
   7134.00  5.6654881E-01
   7134.33  5.6997897E-01
   7134.67  5.7454061E-01
   7135.00  5.7941255E-01
   7135.33  5.8353801E-01
   7135.67  5.8656765E-01
   7136.00  5.8866205E-01
   7136.33  5.9038719E-01
   7136.67  5.9248309E-01
   7137.00  5.9529375E-01
   7137.33  5.9866961E-01
   7137.67  6.0169423E-01
   7138.00  6.0349433E-01
   7138.33  6.0333983E-01
   7138.67  6.0188849E-01
   7139.00  6.0018948E-01
   7139.33  5.9985392E-01
   7139.67  6.0183207E-01
   7140.00  6.0647949E-01
   7140.33  6.1373490E-01
   7140.67  6.2222949E-01
   7141.00  6.3062533E-01
   7141.33  6.3701950E-01
   7141.67  6.4033910E-01
   7142.00  6.4015821E-01
   7142.33  6.3653639E-01
   7142.67  6.3101241E-01
   7143.00  6.2474333E-01
   7143.33  6.1890803E-01
   7143.67  6.1417035E-01
   7144.00  6.1080634E-01
   7144.33  6.0900796E-01
   7144.67  6.0839631E-01
   7145.00  6.0870407E-01
   7145.33  6.0967334E-01
   7145.67  6.1089656E-01
   7146.00  6.1208644E-01
   7146.33  6.1287971E-01
   7146.67  6.1303560E-01
   7147.00  6.1234806E-01
   7147.33  6.1050463E-01
   7147.67  6.0752203E-01
   7148.00  6.0337005E-01
   7148.33  5.9795136E-01
   7148.67  5.9152536E-01
   7149.00  5.8423710E-01
   7149.33  5.7619898E-01
   7149.67  5.6770070E-01
   7150.00  5.5890951E-01
   7150.33  5.4998479E-01
   7150.67  5.4110171E-01
   7151.00  5.3239005E-01
   7151.33  5.2402734E-01
   7151.67  5.1609092E-01
   7152.00  5.0865458E-01
   7152.33  5.0183687E-01
   7152.67  4.9557902E-01
   7153.00  4.8985852E-01
   7153.33  4.8467553E-01
   7153.67  4.7988197E-01
   7154.00  4.7538532E-01
   7154.33  4.7108769E-01
   7154.67  4.6684406E-01
   7155.00  4.6255523E-01
   7155.33  4.5810306E-01
   7155.67  4.5342959E-01
   7156.00  4.4849277E-01
   7156.33  4.4323644E-01
   7156.67  4.3770413E-01
   7157.00  4.3192172E-01
   7157.33  4.2590903E-01
   7157.67  4.1974670E-01
   7158.00  4.1348526E-01
   7158.33  4.0717783E-01
   7158.67  4.0088527E-01
   7159.00  3.9464916E-01
   7159.33  3.8852135E-01
   7159.67  3.8252534E-01
   7160.00  3.7668875E-01
   7160.33  3.7106038E-01
   7160.67  3.6563515E-01
   7161.00  3.6042221E-01
   7161.33  3.5545130E-01
   7161.67  3.5069033E-01
   7162.00  3.4612870E-01
   7162.33  3.4177291E-01
   7162.67  3.3758646E-01
   7163.00  3.3356364E-01
   7163.33  3.2972965E-01
   7163.67  3.2608359E-01
   7164.00  3.2265661E-01
   7164.33  3.1953095E-01
   7164.67  3.1672807E-01
   7165.00  3.1429406E-01
   7165.33  3.1232610E-01
   7165.67  3.1080338E-01
   7166.00  3.0973900E-01
   7166.33  3.0919123E-01
   7166.67  3.0909170E-01
   7167.00  3.0942448E-01
   7167.33  3.1021717E-01
   7167.67  3.1139243E-01
   7168.00  3.1292768E-01
   7168.33  3.1483990E-01
   7168.67  3.1706401E-01
   7169.00  3.1958103E-01
   7169.33  3.2240267E-01
   7169.67  3.2547068E-01
   7170.00  3.2876023E-01
   7170.33  3.3225845E-01
   7170.67  3.3589158E-01
   7171.00  3.3959442E-01
   7171.33  3.4323408E-01
   7171.67  3.4659177E-01
   7172.00  3.4937367E-01
