    FDMNES
    energy     <xanes>
   7097.00  5.0019828E-03
   7097.33  5.1199104E-03
   7097.67  5.2431379E-03
   7098.00  5.3720216E-03
   7098.33  5.5077841E-03
   7098.67  5.6501714E-03
   7099.00  5.7996681E-03
   7099.33  5.9578704E-03
   7099.67  6.1245174E-03
   7100.00  6.3002862E-03
   7100.33  6.4873144E-03
   7100.67  6.6853580E-03
   7101.00  6.8953921E-03
   7101.33  7.1203682E-03
   7101.67  7.3601113E-03
   7102.00  7.6160775E-03
   7102.33  7.8924929E-03
   7102.67  8.1893674E-03
   7103.00  8.5089714E-03
   7103.33  8.8576299E-03
   7103.67  9.2357983E-03
   7104.00  9.6472095E-03
   7104.33  1.0101863E-02
   7104.67  1.0601277E-02
   7105.00  1.1152009E-02
   7105.33  1.1771007E-02
   7105.67  1.2462426E-02
   7106.00  1.3238816E-02
   7106.33  1.4131648E-02
   7106.67  1.5152182E-02
   7107.00  1.6327367E-02
   7107.33  1.7723496E-02
   7107.67  1.9373736E-02
   7108.00  2.1346335E-02
   7108.33  2.3809365E-02
   7108.67  2.6879960E-02
   7109.00  3.0781324E-02
   7109.33  3.6087679E-02
   7109.67  4.3376107E-02
   7110.00  5.3758819E-02
   7110.33  7.0354498E-02
   7110.67  9.6657837E-02
   7111.00  1.3628602E-01
   7111.33  1.9566081E-01
   7111.67  2.6909624E-01
   7112.00  3.1414423E-01
   7112.33  3.1822894E-01
   7112.67  3.4042023E-01
   7113.00  3.8433768E-01
   7113.33  4.2822504E-01
   7113.67  4.4132152E-01
   7114.00  4.0173632E-01
   7114.33  3.1649795E-01
   7114.67  2.3823789E-01
   7115.00  1.9105601E-01
   7115.33  1.8013895E-01
   7115.67  1.9430920E-01
   7116.00  2.1550964E-01
   7116.33  2.0541873E-01
   7116.67  1.6985438E-01
   7117.00  1.3495499E-01
   7117.33  1.1273989E-01
   7117.67  9.9634395E-02
   7118.00  9.3195544E-02
   7118.33  9.2404760E-02
   7118.67  9.5600963E-02
   7119.00  1.0156295E-01
   7119.33  1.0801478E-01
   7119.67  1.1214931E-01
   7120.00  1.1342624E-01
   7120.33  1.1368351E-01
   7120.67  1.1403677E-01
   7121.00  1.1407984E-01
   7121.33  1.1435884E-01
   7121.67  1.1625939E-01
   7122.00  1.2064643E-01
   7122.33  1.2849176E-01
   7122.67  1.3983653E-01
   7123.00  1.5520490E-01
   7123.33  1.7629052E-01
   7123.67  2.0372160E-01
   7124.00  2.3810456E-01
   7124.33  2.7907757E-01
   7124.67  3.2136135E-01
   7125.00  3.5887723E-01
   7125.33  3.8610153E-01
   7125.67  4.0630020E-01
   7126.00  4.2373762E-01
   7126.33  4.4157129E-01
   7126.67  4.6024301E-01
   7127.00  4.7972697E-01
   7127.33  5.0094381E-01
   7127.67  5.2441248E-01
   7128.00  5.5017605E-01
   7128.33  5.7815111E-01
   7128.67  6.0766830E-01
   7129.00  6.3836942E-01
   7129.33  6.6969200E-01
   7129.67  7.0027247E-01
   7130.00  7.2855335E-01
   7130.33  7.5286470E-01
   7130.67  7.7443225E-01
   7131.00  7.9580712E-01
   7131.33  8.2169383E-01
   7131.67  8.5555707E-01
   7132.00  8.9935087E-01
   7132.33  9.5319446E-01
   7132.67  1.0099517E+00
   7133.00  1.0604185E+00
   7133.33  1.0904158E+00
   7133.67  1.0956093E+00
   7134.00  1.0780032E+00
   7134.33  1.0451140E+00
   7134.67  1.0088049E+00
   7135.00  9.7415214E-01
   7135.33  9.4280278E-01
   7135.67  9.1386576E-01
   7136.00  8.8708536E-01
   7136.33  8.6258750E-01
   7136.67  8.3977814E-01
   7137.00  8.1818513E-01
   7137.33  7.9737757E-01
   7137.67  7.7701257E-01
   7138.00  7.5713810E-01
   7138.33  7.3812917E-01
   7138.67  7.2024786E-01
   7139.00  7.0374813E-01
   7139.33  6.8896994E-01
   7139.67  6.7569182E-01
   7140.00  6.6376326E-01
   7140.33  6.5304130E-01
   7140.67  6.4305739E-01
   7141.00  6.3351690E-01
   7141.33  6.2412951E-01
   7141.67  6.1465119E-01
   7142.00  6.0495593E-01
   7142.33  5.9492524E-01
   7142.67  5.8457591E-01
   7143.00  5.7392832E-01
   7143.33  5.6300156E-01
   7143.67  5.5188911E-01
   7144.00  5.4064719E-01
   7144.33  5.2932440E-01
   7144.67  5.1797711E-01
   7145.00  5.0665177E-01
   7145.33  4.9543922E-01
   7145.67  4.8444518E-01
   7146.00  4.7380612E-01
   7146.33  4.6377671E-01
   7146.67  4.5447896E-01
   7147.00  4.4605085E-01
   7147.33  4.3871461E-01
   7147.67  4.3236566E-01
   7148.00  4.2694637E-01
   7148.33  4.2241428E-01
   7148.67  4.1847893E-01
   7149.00  4.1496173E-01
   7149.33  4.1169173E-01
   7149.67  4.0848176E-01
   7150.00  4.0523902E-01
   7150.33  4.0190597E-01
   7150.67  3.9850920E-01
   7151.00  3.9509697E-01
   7151.33  3.9174685E-01
   7151.67  3.8851610E-01
   7152.00  3.8544439E-01
   7152.33  3.8257108E-01
   7152.67  3.7985661E-01
   7153.00  3.7726874E-01
   7153.33  3.7477538E-01
   7153.67  3.7233123E-01
   7154.00  3.6991964E-01
   7154.33  3.6754282E-01
   7154.67  3.6521013E-01
   7155.00  3.6293862E-01
   7155.33  3.6075809E-01
   7155.67  3.5867379E-01
   7156.00  3.5669390E-01
   7156.33  3.5483607E-01
   7156.67  3.5308743E-01
   7157.00  3.5144863E-01
   7157.33  3.4993799E-01
   7157.67  3.4855142E-01
   7158.00  3.4730350E-01
   7158.33  3.4623828E-01
   7158.67  3.4536591E-01
   7159.00  3.4471708E-01
   7159.33  3.4436371E-01
   7159.67  3.4431284E-01
   7160.00  3.4459639E-01
   7160.33  3.4529076E-01
   7160.67  3.4637023E-01
   7161.00  3.4783961E-01
   7161.33  3.4973359E-01
   7161.67  3.5197157E-01
   7162.00  3.5450814E-01
   7162.33  3.5730321E-01
   7162.67  3.6025016E-01
   7163.00  3.6327674E-01
   7163.33  3.6629521E-01
   7163.67  3.6922768E-01
   7164.00  3.7201502E-01
   7164.33  3.7456745E-01
   7164.67  3.7686446E-01
   7165.00  3.7888761E-01
   7165.33  3.8059886E-01
   7165.67  3.8204428E-01
   7166.00  3.8324431E-01
   7166.33  3.8420814E-01
   7166.67  3.8500778E-01
   7167.00  3.8568799E-01
   7167.33  3.8629626E-01
   7167.67  3.8689653E-01
   7168.00  3.8753424E-01
   7168.33  3.8826657E-01
   7168.67  3.8912035E-01
   7169.00  3.9011933E-01
   7169.33  3.9130160E-01
   7169.67  3.9265363E-01
   7170.00  3.9417232E-01
   7170.33  3.9586174E-01
   7170.67  3.9767391E-01
   7171.00  3.9956927E-01
   7171.33  4.0147433E-01
   7171.67  4.0325834E-01
   7172.00  4.0475498E-01
