    FDMNES
    energy     <xanes>
   7097.00  4.9822850E-03
   7097.33  5.1043885E-03
   7097.67  5.2322556E-03
   7098.00  5.3662917E-03
   7098.33  5.5078567E-03
   7098.67  5.6566994E-03
   7099.00  5.8133776E-03
   7099.33  5.9796885E-03
   7099.67  6.1553820E-03
   7100.00  6.3412477E-03
   7100.33  6.5397256E-03
   7100.67  6.7506000E-03
   7101.00  6.9750246E-03
   7101.33  7.2164211E-03
   7101.67  7.4746805E-03
   7102.00  7.7515547E-03
   7102.33  8.0520313E-03
   7102.67  8.3762684E-03
   7103.00  8.7270514E-03
   7103.33  9.1120026E-03
   7103.67  9.5319132E-03
   7104.00  9.9914693E-03
   7104.33  1.0503026E-02
   7104.67  1.1068889E-02
   7105.00  1.1697525E-02
   7105.33  1.2410520E-02
   7105.67  1.3214006E-02
   7106.00  1.4124755E-02
   7106.33  1.5184417E-02
   7106.67  1.6409731E-02
   7107.00  1.7838340E-02
   7107.33  1.9562402E-02
   7107.67  2.1632790E-02
   7108.00  2.4150489E-02
   7108.33  2.7364890E-02
   7108.67  3.1465524E-02
   7109.00  3.6808942E-02
   7109.33  4.4325215E-02
   7109.67  5.5022827E-02
   7110.00  7.0858560E-02
   7110.33  9.7424739E-02
   7110.67  1.4114611E-01
   7111.00  2.0722210E-01
   7111.33  2.9293703E-01
   7111.67  3.7767332E-01
   7112.00  4.2782894E-01
   7112.33  4.2117132E-01
   7112.67  3.8999255E-01
   7113.00  3.5075777E-01
   7113.33  3.0467588E-01
   7113.67  2.6054246E-01
   7114.00  2.2832789E-01
   7114.33  2.1574155E-01
   7114.67  2.2102409E-01
   7115.00  2.3993637E-01
   7115.33  2.5652344E-01
   7115.67  2.5034582E-01
   7116.00  2.1872342E-01
   7116.33  1.8128556E-01
   7116.67  1.5322138E-01
   7117.00  1.3566257E-01
   7117.33  1.2727338E-01
   7117.67  1.2415110E-01
   7118.00  1.2414303E-01
   7118.33  1.2578746E-01
   7118.67  1.2831675E-01
   7119.00  1.3113654E-01
   7119.33  1.3349926E-01
   7119.67  1.3644593E-01
   7120.00  1.4100960E-01
   7120.33  1.4780615E-01
   7120.67  1.5727115E-01
   7121.00  1.7034842E-01
   7121.33  1.8804819E-01
   7121.67  2.0874453E-01
   7122.00  2.2988998E-01
   7122.33  2.4814537E-01
   7122.67  2.6349319E-01
   7123.00  2.7781882E-01
   7123.33  2.9387913E-01
   7123.67  3.1254771E-01
   7124.00  3.3359991E-01
   7124.33  3.5654019E-01
   7124.67  3.7968651E-01
   7125.00  4.0032883E-01
   7125.33  4.1345103E-01
   7125.67  4.1811276E-01
   7126.00  4.1630422E-01
   7126.33  4.1193498E-01
   7126.67  4.0838296E-01
   7127.00  4.0632931E-01
   7127.33  4.0488931E-01
   7127.67  4.0278533E-01
   7128.00  4.0010015E-01
   7128.33  3.9905994E-01
   7128.67  4.0252633E-01
   7129.00  4.1226840E-01
   7129.33  4.2896125E-01
   7129.67  4.4999623E-01
   7130.00  4.7323392E-01
   7130.33  4.9569499E-01
   7130.67  5.1441982E-01
   7131.00  5.2750919E-01
   7131.33  5.3396991E-01
   7131.67  5.3639322E-01
   7132.00  5.3719497E-01
   7132.33  5.3909771E-01
   7132.67  5.4362125E-01
   7133.00  5.5112898E-01
   7133.33  5.6106098E-01
   7133.67  5.7142881E-01
   7134.00  5.8089118E-01
   7134.33  5.8897768E-01
   7134.67  5.9683878E-01
   7135.00  6.0548207E-01
   7135.33  6.1551099E-01
   7135.67  6.2648910E-01
   7136.00  6.3796237E-01
   7136.33  6.4940713E-01
   7136.67  6.6027938E-01
   7137.00  6.7004499E-01
   7137.33  6.7792195E-01
   7137.67  6.8382905E-01
   7138.00  6.8782364E-01
   7138.33  6.9001707E-01
   7138.67  6.9097716E-01
   7139.00  6.9095296E-01
   7139.33  6.9008807E-01
   7139.67  6.8880053E-01
   7140.00  6.8748931E-01
   7140.33  6.8674673E-01
   7140.67  6.8697400E-01
   7141.00  6.8842644E-01
   7141.33  6.9133468E-01
   7141.67  6.9534530E-01
   7142.00  7.0010352E-01
   7142.33  7.0507000E-01
   7142.67  7.0962705E-01
   7143.00  7.1334739E-01
   7143.33  7.1578485E-01
   7143.67  7.1702258E-01
   7144.00  7.1717985E-01
   7144.33  7.1641526E-01
   7144.67  7.1513086E-01
   7145.00  7.1355204E-01
   7145.33  7.1184571E-01
   7145.67  7.1010621E-01
   7146.00  7.0832897E-01
   7146.33  7.0643545E-01
   7146.67  7.0434293E-01
   7147.00  7.0196686E-01
   7147.33  6.9917650E-01
   7147.67  6.9596087E-01
   7148.00  6.9230120E-01
   7148.33  6.8816256E-01
   7148.67  6.8364897E-01
   7149.00  6.7882534E-01
   7149.33  6.7376514E-01
   7149.67  6.6860711E-01
   7150.00  6.6344645E-01
   7150.33  6.5838856E-01
   7150.67  6.5348187E-01
   7151.00  6.4873477E-01
   7151.33  6.4408644E-01
   7151.67  6.3936367E-01
   7152.00  6.3436859E-01
   7152.33  6.2876167E-01
   7152.67  6.2234260E-01
   7153.00  6.1492938E-01
   7153.33  6.0627756E-01
   7153.67  5.9656401E-01
   7154.00  5.8594454E-01
   7154.33  5.7463673E-01
   7154.67  5.6307374E-01
   7155.00  5.5156197E-01
   7155.33  5.4045685E-01
   7155.67  5.2994551E-01
   7156.00  5.2015803E-01
   7156.33  5.1127349E-01
   7156.67  5.0320775E-01
   7157.00  4.9593726E-01
   7157.33  4.8949380E-01
   7157.67  4.8369946E-01
   7158.00  4.7846594E-01
   7158.33  4.7373593E-01
   7158.67  4.6933746E-01
   7159.00  4.6517597E-01
   7159.33  4.6117079E-01
   7159.67  4.5722554E-01
   7160.00  4.5329244E-01
   7160.33  4.4933890E-01
   7160.67  4.4536152E-01
   7161.00  4.4136986E-01
   7161.33  4.3738379E-01
   7161.67  4.3342678E-01
   7162.00  4.2952072E-01
   7162.33  4.2569429E-01
   7162.67  4.2195070E-01
   7163.00  4.1829340E-01
   7163.33  4.1472830E-01
   7163.67  4.1123295E-01
   7164.00  4.0779252E-01
   7164.33  4.0439079E-01
   7164.67  4.0100268E-01
   7165.00  3.9761312E-01
   7165.33  3.9420776E-01
   7165.67  3.9078232E-01
   7166.00  3.8733872E-01
   7166.33  3.8388750E-01
   7166.67  3.8045056E-01
   7167.00  3.7705428E-01
   7167.33  3.7375021E-01
   7167.67  3.7058062E-01
   7168.00  3.6759971E-01
   7168.33  3.6490945E-01
   7168.67  3.6254117E-01
   7169.00  3.6054383E-01
   7169.33  3.5901851E-01
   7169.67  3.5794655E-01
   7170.00  3.5734166E-01
   7170.33  3.5725698E-01
   7170.67  3.5760422E-01
   7171.00  3.5833166E-01
   7171.33  3.5937015E-01
   7171.67  3.6050750E-01
   7172.00  3.6152099E-01
