    FDMNES
    energy     <xanes>
   7097.00  4.5543949E-03
   7097.33  4.6508492E-03
   7097.67  4.7513533E-03
   7098.00  4.8561725E-03
   7098.33  4.9662306E-03
   7098.67  5.0813265E-03
   7099.00  5.2018224E-03
   7099.33  5.3289226E-03
   7099.67  5.4624234E-03
   7100.00  5.6028339E-03
   7100.33  5.7517697E-03
   7100.67  5.9090458E-03
   7101.00  6.0754027E-03
   7101.33  6.2530837E-03
   7101.67  6.4419698E-03
   7102.00  6.6431841E-03
   7102.33  6.8599737E-03
   7102.67  7.0923930E-03
   7103.00  7.3422319E-03
   7103.33  7.6144395E-03
   7103.67  7.9094922E-03
   7104.00  8.2304251E-03
   7104.33  8.5852839E-03
   7104.67  8.9755821E-03
   7105.00  9.4068821E-03
   7105.33  9.8933980E-03
   7105.67  1.0439335E-02
   7106.00  1.1055978E-02
   7106.33  1.1771365E-02
   7106.67  1.2597448E-02
   7107.00  1.3560500E-02
   7107.33  1.4724988E-02
   7107.67  1.6129082E-02
   7108.00  1.7847368E-02
   7108.33  2.0065637E-02
   7108.67  2.2936780E-02
   7109.00  2.6748263E-02
   7109.33  3.2266773E-02
   7109.67  4.0397705E-02
   7110.00  5.2923820E-02
   7110.33  7.4987619E-02
   7110.67  1.1170345E-01
   7111.00  1.6220478E-01
   7111.33  2.0735573E-01
   7111.67  2.3164864E-01
   7112.00  2.2569531E-01
   7112.33  2.0140449E-01
   7112.67  1.8343941E-01
   7113.00  1.7324198E-01
   7113.33  1.6240769E-01
   7113.67  1.4833784E-01
   7114.00  1.3438032E-01
   7114.33  1.2634367E-01
   7114.67  1.2685267E-01
   7115.00  1.2939950E-01
   7115.33  1.2050789E-01
   7115.67  1.0755058E-01
   7116.00  9.8233833E-02
   7116.33  9.0466007E-02
   7116.67  8.2996423E-02
   7117.00  7.8699361E-02
   7117.33  7.8949119E-02
   7117.67  8.2001115E-02
   7118.00  8.6531710E-02
   7118.33  9.1693070E-02
   7118.67  9.7469620E-02
   7119.00  1.0446170E-01
   7119.33  1.1404844E-01
   7119.67  1.2672764E-01
   7120.00  1.4231701E-01
   7120.33  1.5959032E-01
   7120.67  1.7622676E-01
   7121.00  1.9059380E-01
   7121.33  2.0132490E-01
   7121.67  2.0924353E-01
   7122.00  2.1577697E-01
   7122.33  2.2337145E-01
   7122.67  2.3397261E-01
   7123.00  2.4834537E-01
   7123.33  2.6639993E-01
   7123.67  2.8672194E-01
   7124.00  3.0946074E-01
   7124.33  3.3678725E-01
   7124.67  3.6953897E-01
   7125.00  4.0788454E-01
   7125.33  4.5184466E-01
   7125.67  4.9742881E-01
   7126.00  5.3776030E-01
   7126.33  5.6166582E-01
   7126.67  5.6682932E-01
   7127.00  5.5671544E-01
   7127.33  5.3964879E-01
   7127.67  5.2377349E-01
   7128.00  5.1213903E-01
   7128.33  5.0722193E-01
   7128.67  5.0903402E-01
   7129.00  5.1727179E-01
   7129.33  5.3128177E-01
   7129.67  5.4885333E-01
   7130.00  5.6887101E-01
   7130.33  5.9035105E-01
   7130.67  6.1138725E-01
   7131.00  6.2962360E-01
   7131.33  6.4142155E-01
   7131.67  6.4607192E-01
   7132.00  6.4425767E-01
   7132.33  6.3757195E-01
   7132.67  6.2845810E-01
   7133.00  6.1812471E-01
   7133.33  6.0908189E-01
   7133.67  6.0462480E-01
   7134.00  6.0691766E-01
   7134.33  6.1749552E-01
   7134.67  6.3467712E-01
   7135.00  6.5706199E-01
   7135.33  6.8254819E-01
   7135.67  7.0803841E-01
   7136.00  7.3136366E-01
   7136.33  7.4977221E-01
   7136.67  7.6207463E-01
   7137.00  7.6739762E-01
   7137.33  7.6485233E-01
   7137.67  7.5643824E-01
   7138.00  7.4381777E-01
   7138.33  7.2896890E-01
   7138.67  7.1412222E-01
   7139.00  7.0051159E-01
   7139.33  6.8921315E-01
   7139.67  6.8020573E-01
   7140.00  6.7333142E-01
   7140.33  6.6833044E-01
   7140.67  6.6436728E-01
   7141.00  6.6089376E-01
   7141.33  6.5738386E-01
   7141.67  6.5354531E-01
   7142.00  6.4933649E-01
   7142.33  6.4488519E-01
   7142.67  6.4047268E-01
   7143.00  6.3628529E-01
   7143.33  6.3244628E-01
   7143.67  6.2883979E-01
   7144.00  6.2528810E-01
   7144.33  6.2146997E-01
   7144.67  6.1710527E-01
   7145.00  6.1197365E-01
   7145.33  6.0581269E-01
   7145.67  5.9873129E-01
   7146.00  5.9083096E-01
   7146.33  5.8224201E-01
   7146.67  5.7329757E-01
   7147.00  5.6422152E-01
   7147.33  5.5525718E-01
   7147.67  5.4656474E-01
   7148.00  5.3823263E-01
   7148.33  5.3034224E-01
   7148.67  5.2281670E-01
   7149.00  5.1560951E-01
   7149.33  5.0870583E-01
   7149.67  5.0204886E-01
   7150.00  4.9563473E-01
   7150.33  4.8948848E-01
   7150.67  4.8356080E-01
   7151.00  4.7781746E-01
   7151.33  4.7221415E-01
   7151.67  4.6666583E-01
   7152.00  4.6111024E-01
   7152.33  4.5546337E-01
   7152.67  4.4966768E-01
   7153.00  4.4367752E-01
   7153.33  4.3743181E-01
   7153.67  4.3095298E-01
   7154.00  4.2426082E-01
   7154.33  4.1738851E-01
   7154.67  4.1043664E-01
   7155.00  4.0349096E-01
   7155.33  3.9668105E-01
   7155.67  3.9011768E-01
   7156.00  3.8390557E-01
   7156.33  3.7820973E-01
   7156.67  3.7306615E-01
   7157.00  3.6854326E-01
   7157.33  3.6479192E-01
   7157.67  3.6177626E-01
   7158.00  3.5952688E-01
   7158.33  3.5816246E-01
   7158.67  3.5758616E-01
   7159.00  3.5778081E-01
   7159.33  3.5879410E-01
   7159.67  3.6047136E-01
   7160.00  3.6274343E-01
   7160.33  3.6557514E-01
   7160.67  3.6880098E-01
   7161.00  3.7233889E-01
   7161.33  3.7613747E-01
   7161.67  3.8010936E-01
   7162.00  3.8422427E-01
   7162.33  3.8848361E-01
   7162.67  3.9287268E-01
   7163.00  3.9739967E-01
   7163.33  4.0209462E-01
   7163.67  4.0694682E-01
   7164.00  4.1195768E-01
   7164.33  4.1713999E-01
   7164.67  4.2245821E-01
   7165.00  4.2788982E-01
   7165.33  4.3341089E-01
   7165.67  4.3897167E-01
   7166.00  4.4453505E-01
   7166.33  4.5005172E-01
   7166.67  4.5548358E-01
   7167.00  4.6079504E-01
   7167.33  4.6592716E-01
   7167.67  4.7086257E-01
   7168.00  4.7556976E-01
   7168.33  4.7998032E-01
   7168.67  4.8409435E-01
   7169.00  4.8788676E-01
   7169.33  4.9129073E-01
   7169.67  4.9433240E-01
   7170.00  4.9700189E-01
   7170.33  4.9924758E-01
   7170.67  5.0112246E-01
   7171.00  5.0264087E-01
   7171.33  5.0379097E-01
   7171.67  5.0465932E-01
   7172.00  5.0530167E-01
