    FDMNES
    energy     <xanes>
   7097.00  5.0128647E-03
   7097.33  5.1359455E-03
   7097.67  5.2649379E-03
   7098.00  5.4002676E-03
   7098.33  5.5433463E-03
   7098.67  5.6939307E-03
   7099.00  5.8526108E-03
   7099.33  6.0212661E-03
   7099.67  6.1996611E-03
   7100.00  6.3886387E-03
   7100.33  6.5907730E-03
   7100.67  6.8058768E-03
   7101.00  7.0351948E-03
   7101.33  7.2823753E-03
   7101.67  7.5473668E-03
   7102.00  7.8320838E-03
   7102.33  8.1419138E-03
   7102.67  8.4771369E-03
   7103.00  8.8408454E-03
   7103.33  9.2414074E-03
   7103.67  9.6798878E-03
   7104.00  1.0161594E-02
   7104.33  1.0700374E-02
   7104.67  1.1299196E-02
   7105.00  1.1967901E-02
   7105.33  1.2731358E-02
   7105.67  1.3597469E-02
   7106.00  1.4586419E-02
   7106.33  1.5748045E-02
   7106.67  1.7104507E-02
   7107.00  1.8703399E-02
   7107.33  2.0661217E-02
   7107.67  2.3048961E-02
   7108.00  2.6004059E-02
   7108.33  2.9869401E-02
   7108.67  3.4934388E-02
   7109.00  4.1742954E-02
   7109.33  5.1756265E-02
   7109.67  6.6745286E-02
   7110.00  9.0215642E-02
   7110.33  1.3230619E-01
   7110.67  2.0246972E-01
   7111.00  2.9405068E-01
   7111.33  3.5071315E-01
   7111.67  3.5711158E-01
   7112.00  3.3877337E-01
   7112.33  3.2342422E-01
   7112.67  3.2588875E-01
   7113.00  3.3829316E-01
   7113.33  3.3024875E-01
   7113.67  2.9594184E-01
   7114.00  2.5339049E-01
   7114.33  2.2289111E-01
   7114.67  2.0827044E-01
   7115.00  2.0695084E-01
   7115.33  2.1122486E-01
   7115.67  2.0910620E-01
   7116.00  1.9703505E-01
   7116.33  1.8115196E-01
   7116.67  1.6849635E-01
   7117.00  1.6050351E-01
   7117.33  1.5592940E-01
   7117.67  1.5168811E-01
   7118.00  1.4660081E-01
   7118.33  1.4109448E-01
   7118.67  1.3629476E-01
   7119.00  1.3284579E-01
   7119.33  1.3114137E-01
   7119.67  1.3085650E-01
   7120.00  1.3194165E-01
   7120.33  1.3437414E-01
   7120.67  1.3759703E-01
   7121.00  1.4125255E-01
   7121.33  1.4509675E-01
   7121.67  1.4936609E-01
   7122.00  1.5490890E-01
   7122.33  1.6352762E-01
   7122.67  1.7604330E-01
   7123.00  1.9225123E-01
   7123.33  2.1036816E-01
   7123.67  2.2861117E-01
   7124.00  2.4730331E-01
   7124.33  2.6625875E-01
   7124.67  2.8314091E-01
   7125.00  2.9588109E-01
   7125.33  3.0366796E-01
   7125.67  3.0928920E-01
   7126.00  3.1538108E-01
   7126.33  3.2414343E-01
   7126.67  3.3523160E-01
   7127.00  3.4798325E-01
   7127.33  3.6271288E-01
   7127.67  3.8003292E-01
   7128.00  4.0037937E-01
   7128.33  4.2405729E-01
   7128.67  4.5050592E-01
   7129.00  4.7966913E-01
   7129.33  5.1147227E-01
   7129.67  5.4416458E-01
   7130.00  5.7554940E-01
   7130.33  6.0251078E-01
   7130.67  6.2435596E-01
   7131.00  6.4183207E-01
   7131.33  6.5702414E-01
   7131.67  6.7269034E-01
   7132.00  6.9007039E-01
   7132.33  7.0918020E-01
   7132.67  7.2822685E-01
   7133.00  7.4539699E-01
   7133.33  7.5847938E-01
   7133.67  7.6696899E-01
   7134.00  7.7057038E-01
   7134.33  7.6858842E-01
   7134.67  7.6175635E-01
   7135.00  7.5040755E-01
   7135.33  7.3472121E-01
   7135.67  7.1594536E-01
   7136.00  6.9470465E-01
   7136.33  6.7149852E-01
   7136.67  6.4736848E-01
   7137.00  6.2316648E-01
   7137.33  6.0015145E-01
   7137.67  5.7931092E-01
   7138.00  5.6144361E-01
   7138.33  5.4759629E-01
   7138.67  5.3752415E-01
   7139.00  5.3111641E-01
   7139.33  5.2841441E-01
   7139.67  5.2848870E-01
   7140.00  5.3086366E-01
   7140.33  5.3525134E-01
   7140.67  5.4100914E-01
   7141.00  5.4785815E-01
   7141.33  5.5564189E-01
   7141.67  5.6402185E-01
   7142.00  5.7279278E-01
   7142.33  5.8171949E-01
   7142.67  5.9053677E-01
   7143.00  5.9906818E-01
   7143.33  6.0714077E-01
   7143.67  6.1479122E-01
   7144.00  6.2208217E-01
   7144.33  6.2910795E-01
   7144.67  6.3603164E-01
   7145.00  6.4294719E-01
   7145.33  6.4992729E-01
   7145.67  6.5697113E-01
   7146.00  6.6403159E-01
   7146.33  6.7097801E-01
   7146.67  6.7764005E-01
   7147.00  6.8381700E-01
   7147.33  6.8915307E-01
   7147.67  6.9347728E-01
   7148.00  6.9658353E-01
   7148.33  6.9811483E-01
   7148.67  6.9815524E-01
   7149.00  6.9670935E-01
   7149.33  6.9368486E-01
   7149.67  6.8939960E-01
   7150.00  6.8400938E-01
   7150.33  6.7760360E-01
   7150.67  6.7049887E-01
   7151.00  6.6285769E-01
   7151.33  6.5480166E-01
   7151.67  6.4651983E-01
   7152.00  6.3810906E-01
   7152.33  6.2964568E-01
   7152.67  6.2119567E-01
   7153.00  6.1279904E-01
   7153.33  6.0450482E-01
   7153.67  5.9633311E-01
   7154.00  5.8830729E-01
   7154.33  5.8047174E-01
   7154.67  5.7282503E-01
   7155.00  5.6538097E-01
   7155.33  5.5817773E-01
   7155.67  5.5119642E-01
   7156.00  5.4444202E-01
   7156.33  5.3794676E-01
   7156.67  5.3168344E-01
   7157.00  5.2565347E-01
   7157.33  5.1989090E-01
   7157.67  5.1437665E-01
   7158.00  5.0912424E-01
   7158.33  5.0418756E-01
   7158.67  4.9955421E-01
   7159.00  4.9524708E-01
   7159.33  4.9133933E-01
   7159.67  4.8781425E-01
   7160.00  4.8469163E-01
   7160.33  4.8203948E-01
   7160.67  4.7980954E-01
   7161.00  4.7799172E-01
   7161.33  4.7660255E-01
   7161.67  4.7554135E-01
   7162.00  4.7474600E-01
   7162.33  4.7415038E-01
   7162.67  4.7363328E-01
   7163.00  4.7310723E-01
   7163.33  4.7246137E-01
   7163.67  4.7162263E-01
   7164.00  4.7052919E-01
   7164.33  4.6908797E-01
   7164.67  4.6730408E-01
   7165.00  4.6516531E-01
   7165.33  4.6263164E-01
   7165.67  4.5976777E-01
   7166.00  4.5660186E-01
   7166.33  4.5314360E-01
   7166.67  4.4947971E-01
   7167.00  4.4566612E-01
   7167.33  4.4175395E-01
   7167.67  4.3781152E-01
   7168.00  4.3388768E-01
   7168.33  4.3004555E-01
   7168.67  4.2632326E-01
   7169.00  4.2275380E-01
   7169.33  4.1938737E-01
   7169.67  4.1621649E-01
   7170.00  4.1324456E-01
   7170.33  4.1049136E-01
   7170.67  4.0792550E-01
   7171.00  4.0554650E-01
   7171.33  4.0339862E-01
   7171.67  4.0151393E-01
   7172.00  3.9997910E-01
