    FDMNES
    energy     <xanes>
   7097.00  4.6653157E-03
   7097.33  4.7637496E-03
   7097.67  4.8662291E-03
   7098.00  4.9730089E-03
   7098.33  5.0849943E-03
   7098.67  5.2019694E-03
   7099.00  5.3242773E-03
   7099.33  5.4530835E-03
   7099.67  5.5881626E-03
   7100.00  5.7299891E-03
   7100.33  5.8801033E-03
   7100.67  6.0382859E-03
   7101.00  6.2052142E-03
   7101.33  6.3829884E-03
   7101.67  6.5714306E-03
   7102.00  6.7715462E-03
   7102.33  6.9863098E-03
   7102.67  7.2156654E-03
   7103.00  7.4611761E-03
   7103.33  7.7272594E-03
   7103.67  8.0141669E-03
   7104.00  8.3244732E-03
   7104.33  8.6651420E-03
   7104.67  9.0371834E-03
   7105.00  9.4451606E-03
   7105.33  9.9009309E-03
   7105.67  1.0407448E-02
   7106.00  1.0973610E-02
   7106.33  1.1621791E-02
   7106.67  1.2360390E-02
   7107.00  1.3209152E-02
   7107.33  1.4216777E-02
   7107.67  1.5409349E-02
   7108.00  1.6839612E-02
   7108.33  1.8638406E-02
   7108.67  2.0904635E-02
   7109.00  2.3825765E-02
   7109.33  2.7893269E-02
   7109.67  3.3645839E-02
   7110.00  4.2135339E-02
   7110.33  5.6395774E-02
   7110.67  7.9992512E-02
   7111.00  1.1553195E-01
   7111.33  1.5520944E-01
   7111.67  1.8402587E-01
   7112.00  2.0440365E-01
   7112.33  2.1464427E-01
   7112.67  2.1023713E-01
   7113.00  1.9674793E-01
   7113.33  1.8009418E-01
   7113.67  1.6411254E-01
   7114.00  1.5081476E-01
   7114.33  1.3942035E-01
   7114.67  1.2981151E-01
   7115.00  1.2239823E-01
   7115.33  1.1743727E-01
   7115.67  1.1486544E-01
   7116.00  1.1496058E-01
   7116.33  1.1835337E-01
   7116.67  1.2486927E-01
   7117.00  1.3459288E-01
   7117.33  1.4776206E-01
   7117.67  1.6308675E-01
   7118.00  1.7856607E-01
   7118.33  1.9037477E-01
   7118.67  1.9791310E-01
   7119.00  2.0415532E-01
   7119.33  2.1324119E-01
   7119.67  2.2596230E-01
   7120.00  2.4200334E-01
   7120.33  2.6118494E-01
   7120.67  2.8235769E-01
   7121.00  3.0393337E-01
   7121.33  3.2218846E-01
   7121.67  3.3404601E-01
   7122.00  3.3899014E-01
   7122.33  3.3982774E-01
   7122.67  3.4122365E-01
   7123.00  3.4484331E-01
   7123.33  3.5065759E-01
   7123.67  3.5773580E-01
   7124.00  3.6601277E-01
   7124.33  3.7589138E-01
   7124.67  3.8724543E-01
   7125.00  3.9981350E-01
   7125.33  4.1301817E-01
   7125.67  4.2599122E-01
   7126.00  4.3822992E-01
   7126.33  4.4952839E-01
   7126.67  4.6041517E-01
   7127.00  4.7144920E-01
   7127.33  4.8282433E-01
   7127.67  4.9353586E-01
   7128.00  5.0261803E-01
   7128.33  5.1053895E-01
   7128.67  5.1913974E-01
   7129.00  5.2883003E-01
   7129.33  5.3870899E-01
   7129.67  5.4758700E-01
   7130.00  5.5484835E-01
   7130.33  5.5997837E-01
   7130.67  5.6311575E-01
   7131.00  5.6420869E-01
   7131.33  5.6311742E-01
   7131.67  5.6043669E-01
   7132.00  5.5656893E-01
   7132.33  5.5193578E-01
   7132.67  5.4718687E-01
   7133.00  5.4281852E-01
   7133.33  5.3942610E-01
   7133.67  5.3721083E-01
   7134.00  5.3627273E-01
   7134.33  5.3668464E-01
   7134.67  5.3803338E-01
   7135.00  5.3999175E-01
   7135.33  5.4219416E-01
   7135.67  5.4434003E-01
   7136.00  5.4635555E-01
   7136.33  5.4830548E-01
   7136.67  5.5032669E-01
   7137.00  5.5248960E-01
   7137.33  5.5479561E-01
   7137.67  5.5711292E-01
   7138.00  5.5928663E-01
   7138.33  5.6108165E-01
   7138.67  5.6240199E-01
   7139.00  5.6321973E-01
   7139.33  5.6356837E-01
   7139.67  5.6367187E-01
   7140.00  5.6369777E-01
   7140.33  5.6383629E-01
   7140.67  5.6422282E-01
   7141.00  5.6496562E-01
   7141.33  5.6623313E-01
   7141.67  5.6804840E-01
   7142.00  5.7044073E-01
   7142.33  5.7345894E-01
   7142.67  5.7695099E-01
   7143.00  5.8079495E-01
   7143.33  5.8483447E-01
   7143.67  5.8886750E-01
   7144.00  5.9275468E-01
   7144.33  5.9633403E-01
   7144.67  5.9955728E-01
   7145.00  6.0238707E-01
   7145.33  6.0475540E-01
   7145.67  6.0670980E-01
   7146.00  6.0824627E-01
   7146.33  6.0929658E-01
   7146.67  6.0988756E-01
   7147.00  6.0998786E-01
   7147.33  6.0949266E-01
   7147.67  6.0843681E-01
   7148.00  6.0680711E-01
   7148.33  6.0454042E-01
   7148.67  6.0174397E-01
   7149.00  5.9846881E-01
   7149.33  5.9472073E-01
   7149.67  5.9059214E-01
   7150.00  5.8611305E-01
   7150.33  5.8128172E-01
   7150.67  5.7617897E-01
   7151.00  5.7084404E-01
   7151.33  5.6530477E-01
   7151.67  5.5964332E-01
   7152.00  5.5391727E-01
   7152.33  5.4819713E-01
   7152.67  5.4255329E-01
   7153.00  5.3704615E-01
   7153.33  5.3176589E-01
   7153.67  5.2674178E-01
   7154.00  5.2200892E-01
   7154.33  5.1763128E-01
   7154.67  5.1357624E-01
   7155.00  5.0983641E-01
   7155.33  5.0642542E-01
   7155.67  5.0327178E-01
   7156.00  5.0033967E-01
   7156.33  4.9760791E-01
   7156.67  4.9501483E-01
   7157.00  4.9253421E-01
   7157.33  4.9015966E-01
   7157.67  4.8787592E-01
   7158.00  4.8569132E-01
   7158.33  4.8364212E-01
   7158.67  4.8174412E-01
   7159.00  4.8002823E-01
   7159.33  4.7855935E-01
   7159.67  4.7734631E-01
   7160.00  4.7641652E-01
   7160.33  4.7582986E-01
   7160.67  4.7555436E-01
   7161.00  4.7558593E-01
   7161.33  4.7594746E-01
   7161.67  4.7658148E-01
   7162.00  4.7746768E-01
   7162.33  4.7861263E-01
   7162.67  4.7997023E-01
   7163.00  4.8153013E-01
   7163.33  4.8330889E-01
   7163.67  4.8527657E-01
   7164.00  4.8742838E-01
   7164.33  4.8977921E-01
   7164.67  4.9229528E-01
   7165.00  4.9496195E-01
   7165.33  4.9777194E-01
   7165.67  5.0067847E-01
   7166.00  5.0364902E-01
   7166.33  5.0664261E-01
   7166.67  5.0960749E-01
   7167.00  5.1249654E-01
   7167.33  5.1523530E-01
   7167.67  5.1778256E-01
   7168.00  5.2009028E-01
   7168.33  5.2207080E-01
   7168.67  5.2371626E-01
   7169.00  5.2499593E-01
   7169.33  5.2583552E-01
   7169.67  5.2627180E-01
   7170.00  5.2630613E-01
   7170.33  5.2590780E-01
   7170.67  5.2516314E-01
   7171.00  5.2412635E-01
   7171.33  5.2287250E-01
   7171.67  5.2158663E-01
   7172.00  5.2046603E-01
