    FDMNES
    energy     <xanes>
   7097.00  5.3136557E-03
   7097.33  5.4450130E-03
   7097.67  5.5824964E-03
   7098.00  5.7265234E-03
   7098.33  5.8785154E-03
   7098.67  6.0381846E-03
   7099.00  6.2060974E-03
   7099.33  6.3841100E-03
   7099.67  6.5719238E-03
   7100.00  6.7703270E-03
   7100.33  6.9818021E-03
   7100.67  7.2060641E-03
   7101.00  7.4442410E-03
   7101.33  7.6997483E-03
   7101.67  7.9723688E-03
   7102.00  8.2637721E-03
   7102.33  8.5788180E-03
   7102.67  8.9174761E-03
   7103.00  9.2823193E-03
   7103.33  9.6805505E-03
   7103.67  1.0112592E-02
   7104.00  1.0582610E-02
   7104.33  1.1101834E-02
   7104.67  1.1671760E-02
   7105.00  1.2299565E-02
   7105.33  1.3003919E-02
   7105.67  1.3788959E-02
   7106.00  1.4668083E-02
   7106.33  1.5675113E-02
   7106.67  1.6821180E-02
   7107.00  1.8134234E-02
   7107.33  1.9683362E-02
   7107.67  2.1500937E-02
   7108.00  2.3655581E-02
   7108.33  2.6316684E-02
   7108.67  2.9597444E-02
   7109.00  3.3716986E-02
   7109.33  3.9240774E-02
   7109.67  4.6732382E-02
   7110.00  5.7291035E-02
   7110.33  7.4033045E-02
   7110.67  1.0044094E-01
   7111.00  1.3877378E-01
   7111.33  1.8120090E-01
   7111.67  2.2027107E-01
   7112.00  2.6149933E-01
   7112.33  3.1825634E-01
   7112.67  3.8801144E-01
   7113.00  4.6743248E-01
   7113.33  5.6616063E-01
   7113.67  6.3895176E-01
   7114.00  6.4929640E-01
   7114.33  6.0078025E-01
   7114.67  5.1247333E-01
   7115.00  4.1099789E-01
   7115.33  3.3296251E-01
   7115.67  2.8145648E-01
   7116.00  2.5114450E-01
   7116.33  2.3681063E-01
   7116.67  2.2911438E-01
   7117.00  2.2141503E-01
   7117.33  2.0977363E-01
   7117.67  1.9589422E-01
   7118.00  1.8177406E-01
   7118.33  1.6948636E-01
   7118.67  1.5972878E-01
   7119.00  1.5265027E-01
   7119.33  1.4830395E-01
   7119.67  1.4575771E-01
   7120.00  1.4420103E-01
   7120.33  1.4233362E-01
   7120.67  1.3931975E-01
   7121.00  1.3570706E-01
   7121.33  1.3299475E-01
   7121.67  1.3180907E-01
   7122.00  1.3205040E-01
   7122.33  1.3347612E-01
   7122.67  1.3590024E-01
   7123.00  1.3947236E-01
   7123.33  1.4452730E-01
   7123.67  1.5105590E-01
   7124.00  1.5922600E-01
   7124.33  1.6954799E-01
   7124.67  1.8210810E-01
   7125.00  1.9713637E-01
   7125.33  2.1499318E-01
   7125.67  2.3506957E-01
   7126.00  2.5685356E-01
   7126.33  2.7951338E-01
   7126.67  3.0159170E-01
   7127.00  3.2191990E-01
   7127.33  3.3985414E-01
   7127.67  3.5667401E-01
   7128.00  3.7372427E-01
   7128.33  3.9250939E-01
   7128.67  4.1368029E-01
   7129.00  4.3758742E-01
   7129.33  4.6458405E-01
   7129.67  4.9464345E-01
   7130.00  5.2903199E-01
   7130.33  5.7070738E-01
   7130.67  6.2039136E-01
   7131.00  6.7820356E-01
   7131.33  7.4378535E-01
   7131.67  8.1397983E-01
   7132.00  8.8624929E-01
   7132.33  9.5729068E-01
   7132.67  1.0243471E+00
   7133.00  1.0849647E+00
   7133.33  1.1336891E+00
   7133.67  1.1654072E+00
   7134.00  1.1739856E+00
   7134.33  1.1521219E+00
   7134.67  1.1055218E+00
   7135.00  1.0403814E+00
   7135.33  9.6429990E-01
   7135.67  8.8612871E-01
   7136.00  8.1044669E-01
   7136.33  7.4110791E-01
   7136.67  6.7888624E-01
   7137.00  6.2423649E-01
   7137.33  5.7813377E-01
   7137.67  5.3944289E-01
   7138.00  5.0795522E-01
   7138.33  4.8422775E-01
   7138.67  4.6697781E-01
   7139.00  4.5571450E-01
   7139.33  4.5035108E-01
   7139.67  4.4934337E-01
   7140.00  4.5187459E-01
   7140.33  4.5734637E-01
   7140.67  4.6461534E-01
   7141.00  4.7310389E-01
   7141.33  4.8237396E-01
   7141.67  4.9195056E-01
   7142.00  5.0158310E-01
   7142.33  5.1102383E-01
   7142.67  5.2011505E-01
   7143.00  5.2873004E-01
   7143.33  5.3667023E-01
   7143.67  5.4390779E-01
   7144.00  5.5037278E-01
   7144.33  5.5590563E-01
   7144.67  5.6058246E-01
   7145.00  5.6440214E-01
   7145.33  5.6728400E-01
   7145.67  5.6937966E-01
   7146.00  5.7074591E-01
   7146.33  5.7138298E-01
   7146.67  5.7146476E-01
   7147.00  5.7107649E-01
   7147.33  5.7027380E-01
   7147.67  5.6920320E-01
   7148.00  5.6794775E-01
   7148.33  5.6658732E-01
   7148.67  5.6521833E-01
   7149.00  5.6390719E-01
   7149.33  5.6273841E-01
   7149.67  5.6175393E-01
   7150.00  5.6099205E-01
   7150.33  5.6051513E-01
   7150.67  5.6030920E-01
   7151.00  5.6037843E-01
   7151.33  5.6074535E-01
   7151.67  5.6135264E-01
   7152.00  5.6217222E-01
   7152.33  5.6318955E-01
   7152.67  5.6434687E-01
   7153.00  5.6561749E-01
   7153.33  5.6699038E-01
   7153.67  5.6844396E-01
   7154.00  5.6997945E-01
   7154.33  5.7162000E-01
   7154.67  5.7337201E-01
   7155.00  5.7525161E-01
   7155.33  5.7728969E-01
   7155.67  5.7947018E-01
   7156.00  5.8178206E-01
   7156.33  5.8421040E-01
   7156.67  5.8669952E-01
   7157.00  5.8920341E-01
   7157.33  5.9165624E-01
   7157.67  5.9399990E-01
   7158.00  5.9617820E-01
   7158.33  5.9809686E-01
   7158.67  5.9972165E-01
   7159.00  6.0100039E-01
   7159.33  6.0182539E-01
   7159.67  6.0219558E-01
   7160.00  6.0207099E-01
   7160.33  6.0134381E-01
   7160.67  6.0005082E-01
   7161.00  5.9817571E-01
   7161.33  5.9562694E-01
   7161.67  5.9246784E-01
   7162.00  5.8869766E-01
   7162.33  5.8424980E-01
   7162.67  5.7921870E-01
   7163.00  5.7362945E-01
   7163.33  5.6745388E-01
   7163.67  5.6080059E-01
   7164.00  5.5371156E-01
   7164.33  5.4619148E-01
   7164.67  5.3834469E-01
   7165.00  5.3022304E-01
   7165.33  5.2186160E-01
   7165.67  5.1334952E-01
   7166.00  5.0474093E-01
   7166.33  4.9609173E-01
   7166.67  4.8746263E-01
   7167.00  4.7889906E-01
   7167.33  4.7046457E-01
   7167.67  4.6219010E-01
   7168.00  4.5411230E-01
   7168.33  4.4630163E-01
   7168.67  4.3876784E-01
   7169.00  4.3154344E-01
   7169.33  4.2470807E-01
   7169.67  4.1825301E-01
   7170.00  4.1220576E-01
   7170.33  4.0665170E-01
   7170.67  4.0156505E-01
   7171.00  3.9697384E-01
   7171.33  3.9299030E-01
   7171.67  3.8961968E-01
   7172.00  3.8694780E-01
