    FDMNES
    energy     <xanes>
   7097.00  4.7527639E-03
   7097.33  4.8636216E-03
   7097.67  4.9794915E-03
   7098.00  5.1007181E-03
   7098.33  5.2284720E-03
   7098.67  5.3625256E-03
   7099.00  5.5033535E-03
   7099.33  5.6524985E-03
   7099.67  5.8097349E-03
   7100.00  5.9757360E-03
   7100.33  6.1525945E-03
   7100.67  6.3401176E-03
   7101.00  6.5392933E-03
   7101.33  6.7530609E-03
   7101.67  6.9813282E-03
   7102.00  7.2256067E-03
   7102.33  7.4902018E-03
   7102.67  7.7752734E-03
   7103.00  8.0832535E-03
   7103.33  8.4207817E-03
   7103.67  8.7886241E-03
   7104.00  9.1909414E-03
   7104.33  9.6386586E-03
   7104.67  1.0134019E-02
   7105.00  1.0684720E-02
   7105.33  1.1310291E-02
   7105.67  1.2016808E-02
   7106.00  1.2820022E-02
   7106.33  1.3758903E-02
   7106.67  1.4850556E-02
   7107.00  1.6131961E-02
   7107.33  1.7693629E-02
   7107.67  1.9590030E-02
   7108.00  2.1926795E-02
   7108.33  2.4966701E-02
   7108.67  2.8927298E-02
   7109.00  3.4216187E-02
   7109.33  4.1918364E-02
   7109.67  5.3311896E-02
   7110.00  7.0910186E-02
   7110.33  1.0202872E-01
   7110.67  1.5474069E-01
   7111.00  2.3070805E-01
   7111.33  2.9863199E-01
   7111.67  3.2932776E-01
   7112.00  3.2155640E-01
   7112.33  2.8670463E-01
   7112.67  2.4809400E-01
   7113.00  2.1207594E-01
   7113.33  1.8172249E-01
   7113.67  1.5744518E-01
   7114.00  1.3697923E-01
   7114.33  1.2019078E-01
   7114.67  1.0890182E-01
   7115.00  1.0331500E-01
   7115.33  1.0103453E-01
   7115.67  9.8848241E-02
   7116.00  9.7424335E-02
   7116.33  9.8920068E-02
   7116.67  1.0362125E-01
   7117.00  1.1190502E-01
   7117.33  1.2426806E-01
   7117.67  1.3894370E-01
   7118.00  1.5413933E-01
   7118.33  1.6918576E-01
   7118.67  1.8568385E-01
   7119.00  2.0400521E-01
   7119.33  2.2005379E-01
   7119.67  2.2961464E-01
   7120.00  2.3275991E-01
   7120.33  2.3115257E-01
   7120.67  2.2779840E-01
   7121.00  2.2663897E-01
   7121.33  2.3266388E-01
   7121.67  2.4596239E-01
   7122.00  2.6570119E-01
   7122.33  2.9089004E-01
   7122.67  3.1844664E-01
   7123.00  3.4561065E-01
   7123.33  3.6901986E-01
   7123.67  3.8788212E-01
   7124.00  4.0292893E-01
   7124.33  4.1523835E-01
   7124.67  4.2575255E-01
   7125.00  4.3489690E-01
   7125.33  4.4362053E-01
   7125.67  4.5266586E-01
   7126.00  4.6171878E-01
   7126.33  4.6960431E-01
   7126.67  4.7586192E-01
   7127.00  4.8123539E-01
   7127.33  4.8772629E-01
   7127.67  4.9583441E-01
   7128.00  5.0429444E-01
   7128.33  5.1100758E-01
   7128.67  5.1545547E-01
   7129.00  5.1824991E-01
   7129.33  5.2113253E-01
   7129.67  5.2623165E-01
   7130.00  5.3508190E-01
   7130.33  5.4901251E-01
   7130.67  5.6672698E-01
   7131.00  5.8649421E-01
   7131.33  6.0584943E-01
   7131.67  6.2327946E-01
   7132.00  6.3859766E-01
   7132.33  6.5208836E-01
   7132.67  6.6418197E-01
   7133.00  6.7457202E-01
   7133.33  6.8248762E-01
   7133.67  6.8805814E-01
   7134.00  6.9134136E-01
   7134.33  6.9163827E-01
   7134.67  6.8837899E-01
   7135.00  6.8123518E-01
   7135.33  6.7075292E-01
   7135.67  6.5886497E-01
   7136.00  6.4674876E-01
   7136.33  6.3562715E-01
   7136.67  6.2619760E-01
   7137.00  6.1878566E-01
   7137.33  6.1358460E-01
   7137.67  6.1006349E-01
   7138.00  6.0801585E-01
   7138.33  6.0754643E-01
   7138.67  6.0853456E-01
   7139.00  6.1102186E-01
   7139.33  6.1513169E-01
   7139.67  6.2048101E-01
   7140.00  6.2679716E-01
   7140.33  6.3378025E-01
   7140.67  6.4099871E-01
   7141.00  6.4821273E-01
   7141.33  6.5520076E-01
   7141.67  6.6180163E-01
   7142.00  6.6778897E-01
   7142.33  6.7266750E-01
   7142.67  6.7613859E-01
   7143.00  6.7790063E-01
   7143.33  6.7754033E-01
   7143.67  6.7532737E-01
   7144.00  6.7141796E-01
   7144.33  6.6588027E-01
   7144.67  6.5915168E-01
   7145.00  6.5143395E-01
   7145.33  6.4284202E-01
   7145.67  6.3367122E-01
   7146.00  6.2409035E-01
   7146.33  6.1427959E-01
   7146.67  6.0448834E-01
   7147.00  5.9492361E-01
   7147.33  5.8589565E-01
   7147.67  5.7758263E-01
   7148.00  5.7014905E-01
   7148.33  5.6381463E-01
   7148.67  5.5842215E-01
   7149.00  5.5383815E-01
   7149.33  5.4987329E-01
   7149.67  5.4611891E-01
   7150.00  5.4225427E-01
   7150.33  5.3786954E-01
   7150.67  5.3274258E-01
   7151.00  5.2672415E-01
   7151.33  5.1965385E-01
   7151.67  5.1172954E-01
   7152.00  5.0309544E-01
   7152.33  4.9390996E-01
   7152.67  4.8447273E-01
   7153.00  4.7498171E-01
   7153.33  4.6565214E-01
   7153.67  4.5661370E-01
   7154.00  4.4795201E-01
   7154.33  4.3977858E-01
   7154.67  4.3206018E-01
   7155.00  4.2479313E-01
   7155.33  4.1800763E-01
   7155.67  4.1161293E-01
   7156.00  4.0557111E-01
   7156.33  3.9987386E-01
   7156.67  3.9443774E-01
   7157.00  3.8922673E-01
   7157.33  3.8422529E-01
   7157.67  3.7937639E-01
   7158.00  3.7465779E-01
   7158.33  3.7006938E-01
   7158.67  3.6559948E-01
   7159.00  3.6126970E-01
   7159.33  3.5715598E-01
   7159.67  3.5331444E-01
   7160.00  3.4983160E-01
   7160.33  3.4687407E-01
   7160.67  3.4448332E-01
   7161.00  3.4272555E-01
   7161.33  3.4173010E-01
   7161.67  3.4141700E-01
   7162.00  3.4176066E-01
   7162.33  3.4277943E-01
   7162.67  3.4431569E-01
   7163.00  3.4628195E-01
   7163.33  3.4860227E-01
   7163.67  3.5111421E-01
   7164.00  3.5371231E-01
   7164.33  3.5627881E-01
   7164.67  3.5871964E-01
   7165.00  3.6096906E-01
   7165.33  3.6294544E-01
   7165.67  3.6465719E-01
   7166.00  3.6610810E-01
   7166.33  3.6729560E-01
   7166.67  3.6829516E-01
   7167.00  3.6915991E-01
   7167.33  3.6995565E-01
   7167.67  3.7076889E-01
   7168.00  3.7166544E-01
   7168.33  3.7273208E-01
   7168.67  3.7400292E-01
   7169.00  3.7550849E-01
   7169.33  3.7729683E-01
   7169.67  3.7933290E-01
   7170.00  3.8159862E-01
   7170.33  3.8408167E-01
   7170.67  3.8670513E-01
   7171.00  3.8940713E-01
   7171.33  3.9207826E-01
   7171.67  3.9454809E-01
   7172.00  3.9659958E-01
