    FDMNES
    energy     <xanes>
   7097.00  4.2366712E-03
   7097.33  4.3214369E-03
   7097.67  4.4095652E-03
   7098.00  4.5012717E-03
   7098.33  4.5973164E-03
   7098.67  4.6975274E-03
   7099.00  4.8022001E-03
   7099.33  4.9123249E-03
   7099.67  5.0277300E-03
   7100.00  5.1488334E-03
   7100.33  5.2769665E-03
   7100.67  5.4119775E-03
   7101.00  5.5544802E-03
   7101.33  5.7063328E-03
   7101.67  5.8674483E-03
   7102.00  6.0387691E-03
   7102.33  6.2230098E-03
   7102.67  6.4202484E-03
   7103.00  6.6320118E-03
   7103.33  6.8624937E-03
   7103.67  7.1121737E-03
   7104.00  7.3836922E-03
   7104.33  7.6839955E-03
   7104.67  8.0145544E-03
   7105.00  8.3803246E-03
   7105.33  8.7938756E-03
   7105.67  9.2592812E-03
   7106.00  9.7868757E-03
   7106.33  1.0402192E-02
   7106.67  1.1116916E-02
   7107.00  1.1955865E-02
   7107.33  1.2979775E-02
   7107.67  1.4226592E-02
   7108.00  1.5769140E-02
   7108.33  1.7789021E-02
   7108.67  2.0441283E-02
   7109.00  2.4015649E-02
   7109.33  2.9287506E-02
   7109.67  3.7190949E-02
   7110.00  4.9566796E-02
   7110.33  7.1792012E-02
   7110.67  1.0977967E-01
   7111.00  1.6448774E-01
   7111.33  2.1252364E-01
   7111.67  2.2495966E-01
   7112.00  1.9441558E-01
   7112.33  1.4785322E-01
   7112.67  1.1101926E-01
   7113.00  8.7368137E-02
   7113.33  7.6255513E-02
   7113.67  7.3600834E-02
   7114.00  7.4941691E-02
   7114.33  7.2104329E-02
   7114.67  6.3709354E-02
   7115.00  5.3201285E-02
   7115.33  4.5072646E-02
   7115.67  3.9670518E-02
   7116.00  3.6289064E-02
   7116.33  3.4397095E-02
   7116.67  3.3418799E-02
   7117.00  3.3152667E-02
   7117.33  3.3543651E-02
   7117.67  3.4470210E-02
   7118.00  3.5929213E-02
   7118.33  3.7994425E-02
   7118.67  4.0589170E-02
   7119.00  4.3681079E-02
   7119.33  4.7248826E-02
   7119.67  5.1157428E-02
   7120.00  5.5391222E-02
   7120.33  6.0102925E-02
   7120.67  6.5459739E-02
   7121.00  7.1715411E-02
   7121.33  7.9339515E-02
   7121.67  8.8446344E-02
   7122.00  9.9187393E-02
   7122.33  1.1198938E-01
   7122.67  1.2701659E-01
   7123.00  1.4468834E-01
   7123.33  1.6567162E-01
   7123.67  1.8954320E-01
   7124.00  2.1598303E-01
   7124.33  2.4462523E-01
   7124.67  2.7444187E-01
   7125.00  3.0471608E-01
   7125.33  3.3485995E-01
   7125.67  3.6513585E-01
   7126.00  3.9659923E-01
   7126.33  4.3126836E-01
   7126.67  4.7038888E-01
   7127.00  5.1560245E-01
   7127.33  5.7036416E-01
   7127.67  6.3524255E-01
   7128.00  7.0957696E-01
   7128.33  7.8944857E-01
   7128.67  8.6482556E-01
   7129.00  9.2452376E-01
   7129.33  9.5412006E-01
   7129.67  9.5495010E-01
   7130.00  9.3305230E-01
   7130.33  8.9745011E-01
   7130.67  8.5907439E-01
   7131.00  8.2395227E-01
   7131.33  7.9843259E-01
   7131.67  7.8468267E-01
   7132.00  7.8290044E-01
   7132.33  7.9063503E-01
   7132.67  8.0036522E-01
   7133.00  8.0676067E-01
   7133.33  8.0669573E-01
   7133.67  8.0315163E-01
   7134.00  7.9952071E-01
   7134.33  7.9862538E-01
   7134.67  8.0054510E-01
   7135.00  8.0459774E-01
   7135.33  8.0925823E-01
   7135.67  8.1232671E-01
   7136.00  8.1236155E-01
   7136.33  8.0861782E-01
   7136.67  8.0249118E-01
   7137.00  7.9522299E-01
   7137.33  7.8810683E-01
   7137.67  7.8195171E-01
   7138.00  7.7707242E-01
   7138.33  7.7356858E-01
   7138.67  7.7084207E-01
   7139.00  7.6827027E-01
   7139.33  7.6491260E-01
   7139.67  7.6007744E-01
   7140.00  7.5330799E-01
   7140.33  7.4416113E-01
   7140.67  7.3309537E-01
   7141.00  7.2049203E-01
   7141.33  7.0678200E-01
   7141.67  6.9264081E-01
   7142.00  6.7848452E-01
   7142.33  6.6474864E-01
   7142.67  6.5166465E-01
   7143.00  6.3938147E-01
   7143.33  6.2807871E-01
   7143.67  6.1762287E-01
   7144.00  6.0793241E-01
   7144.33  5.9895084E-01
   7144.67  5.9046103E-01
   7145.00  5.8236329E-01
   7145.33  5.7461169E-01
   7145.67  5.6711727E-01
   7146.00  5.5985793E-01
   7146.33  5.5284796E-01
   7146.67  5.4604942E-01
   7147.00  5.3945325E-01
   7147.33  5.3307055E-01
   7147.67  5.2686204E-01
   7148.00  5.2081110E-01
   7148.33  5.1490896E-01
   7148.67  5.0910870E-01
   7149.00  5.0338264E-01
   7149.33  4.9770367E-01
   7149.67  4.9203518E-01
   7150.00  4.8635161E-01
   7150.33  4.8061881E-01
   7150.67  4.7481515E-01
   7151.00  4.6891829E-01
   7151.33  4.6288747E-01
   7151.67  4.5671145E-01
   7152.00  4.5036758E-01
   7152.33  4.4380518E-01
   7152.67  4.3702385E-01
   7153.00  4.3000578E-01
   7153.33  4.2270664E-01
   7153.67  4.1515900E-01
   7154.00  4.0737981E-01
   7154.33  3.9938904E-01
   7154.67  3.9128354E-01
   7155.00  3.8314835E-01
   7155.33  3.7510917E-01
   7155.67  3.6727544E-01
   7156.00  3.5974509E-01
   7156.33  3.5265813E-01
   7156.67  3.4601186E-01
   7157.00  3.3980359E-01
   7157.33  3.3402657E-01
   7157.67  3.2853574E-01
   7158.00  3.2323363E-01
   7158.33  3.1802952E-01
   7158.67  3.1285223E-01
   7159.00  3.0769571E-01
   7159.33  3.0261040E-01
   7159.67  2.9767507E-01
   7160.00  2.9298832E-01
   7160.33  2.8872407E-01
   7160.67  2.8496150E-01
   7161.00  2.8179983E-01
   7161.33  2.7942262E-01
   7161.67  2.7781576E-01
   7162.00  2.7702533E-01
   7162.33  2.7719140E-01
   7162.67  2.7822239E-01
   7163.00  2.8011835E-01
   7163.33  2.8297356E-01
   7163.67  2.8665681E-01
   7164.00  2.9113716E-01
   7164.33  2.9646224E-01
   7164.67  3.0248197E-01
   7165.00  3.0913624E-01
   7165.33  3.1641016E-01
   7165.67  3.2414569E-01
   7166.00  3.3226222E-01
   7166.33  3.4069461E-01
   7166.67  3.4930209E-01
   7167.00  3.5799177E-01
   7167.33  3.6665367E-01
   7167.67  3.7518842E-01
   7168.00  3.8351429E-01
   7168.33  3.9151085E-01
   7168.67  3.9914605E-01
   7169.00  4.0637412E-01
   7169.33  4.1310119E-01
   7169.67  4.1936000E-01
   7170.00  4.2514211E-01
   7170.33  4.3038748E-01
   7170.67  4.3515917E-01
   7171.00  4.3945622E-01
   7171.33  4.4319825E-01
   7171.67  4.4638641E-01
   7172.00  4.4892721E-01
