    FDMNES
    energy     <xanes>
   7097.00  4.8076792E-03
   7097.33  4.9137021E-03
   7097.67  5.0242650E-03
   7098.00  5.1396635E-03
   7098.33  5.2609295E-03
   7098.67  5.3878333E-03
   7099.00  5.5207751E-03
   7099.33  5.6610930E-03
   7099.67  5.8085492E-03
   7100.00  5.9637001E-03
   7100.33  6.1283266E-03
   7100.67  6.3022013E-03
   7101.00  6.4861227E-03
   7101.33  6.6825347E-03
   7101.67  6.8912631E-03
   7102.00  7.1134968E-03
   7102.33  7.3527176E-03
   7102.67  7.6088992E-03
   7103.00  7.8838934E-03
   7103.33  8.1828935E-03
   7103.67  8.5062386E-03
   7104.00  8.8569783E-03
   7104.33  9.2433173E-03
   7104.67  9.6664837E-03
   7105.00  1.0131867E-02
   7105.33  1.0653428E-02
   7105.67  1.1234651E-02
   7106.00  1.1885981E-02
   7106.33  1.2633657E-02
   7106.67  1.3487422E-02
   7107.00  1.4470267E-02
   7107.33  1.5638872E-02
   7107.67  1.7023199E-02
   7108.00  1.8684109E-02
   7108.33  2.0772589E-02
   7108.67  2.3401872E-02
   7109.00  2.6787381E-02
   7109.33  3.1495055E-02
   7109.67  3.8147355E-02
   7110.00  4.7964167E-02
   7110.33  6.4454988E-02
   7110.67  9.1466347E-02
   7111.00  1.3031856E-01
   7111.33  1.7046555E-01
   7111.67  2.0322999E-01
   7112.00  2.1280511E-01
   7112.33  2.0847857E-01
   7112.67  2.2735680E-01
   7113.00  2.7522034E-01
   7113.33  3.2566765E-01
   7113.67  3.3385184E-01
   7114.00  2.9332376E-01
   7114.33  2.2800523E-01
   7114.67  1.8041819E-01
   7115.00  1.5865365E-01
   7115.33  1.5151329E-01
   7115.67  1.4839495E-01
   7116.00  1.5220387E-01
   7116.33  1.6830450E-01
   7116.67  1.9384179E-01
   7117.00  2.2025203E-01
   7117.33  2.2928131E-01
   7117.67  2.1838185E-01
   7118.00  1.9846014E-01
   7118.33  1.8159379E-01
   7118.67  1.7032301E-01
   7119.00  1.6297160E-01
   7119.33  1.5682214E-01
   7119.67  1.5065588E-01
   7120.00  1.4499106E-01
   7120.33  1.4079733E-01
   7120.67  1.3850744E-01
   7121.00  1.3838675E-01
   7121.33  1.4066391E-01
   7121.67  1.4487118E-01
   7122.00  1.5094256E-01
   7122.33  1.5920958E-01
   7122.67  1.6951405E-01
   7123.00  1.8183454E-01
   7123.33  1.9625425E-01
   7123.67  2.1225777E-01
   7124.00  2.2957327E-01
   7124.33  2.4819150E-01
   7124.67  2.6795403E-01
   7125.00  2.8855944E-01
   7125.33  3.0893653E-01
   7125.67  3.2797174E-01
   7126.00  3.4552908E-01
   7126.33  3.6236944E-01
   7126.67  3.7952080E-01
   7127.00  3.9751924E-01
   7127.33  4.1708712E-01
   7127.67  4.3859865E-01
   7128.00  4.6240276E-01
   7128.33  4.8891479E-01
   7128.67  5.1750508E-01
   7129.00  5.4748952E-01
   7129.33  5.7767948E-01
   7129.67  6.0667722E-01
   7130.00  6.3346938E-01
   7130.33  6.5738817E-01
   7130.67  6.7990400E-01
   7131.00  7.0291107E-01
   7131.33  7.2890892E-01
   7131.67  7.5887147E-01
   7132.00  7.9289481E-01
   7132.33  8.2995600E-01
   7132.67  8.6679904E-01
   7133.00  9.0022378E-01
   7133.33  9.2589448E-01
   7133.67  9.4218265E-01
   7134.00  9.4800235E-01
   7134.33  9.4233057E-01
   7134.67  9.2819837E-01
   7135.00  9.0765476E-01
   7135.33  8.8233376E-01
   7135.67  8.5439128E-01
   7136.00  8.2490519E-01
   7136.33  7.9492279E-01
   7136.67  7.6552156E-01
   7137.00  7.3749211E-01
   7137.33  7.1184660E-01
   7137.67  6.8881320E-01
   7138.00  6.6861548E-01
   7138.33  6.5170014E-01
   7138.67  6.3762050E-01
   7139.00  6.2618739E-01
   7139.33  6.1734536E-01
   7139.67  6.1035754E-01
   7140.00  6.0478228E-01
   7140.33  6.0018845E-01
   7140.67  5.9594826E-01
   7141.00  5.9167241E-01
   7141.33  5.8696094E-01
   7141.67  5.8164413E-01
   7142.00  5.7564433E-01
   7142.33  5.6889767E-01
   7142.67  5.6159105E-01
   7143.00  5.5385213E-01
   7143.33  5.4581110E-01
   7143.67  5.3764898E-01
   7144.00  5.2944889E-01
   7144.33  5.2127207E-01
   7144.67  5.1317623E-01
   7145.00  5.0522678E-01
   7145.33  4.9754491E-01
   7145.67  4.9020620E-01
   7146.00  4.8330796E-01
   7146.33  4.7703183E-01
   7146.67  4.7140921E-01
   7147.00  4.6650734E-01
   7147.33  4.6246675E-01
   7147.67  4.5919557E-01
   7148.00  4.5667050E-01
   7148.33  4.5492682E-01
   7148.67  4.5380152E-01
   7149.00  4.5322911E-01
   7149.33  4.5321271E-01
   7149.67  4.5365981E-01
   7150.00  4.5456626E-01
   7150.33  4.5600070E-01
   7150.67  4.5791549E-01
   7151.00  4.6030909E-01
   7151.33  4.6321410E-01
   7151.67  4.6652859E-01
   7152.00  4.7020070E-01
   7152.33  4.7419452E-01
   7152.67  4.7839783E-01
   7153.00  4.8274714E-01
   7153.33  4.8718671E-01
   7153.67  4.9165284E-01
   7154.00  4.9611036E-01
   7154.33  5.0052669E-01
   7154.67  5.0488998E-01
   7155.00  5.0919271E-01
   7155.33  5.1342343E-01
   7155.67  5.1759053E-01
   7156.00  5.2169492E-01
   7156.33  5.2572516E-01
   7156.67  5.2967889E-01
   7157.00  5.3353655E-01
   7157.33  5.3724952E-01
   7157.67  5.4079408E-01
   7158.00  5.4413230E-01
   7158.33  5.4718643E-01
   7158.67  5.4994216E-01
   7159.00  5.5236407E-01
   7159.33  5.5437401E-01
   7159.67  5.5599545E-01
   7160.00  5.5721339E-01
   7160.33  5.5795778E-01
   7160.67  5.5827557E-01
   7161.00  5.5817065E-01
   7161.33  5.5759742E-01
   7161.67  5.5661905E-01
   7162.00  5.5524956E-01
   7162.33  5.5345417E-01
   7162.67  5.5129150E-01
   7163.00  5.4877429E-01
   7163.33  5.4587936E-01
   7163.67  5.4267174E-01
   7164.00  5.3917527E-01
   7164.33  5.3539076E-01
   7164.67  5.3138814E-01
   7165.00  5.2720323E-01
   7165.33  5.2286449E-01
   7165.67  5.1843869E-01
   7166.00  5.1397042E-01
   7166.33  5.0951238E-01
   7166.67  5.0511340E-01
   7167.00  5.0081412E-01
   7167.33  4.9667434E-01
   7167.67  4.9271043E-01
   7168.00  4.8894512E-01
   7168.33  4.8542820E-01
   7168.67  4.8214912E-01
   7169.00  4.7911471E-01
   7169.33  4.7635718E-01
   7169.67  4.7384337E-01
   7170.00  4.7156982E-01
   7170.33  4.6956119E-01
   7170.67  4.6778316E-01
   7171.00  4.6623202E-01
   7171.33  4.6493290E-01
   7171.67  4.6385965E-01
   7172.00  4.6301789E-01
