    FDMNES
    energy     <xanes>
   7097.00  5.3837974E-03
   7097.33  5.5185462E-03
   7097.67  5.6597222E-03
   7098.00  5.8077744E-03
   7098.33  5.9642134E-03
   7098.67  6.1287527E-03
   7099.00  6.3020064E-03
   7099.33  6.4859609E-03
   7099.67  6.6803248E-03
   7100.00  6.8859590E-03
   7100.33  7.1055421E-03
   7100.67  7.3388075E-03
   7101.00  7.5869987E-03
   7101.33  7.8538347E-03
   7101.67  8.1391399E-03
   7102.00  8.4447730E-03
   7102.33  8.7760810E-03
   7102.67  9.1331230E-03
   7103.00  9.5187943E-03
   7103.33  9.9411121E-03
   7103.67  1.0400691E-02
   7104.00  1.0902272E-02
   7104.33  1.1458512E-02
   7104.67  1.2071330E-02
   7105.00  1.2748988E-02
   7105.33  1.3512809E-02
   7105.67  1.4367884E-02
   7106.00  1.5329807E-02
   7106.33  1.6437677E-02
   7106.67  1.7704923E-02
   7107.00  1.9164282E-02
   7107.33  2.0896243E-02
   7107.67  2.2939064E-02
   7108.00  2.5372720E-02
   7108.33  2.8393409E-02
   7108.67  3.2129910E-02
   7109.00  3.6829312E-02
   7109.33  4.3119823E-02
   7109.67  5.1593353E-02
   7110.00  6.3384817E-02
   7110.33  8.1640914E-02
   7110.67  1.0993381E-01
   7111.00  1.5240981E-01
   7111.33  2.1268091E-01
   7111.67  2.8753805E-01
   7112.00  3.7539097E-01
   7112.33  4.8054761E-01
   7112.67  5.9488401E-01
   7113.00  6.8161847E-01
   7113.33  6.6809344E-01
   7113.67  5.7512952E-01
   7114.00  4.6301137E-01
   7114.33  3.7214566E-01
   7114.67  3.0601027E-01
   7115.00  2.6090533E-01
   7115.33  2.3355871E-01
   7115.67  2.1815708E-01
   7116.00  2.1187430E-01
   7116.33  2.1026611E-01
   7116.67  2.0643540E-01
   7117.00  1.9738956E-01
   7117.33  1.8398269E-01
   7117.67  1.7044669E-01
   7118.00  1.5926030E-01
   7118.33  1.5165936E-01
   7118.67  1.4649253E-01
   7119.00  1.4257793E-01
   7119.33  1.3869446E-01
   7119.67  1.3448121E-01
   7120.00  1.3042173E-01
   7120.33  1.2739059E-01
   7120.67  1.2553438E-01
   7121.00  1.2476225E-01
   7121.33  1.2511811E-01
   7121.67  1.2638435E-01
   7122.00  1.2842625E-01
   7122.33  1.3122609E-01
   7122.67  1.3471551E-01
   7123.00  1.3898317E-01
   7123.33  1.4430339E-01
   7123.67  1.5075393E-01
   7124.00  1.5852100E-01
   7124.33  1.6802089E-01
   7124.67  1.7926573E-01
   7125.00  1.9240060E-01
   7125.33  2.0783465E-01
   7125.67  2.2547706E-01
   7126.00  2.4542024E-01
   7126.33  2.6784815E-01
   7126.67  2.9214067E-01
   7127.00  3.1780036E-01
   7127.33  3.4420688E-01
   7127.67  3.7079228E-01
   7128.00  3.9773439E-01
   7128.33  4.2653450E-01
   7128.67  4.5938788E-01
   7129.00  4.9876211E-01
   7129.33  5.4792226E-01
   7129.67  6.0589297E-01
   7130.00  6.7060604E-01
   7130.33  7.3765757E-01
   7130.67  8.0088209E-01
   7131.00  8.5606456E-01
   7131.33  9.0055696E-01
   7131.67  9.3769125E-01
   7132.00  9.6980048E-01
   7132.33  9.9689570E-01
   7132.67  1.0175376E+00
   7133.00  1.0291928E+00
   7133.33  1.0283123E+00
   7133.67  1.0159086E+00
   7134.00  9.9300235E-01
   7134.33  9.6061690E-01
   7134.67  9.2211129E-01
   7135.00  8.7928312E-01
   7135.33  8.3355997E-01
   7135.67  7.8669940E-01
   7136.00  7.3977978E-01
   7136.33  6.9411431E-01
   7136.67  6.5069533E-01
   7137.00  6.1045344E-01
   7137.33  5.7488856E-01
   7137.67  5.4427086E-01
   7138.00  5.1906481E-01
   7138.33  5.0021289E-01
   7138.67  4.8689713E-01
   7139.00  4.7876551E-01
   7139.33  4.7576249E-01
   7139.67  4.7656358E-01
   7140.00  4.8048998E-01
   7140.33  4.8707949E-01
   7140.67  4.9536372E-01
   7141.00  5.0485470E-01
   7141.33  5.1518338E-01
   7141.67  5.2589548E-01
   7142.00  5.3674321E-01
   7142.33  5.4747088E-01
   7142.67  5.5787270E-01
   7143.00  5.6776211E-01
   7143.33  5.7682108E-01
   7143.67  5.8490749E-01
   7144.00  5.9182205E-01
   7144.33  5.9718240E-01
   7144.67  6.0100185E-01
   7145.00  6.0320390E-01
   7145.33  6.0358126E-01
   7145.67  6.0240947E-01
   7146.00  5.9979577E-01
   7146.33  5.9575862E-01
   7146.67  5.9067777E-01
   7147.00  5.8476325E-01
   7147.33  5.7819241E-01
   7147.67  5.7128023E-01
   7148.00  5.6422010E-01
   7148.33  5.5722200E-01
   7148.67  5.5045621E-01
   7149.00  5.4405479E-01
   7149.33  5.3821616E-01
   7149.67  5.3299480E-01
   7150.00  5.2847144E-01
   7150.33  5.2481906E-01
   7150.67  5.2200279E-01
   7151.00  5.2006535E-01
   7151.33  5.1915892E-01
   7151.67  5.1919341E-01
   7152.00  5.2017888E-01
   7152.33  5.2223220E-01
   7152.67  5.2521648E-01
   7153.00  5.2909995E-01
   7153.33  5.3392425E-01
   7153.67  5.3948714E-01
   7154.00  5.4567616E-01
   7154.33  5.5238519E-01
   7154.67  5.5935887E-01
   7155.00  5.6640550E-01
   7155.33  5.7326683E-01
   7155.67  5.7972715E-01
   7156.00  5.8560016E-01
   7156.33  5.9061021E-01
   7156.67  5.9472683E-01
   7157.00  5.9788950E-01
   7157.33  5.9996132E-01
   7157.67  6.0109885E-01
   7158.00  6.0136311E-01
   7158.33  6.0074819E-01
   7158.67  5.9945372E-01
   7159.00  5.9756957E-01
   7159.33  5.9513289E-01
   7159.67  5.9229058E-01
   7160.00  5.8910375E-01
   7160.33  5.8559274E-01
   7160.67  5.8183255E-01
   7161.00  5.7784591E-01
   7161.33  5.7362406E-01
   7161.67  5.6919542E-01
   7162.00  5.6455643E-01
   7162.33  5.5967731E-01
   7162.67  5.5458116E-01
   7163.00  5.4926555E-01
   7163.33  5.4370216E-01
   7163.67  5.3792148E-01
   7164.00  5.3192996E-01
   7164.33  5.2571393E-01
   7164.67  5.1931563E-01
   7165.00  5.1275683E-01
   7165.33  5.0605230E-01
   7165.67  4.9925388E-01
   7166.00  4.9239650E-01
   7166.33  4.8552144E-01
   7166.67  4.7867593E-01
   7167.00  4.7190102E-01
   7167.33  4.6526049E-01
   7167.67  4.5878793E-01
   7168.00  4.5252534E-01
   7168.33  4.4655559E-01
   7168.67  4.4089442E-01
   7169.00  4.3557510E-01
   7169.33  4.3067212E-01
   7169.67  4.2616120E-01
   7170.00  4.2205730E-01
   7170.33  4.1842276E-01
   7170.67  4.1520756E-01
   7171.00  4.1240887E-01
   7171.33  4.1007319E-01
   7171.67  4.0814934E-01
   7172.00  4.0664234E-01
