    FDMNES
    energy     <xanes>
   7097.00  3.6081277E-03
   7097.33  3.6742659E-03
   7097.67  3.7427699E-03
   7098.00  3.8137755E-03
   7098.33  3.8877905E-03
   7098.67  3.9646721E-03
   7099.00  4.0446007E-03
   7099.33  4.1282188E-03
   7099.67  4.2153754E-03
   7100.00  4.3063172E-03
   7100.33  4.4018779E-03
   7100.67  4.5019060E-03
   7101.00  4.6067495E-03
   7101.33  4.7175260E-03
   7101.67  4.8341003E-03
   7102.00  4.9569840E-03
   7102.33  5.0877345E-03
   7102.67  5.2262734E-03
   7103.00  5.3733899E-03
   7103.33  5.5313659E-03
   7103.67  5.7002731E-03
   7104.00  5.8814080E-03
   7104.33  6.0783336E-03
   7104.67  6.2915064E-03
   7105.00  6.5232330E-03
   7105.33  6.7795682E-03
   7105.67  7.0619912E-03
   7106.00  7.3750677E-03
   7106.33  7.7303521E-03
   7106.67  8.1323290E-03
   7107.00  8.5914875E-03
   7107.33  9.1338691E-03
   7107.67  9.7744566E-03
   7108.00  1.0543268E-02
   7108.33  1.1515915E-02
   7108.67  1.2755921E-02
   7109.00  1.4384566E-02
   7109.33  1.6731986E-02
   7109.67  2.0209553E-02
   7110.00  2.5638756E-02
   7110.33  3.5349156E-02
   7110.67  5.0740882E-02
   7111.00  6.6867961E-02
   7111.33  7.0322374E-02
   7111.67  7.0420788E-02
   7112.00  7.1912896E-02
   7112.33  6.8311045E-02
   7112.67  6.4105228E-02
   7113.00  6.5186292E-02
   7113.33  7.4761072E-02
   7113.67  9.1829492E-02
   7114.00  1.1389434E-01
   7114.33  1.2899834E-01
   7114.67  1.2290905E-01
   7115.00  1.0727705E-01
   7115.33  1.0321514E-01
   7115.67  1.1024900E-01
   7116.00  1.2057960E-01
   7116.33  1.2296830E-01
   7116.67  1.1294187E-01
   7117.00  9.7473249E-02
   7117.33  8.6608595E-02
   7117.67  8.2189182E-02
   7118.00  8.4347532E-02
   7118.33  9.1660078E-02
   7118.67  9.9313660E-02
   7119.00  1.0468194E-01
   7119.33  1.0783960E-01
   7119.67  1.0991161E-01
   7120.00  1.0979460E-01
   7120.33  1.0738691E-01
   7120.67  1.0509743E-01
   7121.00  1.0424852E-01
   7121.33  1.0549541E-01
   7121.67  1.0817432E-01
   7122.00  1.1161300E-01
   7122.33  1.1515525E-01
   7122.67  1.1914079E-01
   7123.00  1.2427902E-01
   7123.33  1.3055151E-01
   7123.67  1.3685074E-01
   7124.00  1.4250734E-01
   7124.33  1.4726485E-01
   7124.67  1.5161181E-01
   7125.00  1.5612270E-01
   7125.33  1.6166296E-01
   7125.67  1.6880932E-01
   7126.00  1.7808803E-01
   7126.33  1.9039383E-01
   7126.67  2.0585059E-01
   7127.00  2.2461325E-01
   7127.33  2.4655577E-01
   7127.67  2.6966894E-01
   7128.00  2.9184105E-01
   7128.33  3.1102126E-01
   7128.67  3.2750623E-01
   7129.00  3.4189880E-01
   7129.33  3.5448661E-01
   7129.67  3.6596427E-01
   7130.00  3.7719082E-01
   7130.33  3.8975997E-01
   7130.67  4.0489038E-01
   7131.00  4.2324636E-01
   7131.33  4.4507699E-01
   7131.67  4.6882631E-01
   7132.00  4.9289671E-01
   7132.33  5.1533435E-01
   7132.67  5.3577317E-01
   7133.00  5.5524900E-01
   7133.33  5.7623714E-01
   7133.67  6.0041269E-01
   7134.00  6.2790697E-01
   7134.33  6.5697044E-01
   7134.67  6.8381234E-01
   7135.00  7.0502899E-01
   7135.33  7.1705235E-01
   7135.67  7.2106145E-01
   7136.00  7.1915694E-01
   7136.33  7.1445057E-01
   7136.67  7.1020244E-01
   7137.00  7.0782444E-01
   7137.33  7.0801443E-01
   7137.67  7.0994321E-01
   7138.00  7.1265123E-01
   7138.33  7.1465310E-01
   7138.67  7.1481084E-01
   7139.00  7.1252649E-01
   7139.33  7.0737526E-01
   7139.67  7.0020486E-01
   7140.00  6.9185035E-01
   7140.33  6.8348421E-01
   7140.67  6.7620408E-01
   7141.00  6.7067032E-01
   7141.33  6.6742448E-01
   7141.67  6.6596135E-01
   7142.00  6.6571344E-01
   7142.33  6.6583233E-01
   7142.67  6.6537473E-01
   7143.00  6.6374272E-01
   7143.33  6.6045962E-01
   7143.67  6.5592604E-01
   7144.00  6.5066511E-01
   7144.33  6.4551400E-01
   7144.67  6.4130657E-01
   7145.00  6.3864545E-01
   7145.33  6.3826171E-01
   7145.67  6.4013734E-01
   7146.00  6.4431116E-01
   7146.33  6.5095769E-01
   7146.67  6.5957824E-01
   7147.00  6.6989763E-01
   7147.33  6.8159953E-01
   7147.67  6.9382645E-01
   7148.00  7.0580037E-01
   7148.33  7.1634276E-01
   7148.67  7.2465697E-01
   7149.00  7.3015443E-01
   7149.33  7.3218887E-01
   7149.67  7.3134795E-01
   7150.00  7.2807892E-01
   7150.33  7.2282802E-01
   7150.67  7.1648366E-01
   7151.00  7.0954054E-01
   7151.33  7.0241192E-01
   7151.67  6.9537953E-01
   7152.00  6.8855302E-01
   7152.33  6.8200555E-01
   7152.67  6.7568772E-01
   7153.00  6.6955074E-01
   7153.33  6.6351756E-01
   7153.67  6.5745305E-01
   7154.00  6.5122218E-01
   7154.33  6.4460000E-01
   7154.67  6.3745534E-01
   7155.00  6.2968263E-01
   7155.33  6.2117596E-01
   7155.67  6.1212657E-01
   7156.00  6.0272890E-01
   7156.33  5.9327508E-01
   7156.67  5.8408378E-01
   7157.00  5.7539790E-01
   7157.33  5.6753462E-01
   7157.67  5.6055013E-01
   7158.00  5.5450965E-01
   7158.33  5.4954650E-01
   7158.67  5.4550320E-01
   7159.00  5.4231984E-01
   7159.33  5.4000097E-01
   7159.67  5.3834100E-01
   7160.00  5.3723350E-01
   7160.33  5.3659150E-01
   7160.67  5.3620796E-01
   7161.00  5.3593646E-01
   7161.33  5.3558391E-01
   7161.67  5.3496631E-01
   7162.00  5.3391718E-01
   7162.33  5.3217398E-01
   7162.67  5.2965025E-01
   7163.00  5.2623334E-01
   7163.33  5.2171282E-01
   7163.67  5.1617972E-01
   7164.00  5.0965595E-01
   7164.33  5.0211057E-01
   7164.67  4.9379695E-01
   7165.00  4.8487386E-01
   7165.33  4.7550986E-01
   7165.67  4.6599051E-01
   7166.00  4.5651956E-01
   7166.33  4.4735145E-01
   7166.67  4.3864128E-01
   7167.00  4.3051724E-01
   7167.33  4.2316993E-01
   7167.67  4.1656973E-01
   7168.00  4.1073081E-01
   7168.33  4.0572859E-01
   7168.67  4.0142495E-01
   7169.00  3.9776648E-01
   7169.33  3.9475213E-01
   7169.67  3.9223248E-01
   7170.00  3.9014064E-01
   7170.33  3.8844563E-01
   7170.67  3.8703417E-01
   7171.00  3.8585342E-01
   7171.33  3.8487569E-01
   7171.67  3.8404685E-01
   7172.00  3.8335782E-01
