    FDMNES
    energy     <xanes>
   7097.00  3.8394201E-03
   7097.33  3.9066409E-03
   7097.67  3.9760354E-03
   7098.00  4.0477134E-03
   7098.33  4.1221161E-03
   7098.67  4.1990923E-03
   7099.00  4.2787834E-03
   7099.33  4.3617313E-03
   7099.67  4.4477726E-03
   7100.00  4.5370943E-03
   7100.33  4.6303769E-03
   7100.67  4.7274480E-03
   7101.00  4.8285627E-03
   7101.33  4.9345992E-03
   7101.67  5.0453850E-03
   7102.00  5.1612807E-03
   7102.33  5.2834607E-03
   7102.67  5.4117727E-03
   7103.00  5.5467514E-03
   7103.33  5.6900378E-03
   7103.67  5.8415491E-03
   7104.00  6.0021248E-03
   7104.33  6.1741936E-03
   7104.67  6.3578612E-03
   7105.00  6.5545439E-03
   7105.33  6.7681169E-03
   7105.67  6.9991810E-03
   7106.00  7.2503578E-03
   7106.33  7.5284773E-03
   7106.67  7.8355090E-03
   7107.00  8.1769374E-03
   7107.33  8.5665495E-03
   7107.67  9.0105656E-03
   7108.00  9.5225817E-03
   7108.33  1.0136379E-02
   7108.67  1.0874347E-02
   7109.00  1.1779986E-02
   7109.33  1.2965126E-02
   7109.67  1.4538917E-02
   7110.00  1.6711922E-02
   7110.33  2.0070026E-02
   7110.67  2.5243611E-02
   7111.00  3.2778278E-02
   7111.33  4.3195615E-02
   7111.67  5.8014676E-02
   7112.00  7.8730244E-02
   7112.33  9.6075931E-02
   7112.67  9.5659035E-02
   7113.00  8.5736995E-02
   7113.33  7.4355265E-02
   7113.67  6.0912109E-02
   7114.00  4.9599506E-02
   7114.33  4.2979470E-02
   7114.67  3.9113241E-02
   7115.00  3.6744984E-02
   7115.33  3.5326169E-02
   7115.67  3.4530404E-02
   7116.00  3.4246783E-02
   7116.33  3.4450142E-02
   7116.67  3.5053101E-02
   7117.00  3.6046970E-02
   7117.33  3.7492635E-02
   7117.67  3.9374190E-02
   7118.00  4.1736800E-02
   7118.33  4.4711380E-02
   7118.67  4.8308078E-02
   7119.00  5.2609058E-02
   7119.33  5.7819145E-02
   7119.67  6.3950688E-02
   7120.00  7.1110675E-02
   7120.33  7.9658925E-02
   7120.67  8.9783535E-02
   7121.00  1.0181622E-01
   7121.33  1.1639868E-01
   7121.67  1.3352637E-01
   7122.00  1.5327314E-01
   7122.33  1.7564142E-01
   7122.67  1.9963483E-01
   7123.00  2.2434274E-01
   7123.33  2.4860711E-01
   7123.67  2.7213616E-01
   7124.00  2.9592821E-01
   7124.33  3.2316987E-01
   7124.67  3.5728563E-01
   7125.00  4.0155926E-01
   7125.33  4.6089550E-01
   7125.67  5.3575483E-01
   7126.00  6.2643809E-01
   7126.33  7.3133228E-01
   7126.67  8.3897874E-01
   7127.00  9.3385864E-01
   7127.33  9.8861065E-01
   7127.67  9.9200815E-01
   7128.00  9.4636216E-01
   7128.33  8.6682860E-01
   7128.67  7.7915065E-01
   7129.00  6.9609826E-01
   7129.33  6.2585938E-01
   7129.67  5.6826596E-01
   7130.00  5.2238028E-01
   7130.33  4.8760782E-01
   7130.67  4.6083694E-01
   7131.00  4.4065847E-01
   7131.33  4.2636369E-01
   7131.67  4.1614724E-01
   7132.00  4.0913764E-01
   7132.33  4.0488421E-01
   7132.67  4.0254750E-01
   7133.00  4.0176828E-01
   7133.33  4.0236385E-01
   7133.67  4.0392228E-01
   7134.00  4.0627475E-01
   7134.33  4.0936169E-01
   7134.67  4.1301480E-01
   7135.00  4.1719964E-01
   7135.33  4.2198456E-01
   7135.67  4.2733937E-01
   7136.00  4.3330331E-01
   7136.33  4.3997584E-01
   7136.67  4.4724684E-01
   7137.00  4.5503840E-01
   7137.33  4.6325301E-01
   7137.67  4.7165772E-01
   7138.00  4.8008045E-01
   7138.33  4.8831130E-01
   7138.67  4.9623658E-01
   7139.00  5.0384218E-01
   7139.33  5.1114334E-01
   7139.67  5.1819239E-01
   7140.00  5.2501016E-01
   7140.33  5.3162038E-01
   7140.67  5.3810807E-01
   7141.00  5.4453403E-01
   7141.33  5.5098021E-01
   7141.67  5.5750763E-01
   7142.00  5.6409393E-01
   7142.33  5.7069144E-01
   7142.67  5.7733284E-01
   7143.00  5.8405689E-01
   7143.33  5.9089742E-01
   7143.67  5.9784676E-01
   7144.00  6.0490623E-01
   7144.33  6.1209204E-01
   7144.67  6.1938688E-01
   7145.00  6.2678249E-01
   7145.33  6.3427789E-01
   7145.67  6.4184723E-01
   7146.00  6.4947538E-01
   7146.33  6.5714843E-01
   7146.67  6.6484162E-01
   7147.00  6.7253695E-01
   7147.33  6.8020967E-01
   7147.67  6.8783792E-01
   7148.00  6.9539821E-01
   7148.33  7.0284699E-01
   7148.67  7.1015918E-01
   7149.00  7.1729657E-01
   7149.33  7.2418512E-01
   7149.67  7.3080110E-01
   7150.00  7.3708696E-01
   7150.33  7.4291731E-01
   7150.67  7.4826638E-01
   7151.00  7.5306801E-01
   7151.33  7.5716987E-01
   7151.67  7.6058225E-01
   7152.00  7.6325610E-01
   7152.33  7.6505071E-01
   7152.67  7.6603843E-01
   7153.00  7.6621257E-01
   7153.33  7.6548295E-01
   7153.67  7.6397916E-01
   7154.00  7.6173991E-01
   7154.33  7.5873806E-01
   7154.67  7.5512530E-01
   7155.00  7.5096400E-01
   7155.33  7.4626912E-01
   7155.67  7.4117231E-01
   7156.00  7.3573326E-01
   7156.33  7.2998540E-01
   7156.67  7.2402477E-01
   7157.00  7.1789328E-01
   7157.33  7.1161290E-01
   7157.67  7.0522949E-01
   7158.00  6.9876185E-01
   7158.33  6.9221863E-01
   7158.67  6.8562038E-01
   7159.00  6.7897231E-01
   7159.33  6.7226796E-01
   7159.67  6.6550924E-01
   7160.00  6.5869100E-01
   7160.33  6.5179761E-01
   7160.67  6.4482931E-01
   7161.00  6.3777920E-01
   7161.33  6.3062916E-01
   7161.67  6.2338561E-01
   7162.00  6.1604704E-01
   7162.33  6.0860204E-01
   7162.67  6.0106468E-01
   7163.00  5.9343877E-01
   7163.33  5.8572089E-01
   7163.67  5.7793100E-01
   7164.00  5.7007990E-01
   7164.33  5.6217625E-01
   7164.67  5.5424174E-01
   7165.00  5.4629079E-01
   7165.33  5.3834128E-01
   7165.67  5.3041241E-01
   7166.00  5.2252218E-01
   7166.33  5.1469986E-01
   7166.67  5.0696031E-01
   7167.00  4.9932293E-01
   7167.33  4.9182501E-01
   7167.67  4.8447303E-01
   7168.00  4.7728653E-01
   7168.33  4.7031172E-01
   7168.67  4.6354775E-01
   7169.00  4.5701439E-01
   7169.33  4.5076592E-01
   7169.67  4.4479263E-01
   7170.00  4.3911367E-01
   7170.33  4.3379291E-01
   7170.67  4.2881978E-01
   7171.00  4.2422826E-01
   7171.33  4.2013480E-01
   7171.67  4.1659202E-01
   7172.00  4.1373741E-01
