    FDMNES
    energy     <xanes>
   7097.00  4.9439490E-03
   7097.33  5.0562402E-03
   7097.67  5.1733822E-03
   7098.00  5.2956918E-03
   7098.33  5.4242735E-03
   7098.67  5.5588839E-03
   7099.00  5.6999540E-03
   7099.33  5.8489203E-03
   7099.67  6.0055344E-03
   7100.00  6.1703995E-03
   7100.33  6.3454375E-03
   7100.67  6.5304189E-03
   7101.00  6.7262187E-03
   7101.33  6.9354968E-03
   7101.67  7.1580986E-03
   7102.00  7.3953469E-03
   7102.33  7.6510814E-03
   7102.67  7.9253484E-03
   7103.00  8.2202537E-03
   7103.33  8.5416378E-03
   7103.67  8.8900443E-03
   7104.00  9.2690464E-03
   7104.33  9.6881378E-03
   7104.67  1.0149098E-02
   7105.00  1.0658501E-02
   7105.33  1.1233164E-02
   7105.67  1.1878112E-02
   7106.00  1.2606781E-02
   7106.33  1.3452572E-02
   7106.67  1.4429964E-02
   7107.00  1.5570601E-02
   7107.33  1.6952176E-02
   7107.67  1.8621578E-02
   7108.00  2.0670001E-02
   7108.33  2.3324925E-02
   7108.67  2.6776592E-02
   7109.00  3.1381916E-02
   7109.33  3.8094212E-02
   7109.67  4.8048634E-02
   7110.00  6.3481964E-02
   7110.33  9.0929294E-02
   7110.67  1.3774777E-01
   7111.00  2.0639651E-01
   7111.33  2.6715664E-01
   7111.67  2.7350902E-01
   7112.00  2.4479535E-01
   7112.33  2.1851955E-01
   7112.67  1.9236996E-01
   7113.00  1.6024023E-01
   7113.33  1.2535753E-01
   7113.67  9.8578940E-02
   7114.00  8.1598091E-02
   7114.33  7.2645719E-02
   7114.67  6.7994773E-02
   7115.00  6.6323627E-02
   7115.33  6.7404400E-02
   7115.67  7.0991863E-02
   7116.00  7.7466195E-02
   7116.33  8.8232482E-02
   7116.67  1.0448391E-01
   7117.00  1.2822957E-01
   7117.33  1.6168931E-01
   7117.67  1.9924092E-01
   7118.00  2.3701110E-01
   7118.33  2.8303221E-01
   7118.67  3.3859840E-01
   7119.00  3.8941655E-01
   7119.33  4.1300942E-01
   7119.67  4.1713485E-01
   7120.00  4.1778540E-01
   7120.33  4.2536599E-01
   7120.67  4.3779592E-01
   7121.00  4.5053606E-01
   7121.33  4.5806185E-01
   7121.67  4.5909430E-01
   7122.00  4.5594691E-01
   7122.33  4.5432154E-01
   7122.67  4.5862747E-01
   7123.00  4.6989876E-01
   7123.33  4.8522827E-01
   7123.67  4.9697683E-01
   7124.00  5.0028550E-01
   7124.33  4.9588507E-01
   7124.67  4.9344256E-01
   7125.00  5.0130263E-01
   7125.33  5.2421967E-01
   7125.67  5.5537422E-01
   7126.00  5.8816889E-01
   7126.33  6.1632560E-01
   7126.67  6.3771987E-01
   7127.00  6.5261124E-01
   7127.33  6.6247128E-01
   7127.67  6.6878840E-01
   7128.00  6.7040448E-01
   7128.33  6.6507642E-01
   7128.67  6.5397930E-01
   7129.00  6.3897447E-01
   7129.33  6.2274747E-01
   7129.67  6.0770228E-01
   7130.00  5.9490231E-01
   7130.33  5.8518931E-01
   7130.67  5.7851892E-01
   7131.00  5.7539000E-01
   7131.33  5.7719180E-01
   7131.67  5.8356457E-01
   7132.00  5.9331083E-01
   7132.33  6.0347612E-01
   7132.67  6.1027405E-01
   7133.00  6.1112164E-01
   7133.33  6.0439540E-01
   7133.67  5.9288666E-01
   7134.00  5.7938795E-01
   7134.33  5.6678773E-01
   7134.67  5.5645877E-01
   7135.00  5.4872462E-01
   7135.33  5.4360876E-01
   7135.67  5.4021224E-01
   7136.00  5.3790151E-01
   7136.33  5.3595842E-01
   7136.67  5.3364608E-01
   7137.00  5.3047148E-01
   7137.33  5.2587455E-01
   7137.67  5.1982346E-01
   7138.00  5.1231825E-01
   7138.33  5.0335643E-01
   7138.67  4.9340181E-01
   7139.00  4.8281329E-01
   7139.33  4.7209254E-01
   7139.67  4.6183340E-01
   7140.00  4.5252521E-01
   7140.33  4.4482515E-01
   7140.67  4.3886754E-01
   7141.00  4.3476414E-01
   7141.33  4.3269634E-01
   7141.67  4.3223810E-01
   7142.00  4.3313202E-01
   7142.33  4.3517043E-01
   7142.67  4.3790280E-01
   7143.00  4.4106190E-01
   7143.33  4.4435808E-01
   7143.67  4.4747939E-01
   7144.00  4.5019031E-01
   7144.33  4.5216558E-01
   7144.67  4.5327303E-01
   7145.00  4.5335605E-01
   7145.33  4.5212989E-01
   7145.67  4.4966653E-01
   7146.00  4.4597378E-01
   7146.33  4.4102527E-01
   7146.67  4.3519974E-01
   7147.00  4.2880417E-01
   7147.33  4.2228547E-01
   7147.67  4.1618982E-01
   7148.00  4.1098324E-01
   7148.33  4.0731832E-01
   7148.67  4.0536846E-01
   7149.00  4.0528256E-01
   7149.33  4.0728570E-01
   7149.67  4.1097278E-01
   7150.00  4.1609872E-01
   7150.33  4.2244129E-01
   7150.67  4.2946219E-01
   7151.00  4.3679706E-01
   7151.33  4.4400259E-01
   7151.67  4.5067933E-01
   7152.00  4.5651117E-01
   7152.33  4.6107625E-01
   7152.67  4.6435753E-01
   7153.00  4.6632946E-01
   7153.33  4.6693291E-01
   7153.67  4.6651622E-01
   7154.00  4.6529623E-01
   7154.33  4.6346879E-01
   7154.67  4.6134218E-01
   7155.00  4.5909067E-01
   7155.33  4.5687659E-01
   7155.67  4.5480701E-01
   7156.00  4.5294454E-01
   7156.33  4.5136484E-01
   7156.67  4.5006181E-01
   7157.00  4.4905013E-01
   7157.33  4.4838236E-01
   7157.67  4.4803460E-01
   7158.00  4.4802006E-01
   7158.33  4.4839690E-01
   7158.67  4.4913136E-01
   7159.00  4.5022526E-01
   7159.33  4.5171564E-01
   7159.67  4.5354061E-01
   7160.00  4.5567489E-01
   7160.33  4.5810839E-01
   7160.67  4.6074840E-01
   7161.00  4.6353151E-01
   7161.33  4.6637665E-01
   7161.67  4.6916884E-01
   7162.00  4.7180518E-01
   7162.33  4.7412921E-01
   7162.67  4.7604964E-01
   7163.00  4.7746627E-01
   7163.33  4.7821337E-01
   7163.67  4.7831451E-01
   7164.00  4.7776568E-01
   7164.33  4.7653729E-01
   7164.67  4.7480231E-01
   7165.00  4.7267673E-01
   7165.33  4.7029082E-01
   7165.67  4.6784015E-01
   7166.00  4.6545861E-01
   7166.33  4.6330263E-01
   7166.67  4.6144418E-01
   7167.00  4.5993693E-01
   7167.33  4.5885752E-01
   7167.67  4.5815611E-01
   7168.00  4.5781083E-01
   7168.33  4.5781973E-01
   7168.67  4.5809218E-01
   7169.00  4.5858135E-01
   7169.33  4.5925401E-01
   7169.67  4.6004049E-01
   7170.00  4.6090368E-01
   7170.33  4.6181191E-01
   7170.67  4.6272904E-01
   7171.00  4.6362987E-01
   7171.33  4.6447508E-01
   7171.67  4.6522597E-01
   7172.00  4.6583147E-01
