    FDMNES
    energy     <xanes>
   7097.00  4.9684183E-03
   7097.33  5.0853431E-03
   7097.67  5.2076741E-03
   7098.00  5.3357918E-03
   7098.33  5.4709731E-03
   7098.67  5.6129844E-03
   7099.00  5.7623523E-03
   7099.33  5.9207697E-03
   7099.67  6.0880092E-03
   7100.00  6.2648218E-03
   7100.33  6.4535190E-03
   7100.67  6.6539157E-03
   7101.00  6.8671213E-03
   7101.33  7.0964049E-03
   7101.67  7.3417044E-03
   7102.00  7.6047284E-03
   7102.33  7.8903029E-03
   7102.67  8.1986687E-03
   7103.00  8.5325959E-03
   7103.33  8.8995941E-03
   7103.67  9.3006295E-03
   7104.00  9.7404868E-03
   7104.33  1.0231654E-02
   7104.67  1.0776877E-02
   7105.00  1.1385114E-02
   7105.33  1.2078994E-02
   7105.67  1.2865939E-02
   7106.00  1.3764594E-02
   7106.33  1.4820968E-02
   7106.67  1.6056234E-02
   7107.00  1.7515269E-02
   7107.33  1.9307995E-02
   7107.67  2.1503821E-02
   7108.00  2.4236060E-02
   7108.33  2.7838689E-02
   7108.67  3.2603556E-02
   7109.00  3.9079180E-02
   7109.33  4.8752461E-02
   7109.67  6.3482072E-02
   7110.00  8.6962191E-02
   7110.33  1.2983445E-01
   7110.67  2.0077941E-01
   7111.00  2.8684972E-01
   7111.33  3.2508932E-01
   7111.67  3.1293973E-01
   7112.00  2.8010970E-01
   7112.33  2.5282604E-01
   7112.67  2.3490644E-01
   7113.00  2.2046294E-01
   7113.33  2.0284244E-01
   7113.67  1.8640563E-01
   7114.00  1.7771042E-01
   7114.33  1.7552718E-01
   7114.67  1.7386961E-01
   7115.00  1.7596746E-01
   7115.33  1.8862640E-01
   7115.67  2.0454190E-01
   7116.00  2.0994866E-01
   7116.33  1.9835351E-01
   7116.67  1.8133704E-01
   7117.00  1.6561465E-01
   7117.33  1.5445667E-01
   7117.67  1.4782556E-01
   7118.00  1.4564209E-01
   7118.33  1.4798686E-01
   7118.67  1.5316227E-01
   7119.00  1.5922716E-01
   7119.33  1.6318392E-01
   7119.67  1.6363952E-01
   7120.00  1.6100088E-01
   7120.33  1.5694971E-01
   7120.67  1.5359266E-01
   7121.00  1.5222587E-01
   7121.33  1.5424876E-01
   7121.67  1.5972112E-01
   7122.00  1.6865598E-01
   7122.33  1.8130865E-01
   7122.67  1.9683136E-01
   7123.00  2.1435981E-01
   7123.33  2.3245841E-01
   7123.67  2.5008952E-01
   7124.00  2.6785739E-01
   7124.33  2.8827162E-01
   7124.67  3.1301081E-01
   7125.00  3.4218638E-01
   7125.33  3.7376686E-01
   7125.67  4.0332850E-01
   7126.00  4.2762594E-01
   7126.33  4.4458744E-01
   7126.67  4.5641034E-01
   7127.00  4.6517031E-01
   7127.33  4.7307258E-01
   7127.67  4.8172621E-01
   7128.00  4.9150653E-01
   7128.33  5.0197664E-01
   7128.67  5.1223286E-01
   7129.00  5.2191655E-01
   7129.33  5.3119672E-01
   7129.67  5.4123094E-01
   7130.00  5.5367634E-01
   7130.33  5.7146933E-01
   7130.67  5.9610052E-01
   7131.00  6.2847592E-01
   7131.33  6.6883194E-01
   7131.67  7.1362337E-01
   7132.00  7.5926765E-01
   7132.33  8.0038451E-01
   7132.67  8.3305667E-01
   7133.00  8.5489677E-01
   7133.33  8.6410333E-01
   7133.67  8.6389119E-01
   7134.00  8.5662041E-01
   7134.33  8.4420565E-01
   7134.67  8.2880087E-01
   7135.00  8.1104718E-01
   7135.33  7.9097056E-01
   7135.67  7.6905291E-01
   7136.00  7.4567928E-01
   7136.33  7.2151150E-01
   7136.67  6.9760970E-01
   7137.00  6.7483886E-01
   7137.33  6.5431725E-01
   7137.67  6.3639126E-01
   7138.00  6.2131488E-01
   7138.33  6.0945957E-01
   7138.67  6.0024631E-01
   7139.00  5.9336495E-01
   7139.33  5.8863201E-01
   7139.67  5.8541725E-01
   7140.00  5.8346672E-01
   7140.33  5.8273341E-01
   7140.67  5.8300205E-01
   7141.00  5.8425183E-01
   7141.33  5.8658791E-01
   7141.67  5.8984501E-01
   7142.00  5.9394381E-01
   7142.33  5.9882462E-01
   7142.67  6.0419886E-01
   7143.00  6.0985553E-01
   7143.33  6.1551395E-01
   7143.67  6.2086722E-01
   7144.00  6.2564470E-01
   7144.33  6.2943492E-01
   7144.67  6.3208744E-01
   7145.00  6.3343318E-01
   7145.33  6.3318030E-01
   7145.67  6.3149053E-01
   7146.00  6.2842062E-01
   7146.33  6.2392987E-01
   7146.67  6.1832749E-01
   7147.00  6.1176377E-01
   7147.33  6.0432888E-01
   7147.67  5.9630703E-01
   7148.00  5.8785187E-01
   7148.33  5.7909608E-01
   7148.67  5.7022148E-01
   7149.00  5.6133857E-01
   7149.33  5.5257103E-01
   7149.67  5.4399586E-01
   7150.00  5.3567441E-01
   7150.33  5.2770345E-01
   7150.67  5.2009146E-01
   7151.00  5.1287411E-01
   7151.33  5.0614467E-01
   7151.67  4.9988844E-01
   7152.00  4.9414179E-01
   7152.33  4.8902062E-01
   7152.67  4.8450604E-01
   7153.00  4.8064368E-01
   7153.33  4.7757516E-01
   7153.67  4.7526297E-01
   7154.00  4.7374427E-01
   7154.33  4.7315088E-01
   7154.67  4.7338851E-01
   7155.00  4.7444457E-01
   7155.33  4.7637454E-01
   7155.67  4.7900554E-01
   7156.00  4.8225435E-01
   7156.33  4.8607441E-01
   7156.67  4.9026897E-01
   7157.00  4.9470392E-01
   7157.33  4.9921122E-01
   7157.67  5.0359098E-01
   7158.00  5.0767247E-01
   7158.33  5.1119956E-01
   7158.67  5.1405821E-01
   7159.00  5.1612422E-01
   7159.33  5.1718359E-01
   7159.67  5.1729955E-01
   7160.00  5.1647493E-01
   7160.33  5.1465042E-01
   7160.67  5.1203239E-01
   7161.00  5.0872826E-01
   7161.33  5.0481288E-01
   7161.67  5.0050325E-01
   7162.00  4.9592432E-01
   7162.33  4.9119737E-01
   7162.67  4.8646346E-01
   7163.00  4.8181222E-01
   7163.33  4.7734502E-01
   7163.67  4.7309824E-01
   7164.00  4.6910365E-01
   7164.33  4.6541432E-01
   7164.67  4.6199803E-01
   7165.00  4.5884514E-01
   7165.33  4.5596565E-01
   7165.67  4.5330198E-01
   7166.00  4.5082734E-01
   7166.33  4.4853017E-01
   7166.67  4.4636385E-01
   7167.00  4.4431069E-01
   7167.33  4.4236977E-01
   7167.67  4.4052376E-01
   7168.00  4.3877511E-01
   7168.33  4.3714836E-01
   7168.67  4.3564889E-01
   7169.00  4.3429457E-01
   7169.33  4.3312525E-01
   7169.67  4.3213825E-01
   7170.00  4.3134616E-01
   7170.33  4.3078315E-01
   7170.67  4.3042320E-01
   7171.00  4.3025558E-01
   7171.33  4.3027081E-01
   7171.67  4.3038946E-01
   7172.00  4.3053132E-01
