    FDMNES
    energy     <xanes>
   7097.00  5.2999764E-03
   7097.33  5.4361180E-03
   7097.67  5.5788258E-03
   7098.00  5.7285563E-03
   7098.33  5.8868486E-03
   7098.67  6.0534059E-03
   7099.00  6.2288495E-03
   7099.33  6.4151969E-03
   7099.67  6.6121414E-03
   7100.00  6.8205493E-03
   7100.33  7.0431281E-03
   7100.67  7.2795882E-03
   7101.00  7.5311712E-03
   7101.33  7.8016131E-03
   7101.67  8.0907002E-03
   7102.00  8.4002717E-03
   7102.33  8.7356546E-03
   7102.67  9.0968407E-03
   7103.00  9.4866625E-03
   7103.33  9.9130236E-03
   7103.67  1.0376408E-02
   7104.00  1.0881393E-02
   7104.33  1.1440291E-02
   7104.67  1.2054748E-02
   7105.00  1.2732613E-02
   7105.33  1.3494304E-02
   7105.67  1.4344284E-02
   7106.00  1.5297114E-02
   7106.33  1.6389563E-02
   7106.67  1.7633486E-02
   7107.00  1.9058957E-02
   7107.33  2.0740330E-02
   7107.67  2.2711664E-02
   7108.00  2.5045789E-02
   7108.33  2.7922469E-02
   7108.67  3.1459583E-02
   7109.00  3.5886754E-02
   7109.33  4.1797276E-02
   7109.67  4.9780219E-02
   7110.00  6.0987045E-02
   7110.33  7.8600094E-02
   7110.67  1.0521556E-01
   7111.00  1.3929987E-01
   7111.33  1.7421289E-01
   7111.67  2.2203813E-01
   7112.00  2.9457979E-01
   7112.33  3.7011306E-01
   7112.67  4.2962455E-01
   7113.00  5.1375545E-01
   7113.33  6.6895944E-01
   7113.67  8.2853690E-01
   7114.00  8.6419337E-01
   7114.33  7.2757976E-01
   7114.67  5.6082046E-01
   7115.00  4.2932263E-01
   7115.33  3.4551157E-01
   7115.67  2.9131227E-01
   7116.00  2.5776082E-01
   7116.33  2.4056806E-01
   7116.67  2.3413518E-01
   7117.00  2.3357404E-01
   7117.33  2.2812397E-01
   7117.67  2.1250978E-01
   7118.00  1.9133320E-01
   7118.33  1.7164519E-01
   7118.67  1.5558414E-01
   7119.00  1.4315726E-01
   7119.33  1.3456414E-01
   7119.67  1.2902510E-01
   7120.00  1.2593573E-01
   7120.33  1.2458173E-01
   7120.67  1.2395952E-01
   7121.00  1.2370092E-01
   7121.33  1.2381917E-01
   7121.67  1.2419477E-01
   7122.00  1.2476563E-01
   7122.33  1.2572861E-01
   7122.67  1.2692084E-01
   7123.00  1.2812447E-01
   7123.33  1.2973190E-01
   7123.67  1.3229512E-01
   7124.00  1.3611989E-01
   7124.33  1.4158968E-01
   7124.67  1.4871516E-01
   7125.00  1.5775596E-01
   7125.33  1.6945501E-01
   7125.67  1.8372569E-01
   7126.00  2.0004832E-01
   7126.33  2.1702687E-01
   7126.67  2.3300634E-01
   7127.00  2.4754620E-01
   7127.33  2.6196997E-01
   7127.67  2.7910698E-01
   7128.00  3.0158121E-01
   7128.33  3.3253058E-01
   7128.67  3.7105921E-01
   7129.00  4.1473860E-01
   7129.33  4.5829857E-01
   7129.67  4.9635222E-01
   7130.00  5.2709607E-01
   7130.33  5.5160151E-01
   7130.67  5.7294973E-01
   7131.00  5.9208424E-01
   7131.33  6.0940749E-01
   7131.67  6.2577655E-01
   7132.00  6.4163374E-01
   7132.33  6.5691508E-01
   7132.67  6.7106251E-01
   7133.00  6.8331121E-01
   7133.33  6.9263432E-01
   7133.67  6.9907588E-01
   7134.00  7.0259963E-01
   7134.33  7.0253004E-01
   7134.67  6.9841610E-01
   7135.00  6.8963555E-01
   7135.33  6.7638214E-01
   7135.67  6.6079081E-01
   7136.00  6.4364844E-01
   7136.33  6.2465015E-01
   7136.67  6.0361635E-01
   7137.00  5.8051577E-01
   7137.33  5.5568139E-01
   7137.67  5.3034805E-01
   7138.00  5.0564122E-01
   7138.33  4.8317263E-01
   7138.67  4.6398208E-01
   7139.00  4.4907293E-01
   7139.33  4.4012499E-01
   7139.67  4.3727169E-01
   7140.00  4.4095326E-01
   7140.33  4.5214490E-01
   7140.67  4.6965210E-01
   7141.00  4.9267790E-01
   7141.33  5.2012085E-01
   7141.67  5.4920803E-01
   7142.00  5.7767788E-01
   7142.33  6.0284276E-01
   7142.67  6.2378627E-01
   7143.00  6.4040540E-01
   7143.33  6.5286912E-01
   7143.67  6.6244306E-01
   7144.00  6.6964810E-01
   7144.33  6.7460482E-01
   7144.67  6.7779783E-01
   7145.00  6.7942795E-01
   7145.33  6.7966529E-01
   7145.67  6.7911260E-01
   7146.00  6.7821288E-01
   7146.33  6.7745755E-01
   7146.67  6.7713679E-01
   7147.00  6.7730289E-01
   7147.33  6.7783040E-01
   7147.67  6.7838262E-01
   7148.00  6.7869124E-01
   7148.33  6.7844355E-01
   7148.67  6.7755902E-01
   7149.00  6.7601314E-01
   7149.33  6.7381084E-01
   7149.67  6.7118122E-01
   7150.00  6.6827949E-01
   7150.33  6.6529747E-01
   7150.67  6.6247628E-01
   7151.00  6.6001055E-01
   7151.33  6.5814566E-01
   7151.67  6.5695879E-01
   7152.00  6.5655616E-01
   7152.33  6.5714956E-01
   7152.67  6.5870770E-01
   7153.00  6.6128370E-01
   7153.33  6.6505479E-01
   7153.67  6.6990788E-01
   7154.00  6.7583163E-01
   7154.33  6.8289275E-01
   7154.67  6.9083673E-01
   7155.00  6.9948397E-01
   7155.33  7.0857987E-01
   7155.67  7.1766101E-01
   7156.00  7.2629132E-01
   7156.33  7.3376843E-01
   7156.67  7.3962979E-01
   7157.00  7.4341432E-01
   7157.33  7.4440752E-01
   7157.67  7.4272996E-01
   7158.00  7.3842350E-01
   7158.33  7.3147853E-01
   7158.67  7.2267061E-01
   7159.00  7.1250007E-01
   7159.33  7.0145383E-01
   7159.67  6.9012759E-01
   7160.00  6.7883472E-01
   7160.33  6.6781874E-01
   7160.67  6.5711059E-01
   7161.00  6.4666761E-01
   7161.33  6.3638530E-01
   7161.67  6.2608934E-01
   7162.00  6.1564982E-01
   7162.33  6.0492081E-01
   7162.67  5.9388898E-01
   7163.00  5.8257908E-01
   7163.33  5.7106198E-01
   7163.67  5.5949958E-01
   7164.00  5.4802066E-01
   7164.33  5.3678289E-01
   7164.67  5.2585022E-01
   7165.00  5.1526370E-01
   7165.33  5.0507798E-01
   7165.67  4.9523152E-01
   7166.00  4.8569900E-01
   7166.33  4.7648294E-01
   7166.67  4.6751832E-01
   7167.00  4.5878358E-01
   7167.33  4.5028082E-01
   7167.67  4.4195774E-01
   7168.00  4.3379257E-01
   7168.33  4.2577529E-01
   7168.67  4.1786552E-01
   7169.00  4.1005033E-01
   7169.33  4.0234040E-01
   7169.67  3.9474272E-01
   7170.00  3.8729194E-01
   7170.33  3.8007854E-01
   7170.67  3.7316658E-01
   7171.00  3.6665541E-01
   7171.33  3.6076358E-01
   7171.67  3.5563569E-01
   7172.00  3.5150825E-01
