    FDMNES
    energy     <xanes>
   7097.00  4.3514236E-03
   7097.33  4.4365817E-03
   7097.67  4.5248323E-03
   7098.00  4.6163458E-03
   7098.33  4.7117729E-03
   7098.67  4.8109159E-03
   7099.00  4.9139967E-03
   7099.33  5.0218272E-03
   7099.67  5.1341940E-03
   7100.00  5.2513940E-03
   7100.33  5.3744630E-03
   7100.67  5.5031781E-03
   7101.00  5.6379490E-03
   7101.33  5.7801350E-03
   7101.67  5.9295193E-03
   7102.00  6.0866893E-03
   7102.33  6.2534941E-03
   7102.67  6.4297607E-03
   7103.00  6.6163726E-03
   7103.33  6.8159644E-03
   7103.67  7.0284984E-03
   7104.00  7.2553871E-03
   7104.33  7.5006215E-03
   7104.67  7.7645283E-03
   7105.00  8.0495539E-03
   7105.33  8.3622661E-03
   7105.67  8.7039783E-03
   7106.00  9.0794069E-03
   7106.33  9.5006742E-03
   7106.67  9.9719910E-03
   7107.00  1.0503895E-02
   7107.33  1.1122747E-02
   7107.67  1.1842680E-02
   7108.00  1.2692798E-02
   7108.33  1.3746230E-02
   7108.67  1.5060967E-02
   7109.00  1.6747950E-02
   7109.33  1.9104226E-02
   7109.67  2.2478684E-02
   7110.00  2.7562041E-02
   7110.33  3.6354008E-02
   7110.67  5.0861053E-02
   7111.00  7.0735647E-02
   7111.33  8.7415462E-02
   7111.67  9.3534820E-02
   7112.00  8.9197173E-02
   7112.33  8.0804700E-02
   7112.67  7.2550897E-02
   7113.00  6.5962247E-02
   7113.33  6.2419731E-02
   7113.67  6.1470407E-02
   7114.00  6.2688867E-02
   7114.33  6.5867236E-02
   7114.67  7.0539948E-02
   7115.00  7.6605431E-02
   7115.33  8.4173724E-02
   7115.67  9.3038321E-02
   7116.00  1.0316945E-01
   7116.33  1.1466629E-01
   7116.67  1.2727710E-01
   7117.00  1.4089074E-01
   7117.33  1.5548655E-01
   7117.67  1.7086555E-01
   7118.00  1.8701592E-01
   7118.33  2.0413158E-01
   7118.67  2.2227562E-01
   7119.00  2.4161291E-01
   7119.33  2.6249451E-01
   7119.67  2.8490747E-01
   7120.00  3.0888100E-01
   7120.33  3.3412279E-01
   7120.67  3.5897910E-01
   7121.00  3.8103570E-01
   7121.33  3.9653078E-01
   7121.67  4.0535837E-01
   7122.00  4.0931975E-01
   7122.33  4.1158227E-01
   7122.67  4.1507703E-01
   7123.00  4.2090954E-01
   7123.33  4.2933318E-01
   7123.67  4.3910027E-01
   7124.00  4.4903572E-01
   7124.33  4.5822983E-01
   7124.67  4.6731500E-01
   7125.00  4.7748191E-01
   7125.33  4.8990994E-01
   7125.67  5.0400577E-01
   7126.00  5.1856771E-01
   7126.33  5.3166472E-01
   7126.67  5.4210717E-01
   7127.00  5.4952724E-01
   7127.33  5.5411711E-01
   7127.67  5.5701758E-01
   7128.00  5.5863997E-01
   7128.33  5.5888202E-01
   7128.67  5.5788358E-01
   7129.00  5.5588526E-01
   7129.33  5.5343503E-01
   7129.67  5.5123214E-01
   7130.00  5.4963455E-01
   7130.33  5.4885170E-01
   7130.67  5.4871001E-01
   7131.00  5.4908640E-01
   7131.33  5.4986580E-01
   7131.67  5.5079291E-01
   7132.00  5.5162302E-01
   7132.33  5.5196652E-01
   7132.67  5.5156063E-01
   7133.00  5.5021523E-01
   7133.33  5.4773369E-01
   7133.67  5.4432842E-01
   7134.00  5.4012301E-01
   7134.33  5.3513504E-01
   7134.67  5.2956553E-01
   7135.00  5.2360819E-01
   7135.33  5.1757221E-01
   7135.67  5.1176610E-01
   7136.00  5.0636379E-01
   7136.33  5.0152191E-01
   7136.67  4.9718851E-01
   7137.00  4.9333616E-01
   7137.33  4.8997076E-01
   7137.67  4.8698821E-01
   7138.00  4.8435157E-01
   7138.33  4.8207027E-01
   7138.67  4.8009483E-01
   7139.00  4.7842806E-01
   7139.33  4.7711580E-01
   7139.67  4.7614165E-01
   7140.00  4.7554407E-01
   7140.33  4.7544101E-01
   7140.67  4.7585439E-01
   7141.00  4.7685580E-01
   7141.33  4.7861084E-01
   7141.67  4.8110657E-01
   7142.00  4.8438784E-01
   7142.33  4.8858354E-01
   7142.67  4.9358754E-01
   7143.00  4.9936847E-01
   7143.33  5.0594733E-01
   7143.67  5.1313716E-01
   7144.00  5.2083300E-01
   7144.33  5.2894112E-01
   7144.67  5.3726597E-01
   7145.00  5.4567820E-01
   7145.33  5.5402751E-01
   7145.67  5.6219204E-01
   7146.00  5.7007536E-01
   7146.33  5.7753415E-01
   7146.67  5.8453560E-01
   7147.00  5.9102402E-01
   7147.33  5.9687945E-01
   7147.67  6.0213717E-01
   7148.00  6.0677701E-01
   7148.33  6.1071124E-01
   7148.67  6.1402979E-01
   7149.00  6.1674959E-01
   7149.33  6.1881796E-01
   7149.67  6.2033242E-01
   7150.00  6.2132010E-01
   7150.33  6.2175801E-01
   7150.67  6.2174671E-01
   7151.00  6.2131929E-01
   7151.33  6.2046745E-01
   7151.67  6.1927729E-01
   7152.00  6.1778241E-01
   7152.33  6.1598941E-01
   7152.67  6.1397163E-01
   7153.00  6.1176532E-01
   7153.33  6.0939754E-01
   7153.67  6.0693557E-01
   7154.00  6.0442461E-01
   7154.33  6.0191694E-01
   7154.67  5.9945988E-01
   7155.00  5.9708840E-01
   7155.33  5.9484806E-01
   7155.67  5.9274283E-01
   7156.00  5.9077774E-01
   7156.33  5.8896269E-01
   7156.67  5.8726281E-01
   7157.00  5.8565601E-01
   7157.33  5.8411991E-01
   7157.67  5.8261474E-01
   7158.00  5.8111553E-01
   7158.33  5.7959701E-01
   7158.67  5.7804478E-01
   7159.00  5.7644936E-01
   7159.33  5.7479867E-01
   7159.67  5.7309723E-01
   7160.00  5.7134498E-01
   7160.33  5.6953432E-01
   7160.67  5.6766853E-01
   7161.00  5.6574297E-01
   7161.33  5.6374211E-01
   7161.67  5.6166463E-01
   7162.00  5.5949976E-01
   7162.33  5.5721942E-01
   7162.67  5.5482435E-01
   7163.00  5.5230983E-01
   7163.33  5.4965529E-01
   7163.67  5.4687298E-01
   7164.00  5.4396417E-01
   7164.33  5.4091999E-01
   7164.67  5.3776571E-01
   7165.00  5.3451198E-01
   7165.33  5.3116049E-01
   7165.67  5.2773448E-01
   7166.00  5.2424386E-01
   7166.33  5.2069137E-01
   7166.67  5.1709042E-01
   7167.00  5.1344263E-01
   7167.33  5.0973795E-01
   7167.67  5.0597517E-01
   7168.00  5.0214660E-01
   7168.33  4.9823362E-01
   7168.67  4.9423805E-01
   7169.00  4.9015630E-01
   7169.33  4.8597759E-01
   7169.67  4.8171898E-01
   7170.00  4.7739358E-01
   7170.33  4.7302341E-01
   7170.67  4.6865849E-01
   7171.00  4.6436016E-01
   7171.33  4.6026915E-01
   7171.67  4.5656861E-01
   7172.00  4.5352096E-01
