    FDMNES
    energy     <xanes>
   7097.00  4.1966631E-03
   7097.33  4.2792475E-03
   7097.67  4.3647883E-03
   7098.00  4.4534437E-03
   7098.33  4.5458280E-03
   7098.67  4.6417458E-03
   7099.00  4.7414015E-03
   7099.33  4.8455553E-03
   7099.67  4.9539948E-03
   7100.00  5.0669904E-03
   7100.33  5.1855028E-03
   7100.67  5.3093064E-03
   7101.00  5.4387695E-03
   7101.33  5.5751381E-03
   7101.67  5.7181851E-03
   7102.00  5.8684304E-03
   7102.33  6.0275447E-03
   7102.67  6.1953277E-03
   7103.00  6.3725477E-03
   7103.33  6.5615435E-03
   7103.67  6.7622117E-03
   7104.00  6.9757557E-03
   7104.33  7.2056436E-03
   7104.67  7.4520443E-03
   7105.00  7.7169953E-03
   7105.33  8.0060604E-03
   7105.67  8.3201550E-03
   7106.00  8.6631090E-03
   7106.33  9.0448949E-03
   7106.67  9.4686150E-03
   7107.00  9.9425948E-03
   7107.33  1.0487816E-02
   7107.67  1.1114791E-02
   7108.00  1.1845835E-02
   7108.33  1.2737093E-02
   7108.67  1.3831183E-02
   7109.00  1.5210364E-02
   7109.33  1.7093714E-02
   7109.67  1.9731063E-02
   7110.00  2.3616418E-02
   7110.33  3.0184183E-02
   7110.67  4.0998887E-02
   7111.00  5.6446202E-02
   7111.33  7.0703343E-02
   7111.67  7.6935133E-02
   7112.00  7.6466369E-02
   7112.33  7.3157665E-02
   7112.67  6.8690495E-02
   7113.00  6.3718448E-02
   7113.33  5.9011630E-02
   7113.67  5.5436872E-02
   7114.00  5.3631576E-02
   7114.33  5.4101736E-02
   7114.67  5.6630786E-02
   7115.00  6.1342080E-02
   7115.33  6.8871776E-02
   7115.67  7.9290379E-02
   7116.00  9.2674459E-02
   7116.33  1.0846224E-01
   7116.67  1.2441708E-01
   7117.00  1.3906226E-01
   7117.33  1.5257874E-01
   7117.67  1.6714108E-01
   7118.00  1.8461337E-01
   7118.33  2.0692089E-01
   7118.67  2.3369416E-01
   7119.00  2.6391524E-01
   7119.33  2.9568086E-01
   7119.67  3.2703429E-01
   7120.00  3.5732386E-01
   7120.33  3.8625037E-01
   7120.67  4.1326110E-01
   7121.00  4.3691843E-01
   7121.33  4.5526813E-01
   7121.67  4.6905855E-01
   7122.00  4.7932583E-01
   7122.33  4.8730236E-01
   7122.67  4.9466365E-01
   7123.00  5.0235491E-01
   7123.33  5.1094132E-01
   7123.67  5.1965156E-01
   7124.00  5.2673758E-01
   7124.33  5.2840751E-01
   7124.67  5.2235527E-01
   7125.00  5.0828374E-01
   7125.33  4.8864087E-01
   7125.67  4.6869157E-01
   7126.00  4.5126003E-01
   7126.33  4.3728103E-01
   7126.67  4.2527683E-01
   7127.00  4.1489260E-01
   7127.33  4.0734212E-01
   7127.67  4.0344507E-01
   7128.00  4.0355768E-01
   7128.33  4.0770074E-01
   7128.67  4.1417537E-01
   7129.00  4.2132958E-01
   7129.33  4.2694781E-01
   7129.67  4.3002248E-01
   7130.00  4.3063047E-01
   7130.33  4.2941629E-01
   7130.67  4.2754674E-01
   7131.00  4.2577900E-01
   7131.33  4.2503721E-01
   7131.67  4.2580650E-01
   7132.00  4.2835534E-01
   7132.33  4.3305411E-01
   7132.67  4.3978818E-01
   7133.00  4.4871205E-01
   7133.33  4.6019962E-01
   7133.67  4.7373595E-01
   7134.00  4.8883519E-01
   7134.33  5.0488638E-01
   7134.67  5.2109966E-01
   7135.00  5.3696653E-01
   7135.33  5.5192565E-01
   7135.67  5.6584741E-01
   7136.00  5.7872121E-01
   7136.33  5.9051534E-01
   7136.67  6.0142868E-01
   7137.00  6.1149565E-01
   7137.33  6.2065604E-01
   7137.67  6.2910008E-01
   7138.00  6.3695234E-01
   7138.33  6.4430413E-01
   7138.67  6.5124296E-01
   7139.00  6.5760909E-01
   7139.33  6.6282948E-01
   7139.67  6.6638780E-01
   7140.00  6.6772518E-01
   7140.33  6.6608366E-01
   7140.67  6.6177974E-01
   7141.00  6.5514134E-01
   7141.33  6.4658916E-01
   7141.67  6.3703676E-01
   7142.00  6.2701867E-01
   7142.33  6.1702027E-01
   7142.67  6.0736840E-01
   7143.00  5.9823095E-01
   7143.33  5.8974915E-01
   7143.67  5.8183560E-01
   7144.00  5.7446697E-01
   7144.33  5.6770343E-01
   7144.67  5.6151106E-01
   7145.00  5.5595408E-01
   7145.33  5.5121932E-01
   7145.67  5.4730970E-01
   7146.00  5.4428752E-01
   7146.33  5.4229941E-01
   7146.67  5.4120518E-01
   7147.00  5.4093114E-01
   7147.33  5.4142653E-01
   7147.67  5.4244378E-01
   7148.00  5.4384603E-01
   7148.33  5.4554114E-01
   7148.67  5.4743504E-01
   7149.00  5.4952856E-01
   7149.33  5.5189512E-01
   7149.67  5.5455730E-01
   7150.00  5.5753710E-01
   7150.33  5.6083883E-01
   7150.67  5.6434844E-01
   7151.00  5.6798070E-01
   7151.33  5.7163058E-01
   7151.67  5.7520975E-01
   7152.00  5.7866116E-01
   7152.33  5.8190214E-01
   7152.67  5.8489859E-01
   7153.00  5.8760590E-01
   7153.33  5.8994383E-01
   7153.67  5.9192282E-01
   7154.00  5.9351907E-01
   7154.33  5.9465406E-01
   7154.67  5.9535076E-01
   7155.00  5.9558356E-01
   7155.33  5.9525997E-01
   7155.67  5.9441160E-01
   7156.00  5.9301393E-01
   7156.33  5.9096950E-01
   7156.67  5.8832965E-01
   7157.00  5.8508273E-01
   7157.33  5.8114880E-01
   7157.67  5.7661467E-01
   7158.00  5.7150216E-01
   7158.33  5.6578585E-01
   7158.67  5.5959286E-01
   7159.00  5.5298731E-01
   7159.33  5.4601279E-01
   7159.67  5.3879769E-01
   7160.00  5.3141683E-01
   7160.33  5.2394674E-01
   7160.67  5.1647339E-01
   7161.00  5.0905824E-01
   7161.33  5.0177777E-01
   7161.67  4.9465641E-01
   7162.00  4.8771723E-01
   7162.33  4.8100434E-01
   7162.67  4.7450380E-01
   7163.00  4.6821874E-01
   7163.33  4.6217219E-01
   7163.67  4.5632931E-01
   7164.00  4.5068129E-01
   7164.33  4.4524054E-01
   7164.67  4.3997540E-01
   7165.00  4.3488261E-01
   7165.33  4.2998688E-01
   7165.67  4.2527651E-01
   7166.00  4.2076511E-01
   7166.33  4.1649859E-01
   7166.67  4.1247019E-01
   7167.00  4.0869767E-01
   7167.33  4.0523384E-01
   7167.67  4.0205885E-01
   7168.00  3.9918089E-01
   7168.33  3.9664144E-01
   7168.67  3.9440191E-01
   7169.00  3.9245882E-01
   7169.33  3.9084220E-01
   7169.67  3.8950820E-01
   7170.00  3.8844967E-01
   7170.33  3.8768952E-01
   7170.67  3.8717936E-01
   7171.00  3.8689889E-01
   7171.33  3.8683348E-01
   7171.67  3.8689108E-01
   7172.00  3.8698087E-01
