    FDMNES
    energy     <xanes>
   7097.00  4.9316954E-03
   7097.33  5.0511093E-03
   7097.67  5.1761091E-03
   7098.00  5.3070879E-03
   7098.33  5.4453645E-03
   7098.67  5.5906968E-03
   7099.00  5.7436271E-03
   7099.33  5.9059011E-03
   7099.67  6.0772799E-03
   7100.00  6.2585339E-03
   7100.33  6.4520389E-03
   7100.67  6.6575938E-03
   7101.00  6.8763291E-03
   7101.33  7.1115880E-03
   7101.67  7.3632816E-03
   7102.00  7.6331356E-03
   7102.33  7.9260462E-03
   7102.67  8.2422021E-03
   7103.00  8.5843647E-03
   7103.33  8.9600620E-03
   7103.67  9.3701395E-03
   7104.00  9.8192789E-03
   7104.33  1.0319777E-02
   7104.67  1.0874055E-02
   7105.00  1.1490649E-02
   7105.33  1.2191258E-02
   7105.67  1.2982302E-02
   7106.00  1.3880893E-02
   7106.33  1.4929421E-02
   7106.67  1.6145520E-02
   7107.00  1.7568181E-02
   7107.33  1.9292791E-02
   7107.67  2.1373690E-02
   7108.00  2.3917764E-02
   7108.33  2.7189674E-02
   7108.67  3.1397348E-02
   7109.00  3.6931721E-02
   7109.33  4.4822622E-02
   7109.67  5.6231565E-02
   7110.00  7.3429989E-02
   7110.33  1.0293188E-01
   7110.67  1.5154507E-01
   7111.00  2.2034340E-01
   7111.33  2.8792854E-01
   7111.67  3.4170399E-01
   7112.00  3.9457460E-01
   7112.33  4.4497544E-01
   7112.67  4.6040936E-01
   7113.00  4.0967618E-01
   7113.33  3.1122562E-01
   7113.67  2.2951122E-01
   7114.00  1.7719308E-01
   7114.33  1.5226345E-01
   7114.67  1.4660992E-01
   7115.00  1.5701337E-01
   7115.33  1.7089867E-01
   7115.67  1.6485597E-01
   7116.00  1.3975237E-01
   7116.33  1.1472832E-01
   7116.67  9.7428055E-02
   7117.00  8.7288608E-02
   7117.33  8.2996842E-02
   7117.67  8.2044468E-02
   7118.00  8.2974388E-02
   7118.33  8.4943783E-02
   7118.67  8.8137530E-02
   7119.00  9.2942955E-02
   7119.33  9.8883566E-02
   7119.67  1.0435158E-01
   7120.00  1.0822089E-01
   7120.33  1.1092117E-01
   7120.67  1.1510162E-01
   7121.00  1.2245327E-01
   7121.33  1.3376578E-01
   7121.67  1.4828540E-01
   7122.00  1.6619643E-01
   7122.33  1.8853880E-01
   7122.67  2.1462950E-01
   7123.00  2.4330273E-01
   7123.33  2.7365753E-01
   7123.67  3.0553217E-01
   7124.00  3.3807605E-01
   7124.33  3.6793778E-01
   7124.67  3.9145219E-01
   7125.00  4.0624195E-01
   7125.33  4.1227385E-01
   7125.67  4.1485409E-01
   7126.00  4.1831608E-01
   7126.33  4.2727198E-01
   7126.67  4.4301595E-01
   7127.00  4.6534458E-01
   7127.33  4.9298112E-01
   7127.67  5.2305017E-01
   7128.00  5.5431020E-01
   7128.33  5.8563200E-01
   7128.67  6.1491309E-01
   7129.00  6.4098983E-01
   7129.33  6.6628764E-01
   7129.67  6.9471072E-01
   7130.00  7.2603766E-01
   7130.33  7.5567156E-01
   7130.67  7.7906811E-01
   7131.00  7.9404286E-01
   7131.33  7.9878339E-01
   7131.67  7.9503218E-01
   7132.00  7.8452106E-01
   7132.33  7.7013525E-01
   7132.67  7.5586859E-01
   7133.00  7.4417590E-01
   7133.33  7.3730157E-01
   7133.67  7.3497517E-01
   7134.00  7.3635622E-01
   7134.33  7.3985437E-01
   7134.67  7.4320419E-01
   7135.00  7.4524650E-01
   7135.33  7.4569332E-01
   7135.67  7.4549588E-01
   7136.00  7.4527284E-01
   7136.33  7.4518919E-01
   7136.67  7.4481878E-01
   7137.00  7.4363941E-01
   7137.33  7.4104194E-01
   7137.67  7.3706483E-01
   7138.00  7.3181749E-01
   7138.33  7.2534763E-01
   7138.67  7.1789692E-01
   7139.00  7.0946793E-01
   7139.33  6.9980472E-01
   7139.67  6.8874196E-01
   7140.00  6.7589143E-01
   7140.33  6.6066174E-01
   7140.67  6.4358886E-01
   7141.00  6.2558756E-01
   7141.33  6.0840223E-01
   7141.67  5.9365627E-01
   7142.00  5.8240192E-01
   7142.33  5.7555246E-01
   7142.67  5.7215269E-01
   7143.00  5.7121588E-01
   7143.33  5.7126947E-01
   7143.67  5.7049912E-01
   7144.00  5.6766199E-01
   7144.33  5.6155360E-01
   7144.67  5.5253549E-01
   7145.00  5.4121667E-01
   7145.33  5.2857628E-01
   7145.67  5.1599334E-01
   7146.00  5.0439564E-01
   7146.33  4.9473201E-01
   7146.67  4.8713332E-01
   7147.00  4.8166164E-01
   7147.33  4.7843482E-01
   7147.67  4.7695377E-01
   7148.00  4.7696936E-01
   7148.33  4.7833121E-01
   7148.67  4.8059270E-01
   7149.00  4.8351124E-01
   7149.33  4.8688038E-01
   7149.67  4.9042685E-01
   7150.00  4.9398579E-01
   7150.33  4.9737623E-01
   7150.67  5.0048902E-01
   7151.00  5.0324935E-01
   7151.33  5.0557867E-01
   7151.67  5.0756858E-01
   7152.00  5.0931549E-01
   7152.33  5.1096576E-01
   7152.67  5.1268863E-01
   7153.00  5.1457988E-01
   7153.33  5.1669124E-01
   7153.67  5.1892206E-01
   7154.00  5.2113735E-01
   7154.33  5.2311249E-01
   7154.67  5.2468277E-01
   7155.00  5.2572205E-01
   7155.33  5.2607224E-01
   7155.67  5.2579761E-01
   7156.00  5.2492650E-01
   7156.33  5.2344103E-01
   7156.67  5.2145283E-01
   7157.00  5.1897995E-01
   7157.33  5.1595388E-01
   7157.67  5.1240308E-01
   7158.00  5.0828745E-01
   7158.33  5.0348512E-01
   7158.67  4.9804597E-01
   7159.00  4.9197514E-01
   7159.33  4.8524736E-01
   7159.67  4.7803174E-01
   7160.00  4.7044338E-01
   7160.33  4.6261394E-01
   7160.67  4.5474001E-01
   7161.00  4.4696214E-01
   7161.33  4.3945211E-01
   7161.67  4.3228705E-01
   7162.00  4.2552544E-01
   7162.33  4.1924924E-01
   7162.67  4.1339698E-01
   7163.00  4.0794166E-01
   7163.33  4.0287976E-01
   7163.67  3.9811270E-01
   7164.00  3.9359528E-01
   7164.33  3.8931127E-01
   7164.67  3.8520873E-01
   7165.00  3.8128030E-01
   7165.33  3.7755576E-01
   7165.67  3.7403260E-01
   7166.00  3.7073565E-01
   7166.33  3.6773026E-01
   7166.67  3.6501587E-01
   7167.00  3.6261530E-01
   7167.33  3.6058938E-01
   7167.67  3.5890699E-01
   7168.00  3.5756993E-01
   7168.33  3.5661456E-01
   7168.67  3.5598589E-01
   7169.00  3.5566992E-01
   7169.33  3.5568473E-01
   7169.67  3.5597274E-01
   7170.00  3.5651404E-01
   7170.33  3.5731037E-01
   7170.67  3.5830021E-01
   7171.00  3.5944486E-01
   7171.33  3.6068553E-01
   7171.67  3.6189215E-01
   7172.00  3.6291093E-01
