    FDMNES
    energy     <xanes>
   7097.00  4.5410498E-03
   7097.33  4.6410882E-03
   7097.67  4.7452686E-03
   7098.00  4.8538499E-03
   7098.33  4.9677549E-03
   7098.67  5.0867590E-03
   7099.00  5.2112091E-03
   7099.33  5.3422897E-03
   7099.67  5.4797647E-03
   7100.00  5.6241113E-03
   7100.33  5.7768883E-03
   7100.67  5.9378620E-03
   7101.00  6.1077101E-03
   7101.33  6.2885464E-03
   7101.67  6.4801726E-03
   7102.00  6.6835867E-03
   7102.33  6.9017630E-03
   7102.67  7.1346127E-03
   7103.00  7.3836738E-03
   7103.33  7.6533254E-03
   7103.67  7.9437594E-03
   7104.00  8.2574828E-03
   7104.33  8.6013238E-03
   7104.67  8.9761690E-03
   7105.00  9.3864053E-03
   7105.33  9.8435051E-03
   7105.67  1.0350130E-02
   7106.00  1.0914709E-02
   7106.33  1.1558548E-02
   7106.67  1.2289260E-02
   7107.00  1.3125261E-02
   7107.33  1.4112141E-02
   7107.67  1.5273550E-02
   7108.00  1.6658066E-02
   7108.33  1.8386510E-02
   7108.67  2.0549147E-02
   7109.00  2.3318579E-02
   7109.33  2.7149966E-02
   7109.67  3.2548171E-02
   7110.00  4.0506362E-02
   7110.33  5.3874057E-02
   7110.67  7.5571189E-02
   7111.00  1.0578551E-01
   7111.33  1.3347065E-01
   7111.67  1.4905726E-01
   7112.00  1.5780206E-01
   7112.33  1.7383773E-01
   7112.67  2.0241013E-01
   7113.00  2.3830432E-01
   7113.33  2.7946714E-01
   7113.67  3.0742400E-01
   7114.00  2.7822522E-01
   7114.33  2.0930983E-01
   7114.67  1.5607748E-01
   7115.00  1.2354342E-01
   7115.33  1.0515934E-01
   7115.67  9.3643256E-02
   7116.00  8.7517342E-02
   7116.33  8.6533030E-02
   7116.67  8.9521260E-02
   7117.00  9.6468451E-02
   7117.33  1.0846513E-01
   7117.67  1.2584223E-01
   7118.00  1.4938210E-01
   7118.33  1.7946801E-01
   7118.67  2.1146115E-01
   7119.00  2.3918045E-01
   7119.33  2.5125449E-01
   7119.67  2.4532012E-01
   7120.00  2.3084792E-01
   7120.33  2.2341474E-01
   7120.67  2.2580949E-01
   7121.00  2.3530548E-01
   7121.33  2.5088955E-01
   7121.67  2.7136402E-01
   7122.00  2.9592763E-01
   7122.33  3.2393496E-01
   7122.67  3.5403893E-01
   7123.00  3.8505853E-01
   7123.33  4.1470916E-01
   7123.67  4.4006256E-01
   7124.00  4.5843177E-01
   7124.33  4.6805966E-01
   7124.67  4.7260958E-01
   7125.00  4.7573886E-01
   7125.33  4.8097508E-01
   7125.67  4.8915322E-01
   7126.00  4.9979430E-01
   7126.33  5.1207924E-01
   7126.67  5.2495285E-01
   7127.00  5.3737645E-01
   7127.33  5.4717105E-01
   7127.67  5.5313127E-01
   7128.00  5.5560254E-01
   7128.33  5.5678403E-01
   7128.67  5.5935280E-01
   7129.00  5.6438023E-01
   7129.33  5.7200822E-01
   7129.67  5.8073323E-01
   7130.00  5.8894194E-01
   7130.33  5.9414928E-01
   7130.67  5.9483804E-01
   7131.00  5.9015411E-01
   7131.33  5.7980079E-01
   7131.67  5.6627519E-01
   7132.00  5.5192284E-01
   7132.33  5.3953435E-01
   7132.67  5.3060574E-01
   7133.00  5.2581564E-01
   7133.33  5.2576856E-01
   7133.67  5.2959255E-01
   7134.00  5.3693878E-01
   7134.33  5.4791815E-01
   7134.67  5.6184016E-01
   7135.00  5.7827400E-01
   7135.33  5.9647517E-01
   7135.67  6.1466607E-01
   7136.00  6.3107183E-01
   7136.33  6.4330467E-01
   7136.67  6.5093562E-01
   7137.00  6.5432895E-01
   7137.33  6.5440004E-01
   7137.67  6.5293883E-01
   7138.00  6.5089308E-01
   7138.33  6.4899000E-01
   7138.67  6.4759928E-01
   7139.00  6.4688592E-01
   7139.33  6.4701908E-01
   7139.67  6.4789232E-01
   7140.00  6.4943914E-01
   7140.33  6.5158947E-01
   7140.67  6.5407638E-01
   7141.00  6.5667987E-01
   7141.33  6.5907159E-01
   7141.67  6.6094337E-01
   7142.00  6.6202494E-01
   7142.33  6.6197017E-01
   7142.67  6.6088280E-01
   7143.00  6.5885244E-01
   7143.33  6.5593749E-01
   7143.67  6.5248152E-01
   7144.00  6.4873377E-01
   7144.33  6.4496359E-01
   7144.67  6.4138041E-01
   7145.00  6.3808212E-01
   7145.33  6.3510517E-01
   7145.67  6.3229054E-01
   7146.00  6.2945022E-01
   7146.33  6.2627733E-01
   7146.67  6.2255040E-01
   7147.00  6.1811120E-01
   7147.33  6.1279703E-01
   7147.67  6.0677449E-01
   7148.00  6.0018635E-01
   7148.33  5.9319883E-01
   7148.67  5.8606247E-01
   7149.00  5.7892212E-01
   7149.33  5.7190848E-01
   7149.67  5.6506846E-01
   7150.00  5.5841611E-01
   7150.33  5.5195493E-01
   7150.67  5.4562200E-01
   7151.00  5.3937135E-01
   7151.33  5.3314962E-01
   7151.67  5.2690649E-01
   7152.00  5.2061415E-01
   7152.33  5.1423389E-01
   7152.67  5.0774873E-01
   7153.00  5.0113767E-01
   7153.33  4.9435900E-01
   7153.67  4.8741491E-01
   7154.00  4.8029095E-01
   7154.33  4.7294350E-01
   7154.67  4.6539204E-01
   7155.00  4.5765235E-01
   7155.33  4.4975781E-01
   7155.67  4.4181683E-01
   7156.00  4.3393892E-01
   7156.33  4.2630269E-01
   7156.67  4.1903723E-01
   7157.00  4.1225931E-01
   7157.33  4.0613524E-01
   7157.67  4.0062608E-01
   7158.00  3.9571118E-01
   7158.33  3.9138134E-01
   7158.67  3.8745911E-01
   7159.00  3.8383453E-01
   7159.33  3.8040309E-01
   7159.67  3.7703319E-01
   7160.00  3.7364980E-01
   7160.33  3.7018319E-01
   7160.67  3.6661264E-01
   7161.00  3.6293677E-01
   7161.33  3.5917211E-01
   7161.67  3.5537820E-01
   7162.00  3.5160972E-01
   7162.33  3.4795151E-01
   7162.67  3.4446733E-01
   7163.00  3.4121902E-01
   7163.33  3.3830386E-01
   7163.67  3.3572511E-01
   7164.00  3.3350564E-01
   7164.33  3.3171013E-01
   7164.67  3.3029732E-01
   7165.00  3.2926532E-01
   7165.33  3.2865434E-01
   7165.67  3.2840845E-01
   7166.00  3.2851840E-01
   7166.33  3.2901570E-01
   7166.67  3.2984469E-01
   7167.00  3.3099307E-01
   7167.33  3.3248266E-01
   7167.67  3.3425702E-01
   7168.00  3.3629781E-01
   7168.33  3.3861087E-01
   7168.67  3.4113757E-01
   7169.00  3.4384983E-01
   7169.33  3.4672901E-01
   7169.67  3.4971498E-01
   7170.00  3.5276942E-01
   7170.33  3.5584834E-01
   7170.67  3.5889888E-01
   7171.00  3.6187089E-01
   7171.33  3.6466379E-01
   7171.67  3.6716321E-01
   7172.00  3.6919696E-01
