    FDMNES
    energy     <xanes>
   7097.00  4.4279480E-03
   7097.33  4.5149610E-03
   7097.67  4.6052067E-03
   7098.00  4.6988716E-03
   7098.33  4.7966509E-03
   7098.67  4.8983499E-03
   7099.00  5.0042163E-03
   7099.33  5.1151297E-03
   7099.67  5.2308849E-03
   7100.00  5.3518202E-03
   7100.33  5.4790787E-03
   7100.67  5.6124551E-03
   7101.00  5.7524283E-03
   7101.33  5.9005335E-03
   7101.67  6.0565908E-03
   7102.00  6.2213075E-03
   7102.33  6.3968322E-03
   7102.67  6.5830698E-03
   7103.00  6.7811210E-03
   7103.33  6.9941545E-03
   7103.67  7.2223009E-03
   7104.00  7.4673884E-03
   7104.33  7.7344156E-03
   7104.67  8.0240913E-03
   7105.00  8.3397131E-03
   7105.33  8.6898914E-03
   7105.67  9.0768713E-03
   7106.00  9.5072753E-03
   7106.33  9.9977789E-03
   7106.67  1.0555113E-02
   7107.00  1.1194636E-02
   7107.33  1.1954297E-02
   7107.67  1.2856159E-02
   7108.00  1.3943872E-02
   7108.33  1.5326494E-02
   7108.67  1.7093472E-02
   7109.00  1.9413435E-02
   7109.33  2.2736231E-02
   7109.67  2.7592116E-02
   7110.00  3.5025428E-02
   7110.33  4.8071509E-02
   7110.67  7.0010231E-02
   7111.00  1.0129653E-01
   7111.33  1.2966793E-01
   7111.67  1.4456676E-01
   7112.00  1.4253541E-01
   7112.33  1.2105588E-01
   7112.67  9.4717230E-02
   7113.00  7.4396016E-02
   7113.33  6.3400339E-02
   7113.67  5.7014946E-02
   7114.00  5.2498713E-02
   7114.33  4.9783370E-02
   7114.67  4.8857820E-02
   7115.00  4.9525360E-02
   7115.33  5.1746495E-02
   7115.67  5.5270294E-02
   7116.00  6.0116831E-02
   7116.33  6.6541784E-02
   7116.67  7.4442629E-02
   7117.00  8.3772389E-02
   7117.33  9.4251099E-02
   7117.67  1.0483225E-01
   7118.00  1.1474681E-01
   7118.33  1.2407208E-01
   7118.67  1.3394947E-01
   7119.00  1.4516482E-01
   7119.33  1.5817499E-01
   7119.67  1.7257536E-01
   7120.00  1.8814649E-01
   7120.33  2.0499115E-01
   7120.67  2.2316181E-01
   7121.00  2.4286778E-01
   7121.33  2.6454245E-01
   7121.67  2.8827866E-01
   7122.00  3.1455121E-01
   7122.33  3.4447222E-01
   7122.67  3.7795297E-01
   7123.00  4.1427293E-01
   7123.33  4.5093306E-01
   7123.67  4.8418664E-01
   7124.00  5.1149739E-01
   7124.33  5.3137359E-01
   7124.67  5.4648842E-01
   7125.00  5.5958578E-01
   7125.33  5.7362871E-01
   7125.67  5.8993403E-01
   7126.00  6.0883434E-01
   7126.33  6.3045318E-01
   7126.67  6.5346789E-01
   7127.00  6.7639151E-01
   7127.33  6.9700081E-01
   7127.67  7.1362004E-01
   7128.00  7.2497011E-01
   7128.33  7.2992835E-01
   7128.67  7.2989498E-01
   7129.00  7.2573572E-01
   7129.33  7.1786580E-01
   7129.67  7.0752991E-01
   7130.00  6.9588671E-01
   7130.33  6.8525656E-01
   7130.67  6.7792155E-01
   7131.00  6.7466227E-01
   7131.33  6.7468867E-01
   7131.67  6.7587184E-01
   7132.00  6.7734644E-01
   7132.33  6.7884117E-01
   7132.67  6.8028657E-01
   7133.00  6.8145918E-01
   7133.33  6.8172677E-01
   7133.67  6.8055345E-01
   7134.00  6.7755761E-01
   7134.33  6.7250140E-01
   7134.67  6.6611054E-01
   7135.00  6.5908192E-01
   7135.33  6.5231250E-01
   7135.67  6.4647437E-01
   7136.00  6.4193886E-01
   7136.33  6.3904635E-01
   7136.67  6.3753699E-01
   7137.00  6.3722057E-01
   7137.33  6.3792286E-01
   7137.67  6.3924131E-01
   7138.00  6.4091372E-01
   7138.33  6.4261442E-01
   7138.67  6.4403384E-01
   7139.00  6.4494699E-01
   7139.33  6.4506088E-01
   7139.67  6.4433010E-01
   7140.00  6.4268465E-01
   7140.33  6.3995058E-01
   7140.67  6.3620661E-01
   7141.00  6.3141237E-01
   7141.33  6.2536709E-01
   7141.67  6.1813140E-01
   7142.00  6.0963131E-01
   7142.33  5.9962126E-01
   7142.67  5.8822629E-01
   7143.00  5.7546114E-01
   7143.33  5.6126825E-01
   7143.67  5.4601120E-01
   7144.00  5.2994524E-01
   7144.33  5.1338358E-01
   7144.67  4.9679100E-01
   7145.00  4.8051759E-01
   7145.33  4.6501484E-01
   7145.67  4.5049046E-01
   7146.00  4.3712834E-01
   7146.33  4.2522187E-01
   7146.67  4.1465200E-01
   7147.00  4.0540140E-01
   7147.33  3.9757803E-01
   7147.67  3.9095388E-01
   7148.00  3.8545785E-01
   7148.33  3.8112441E-01
   7148.67  3.7771975E-01
   7149.00  3.7514869E-01
   7149.33  3.7338605E-01
   7149.67  3.7222623E-01
   7150.00  3.7157322E-01
   7150.33  3.7137263E-01
   7150.67  3.7147963E-01
   7151.00  3.7182552E-01
   7151.33  3.7236816E-01
   7151.67  3.7303786E-01
   7152.00  3.7380450E-01
   7152.33  3.7465119E-01
   7152.67  3.7554897E-01
   7153.00  3.7648193E-01
   7153.33  3.7743444E-01
   7153.67  3.7838591E-01
   7154.00  3.7931762E-01
   7154.33  3.8019680E-01
   7154.67  3.8099405E-01
   7155.00  3.8167270E-01
   7155.33  3.8216173E-01
   7155.67  3.8242532E-01
   7156.00  3.8241214E-01
   7156.33  3.8202231E-01
   7156.67  3.8124872E-01
   7157.00  3.8006307E-01
   7157.33  3.7840311E-01
   7157.67  3.7634255E-01
   7158.00  3.7392506E-01
   7158.33  3.7119353E-01
   7158.67  3.6828133E-01
   7159.00  3.6528158E-01
   7159.33  3.6230604E-01
   7159.67  3.5945312E-01
   7160.00  3.5679960E-01
   7160.33  3.5445830E-01
   7160.67  3.5246180E-01
   7161.00  3.5085915E-01
   7161.33  3.4975413E-01
   7161.67  3.4913321E-01
   7162.00  3.4902774E-01
   7162.33  3.4953771E-01
   7162.67  3.5062159E-01
   7163.00  3.5229810E-01
   7163.33  3.5465769E-01
   7163.67  3.5763049E-01
   7164.00  3.6121514E-01
   7164.33  3.6547957E-01
   7164.67  3.7033207E-01
   7165.00  3.7575145E-01
   7165.33  3.8177143E-01
   7165.67  3.8828109E-01
   7166.00  3.9523286E-01
   7166.33  4.0260763E-01
   7166.67  4.1028092E-01
   7167.00  4.1817814E-01
   7167.33  4.2622275E-01
   7167.67  4.3430159E-01
   7168.00  4.4233107E-01
   7168.33  4.5019962E-01
   7168.67  4.5783839E-01
   7169.00  4.6518019E-01
   7169.33  4.7211336E-01
   7169.67  4.7863161E-01
   7170.00  4.8470124E-01
   7170.33  4.9023451E-01
   7170.67  4.9527057E-01
   7171.00  4.9979249E-01
   7171.33  5.0370220E-01
   7171.67  5.0700623E-01
   7172.00  5.0962179E-01
