    FDMNES
    energy     <xanes>
   7097.00  4.2067945E-03
   7097.33  4.2878482E-03
   7097.67  4.3718039E-03
   7098.00  4.4588233E-03
   7098.33  4.5495207E-03
   7098.67  4.6437142E-03
   7099.00  4.7416169E-03
   7099.33  4.8440007E-03
   7099.67  4.9506724E-03
   7100.00  5.0619216E-03
   7100.33  5.1787435E-03
   7100.67  5.3009423E-03
   7101.00  5.4289252E-03
   7101.33  5.5640174E-03
   7101.67  5.7060413E-03
   7102.00  5.8555939E-03
   7102.33  6.0145141E-03
   7102.67  6.1826900E-03
   7103.00  6.3610444E-03
   7103.33  6.5522645E-03
   7103.67  6.7564185E-03
   7104.00  6.9750278E-03
   7104.33  7.2122914E-03
   7104.67  7.4687422E-03
   7105.00  7.7471041E-03
   7105.33  8.0545384E-03
   7105.67  8.3928145E-03
   7106.00  8.7673599E-03
   7106.33  9.1919022E-03
   7106.67  9.6718156E-03
   7107.00  1.0219589E-02
   7107.33  1.0866155E-02
   7107.67  1.1629199E-02
   7108.00  1.2544001E-02
   7108.33  1.3698855E-02
   7108.67  1.5165872E-02
   7109.00  1.7081665E-02
   7109.33  1.9812266E-02
   7109.67  2.3793244E-02
   7110.00  2.9884686E-02
   7110.33  4.0536464E-02
   7110.67  5.7749916E-02
   7111.00  7.9168907E-02
   7111.33  9.5042504E-02
   7111.67  1.0942048E-01
   7112.00  1.2465177E-01
   7112.33  1.2471416E-01
   7112.67  1.0625092E-01
   7113.00  8.4257202E-02
   7113.33  6.9510439E-02
   7113.67  6.0033436E-02
   7114.00  5.3385233E-02
   7114.33  4.8381571E-02
   7114.67  4.5058023E-02
   7115.00  4.3307308E-02
   7115.33  4.2882395E-02
   7115.67  4.3343831E-02
   7116.00  4.4522556E-02
   7116.33  4.6331923E-02
   7116.67  4.8543262E-02
   7117.00  5.1012370E-02
   7117.33  5.3677823E-02
   7117.67  5.6635250E-02
   7118.00  6.0108251E-02
   7118.33  6.4459842E-02
   7118.67  6.9809326E-02
   7119.00  7.6327375E-02
   7119.33  8.4403141E-02
   7119.67  9.4113901E-02
   7120.00  1.0573449E-01
   7120.33  1.2001089E-01
   7120.67  1.3725327E-01
   7121.00  1.5807212E-01
   7121.33  1.8370770E-01
   7121.67  2.1410229E-01
   7122.00  2.4933742E-01
   7122.33  2.8975551E-01
   7122.67  3.3421732E-01
   7123.00  3.8174623E-01
   7123.33  4.3075288E-01
   7123.67  4.7953356E-01
   7124.00  5.2800103E-01
   7124.33  5.7753807E-01
   7124.67  6.2831844E-01
   7125.00  6.7731240E-01
   7125.33  7.1480394E-01
   7125.67  7.3306626E-01
   7126.00  7.3114430E-01
   7126.33  7.1594170E-01
   7126.67  6.9890482E-01
   7127.00  6.8495360E-01
   7127.33  6.7531267E-01
   7127.67  6.6700197E-01
   7128.00  6.5770022E-01
   7128.33  6.4611693E-01
   7128.67  6.3352143E-01
   7129.00  6.2198136E-01
   7129.33  6.1486662E-01
   7129.67  6.1387496E-01
   7130.00  6.1970006E-01
   7130.33  6.3263112E-01
   7130.67  6.5034032E-01
   7131.00  6.7083344E-01
   7131.33  6.9133898E-01
   7131.67  7.0933540E-01
   7132.00  7.2342528E-01
   7132.33  7.3266118E-01
   7132.67  7.3842874E-01
   7133.00  7.4205767E-01
   7133.33  7.4481338E-01
   7133.67  7.4740323E-01
   7134.00  7.4998145E-01
   7134.33  7.5262003E-01
   7134.67  7.5511307E-01
   7135.00  7.5699266E-01
   7135.33  7.5736997E-01
   7135.67  7.5578610E-01
   7136.00  7.5193779E-01
   7136.33  7.4549307E-01
   7136.67  7.3697282E-01
   7137.00  7.2674458E-01
   7137.33  7.1520301E-01
   7137.67  7.0301868E-01
   7138.00  6.9052148E-01
   7138.33  6.7788337E-01
   7138.67  6.6514651E-01
   7139.00  6.5229578E-01
   7139.33  6.3936278E-01
   7139.67  6.2650703E-01
   7140.00  6.1393270E-01
   7140.33  6.0197985E-01
   7140.67  5.9082863E-01
   7141.00  5.8064440E-01
   7141.33  5.7169134E-01
   7141.67  5.6390262E-01
   7142.00  5.5727820E-01
   7142.33  5.5188293E-01
   7142.67  5.4747117E-01
   7143.00  5.4394326E-01
   7143.33  5.4128124E-01
   7143.67  5.3928335E-01
   7144.00  5.3787296E-01
   7144.33  5.3704681E-01
   7144.67  5.3669363E-01
   7145.00  5.3678521E-01
   7145.33  5.3734146E-01
   7145.67  5.3826508E-01
   7146.00  5.3949384E-01
   7146.33  5.4094151E-01
   7146.67  5.4242631E-01
   7147.00  5.4377221E-01
   7147.33  5.4470196E-01
   7147.67  5.4503984E-01
   7148.00  5.4461698E-01
   7148.33  5.4316639E-01
   7148.67  5.4071492E-01
   7149.00  5.3724473E-01
   7149.33  5.3266852E-01
   7149.67  5.2718733E-01
   7150.00  5.2088207E-01
   7150.33  5.1374691E-01
   7150.67  5.0593817E-01
   7151.00  4.9749159E-01
   7151.33  4.8836629E-01
   7151.67  4.7869483E-01
   7152.00  4.6855110E-01
   7152.33  4.5800814E-01
   7152.67  4.4726825E-01
   7153.00  4.3648864E-01
   7153.33  4.2586980E-01
   7153.67  4.1554956E-01
   7154.00  4.0562251E-01
   7154.33  3.9619613E-01
   7154.67  3.8720963E-01
   7155.00  3.7862226E-01
   7155.33  3.7039658E-01
   7155.67  3.6240023E-01
   7156.00  3.5455679E-01
   7156.33  3.4680323E-01
   7156.67  3.3908472E-01
   7157.00  3.3139052E-01
   7157.33  3.2374692E-01
   7157.67  3.1620385E-01
   7158.00  3.0883401E-01
   7158.33  3.0177812E-01
   7158.67  2.9511834E-01
   7159.00  2.8895540E-01
   7159.33  2.8347983E-01
   7159.67  2.7872374E-01
   7160.00  2.7477048E-01
   7160.33  2.7181187E-01
   7160.67  2.6980044E-01
   7161.00  2.6877518E-01
   7161.33  2.6888646E-01
   7161.67  2.7000488E-01
   7162.00  2.7211194E-01
   7162.33  2.7529027E-01
   7162.67  2.7936367E-01
   7163.00  2.8425965E-01
   7163.33  2.8995780E-01
   7163.67  2.9623847E-01
   7164.00  3.0298467E-01
   7164.33  3.1010584E-01
   7164.67  3.1742793E-01
   7165.00  3.2484373E-01
   7165.33  3.3223823E-01
   7165.67  3.3951813E-01
   7166.00  3.4661874E-01
   7166.33  3.5345829E-01
   7166.67  3.6003575E-01
   7167.00  3.6634078E-01
   7167.33  3.7234229E-01
   7167.67  3.7808786E-01
   7168.00  3.8359479E-01
   7168.33  3.8885937E-01
   7168.67  3.9393241E-01
   7169.00  3.9883282E-01
   7169.33  4.0355775E-01
   7169.67  4.0813642E-01
   7170.00  4.1257131E-01
   7170.33  4.1683868E-01
   7170.67  4.2093963E-01
   7171.00  4.2484360E-01
   7171.33  4.2844788E-01
   7171.67  4.3164880E-01
   7172.00  4.3426298E-01
