    FDMNES
    energy     <xanes>
   7097.00  5.1277117E-03
   7097.33  5.2481842E-03
   7097.67  5.3740994E-03
   7098.00  5.5058238E-03
   7098.33  5.6446134E-03
   7098.67  5.7902076E-03
   7099.00  5.9431043E-03
   7099.33  6.1049428E-03
   7099.67  6.2754547E-03
   7100.00  6.4553348E-03
   7100.33  6.6467774E-03
   7100.67  6.8495304E-03
   7101.00  7.0645934E-03
   7101.33  7.2949940E-03
   7101.67  7.5405500E-03
   7102.00  7.8027530E-03
   7102.33  8.0859362E-03
   7102.67  8.3901064E-03
   7103.00  8.7175908E-03
   7103.33  9.0748755E-03
   7103.67  9.4624292E-03
   7104.00  9.8840861E-03
   7104.33  1.0350119E-02
   7104.67  1.0862114E-02
   7105.00  1.1426844E-02
   7105.33  1.2061810E-02
   7105.67  1.2771419E-02
   7106.00  1.3568783E-02
   7106.33  1.4486783E-02
   7106.67  1.5537640E-02
   7107.00  1.6750138E-02
   7107.33  1.8195189E-02
   7107.67  1.9910162E-02
   7108.00  2.1970970E-02
   7108.33  2.4565803E-02
   7108.67  2.7835007E-02
   7109.00  3.2045436E-02
   7109.33  3.7896428E-02
   7109.67  4.6150324E-02
   7110.00  5.8300036E-02
   7110.33  7.8687429E-02
   7110.67  1.1271977E-01
   7111.00  1.6521002E-01
   7111.33  2.2079681E-01
   7111.67  2.4297473E-01
   7112.00  2.4211125E-01
   7112.33  2.5727021E-01
   7112.67  2.9712932E-01
   7113.00  3.4795916E-01
   7113.33  3.7741961E-01
   7113.67  3.8083640E-01
   7114.00  3.6653914E-01
   7114.33  3.2558563E-01
   7114.67  2.7659134E-01
   7115.00  2.3809983E-01
   7115.33  2.2129051E-01
   7115.67  2.2441139E-01
   7116.00  2.4641922E-01
   7116.33  2.8224532E-01
   7116.67  3.1474907E-01
   7117.00  3.3204066E-01
   7117.33  3.2812336E-01
   7117.67  3.1009612E-01
   7118.00  2.8533333E-01
   7118.33  2.6001038E-01
   7118.67  2.3629359E-01
   7119.00  2.1435756E-01
   7119.33  1.9449663E-01
   7119.67  1.7689126E-01
   7120.00  1.6193551E-01
   7120.33  1.5002435E-01
   7120.67  1.4057364E-01
   7121.00  1.3343054E-01
   7121.33  1.2894284E-01
   7121.67  1.2703997E-01
   7122.00  1.2781823E-01
   7122.33  1.3142621E-01
   7122.67  1.3727868E-01
   7123.00  1.4526248E-01
   7123.33  1.5567242E-01
   7123.67  1.6830866E-01
   7124.00  1.8320771E-01
   7124.33  2.0068446E-01
   7124.67  2.2047152E-01
   7125.00  2.4252571E-01
   7125.33  2.6687076E-01
   7125.67  2.9263590E-01
   7126.00  3.1877010E-01
   7126.33  3.4325104E-01
   7126.67  3.6460156E-01
   7127.00  3.8257548E-01
   7127.33  3.9810028E-01
   7127.67  4.1293027E-01
   7128.00  4.2803279E-01
   7128.33  4.4481750E-01
   7128.67  4.6440798E-01
   7129.00  4.8750825E-01
   7129.33  5.1449469E-01
   7129.67  5.4395108E-01
   7130.00  5.7444387E-01
   7130.33  6.0393526E-01
   7130.67  6.3100410E-01
   7131.00  6.5512311E-01
   7131.33  6.7622664E-01
   7131.67  6.9538092E-01
   7132.00  7.1327693E-01
   7132.33  7.3063263E-01
   7132.67  7.4826747E-01
   7133.00  7.6682757E-01
   7133.33  7.8723959E-01
   7133.67  8.0985414E-01
   7134.00  8.3479156E-01
   7134.33  8.6161781E-01
   7134.67  8.8836051E-01
   7135.00  9.1256302E-01
   7135.33  9.2963479E-01
   7135.67  9.3614284E-01
   7136.00  9.2907202E-01
   7136.33  9.0531519E-01
   7136.67  8.6880732E-01
   7137.00  8.2350463E-01
   7137.33  7.7436386E-01
   7137.67  7.2637980E-01
   7138.00  6.8222662E-01
   7138.33  6.4433754E-01
   7138.67  6.1263955E-01
   7139.00  5.8707416E-01
   7139.33  5.6790317E-01
   7139.67  5.5377253E-01
   7140.00  5.4407553E-01
   7140.33  5.3858280E-01
   7140.67  5.3618534E-01
   7141.00  5.3638217E-01
   7141.33  5.3887393E-01
   7141.67  5.4283369E-01
   7142.00  5.4771708E-01
   7142.33  5.5282957E-01
   7142.67  5.5736301E-01
   7143.00  5.6066462E-01
   7143.33  5.6188963E-01
   7143.67  5.6093760E-01
   7144.00  5.5780603E-01
   7144.33  5.5256718E-01
   7144.67  5.4600019E-01
   7145.00  5.3866310E-01
   7145.33  5.3116487E-01
   7145.67  5.2402326E-01
   7146.00  5.1755884E-01
   7146.33  5.1216454E-01
   7146.67  5.0789625E-01
   7147.00  5.0482932E-01
   7147.33  5.0312803E-01
   7147.67  5.0260183E-01
   7148.00  5.0319717E-01
   7148.33  5.0493475E-01
   7148.67  5.0754268E-01
   7149.00  5.1088441E-01
   7149.33  5.1485505E-01
   7149.67  5.1918303E-01
   7150.00  5.2367138E-01
   7150.33  5.2806330E-01
   7150.67  5.3213267E-01
   7151.00  5.3572118E-01
   7151.33  5.3865860E-01
   7151.67  5.4101141E-01
   7152.00  5.4282962E-01
   7152.33  5.4414623E-01
   7152.67  5.4510632E-01
   7153.00  5.4577165E-01
   7153.33  5.4616235E-01
   7153.67  5.4634178E-01
   7154.00  5.4633055E-01
   7154.33  5.4613070E-01
   7154.67  5.4579020E-01
   7155.00  5.4533683E-01
   7155.33  5.4479781E-01
   7155.67  5.4422180E-01
   7156.00  5.4364248E-01
   7156.33  5.4310105E-01
   7156.67  5.4262591E-01
   7157.00  5.4224051E-01
   7157.33  5.4198054E-01
   7157.67  5.4184790E-01
   7158.00  5.4185152E-01
   7158.33  5.4201412E-01
   7158.67  5.4231768E-01
   7159.00  5.4275808E-01
   7159.33  5.4334281E-01
   7159.67  5.4404361E-01
   7160.00  5.4484707E-01
   7160.33  5.4574447E-01
   7160.67  5.4670163E-01
   7161.00  5.4769207E-01
   7161.33  5.4867638E-01
   7161.67  5.4961142E-01
   7162.00  5.5045697E-01
   7162.33  5.5114181E-01
   7162.67  5.5162159E-01
   7163.00  5.5183632E-01
   7163.33  5.5166648E-01
   7163.67  5.5107982E-01
   7164.00  5.5001668E-01
   7164.33  5.4834578E-01
   7164.67  5.4608276E-01
   7165.00  5.4319721E-01
   7165.33  5.3959513E-01
   7165.67  5.3537056E-01
   7166.00  5.3056085E-01
   7166.33  5.2517256E-01
   7166.67  5.1936789E-01
   7167.00  5.1324863E-01
   7167.33  5.0692330E-01
   7167.67  5.0055205E-01
   7168.00  4.9425127E-01
   7168.33  4.8817161E-01
   7168.67  4.8239760E-01
   7169.00  4.7700288E-01
   7169.33  4.7209837E-01
   7169.67  4.6765828E-01
   7170.00  4.6368782E-01
   7170.33  4.6023092E-01
   7170.67  4.5720315E-01
   7171.00  4.5457680E-01
   7171.33  4.5237212E-01
   7171.67  4.5053620E-01
   7172.00  4.4908608E-01
