    FDMNES
    energy     <xanes>
   7097.00  5.1157749E-03
   7097.33  5.2322949E-03
   7097.67  5.3538543E-03
   7098.00  5.4807777E-03
   7098.33  5.6142041E-03
   7098.67  5.7538723E-03
   7099.00  5.9002188E-03
   7099.33  6.0547128E-03
   7099.67  6.2170796E-03
   7100.00  6.3879206E-03
   7100.33  6.5691770E-03
   7100.67  6.7605772E-03
   7101.00  6.9629744E-03
   7101.33  7.1790074E-03
   7101.67  7.4084461E-03
   7102.00  7.6525431E-03
   7102.33  7.9150104E-03
   7102.67  8.1957450E-03
   7103.00  8.4966634E-03
   7103.33  8.8232097E-03
   7103.67  9.1756023E-03
   7104.00  9.5569265E-03
   7104.33  9.9755929E-03
   7104.67  1.0432598E-02
   7105.00  1.0933238E-02
   7105.33  1.1491402E-02
   7105.67  1.2110018E-02
   7106.00  1.2798966E-02
   7106.33  1.3583303E-02
   7106.67  1.4471126E-02
   7107.00  1.5483067E-02
   7107.33  1.6670252E-02
   7107.67  1.8056520E-02
   7108.00  1.9692590E-02
   7108.33  2.1703677E-02
   7108.67  2.4172960E-02
   7109.00  2.7261119E-02
   7109.33  3.1380344E-02
   7109.67  3.6931815E-02
   7110.00  4.4691346E-02
   7110.33  5.6858731E-02
   7110.67  7.6207678E-02
   7111.00  1.0643280E-01
   7111.33  1.4917797E-01
   7111.67  1.9465513E-01
   7112.00  2.2345504E-01
   7112.33  2.3867904E-01
   7112.67  2.6559069E-01
   7113.00  3.0167348E-01
   7113.33  3.4036542E-01
   7113.67  3.5782591E-01
   7114.00  3.4478381E-01
   7114.33  3.3049110E-01
   7114.67  3.3825567E-01
   7115.00  3.5515738E-01
   7115.33  3.4031079E-01
   7115.67  3.0188586E-01
   7116.00  2.6722313E-01
   7116.33  2.4797037E-01
   7116.67  2.3400354E-01
   7117.00  2.1622180E-01
   7117.33  1.9307012E-01
   7117.67  1.7003066E-01
   7118.00  1.5195250E-01
   7118.33  1.4230129E-01
   7118.67  1.3899199E-01
   7119.00  1.4048931E-01
   7119.33  1.4589930E-01
   7119.67  1.5363532E-01
   7120.00  1.6259586E-01
   7120.33  1.7159713E-01
   7120.67  1.8024407E-01
   7121.00  1.8910160E-01
   7121.33  1.9941236E-01
   7121.67  2.1180224E-01
   7122.00  2.2617132E-01
   7122.33  2.4168004E-01
   7122.67  2.5705158E-01
   7123.00  2.7171450E-01
   7123.33  2.8564789E-01
   7123.67  2.9955004E-01
   7124.00  3.1431427E-01
   7124.33  3.3176957E-01
   7124.67  3.5318312E-01
   7125.00  3.7907973E-01
   7125.33  4.0834830E-01
   7125.67  4.3630788E-01
   7126.00  4.5827089E-01
   7126.33  4.7061215E-01
   7126.67  4.7710663E-01
   7127.00  4.8181600E-01
   7127.33  4.8810095E-01
   7127.67  4.9726062E-01
   7128.00  5.1009009E-01
   7128.33  5.2769842E-01
   7128.67  5.4930666E-01
   7129.00  5.7392522E-01
   7129.33  6.0008886E-01
   7129.67  6.2579459E-01
   7130.00  6.4952323E-01
   7130.33  6.6947887E-01
   7130.67  6.8562800E-01
   7131.00  6.9858416E-01
   7131.33  7.0955694E-01
   7131.67  7.2021102E-01
   7132.00  7.3141630E-01
   7132.33  7.4374511E-01
   7132.67  7.5698619E-01
   7133.00  7.7077995E-01
   7133.33  7.8460463E-01
   7133.67  7.9798487E-01
   7134.00  8.1040577E-01
   7134.33  8.2033788E-01
   7134.67  8.2622062E-01
   7135.00  8.2666435E-01
   7135.33  8.2000225E-01
   7135.67  8.0710384E-01
   7136.00  7.8881844E-01
   7136.33  7.6636141E-01
   7136.67  7.4207975E-01
   7137.00  7.1744455E-01
   7137.33  6.9406939E-01
   7137.67  6.7291684E-01
   7138.00  6.5456657E-01
   7138.33  6.3965154E-01
   7138.67  6.2765967E-01
   7139.00  6.1826073E-01
   7139.33  6.1118383E-01
   7139.67  6.0559164E-01
   7140.00  6.0101207E-01
   7140.33  5.9703776E-01
   7140.67  5.9323097E-01
   7141.00  5.8937123E-01
   7141.33  5.8528543E-01
   7141.67  5.8094054E-01
   7142.00  5.7633474E-01
   7142.33  5.7146103E-01
   7142.67  5.6637139E-01
   7143.00  5.6107128E-01
   7143.33  5.5552055E-01
   7143.67  5.4972631E-01
   7144.00  5.4368057E-01
   7144.33  5.3737841E-01
   7144.67  5.3092373E-01
   7145.00  5.2442633E-01
   7145.33  5.1807236E-01
   7145.67  5.1203956E-01
   7146.00  5.0649123E-01
   7146.33  5.0167027E-01
   7146.67  4.9761007E-01
   7147.00  4.9436416E-01
   7147.33  4.9204799E-01
   7147.67  4.9052455E-01
   7148.00  4.8973655E-01
   7148.33  4.8967613E-01
   7148.67  4.9016284E-01
   7149.00  4.9111125E-01
   7149.33  4.9247470E-01
   7149.67  4.9412599E-01
   7150.00  4.9600669E-01
   7150.33  4.9808355E-01
   7150.67  5.0029255E-01
   7151.00  5.0260598E-01
   7151.33  5.0500660E-01
   7151.67  5.0745809E-01
   7152.00  5.0994654E-01
   7152.33  5.1247213E-01
   7152.67  5.1502843E-01
   7153.00  5.1761596E-01
   7153.33  5.2024551E-01
   7153.67  5.2292325E-01
   7154.00  5.2565940E-01
   7154.33  5.2847137E-01
   7154.67  5.3135149E-01
   7155.00  5.3428586E-01
   7155.33  5.3723556E-01
   7155.67  5.4015308E-01
   7156.00  5.4300007E-01
   7156.33  5.4571189E-01
   7156.67  5.4825205E-01
   7157.00  5.5057883E-01
   7157.33  5.5261827E-01
   7157.67  5.5436957E-01
   7158.00  5.5581286E-01
   7158.33  5.5689406E-01
   7158.67  5.5764859E-01
   7159.00  5.5807841E-01
   7159.33  5.5815224E-01
   7159.67  5.5792165E-01
   7160.00  5.5739721E-01
   7160.33  5.5655449E-01
   7160.67  5.5543768E-01
   7161.00  5.5405310E-01
   7161.33  5.5237319E-01
   7161.67  5.5043300E-01
   7162.00  5.4823294E-01
   7162.33  5.4573995E-01
   7162.67  5.4298464E-01
   7163.00  5.3996432E-01
   7163.33  5.3664479E-01
   7163.67  5.3306426E-01
   7164.00  5.2923186E-01
   7164.33  5.2513476E-01
   7164.67  5.2083128E-01
   7165.00  5.1636501E-01
   7165.33  5.1178736E-01
   7165.67  5.0716484E-01
   7166.00  5.0253884E-01
   7166.33  4.9796300E-01
   7166.67  4.9347745E-01
   7167.00  4.8911698E-01
   7167.33  4.8493370E-01
   7167.67  4.8093132E-01
   7168.00  4.7712379E-01
   7168.33  4.7354697E-01
   7168.67  4.7018051E-01
   7169.00  4.6702604E-01
   7169.33  4.6410852E-01
   7169.67  4.6139806E-01
   7170.00  4.5889152E-01
   7170.33  4.5661271E-01
   7170.67  4.5453691E-01
   7171.00  4.5266548E-01
   7171.33  4.5103390E-01
   7171.67  4.4964133E-01
   7172.00  4.4852583E-01
