    FDMNES
    energy     <xanes>
   7097.00  5.2424991E-03
   7097.33  5.3768779E-03
   7097.67  5.5178660E-03
   7098.00  5.6659447E-03
   7098.33  5.8227023E-03
   7098.67  5.9878741E-03
   7099.00  6.1621297E-03
   7099.33  6.3475889E-03
   7099.67  6.5439985E-03
   7100.00  6.7523167E-03
   7100.33  6.9754558E-03
   7100.67  7.2132204E-03
   7101.00  7.4670294E-03
   7101.33  7.7410227E-03
   7101.67  8.0351650E-03
   7102.00  8.3516434E-03
   7102.33  8.6965912E-03
   7102.67  9.0703589E-03
   7103.00  9.4764881E-03
   7103.33  9.9245334E-03
   7103.67  1.0415755E-02
   7104.00  1.0956243E-02
   7104.33  1.1561849E-02
   7104.67  1.2236029E-02
   7105.00  1.2990081E-02
   7105.33  1.3852514E-02
   7105.67  1.4832434E-02
   7106.00  1.5952979E-02
   7106.33  1.7271204E-02
   7106.67  1.8812362E-02
   7107.00  2.0630658E-02
   7107.33  2.2858485E-02
   7107.67  2.5575362E-02
   7108.00  2.8935157E-02
   7108.33  3.3319838E-02
   7108.67  3.9042942E-02
   7109.00  4.6690805E-02
   7109.33  5.7817693E-02
   7109.67  7.4230759E-02
   7110.00  9.9473905E-02
   7110.33  1.4389486E-01
   7110.67  2.1978526E-01
   7111.00  3.3454605E-01
   7111.33  4.5071565E-01
   7111.67  4.9574559E-01
   7112.00  4.6229655E-01
   7112.33  4.0072982E-01
   7112.67  3.4950924E-01
   7113.00  3.1788996E-01
   7113.33  3.0715996E-01
   7113.67  2.9388778E-01
   7114.00  2.6134778E-01
   7114.33  2.2326309E-01
   7114.67  1.9688781E-01
   7115.00  1.8070487E-01
   7115.33  1.6610724E-01
   7115.67  1.4917497E-01
   7116.00  1.3341188E-01
   7116.33  1.2333160E-01
   7116.67  1.1871450E-01
   7117.00  1.1874099E-01
   7117.33  1.2289375E-01
   7117.67  1.2961372E-01
   7118.00  1.3777050E-01
   7118.33  1.4670955E-01
   7118.67  1.5578803E-01
   7119.00  1.6430222E-01
   7119.33  1.7261813E-01
   7119.67  1.8269500E-01
   7120.00  1.9571458E-01
   7120.33  2.1137687E-01
   7120.67  2.2743592E-01
   7121.00  2.4238465E-01
   7121.33  2.5578933E-01
   7121.67  2.6920163E-01
   7122.00  2.8393179E-01
   7122.33  3.0069258E-01
   7122.67  3.1891552E-01
   7123.00  3.3807932E-01
   7123.33  3.5759469E-01
   7123.67  3.7672850E-01
   7124.00  3.9466331E-01
   7124.33  4.0998567E-01
   7124.67  4.2244414E-01
   7125.00  4.3291388E-01
   7125.33  4.4429352E-01
   7125.67  4.5947404E-01
   7126.00  4.7918471E-01
   7126.33  5.0140200E-01
   7126.67  5.2147569E-01
   7127.00  5.3599322E-01
   7127.33  5.4232165E-01
   7127.67  5.4222970E-01
   7128.00  5.3762674E-01
   7128.33  5.3057046E-01
   7128.67  5.2314378E-01
   7129.00  5.1632705E-01
   7129.33  5.1073083E-01
   7129.67  5.0613664E-01
   7130.00  5.0225235E-01
   7130.33  4.9884723E-01
   7130.67  4.9592640E-01
   7131.00  4.9393918E-01
   7131.33  4.9402232E-01
   7131.67  4.9694069E-01
   7132.00  5.0330881E-01
   7132.33  5.1365372E-01
   7132.67  5.2658779E-01
   7133.00  5.4036813E-01
   7133.33  5.5218243E-01
   7133.67  5.6020026E-01
   7134.00  5.6380142E-01
   7134.33  5.6300519E-01
   7134.67  5.5946129E-01
   7135.00  5.5424309E-01
   7135.33  5.4837264E-01
   7135.67  5.4277499E-01
   7136.00  5.3799411E-01
   7136.33  5.3465649E-01
   7136.67  5.3295499E-01
   7137.00  5.3314490E-01
   7137.33  5.3573701E-01
   7137.67  5.4059053E-01
   7138.00  5.4766183E-01
   7138.33  5.5696439E-01
   7138.67  5.6789334E-01
   7139.00  5.8011261E-01
   7139.33  5.9333035E-01
   7139.67  6.0700260E-01
   7140.00  6.2074375E-01
   7140.33  6.3410288E-01
   7140.67  6.4682787E-01
   7141.00  6.5878147E-01
   7141.33  6.6978367E-01
   7141.67  6.7983752E-01
   7142.00  6.8874067E-01
   7142.33  6.9591501E-01
   7142.67  7.0111758E-01
   7143.00  7.0407729E-01
   7143.33  7.0443712E-01
   7143.67  7.0269217E-01
   7144.00  6.9916576E-01
   7144.33  6.9412531E-01
   7144.67  6.8816841E-01
   7145.00  6.8164412E-01
   7145.33  6.7491925E-01
   7145.67  6.6837739E-01
   7146.00  6.6228322E-01
   7146.33  6.5693978E-01
   7146.67  6.5236143E-01
   7147.00  6.4854591E-01
   7147.33  6.4551678E-01
   7147.67  6.4306475E-01
   7148.00  6.4105622E-01
   7148.33  6.3936488E-01
   7148.67  6.3780455E-01
   7149.00  6.3626397E-01
   7149.33  6.3463684E-01
   7149.67  6.3288089E-01
   7150.00  6.3098993E-01
   7150.33  6.2898602E-01
   7150.67  6.2695275E-01
   7151.00  6.2496876E-01
   7151.33  6.2314758E-01
   7151.67  6.2155447E-01
   7152.00  6.2024030E-01
   7152.33  6.1926841E-01
   7152.67  6.1858435E-01
   7153.00  6.1813939E-01
   7153.33  6.1785445E-01
   7153.67  6.1757499E-01
   7154.00  6.1715748E-01
   7154.33  6.1637346E-01
   7154.67  6.1506589E-01
   7155.00  6.1306901E-01
   7155.33  6.1010601E-01
   7155.67  6.0615905E-01
   7156.00  6.0116642E-01
   7156.33  5.9498304E-01
   7156.67  5.8779129E-01
   7157.00  5.7967906E-01
   7157.33  5.7069261E-01
   7157.67  5.6110205E-01
   7158.00  5.5106658E-01
   7158.33  5.4073617E-01
   7158.67  5.3031256E-01
   7159.00  5.1992611E-01
   7159.33  5.0972485E-01
   7159.67  4.9978536E-01
   7160.00  4.9016983E-01
   7160.33  4.8097616E-01
   7160.67  4.7218790E-01
   7161.00  4.6381899E-01
   7161.33  4.5593021E-01
   7161.67  4.4846559E-01
   7162.00  4.4141613E-01
   7162.33  4.3481500E-01
   7162.67  4.2858972E-01
   7163.00  4.2271749E-01
   7163.33  4.1720958E-01
   7163.67  4.1199550E-01
   7164.00  4.0705156E-01
   7164.33  4.0238699E-01
   7164.67  3.9795733E-01
   7165.00  3.9375743E-01
   7165.33  3.8981449E-01
   7165.67  3.8610035E-01
   7166.00  3.8261368E-01
   7166.33  3.7937424E-01
   7166.67  3.7633925E-01
   7167.00  3.7349300E-01
   7167.33  3.7083812E-01
   7167.67  3.6833729E-01
   7168.00  3.6598427E-01
   7168.33  3.6380154E-01
   7168.67  3.6178495E-01
   7169.00  3.5995421E-01
   7169.33  3.5836200E-01
   7169.67  3.5700586E-01
   7170.00  3.5590070E-01
   7170.33  3.5508569E-01
   7170.67  3.5452219E-01
   7171.00  3.5419242E-01
   7171.33  3.5408110E-01
   7171.67  3.5409479E-01
   7172.00  3.5414544E-01
