    FDMNES
    energy     <xanes>
   7097.00  4.6941969E-03
   7097.33  4.7992877E-03
   7097.67  4.9088599E-03
   7098.00  5.0232018E-03
   7098.33  5.1433254E-03
   7098.67  5.2689989E-03
   7099.00  5.4006108E-03
   7099.33  5.5394695E-03
   7099.67  5.6853333E-03
   7100.00  5.8387408E-03
   7100.33  6.0014267E-03
   7100.67  6.1731575E-03
   7101.00  6.3547034E-03
   7101.33  6.5484366E-03
   7101.67  6.7541719E-03
   7102.00  6.9730533E-03
   7102.33  7.2084491E-03
   7102.67  7.4603134E-03
   7103.00  7.7304252E-03
   7103.33  8.0237951E-03
   7103.67  8.3407266E-03
   7104.00  8.6841491E-03
   7104.33  9.0619683E-03
   7104.67  9.4753479E-03
   7105.00  9.9294766E-03
   7105.33  1.0437821E-02
   7105.67  1.1003754E-02
   7106.00  1.1637392E-02
   7106.33  1.2364174E-02
   7106.67  1.3193696E-02
   7107.00  1.4148488E-02
   7107.33  1.5284168E-02
   7107.67  1.6630885E-02
   7108.00  1.8249574E-02
   7108.33  2.0292031E-02
   7108.67  2.2876058E-02
   7109.00  2.6225965E-02
   7109.33  3.0937715E-02
   7109.67  3.7694881E-02
   7110.00  4.7845715E-02
   7110.33  6.5237246E-02
   7110.67  9.3287721E-02
   7111.00  1.2955667E-01
   7111.33  1.5774728E-01
   7111.67  1.7875322E-01
   7112.00  1.9992131E-01
   7112.33  2.2060727E-01
   7112.67  2.3591156E-01
   7113.00  2.4315742E-01
   7113.33  2.4369692E-01
   7113.67  2.4207824E-01
   7114.00  2.3422806E-01
   7114.33  2.1117049E-01
   7114.67  1.8274552E-01
   7115.00  1.6026373E-01
   7115.33  1.4978362E-01
   7115.67  1.4911151E-01
   7116.00  1.5613228E-01
   7116.33  1.6805267E-01
   7116.67  1.8089675E-01
   7117.00  1.9175969E-01
   7117.33  1.9974146E-01
   7117.67  2.0839986E-01
   7118.00  2.1774926E-01
   7118.33  2.2283753E-01
   7118.67  2.2214590E-01
   7119.00  2.1804076E-01
   7119.33  2.1444329E-01
   7119.67  2.1334720E-01
   7120.00  2.1468023E-01
   7120.33  2.1762160E-01
   7120.67  2.2140496E-01
   7121.00  2.2640509E-01
   7121.33  2.3381264E-01
   7121.67  2.4386375E-01
   7122.00  2.5627309E-01
   7122.33  2.7036752E-01
   7122.67  2.8545093E-01
   7123.00  3.0171789E-01
   7123.33  3.1930279E-01
   7123.67  3.3672743E-01
   7124.00  3.5236160E-01
   7124.33  3.6527245E-01
   7124.67  3.7739056E-01
   7125.00  3.9087137E-01
   7125.33  4.0735430E-01
   7125.67  4.2601696E-01
   7126.00  4.4558778E-01
   7126.33  4.6473960E-01
   7126.67  4.8328967E-01
   7127.00  5.0165309E-01
   7127.33  5.2015809E-01
   7127.67  5.3848625E-01
   7128.00  5.5600492E-01
   7128.33  5.7141684E-01
   7128.67  5.8324308E-01
   7129.00  5.8967211E-01
   7129.33  5.8921647E-01
   7129.67  5.8493749E-01
   7130.00  5.8004546E-01
   7130.33  5.7715221E-01
   7130.67  5.7619491E-01
   7131.00  5.7632304E-01
   7131.33  5.7657375E-01
   7131.67  5.7659266E-01
   7132.00  5.7669498E-01
   7132.33  5.7789395E-01
   7132.67  5.8111886E-01
   7133.00  5.8698498E-01
   7133.33  5.9577897E-01
   7133.67  6.0618669E-01
   7134.00  6.1674903E-01
   7134.33  6.2535316E-01
   7134.67  6.3090251E-01
   7135.00  6.3317846E-01
   7135.33  6.3253038E-01
   7135.67  6.3040624E-01
   7136.00  6.2772787E-01
   7136.33  6.2522464E-01
   7136.67  6.2305033E-01
   7137.00  6.2101334E-01
   7137.33  6.1881173E-01
   7137.67  6.1642044E-01
   7138.00  6.1403975E-01
   7138.33  6.1206974E-01
   7138.67  6.1077017E-01
   7139.00  6.1029718E-01
   7139.33  6.1084058E-01
   7139.67  6.1230205E-01
   7140.00  6.1465352E-01
   7140.33  6.1785016E-01
   7140.67  6.2146246E-01
   7141.00  6.2503181E-01
   7141.33  6.2784281E-01
   7141.67  6.2943541E-01
   7142.00  6.2955641E-01
   7142.33  6.2805561E-01
   7142.67  6.2542893E-01
   7143.00  6.2204824E-01
   7143.33  6.1824631E-01
   7143.67  6.1427552E-01
   7144.00  6.1016428E-01
   7144.33  6.0582620E-01
   7144.67  6.0121241E-01
   7145.00  5.9629697E-01
   7145.33  5.9109981E-01
   7145.67  5.8579352E-01
   7146.00  5.8053741E-01
   7146.33  5.7554303E-01
   7146.67  5.7091566E-01
   7147.00  5.6670428E-01
   7147.33  5.6291547E-01
   7147.67  5.5937907E-01
   7148.00  5.5596323E-01
   7148.33  5.5253327E-01
   7148.67  5.4901946E-01
   7149.00  5.4542364E-01
   7149.33  5.4181144E-01
   7149.67  5.3829651E-01
   7150.00  5.3498388E-01
   7150.33  5.3201036E-01
   7150.67  5.2938031E-01
   7151.00  5.2706682E-01
   7151.33  5.2497945E-01
   7151.67  5.2290111E-01
   7152.00  5.2064664E-01
   7152.33  5.1800014E-01
   7152.67  5.1492731E-01
   7153.00  5.1144816E-01
   7153.33  5.0762984E-01
   7153.67  5.0365523E-01
   7154.00  4.9963990E-01
   7154.33  4.9567977E-01
   7154.67  4.9179871E-01
   7155.00  4.8797934E-01
   7155.33  4.8416715E-01
   7155.67  4.8028799E-01
   7156.00  4.7627910E-01
   7156.33  4.7205784E-01
   7156.67  4.6761521E-01
   7157.00  4.6295113E-01
   7157.33  4.5807729E-01
   7157.67  4.5308888E-01
   7158.00  4.4807001E-01
   7158.33  4.4313770E-01
   7158.67  4.3838803E-01
   7159.00  4.3390619E-01
   7159.33  4.2982420E-01
   7159.67  4.2616684E-01
   7160.00  4.2297463E-01
   7160.33  4.2033701E-01
   7160.67  4.1820180E-01
   7161.00  4.1656187E-01
   7161.33  4.1544683E-01
   7161.67  4.1474550E-01
   7162.00  4.1439536E-01
   7162.33  4.1434291E-01
   7162.67  4.1446069E-01
   7163.00  4.1466728E-01
   7163.33  4.1487477E-01
   7163.67  4.1500905E-01
   7164.00  4.1502105E-01
   7164.33  4.1485125E-01
   7164.67  4.1449912E-01
   7165.00  4.1396106E-01
   7165.33  4.1322573E-01
   7165.67  4.1233878E-01
   7166.00  4.1132836E-01
   7166.33  4.1022244E-01
   7166.67  4.0907418E-01
   7167.00  4.0792195E-01
   7167.33  4.0681560E-01
   7167.67  4.0579383E-01
   7168.00  4.0489268E-01
   7168.33  4.0417059E-01
   7168.67  4.0364168E-01
   7169.00  4.0333116E-01
   7169.33  4.0329330E-01
   7169.67  4.0351492E-01
   7170.00  4.0400387E-01
   7170.33  4.0479235E-01
   7170.67  4.0583043E-01
   7171.00  4.0708529E-01
   7171.33  4.0850057E-01
   7171.67  4.0991706E-01
   7172.00  4.1114474E-01
