    FDMNES
    energy     <xanes>
   7097.00  4.6157121E-03
   7097.33  4.7203828E-03
   7097.67  4.8295585E-03
   7098.00  4.9435283E-03
   7098.33  5.0633086E-03
   7098.67  5.1886645E-03
   7099.00  5.3199848E-03
   7099.33  5.4585795E-03
   7099.67  5.6042016E-03
   7100.00  5.7573864E-03
   7100.33  5.9198638E-03
   7100.67  6.0913894E-03
   7101.00  6.2727223E-03
   7101.33  6.4662135E-03
   7101.67  6.6716555E-03
   7102.00  6.8901633E-03
   7102.33  7.1250439E-03
   7102.67  7.3762047E-03
   7103.00  7.6453540E-03
   7103.33  7.9373459E-03
   7103.67  8.2523802E-03
   7104.00  8.5932155E-03
   7104.33  8.9673705E-03
   7104.67  9.3757611E-03
   7105.00  9.8231519E-03
   7105.33  1.0322032E-02
   7105.67  1.0875131E-02
   7106.00  1.1491445E-02
   7106.33  1.2193792E-02
   7106.67  1.2989897E-02
   7107.00  1.3899022E-02
   7107.33  1.4968960E-02
   7107.67  1.6223492E-02
   7108.00  1.7712349E-02
   7108.33  1.9559382E-02
   7108.67  2.1854831E-02
   7109.00  2.4772796E-02
   7109.33  2.8773086E-02
   7109.67  3.4363008E-02
   7110.00  4.2544064E-02
   7110.33  5.6169241E-02
   7110.67  7.7867160E-02
   7111.00  1.0656916E-01
   7111.33  1.3208853E-01
   7111.67  1.5194348E-01
   7112.00  1.6299725E-01
   7112.33  1.6210411E-01
   7112.67  1.6812177E-01
   7113.00  1.9323195E-01
   7113.33  2.4949026E-01
   7113.67  3.3938314E-01
   7114.00  4.4785303E-01
   7114.33  5.0338121E-01
   7114.67  4.6167410E-01
   7115.00  3.6116699E-01
   7115.33  2.6848629E-01
   7115.67  2.0393919E-01
   7116.00  1.6430736E-01
   7116.33  1.4453278E-01
   7116.67  1.3681993E-01
   7117.00  1.3736694E-01
   7117.33  1.4307303E-01
   7117.67  1.5075119E-01
   7118.00  1.5739015E-01
   7118.33  1.5864481E-01
   7118.67  1.5595871E-01
   7119.00  1.5314783E-01
   7119.33  1.5370691E-01
   7119.67  1.5848188E-01
   7120.00  1.6792521E-01
   7120.33  1.8300657E-01
   7120.67  2.0220576E-01
   7121.00  2.2233621E-01
   7121.33  2.3765123E-01
   7121.67  2.4633834E-01
   7122.00  2.5032020E-01
   7122.33  2.5339779E-01
   7122.67  2.5764546E-01
   7123.00  2.6249962E-01
   7123.33  2.6580863E-01
   7123.67  2.6663869E-01
   7124.00  2.6584229E-01
   7124.33  2.6501547E-01
   7124.67  2.6461481E-01
   7125.00  2.6482881E-01
   7125.33  2.6709013E-01
   7125.67  2.7291497E-01
   7126.00  2.8313058E-01
   7126.33  2.9804005E-01
   7126.67  3.1662834E-01
   7127.00  3.3859398E-01
   7127.33  3.6353665E-01
   7127.67  3.8989065E-01
   7128.00  4.1669629E-01
   7128.33  4.4368252E-01
   7128.67  4.7180631E-01
   7129.00  5.0242968E-01
   7129.33  5.3598640E-01
   7129.67  5.6908388E-01
   7130.00  5.9754577E-01
   7130.33  6.1640400E-01
   7130.67  6.2591413E-01
   7131.00  6.2831589E-01
   7131.33  6.2785638E-01
   7131.67  6.2912516E-01
   7132.00  6.3434709E-01
   7132.33  6.4440525E-01
   7132.67  6.5671735E-01
   7133.00  6.6848381E-01
   7133.33  6.7680390E-01
   7133.67  6.8192159E-01
   7134.00  6.8570067E-01
   7134.33  6.9171618E-01
   7134.67  7.0295127E-01
   7135.00  7.2141441E-01
   7135.33  7.4902953E-01
   7135.67  7.8299194E-01
   7136.00  8.1807765E-01
   7136.33  8.4153414E-01
   7136.67  8.4099697E-01
   7137.00  8.1081714E-01
   7137.33  7.5751494E-01
   7137.67  7.0374346E-01
   7138.00  6.6267133E-01
   7138.33  6.3937689E-01
   7138.67  6.2689428E-01
   7139.00  6.2014611E-01
   7139.33  6.1552937E-01
   7139.67  6.1117288E-01
   7140.00  6.0673103E-01
   7140.33  6.0230668E-01
   7140.67  5.9814154E-01
   7141.00  5.9440486E-01
   7141.33  5.9122095E-01
   7141.67  5.8841551E-01
   7142.00  5.8577090E-01
   7142.33  5.8294841E-01
   7142.67  5.7968058E-01
   7143.00  5.7581286E-01
   7143.33  5.7122208E-01
   7143.67  5.6607295E-01
   7144.00  5.6050239E-01
   7144.33  5.5467352E-01
   7144.67  5.4881908E-01
   7145.00  5.4312328E-01
   7145.33  5.3787366E-01
   7145.67  5.3328737E-01
   7146.00  5.2959705E-01
   7146.33  5.2716956E-01
   7146.67  5.2598222E-01
   7147.00  5.2601129E-01
   7147.33  5.2719574E-01
   7147.67  5.2907041E-01
   7148.00  5.3129287E-01
   7148.33  5.3349353E-01
   7148.67  5.3543992E-01
   7149.00  5.3706857E-01
   7149.33  5.3837966E-01
   7149.67  5.3947943E-01
   7150.00  5.4039961E-01
   7150.33  5.4107607E-01
   7150.67  5.4141143E-01
   7151.00  5.4123960E-01
   7151.33  5.4022182E-01
   7151.67  5.3818511E-01
   7152.00  5.3492390E-01
   7152.33  5.3007564E-01
   7152.67  5.2370886E-01
   7153.00  5.1581485E-01
   7153.33  5.0631139E-01
   7153.67  4.9556993E-01
   7154.00  4.8381661E-01
   7154.33  4.7127666E-01
   7154.67  4.5836826E-01
   7155.00  4.4536177E-01
   7155.33  4.3255623E-01
   7155.67  4.2015818E-01
   7156.00  4.0832839E-01
   7156.33  3.9731080E-01
   7156.67  3.8714184E-01
   7157.00  3.7791365E-01
   7157.33  3.6984658E-01
   7157.67  3.6288897E-01
   7158.00  3.5709803E-01
   7158.33  3.5268279E-01
   7158.67  3.4953523E-01
   7159.00  3.4768356E-01
   7159.33  3.4730601E-01
   7159.67  3.4821898E-01
   7160.00  3.5036975E-01
   7160.33  3.5379000E-01
   7160.67  3.5817126E-01
   7161.00  3.6332620E-01
   7161.33  3.6907601E-01
   7161.67  3.7510183E-01
   7162.00  3.8119445E-01
   7162.33  3.8711625E-01
   7162.67  3.9269859E-01
   7163.00  3.9780115E-01
   7163.33  4.0221500E-01
   7163.67  4.0592233E-01
   7164.00  4.0887148E-01
   7164.33  4.1093973E-01
   7164.67  4.1223937E-01
   7165.00  4.1281295E-01
   7165.33  4.1265958E-01
   7165.67  4.1196388E-01
   7166.00  4.1082621E-01
   7166.33  4.0932694E-01
   7166.67  4.0762190E-01
   7167.00  4.0580135E-01
   7167.33  4.0395382E-01
   7167.67  4.0215920E-01
   7168.00  4.0047318E-01
   7168.33  3.9897105E-01
   7168.67  3.9767883E-01
   7169.00  3.9663126E-01
   7169.33  3.9589819E-01
   7169.67  3.9547361E-01
   7170.00  3.9537665E-01
   7170.33  3.9566265E-01
   7170.67  3.9628589E-01
   7171.00  3.9722306E-01
   7171.33  3.9843468E-01
   7171.67  3.9973801E-01
   7172.00  4.0091598E-01
