    FDMNES
    energy     <xanes>
   7097.00  4.3800249E-03
   7097.33  4.4668673E-03
   7097.67  4.5569105E-03
   7098.00  4.6503348E-03
   7098.33  4.7478214E-03
   7098.67  4.8491717E-03
   7099.00  4.9546232E-03
   7099.33  5.0650318E-03
   7099.67  5.1801856E-03
   7100.00  5.3004060E-03
   7100.33  5.4267957E-03
   7100.67  5.5591378E-03
   7101.00  5.6978824E-03
   7101.33  5.8444941E-03
   7101.67  5.9987726E-03
   7102.00  6.1613733E-03
   7102.33  6.3343201E-03
   7102.67  6.5174780E-03
   7103.00  6.7118521E-03
   7103.33  6.9203814E-03
   7103.67  7.1431146E-03
   7104.00  7.3816941E-03
   7104.33  7.6406750E-03
   7104.67  7.9205851E-03
   7105.00  8.2243377E-03
   7105.33  8.5596280E-03
   7105.67  8.9282670E-03
   7106.00  9.3360096E-03
   7106.33  9.7974696E-03
   7106.67  1.0318215E-02
   7107.00  1.0911410E-02
   7107.33  1.1609739E-02
   7107.67  1.2431672E-02
   7108.00  1.3414304E-02
   7108.33  1.4650626E-02
   7108.67  1.6216372E-02
   7109.00  1.8255313E-02
   7109.33  2.1152825E-02
   7109.67  2.5367265E-02
   7110.00  3.1805265E-02
   7110.33  4.3085412E-02
   7110.67  6.1724720E-02
   7111.00  8.6668555E-02
   7111.33  1.0609034E-01
   7111.67  1.1416419E-01
   7112.00  1.1177080E-01
   7112.33  1.0231553E-01
   7112.67  9.1864810E-02
   7113.00  8.3112914E-02
   7113.33  7.7417701E-02
   7113.67  7.3678121E-02
   7114.00  7.0830694E-02
   7114.33  6.8692933E-02
   7114.67  6.7466042E-02
   7115.00  6.7292475E-02
   7115.33  6.8334620E-02
   7115.67  7.0451147E-02
   7116.00  7.3658725E-02
   7116.33  7.8157518E-02
   7116.67  8.3888228E-02
   7117.00  9.0928276E-02
   7117.33  9.9535569E-02
   7117.67  1.0961912E-01
   7118.00  1.2125992E-01
   7118.33  1.3475401E-01
   7118.67  1.4991142E-01
   7119.00  1.6661370E-01
   7119.33  1.8470154E-01
   7119.67  2.0366482E-01
   7120.00  2.2340963E-01
   7120.33  2.4438775E-01
   7120.67  2.6701007E-01
   7121.00  2.9158474E-01
   7121.33  3.1818943E-01
   7121.67  3.4582145E-01
   7122.00  3.7342671E-01
   7122.33  3.9956546E-01
   7122.67  4.2360471E-01
   7123.00  4.4549460E-01
   7123.33  4.6558200E-01
   7123.67  4.8486715E-01
   7124.00  5.0400676E-01
   7124.33  5.2370995E-01
   7124.67  5.4438638E-01
   7125.00  5.6624840E-01
   7125.33  5.8938540E-01
   7125.67  6.1308975E-01
   7126.00  6.3639706E-01
   7126.33  6.5759152E-01
   7126.67  6.7535987E-01
   7127.00  6.8856312E-01
   7127.33  6.9579874E-01
   7127.67  6.9798983E-01
   7128.00  6.9619783E-01
   7128.33  6.9191804E-01
   7128.67  6.8703719E-01
   7129.00  6.8232043E-01
   7129.33  6.7776999E-01
   7129.67  6.7267560E-01
   7130.00  6.6644671E-01
   7130.33  6.5888612E-01
   7130.67  6.5082027E-01
   7131.00  6.4301295E-01
   7131.33  6.3614824E-01
   7131.67  6.3013474E-01
   7132.00  6.2458210E-01
   7132.33  6.1884738E-01
   7132.67  6.1259310E-01
   7133.00  6.0599216E-01
   7133.33  5.9979069E-01
   7133.67  5.9475586E-01
   7134.00  5.9132312E-01
   7134.33  5.8975328E-01
   7134.67  5.8952053E-01
   7135.00  5.9021732E-01
   7135.33  5.9143732E-01
   7135.67  5.9277211E-01
   7136.00  5.9405685E-01
   7136.33  5.9526028E-01
   7136.67  5.9648586E-01
   7137.00  5.9785675E-01
   7137.33  5.9955894E-01
   7137.67  6.0166400E-01
   7138.00  6.0420870E-01
   7138.33  6.0721662E-01
   7138.67  6.1054313E-01
   7139.00  6.1406978E-01
   7139.33  6.1763330E-01
   7139.67  6.2104316E-01
   7140.00  6.2413322E-01
   7140.33  6.2665200E-01
   7140.67  6.2849749E-01
   7141.00  6.2955977E-01
   7141.33  6.2965479E-01
   7141.67  6.2887486E-01
   7142.00  6.2725294E-01
   7142.33  6.2477257E-01
   7142.67  6.2163061E-01
   7143.00  6.1791159E-01
   7143.33  6.1363812E-01
   7143.67  6.0893694E-01
   7144.00  6.0384041E-01
   7144.33  5.9830864E-01
   7144.67  5.9237318E-01
   7145.00  5.8600552E-01
   7145.33  5.7910414E-01
   7145.67  5.7168866E-01
   7146.00  5.6373478E-01
   7146.33  5.5516141E-01
   7146.67  5.4604842E-01
   7147.00  5.3642760E-01
   7147.33  5.2630752E-01
   7147.67  5.1583581E-01
   7148.00  5.0511141E-01
   7148.33  4.9425050E-01
   7148.67  4.8340878E-01
   7149.00  4.7270628E-01
   7149.33  4.6230513E-01
   7149.67  4.5228029E-01
   7150.00  4.4270357E-01
   7150.33  4.3369362E-01
   7150.67  4.2521613E-01
   7151.00  4.1727301E-01
   7151.33  4.0990127E-01
   7151.67  4.0298786E-01
   7152.00  3.9647764E-01
   7152.33  3.9033617E-01
   7152.67  3.8443954E-01
   7153.00  3.7871411E-01
   7153.33  3.7308782E-01
   7153.67  3.6747741E-01
   7154.00  3.6183365E-01
   7154.33  3.5610871E-01
   7154.67  3.5029830E-01
   7155.00  3.4441276E-01
   7155.33  3.3847920E-01
   7155.67  3.3255295E-01
   7156.00  3.2668811E-01
   7156.33  3.2097359E-01
   7156.67  3.1547219E-01
   7157.00  3.1025381E-01
   7157.33  3.0543192E-01
   7157.67  3.0101687E-01
   7158.00  2.9705459E-01
   7158.33  2.9365872E-01
   7158.67  2.9080686E-01
   7159.00  2.8852443E-01
   7159.33  2.8690375E-01
   7159.67  2.8587936E-01
   7160.00  2.8545010E-01
   7160.33  2.8567956E-01
   7160.67  2.8647750E-01
   7161.00  2.8782423E-01
   7161.33  2.8975794E-01
   7161.67  2.9218356E-01
   7162.00  2.9507415E-01
   7162.33  2.9845253E-01
   7162.67  3.0223354E-01
   7163.00  3.0638813E-01
   7163.33  3.1092200E-01
   7163.67  3.1576205E-01
   7164.00  3.2088600E-01
   7164.33  3.2630278E-01
   7164.67  3.3195611E-01
   7165.00  3.3782258E-01
   7165.33  3.4389709E-01
   7165.67  3.5013006E-01
   7166.00  3.5650005E-01
   7166.33  3.6299783E-01
   7166.67  3.6958670E-01
   7167.00  3.7624735E-01
   7167.33  3.8296436E-01
   7167.67  3.8971089E-01
   7168.00  3.9646992E-01
   7168.33  4.0322167E-01
   7168.67  4.0994812E-01
   7169.00  4.1663275E-01
   7169.33  4.2324838E-01
   7169.67  4.2978151E-01
   7170.00  4.3621085E-01
   7170.33  4.4248807E-01
   7170.67  4.4858460E-01
   7171.00  4.5443992E-01
   7171.33  4.5988711E-01
   7171.67  4.6474524E-01
   7172.00  4.6871669E-01
