    FDMNES
    energy     <xanes>
   7097.00  4.5783614E-03
   7097.33  4.6762824E-03
   7097.67  4.7782788E-03
   7098.00  4.8846117E-03
   7098.33  4.9962002E-03
   7098.67  5.1128329E-03
   7099.00  5.2348628E-03
   7099.33  5.3634791E-03
   7099.67  5.4984627E-03
   7100.00  5.6403045E-03
   7100.33  5.7905836E-03
   7100.67  5.9490908E-03
   7101.00  6.1165303E-03
   7101.33  6.2950672E-03
   7101.67  6.4845401E-03
   7102.00  6.6859991E-03
   7102.33  6.9025284E-03
   7102.67  7.1341006E-03
   7103.00  7.3823558E-03
   7103.33  7.6518992E-03
   7103.67  7.9430349E-03
   7104.00  8.2584740E-03
   7104.33  8.6055112E-03
   7104.67  8.9852585E-03
   7105.00  9.4025307E-03
   7105.33  9.8697907E-03
   7105.67  1.0390205E-02
   7106.00  1.0973160E-02
   7106.33  1.1642200E-02
   7106.67  1.2406205E-02
   7107.00  1.3285946E-02
   7107.33  1.4332579E-02
   7107.67  1.5573418E-02
   7108.00  1.7063665E-02
   7108.33  1.8940146E-02
   7108.67  2.1305792E-02
   7109.00  2.4355891E-02
   7109.33  2.8602574E-02
   7109.67  3.4607025E-02
   7110.00  4.3465852E-02
   7110.33  5.8317344E-02
   7110.67  8.2538029E-02
   7111.00  1.1744089E-01
   7111.33  1.5541065E-01
   7111.67  1.8718061E-01
   7112.00  2.1001352E-01
   7112.33  2.2819595E-01
   7112.67  2.3981858E-01
   7113.00  2.3826062E-01
   7113.33  2.2556801E-01
   7113.67  2.1460697E-01
   7114.00  2.0717210E-01
   7114.33  1.9570296E-01
   7114.67  1.7640747E-01
   7115.00  1.5356403E-01
   7115.33  1.3332273E-01
   7115.67  1.1705109E-01
   7116.00  1.0471819E-01
   7116.33  9.6738842E-02
   7116.67  9.2454591E-02
   7117.00  9.1571486E-02
   7117.33  9.4194478E-02
   7117.67  9.9654804E-02
   7118.00  1.0745731E-01
   7118.33  1.1679121E-01
   7118.67  1.2655733E-01
   7119.00  1.3629194E-01
   7119.33  1.4549853E-01
   7119.67  1.5377787E-01
   7120.00  1.6084682E-01
   7120.33  1.6636243E-01
   7120.67  1.7048875E-01
   7121.00  1.7346463E-01
   7121.33  1.7594005E-01
   7121.67  1.7904268E-01
   7122.00  1.8379965E-01
   7122.33  1.9169047E-01
   7122.67  2.0328263E-01
   7123.00  2.1904408E-01
   7123.33  2.3935417E-01
   7123.67  2.6246452E-01
   7124.00  2.8641120E-01
   7124.33  3.0886982E-01
   7124.67  3.2970440E-01
   7125.00  3.5008993E-01
   7125.33  3.7178928E-01
   7125.67  3.9528577E-01
   7126.00  4.2012418E-01
   7126.33  4.4475528E-01
   7126.67  4.6622293E-01
   7127.00  4.8208255E-01
   7127.33  4.9146977E-01
   7127.67  4.9782109E-01
   7128.00  5.0412525E-01
   7128.33  5.1341007E-01
   7128.67  5.2665198E-01
   7129.00  5.4384733E-01
   7129.33  5.6426323E-01
   7129.67  5.8571683E-01
   7130.00  6.0670868E-01
   7130.33  6.2646392E-01
   7130.67  6.4604856E-01
   7131.00  6.6700756E-01
   7131.33  6.9139097E-01
   7131.67  7.1955231E-01
   7132.00  7.5106318E-01
   7132.33  7.8443158E-01
   7132.67  8.1682140E-01
   7133.00  8.4562078E-01
   7133.33  8.6698043E-01
   7133.67  8.7929461E-01
   7134.00  8.8162632E-01
   7134.33  8.7366336E-01
   7134.67  8.5883076E-01
   7135.00  8.3914314E-01
   7135.33  8.1634944E-01
   7135.67  7.9317868E-01
   7136.00  7.7157331E-01
   7136.33  7.5316207E-01
   7136.67  7.3776377E-01
   7137.00  7.2503386E-01
   7137.33  7.1466511E-01
   7137.67  7.0584363E-01
   7138.00  6.9816296E-01
   7138.33  6.9133191E-01
   7138.67  6.8497067E-01
   7139.00  6.7891071E-01
   7139.33  6.7303488E-01
   7139.67  6.6720362E-01
   7140.00  6.6131185E-01
   7140.33  6.5524518E-01
   7140.67  6.4902492E-01
   7141.00  6.4276231E-01
   7141.33  6.3669816E-01
   7141.67  6.3101172E-01
   7142.00  6.2575900E-01
   7142.33  6.2083535E-01
   7142.67  6.1587444E-01
   7143.00  6.1053826E-01
   7143.33  6.0443668E-01
   7143.67  5.9757252E-01
   7144.00  5.9009125E-01
   7144.33  5.8229325E-01
   7144.67  5.7458524E-01
   7145.00  5.6724478E-01
   7145.33  5.6057080E-01
   7145.67  5.5458932E-01
   7146.00  5.4929148E-01
   7146.33  5.4464844E-01
   7146.67  5.4041572E-01
   7147.00  5.3641655E-01
   7147.33  5.3244800E-01
   7147.67  5.2833218E-01
   7148.00  5.2396356E-01
   7148.33  5.1923902E-01
   7148.67  5.1419169E-01
   7149.00  5.0884639E-01
   7149.33  5.0320962E-01
   7149.67  4.9734760E-01
   7150.00  4.9128000E-01
   7150.33  4.8499241E-01
   7150.67  4.7851097E-01
   7151.00  4.7183735E-01
   7151.33  4.6495693E-01
   7151.67  4.5791117E-01
   7152.00  4.5072415E-01
   7152.33  4.4342034E-01
   7152.67  4.3605774E-01
   7153.00  4.2867847E-01
   7153.33  4.2134365E-01
   7153.67  4.1410838E-01
   7154.00  4.0702631E-01
   7154.33  4.0019011E-01
   7154.67  3.9363944E-01
   7155.00  3.8743133E-01
   7155.33  3.8167897E-01
   7155.67  3.7638638E-01
   7156.00  3.7159101E-01
   7156.33  3.6738721E-01
   7156.67  3.6371806E-01
   7157.00  3.6057270E-01
   7157.33  3.5797640E-01
   7157.67  3.5581017E-01
   7158.00  3.5401221E-01
   7158.33  3.5254336E-01
   7158.67  3.5129979E-01
   7159.00  3.5024119E-01
   7159.33  3.4937342E-01
   7159.67  3.4869766E-01
   7160.00  3.4825961E-01
   7160.33  3.4817615E-01
   7160.67  3.4850170E-01
   7161.00  3.4931732E-01
   7161.33  3.5076760E-01
   7161.67  3.5281927E-01
   7162.00  3.5547156E-01
   7162.33  3.5876194E-01
   7162.67  3.6255573E-01
   7163.00  3.6677908E-01
   7163.33  3.7137543E-01
   7163.67  3.7620279E-01
   7164.00  3.8117883E-01
   7164.33  3.8622491E-01
   7164.67  3.9125980E-01
   7165.00  3.9623132E-01
   7165.33  4.0107700E-01
   7165.67  4.0577482E-01
   7166.00  4.1030361E-01
   7166.33  4.1462715E-01
   7166.67  4.1876562E-01
   7167.00  4.2272387E-01
   7167.33  4.2649456E-01
   7167.67  4.3011916E-01
   7168.00  4.3361870E-01
   7168.33  4.3700635E-01
   7168.67  4.4031995E-01
   7169.00  4.4357980E-01
   7169.33  4.4680137E-01
   7169.67  4.5000094E-01
   7170.00  4.5317986E-01
   7170.33  4.5632295E-01
   7170.67  4.5940623E-01
   7171.00  4.6238916E-01
   7171.33  4.6517436E-01
   7171.67  4.6765808E-01
   7172.00  4.6968639E-01
