    FDMNES
    energy     <xanes>
   7097.00  4.8358776E-03
   7097.33  4.9414951E-03
   7097.67  5.0514476E-03
   7098.00  5.1659995E-03
   7098.33  5.2861052E-03
   7098.67  5.4115198E-03
   7099.00  5.5425934E-03
   7099.33  5.6805395E-03
   7099.67  5.8250944E-03
   7100.00  5.9767325E-03
   7100.33  6.1370301E-03
   7100.67  6.3057142E-03
   7101.00  6.4834440E-03
   7101.33  6.6723204E-03
   7101.67  6.8720828E-03
   7102.00  7.0836772E-03
   7102.33  7.3099899E-03
   7102.67  7.5508232E-03
   7103.00  7.8075856E-03
   7103.33  8.0843931E-03
   7103.67  8.3812243E-03
   7104.00  8.7002740E-03
   7104.33  9.0476897E-03
   7104.67  9.4238879E-03
   7105.00  9.8324915E-03
   7105.33  1.0283239E-02
   7105.67  1.0777628E-02
   7106.00  1.1322100E-02
   7106.33  1.1933335E-02
   7106.67  1.2615644E-02
   7107.00  1.3381706E-02
   7107.33  1.4263386E-02
   7107.67  1.5273197E-02
   7108.00  1.6440094E-02
   7108.33  1.7835916E-02
   7108.67  1.9502496E-02
   7109.00  2.1524022E-02
   7109.33  2.4115437E-02
   7109.67  2.7469123E-02
   7110.00  3.1960872E-02
   7110.33  3.8624218E-02
   7110.67  4.8461581E-02
   7111.00  6.2046695E-02
   7111.33  7.8942591E-02
   7111.67  1.0032103E-01
   7112.00  1.3162415E-01
   7112.33  1.6799887E-01
   7112.67  1.9250441E-01
   7113.00  2.1635756E-01
   7113.33  2.6795135E-01
   7113.67  3.2285315E-01
   7114.00  3.4127237E-01
   7114.33  3.4134877E-01
   7114.67  3.4435658E-01
   7115.00  3.2412793E-01
   7115.33  2.8553438E-01
   7115.67  2.6307172E-01
   7116.00  2.6716257E-01
   7116.33  2.9691864E-01
   7116.67  3.2563722E-01
   7117.00  3.2318071E-01
   7117.33  2.8390573E-01
   7117.67  2.4007336E-01
   7118.00  2.0564613E-01
   7118.33  1.8412999E-01
   7118.67  1.7185616E-01
   7119.00  1.6683171E-01
   7119.33  1.6750263E-01
   7119.67  1.7071144E-01
   7120.00  1.7401348E-01
   7120.33  1.7546796E-01
   7120.67  1.7562169E-01
   7121.00  1.7563209E-01
   7121.33  1.7709713E-01
   7121.67  1.8115545E-01
   7122.00  1.8882820E-01
   7122.33  2.0167291E-01
   7122.67  2.1940111E-01
   7123.00  2.4128220E-01
   7123.33  2.6526413E-01
   7123.67  2.8764442E-01
   7124.00  3.0555373E-01
   7124.33  3.1661252E-01
   7124.67  3.2238621E-01
   7125.00  3.2487587E-01
   7125.33  3.2661543E-01
   7125.67  3.2980794E-01
   7126.00  3.3573342E-01
   7126.33  3.4589873E-01
   7126.67  3.6054920E-01
   7127.00  3.8003523E-01
   7127.33  4.0483988E-01
   7127.67  4.3375820E-01
   7128.00  4.6636689E-01
   7128.33  5.0318482E-01
   7128.67  5.4344814E-01
   7129.00  5.8550894E-01
   7129.33  6.2540252E-01
   7129.67  6.5958713E-01
   7130.00  6.8666988E-01
   7130.33  7.0652019E-01
   7130.67  7.2142560E-01
   7131.00  7.3266227E-01
   7131.33  7.4156121E-01
   7131.67  7.4987662E-01
   7132.00  7.5840292E-01
   7132.33  7.6750472E-01
   7132.67  7.7709687E-01
   7133.00  7.8707912E-01
   7133.33  7.9724957E-01
   7133.67  8.0711424E-01
   7134.00  8.1594511E-01
   7134.33  8.2215319E-01
   7134.67  8.2435270E-01
   7135.00  8.2106122E-01
   7135.33  8.1015248E-01
   7135.67  7.9213440E-01
   7136.00  7.6757144E-01
   7136.33  7.3726512E-01
   7136.67  7.0380483E-01
   7137.00  6.6898259E-01
   7137.33  6.3475483E-01
   7137.67  6.0255277E-01
   7138.00  5.7332431E-01
   7138.33  5.4822637E-01
   7138.67  5.2711625E-01
   7139.00  5.1006987E-01
   7139.33  4.9746223E-01
   7139.67  4.8845035E-01
   7140.00  4.8259174E-01
   7140.33  4.7962305E-01
   7140.67  4.7866381E-01
   7141.00  4.7930349E-01
   7141.33  4.8130945E-01
   7141.67  4.8422829E-01
   7142.00  4.8784335E-01
   7142.33  4.9198120E-01
   7142.67  4.9635573E-01
   7143.00  5.0076840E-01
   7143.33  5.0496668E-01
   7143.67  5.0876462E-01
   7144.00  5.1201331E-01
   7144.33  5.1450867E-01
   7144.67  5.1628317E-01
   7145.00  5.1735200E-01
   7145.33  5.1772070E-01
   7145.67  5.1760984E-01
   7146.00  5.1717703E-01
   7146.33  5.1661522E-01
   7146.67  5.1615275E-01
   7147.00  5.1596507E-01
   7147.33  5.1629157E-01
   7147.67  5.1722394E-01
   7148.00  5.1885855E-01
   7148.33  5.2136627E-01
   7148.67  5.2468345E-01
   7149.00  5.2880867E-01
   7149.33  5.3380658E-01
   7149.67  5.3951793E-01
   7150.00  5.4586559E-01
   7150.33  5.5280061E-01
   7150.67  5.6011852E-01
   7151.00  5.6768102E-01
   7151.33  5.7532810E-01
   7151.67  5.8287515E-01
   7152.00  5.9016805E-01
   7152.33  5.9697877E-01
   7152.67  6.0320252E-01
   7153.00  6.0872162E-01
   7153.33  6.1332832E-01
   7153.67  6.1705927E-01
   7154.00  6.1989546E-01
   7154.33  6.2174733E-01
   7154.67  6.2278334E-01
   7155.00  6.2307862E-01
   7155.33  6.2266004E-01
   7155.67  6.2172210E-01
   7156.00  6.2036290E-01
   7156.33  6.1865025E-01
   7156.67  6.1671882E-01
   7157.00  6.1463910E-01
   7157.33  6.1246878E-01
   7157.67  6.1027001E-01
   7158.00  6.0807590E-01
   7158.33  6.0591703E-01
   7158.67  6.0380533E-01
   7159.00  6.0174719E-01
   7159.33  5.9974938E-01
   7159.67  5.9779862E-01
   7160.00  5.9588527E-01
   7160.33  5.9399732E-01
   7160.67  5.9211439E-01
   7161.00  5.9022016E-01
   7161.33  5.8829075E-01
   7161.67  5.8630823E-01
   7162.00  5.8425256E-01
   7162.33  5.8208823E-01
   7162.67  5.7980407E-01
   7163.00  5.7738051E-01
   7163.33  5.7477516E-01
   7163.67  5.7198510E-01
   7164.00  5.6898961E-01
   7164.33  5.6573583E-01
   7164.67  5.6222828E-01
   7165.00  5.5844649E-01
   7165.33  5.5433596E-01
   7165.67  5.4992716E-01
   7166.00  5.4521455E-01
   7166.33  5.4014797E-01
   7166.67  5.3476065E-01
   7167.00  5.2905440E-01
   7167.33  5.2300053E-01
   7167.67  5.1665562E-01
   7168.00  5.1004215E-01
   7168.33  5.0316605E-01
   7168.67  4.9610152E-01
   7169.00  4.8889404E-01
   7169.33  4.8159200E-01
   7169.67  4.7427206E-01
   7170.00  4.6699760E-01
   7170.33  4.5986738E-01
   7170.67  4.5296224E-01
   7171.00  4.4638378E-01
   7171.33  4.4035343E-01
   7171.67  4.3505572E-01
   7172.00  4.3077817E-01
