    FDMNES
    energy     <xanes>
   7097.00  3.7741272E-03
   7097.33  3.8469370E-03
   7097.67  3.9225045E-03
   7098.00  4.0010011E-03
   7098.33  4.0830407E-03
   7098.67  4.1684751E-03
   7099.00  4.2575380E-03
   7099.33  4.3510244E-03
   7099.67  4.4487850E-03
   7100.00  4.5511487E-03
   7100.33  4.6591780E-03
   7100.67  4.7727374E-03
   7101.00  4.8923085E-03
   7101.33  5.0193649E-03
   7101.67  5.1538198E-03
   7102.00  5.2964100E-03
   7102.33  5.4492764E-03
   7102.67  5.6124581E-03
   7103.00  5.7871453E-03
   7103.33  5.9766284E-03
   7103.67  6.1812552E-03
   7104.00  6.4030787E-03
   7104.33  6.6475245E-03
   7104.67  6.9157038E-03
   7105.00  7.2114609E-03
   7105.33  7.5445751E-03
   7105.67  7.9181635E-03
   7106.00  8.3402253E-03
   7106.33  8.8305569E-03
   7106.67  9.3981366E-03
   7107.00  1.0062133E-02
   7107.33  1.0869488E-02
   7107.67  1.1849385E-02
   7108.00  1.3057951E-02
   7108.33  1.4635187E-02
   7108.67  1.6700380E-02
   7109.00  1.9476675E-02
   7109.33  2.3561714E-02
   7109.67  2.9676201E-02
   7110.00  3.9239764E-02
   7110.33  5.6354701E-02
   7110.67  8.5071054E-02
   7111.00  1.2451443E-01
   7111.33  1.6011660E-01
   7111.67  1.7841848E-01
   7112.00  1.6432403E-01
   7112.33  1.2766782E-01
   7112.67  9.6287963E-02
   7113.00  7.3890640E-02
   7113.33  5.9179766E-02
   7113.67  4.9607812E-02
   7114.00  4.4412444E-02
   7114.33  4.3238822E-02
   7114.67  4.3176129E-02
   7115.00  4.1366145E-02
   7115.33  3.7383553E-02
   7115.67  3.4062092E-02
   7116.00  3.2104921E-02
   7116.33  3.1010510E-02
   7116.67  3.0342682E-02
   7117.00  3.0052675E-02
   7117.33  3.0089322E-02
   7117.67  3.0295978E-02
   7118.00  3.0654433E-02
   7118.33  3.1268605E-02
   7118.67  3.2176979E-02
   7119.00  3.3408858E-02
   7119.33  3.5051597E-02
   7119.67  3.7130618E-02
   7120.00  3.9725481E-02
   7120.33  4.3013413E-02
   7120.67  4.7019659E-02
   7121.00  5.1835464E-02
   7121.33  5.7695465E-02
   7121.67  6.4638218E-02
   7122.00  7.2840419E-02
   7122.33  8.2706232E-02
   7122.67  9.4265564E-02
   7123.00  1.0779816E-01
   7123.33  1.2410757E-01
   7123.67  1.4325113E-01
   7124.00  1.6501882E-01
   7124.33  1.8813606E-01
   7124.67  2.1083332E-01
   7125.00  2.3411695E-01
   7125.33  2.6141496E-01
   7125.67  2.9320722E-01
   7126.00  3.2805357E-01
   7126.33  3.6255961E-01
   7126.67  3.9258977E-01
   7127.00  4.1617892E-01
   7127.33  4.3508174E-01
   7127.67  4.5556403E-01
   7128.00  4.8232983E-01
   7128.33  5.1846495E-01
   7128.67  5.5951140E-01
   7129.00  5.9905245E-01
   7129.33  6.2899096E-01
   7129.67  6.4799829E-01
   7130.00  6.5802515E-01
   7130.33  6.6375378E-01
   7130.67  6.7176288E-01
   7131.00  6.8603505E-01
   7131.33  7.0886651E-01
   7131.67  7.3721559E-01
   7132.00  7.6811493E-01
   7132.33  7.9891018E-01
   7132.67  8.2839074E-01
   7133.00  8.5584149E-01
   7133.33  8.7941593E-01
   7133.67  8.9766646E-01
   7134.00  9.0956042E-01
   7134.33  9.1511827E-01
   7134.67  9.1784121E-01
   7135.00  9.2057889E-01
   7135.33  9.2549789E-01
   7135.67  9.3181347E-01
   7136.00  9.3735939E-01
   7136.33  9.3834995E-01
   7136.67  9.3274436E-01
   7137.00  9.1981427E-01
   7137.33  8.9966954E-01
   7137.67  8.7515442E-01
   7138.00  8.4819330E-01
   7138.33  8.2058730E-01
   7138.67  7.9369951E-01
   7139.00  7.6820787E-01
   7139.33  7.4475594E-01
   7139.67  7.2326987E-01
   7140.00  7.0375492E-01
   7140.33  6.8637157E-01
   7140.67  6.7075932E-01
   7141.00  6.5679428E-01
   7141.33  6.4450942E-01
   7141.67  6.3356447E-01
   7142.00  6.2383475E-01
   7142.33  6.1532417E-01
   7142.67  6.0778615E-01
   7143.00  6.0114737E-01
   7143.33  5.9547070E-01
   7143.67  5.9063842E-01
   7144.00  5.8663563E-01
   7144.33  5.8354465E-01
   7144.67  5.8124695E-01
   7145.00  5.7972284E-01
   7145.33  5.7903124E-01
   7145.67  5.7903742E-01
   7146.00  5.7970471E-01
   7146.33  5.8107579E-01
   7146.67  5.8304603E-01
   7147.00  5.8559353E-01
   7147.33  5.8874239E-01
   7147.67  5.9233608E-01
   7148.00  5.9623460E-01
   7148.33  6.0019607E-01
   7148.67  6.0388590E-01
   7149.00  6.0698617E-01
   7149.33  6.0902149E-01
   7149.67  6.0983229E-01
   7150.00  6.0927868E-01
   7150.33  6.0714012E-01
   7150.67  6.0364825E-01
   7151.00  5.9889823E-01
   7151.33  5.9287845E-01
   7151.67  5.8586278E-01
   7152.00  5.7796001E-01
   7152.33  5.6918273E-01
   7152.67  5.5970521E-01
   7153.00  5.4957514E-01
   7153.33  5.3876502E-01
   7153.67  5.2739939E-01
   7154.00  5.1552142E-01
   7154.33  5.0312355E-01
   7154.67  4.9031970E-01
   7155.00  4.7716579E-01
   7155.33  4.6370269E-01
   7155.67  4.5005244E-01
   7156.00  4.3629923E-01
   7156.33  4.2254718E-01
   7156.67  4.0890395E-01
   7157.00  3.9546297E-01
   7157.33  3.8236870E-01
   7157.67  3.6968492E-01
   7158.00  3.5749827E-01
   7158.33  3.4598330E-01
   7158.67  3.3516377E-01
   7159.00  3.2512063E-01
   7159.33  3.1604654E-01
   7159.67  3.0790424E-01
   7160.00  3.0073896E-01
   7160.33  2.9470717E-01
   7160.67  2.8968743E-01
   7161.00  2.8566130E-01
   7161.33  2.8269484E-01
   7161.67  2.8059265E-01
   7162.00  2.7927861E-01
   7162.33  2.7874445E-01
   7162.67  2.7880929E-01
   7163.00  2.7939941E-01
   7163.33  2.8049569E-01
   7163.67  2.8197635E-01
   7164.00  2.8379221E-01
   7164.33  2.8592786E-01
   7164.67  2.8830098E-01
   7165.00  2.9087229E-01
   7165.33  2.9361508E-01
   7165.67  2.9646562E-01
   7166.00  2.9938711E-01
   7166.33  3.0234346E-01
   7166.67  3.0529515E-01
   7167.00  3.0821659E-01
   7167.33  3.1108029E-01
   7167.67  3.1388347E-01
   7168.00  3.1662960E-01
   7168.33  3.1933169E-01
   7168.67  3.2202509E-01
   7169.00  3.2474284E-01
   7169.33  3.2753441E-01
   7169.67  3.3042838E-01
   7170.00  3.3344689E-01
   7170.33  3.3661583E-01
   7170.67  3.3990247E-01
   7171.00  3.4326427E-01
   7171.33  3.4659259E-01
   7171.67  3.4968486E-01
   7172.00  3.5226624E-01
