    FDMNES
    energy     <xanes>
   7097.00  4.6021861E-03
   7097.33  4.7060353E-03
   7097.67  4.8144915E-03
   7098.00  4.9278688E-03
   7098.33  5.0472379E-03
   7098.67  5.1723856E-03
   7099.00  5.3037431E-03
   7099.33  5.4427186E-03
   7099.67  5.5890993E-03
   7100.00  5.7434955E-03
   7100.33  5.9078122E-03
   7100.67  6.0818643E-03
   7101.00  6.2665450E-03
   7101.33  6.4645223E-03
   7101.67  6.6756983E-03
   7102.00  6.9014357E-03
   7102.33  7.1456294E-03
   7102.67  7.4084035E-03
   7103.00  7.6919435E-03
   7103.33  8.0022360E-03
   7103.67  8.3399405E-03
   7104.00  8.7087866E-03
   7104.33  9.1185927E-03
   7104.67  9.5713320E-03
   7105.00  1.0073892E-02
   7105.33  1.0643786E-02
   7105.67  1.1286420E-02
   7106.00  1.2015904E-02
   7106.33  1.2867209E-02
   7106.67  1.3855736E-02
   7107.00  1.5014835E-02
   7107.33  1.6426332E-02
   7107.67  1.8140220E-02
   7108.00  2.0253517E-02
   7108.33  2.3008924E-02
   7108.67  2.6613389E-02
   7109.00  3.1456761E-02
   7109.33  3.8591395E-02
   7109.67  4.9310759E-02
   7110.00  6.6180506E-02
   7110.33  9.6558053E-02
   7110.67  1.4635447E-01
   7111.00  2.0671749E-01
   7111.33  2.3904474E-01
   7111.67  2.5120957E-01
   7112.00  2.5139809E-01
   7112.33  2.2543787E-01
   7112.67  1.9059711E-01
   7113.00  1.6422335E-01
   7113.33  1.5377179E-01
   7113.67  1.5787555E-01
   7114.00  1.7836369E-01
   7114.33  2.1937062E-01
   7114.67  2.6410487E-01
   7115.00  2.7453499E-01
   7115.33  2.2967664E-01
   7115.67  1.7917927E-01
   7116.00  1.4483694E-01
   7116.33  1.2774640E-01
   7116.67  1.1976817E-01
   7117.00  1.1701906E-01
   7117.33  1.1723525E-01
   7117.67  1.1922039E-01
   7118.00  1.2300981E-01
   7118.33  1.2763643E-01
   7118.67  1.3030444E-01
   7119.00  1.3025094E-01
   7119.33  1.2911198E-01
   7119.67  1.2909413E-01
   7120.00  1.3077094E-01
   7120.33  1.3251972E-01
   7120.67  1.3232429E-01
   7121.00  1.3032698E-01
   7121.33  1.2864601E-01
   7121.67  1.2939345E-01
   7122.00  1.3361304E-01
   7122.33  1.4180896E-01
   7122.67  1.5220119E-01
   7123.00  1.6284618E-01
   7123.33  1.7286891E-01
   7123.67  1.8470921E-01
   7124.00  2.0117529E-01
   7124.33  2.2500584E-01
   7124.67  2.5582654E-01
   7125.00  2.9315600E-01
   7125.33  3.3567987E-01
   7125.67  3.7897679E-01
   7126.00  4.1823995E-01
   7126.33  4.4629417E-01
   7126.67  4.6177062E-01
   7127.00  4.6705605E-01
   7127.33  4.6747686E-01
   7127.67  4.6916194E-01
   7128.00  4.7533029E-01
   7128.33  4.8855070E-01
   7128.67  5.0821769E-01
   7129.00  5.3360583E-01
   7129.33  5.6338217E-01
   7129.67  5.9424575E-01
   7130.00  6.2366502E-01
   7130.33  6.4928495E-01
   7130.67  6.7095994E-01
   7131.00  6.8894313E-01
   7131.33  7.0344950E-01
   7131.67  7.1519604E-01
   7132.00  7.2410164E-01
   7132.33  7.2978261E-01
   7132.67  7.3325095E-01
   7133.00  7.3572606E-01
   7133.33  7.3922773E-01
   7133.67  7.4554122E-01
   7134.00  7.5552668E-01
   7134.33  7.6860353E-01
   7134.67  7.8160499E-01
   7135.00  7.9174931E-01
   7135.33  7.9604684E-01
   7135.67  7.9411000E-01
   7136.00  7.8583225E-01
   7136.33  7.7086844E-01
   7136.67  7.5074290E-01
   7137.00  7.2641055E-01
   7137.33  6.9891192E-01
   7137.67  6.7012231E-01
   7138.00  6.4127608E-01
   7138.33  6.1369359E-01
   7138.67  5.8805960E-01
   7139.00  5.6481104E-01
   7139.33  5.4455601E-01
   7139.67  5.2711300E-01
   7140.00  5.1261469E-01
   7140.33  5.0169078E-01
   7140.67  4.9424533E-01
   7141.00  4.9050808E-01
   7141.33  4.9104220E-01
   7141.67  4.9516139E-01
   7142.00  5.0244042E-01
   7142.33  5.1251163E-01
   7142.67  5.2432863E-01
   7143.00  5.3728615E-01
   7143.33  5.5079441E-01
   7143.67  5.6418000E-01
   7144.00  5.7691687E-01
   7144.33  5.8822775E-01
   7144.67  5.9769757E-01
   7145.00  6.0494517E-01
   7145.33  6.0945436E-01
   7145.67  6.1163133E-01
   7146.00  6.1180631E-01
   7146.33  6.1037486E-01
   7146.67  6.0813047E-01
   7147.00  6.0552624E-01
   7147.33  6.0293018E-01
   7147.67  6.0050274E-01
   7148.00  5.9822652E-01
   7148.33  5.9593927E-01
   7148.67  5.9339678E-01
   7149.00  5.9038165E-01
   7149.33  5.8659279E-01
   7149.67  5.8198200E-01
   7150.00  5.7652036E-01
   7150.33  5.7017192E-01
   7150.67  5.6318538E-01
   7151.00  5.5574285E-01
   7151.33  5.4806794E-01
   7151.67  5.4044123E-01
   7152.00  5.3306448E-01
   7152.33  5.2621972E-01
   7152.67  5.2006446E-01
   7153.00  5.1477364E-01
   7153.33  5.1065491E-01
   7153.67  5.0770995E-01
   7154.00  5.0600249E-01
   7154.33  5.0569322E-01
   7154.67  5.0655461E-01
   7155.00  5.0846775E-01
   7155.33  5.1135099E-01
   7155.67  5.1487571E-01
   7156.00  5.1884689E-01
   7156.33  5.2308056E-01
   7156.67  5.2736462E-01
   7157.00  5.3157255E-01
   7157.33  5.3556960E-01
   7157.67  5.3930079E-01
   7158.00  5.4271593E-01
   7158.33  5.4571560E-01
   7158.67  5.4828732E-01
   7159.00  5.5036950E-01
   7159.33  5.5179664E-01
   7159.67  5.5252900E-01
   7160.00  5.5246877E-01
   7160.33  5.5141602E-01
   7160.67  5.4942861E-01
   7161.00  5.4650205E-01
   7161.33  5.4257520E-01
   7161.67  5.3785746E-01
   7162.00  5.3245503E-01
   7162.33  5.2642828E-01
   7162.67  5.1997075E-01
   7163.00  5.1318016E-01
   7163.33  5.0613102E-01
   7163.67  4.9894569E-01
   7164.00  4.9169787E-01
   7164.33  4.8446762E-01
   7164.67  4.7732220E-01
   7165.00  4.7031487E-01
   7165.33  4.6352590E-01
   7165.67  4.5698057E-01
   7166.00  4.5071677E-01
   7166.33  4.4481428E-01
   7166.67  4.3926721E-01
   7167.00  4.3409974E-01
   7167.33  4.2938539E-01
   7167.67  4.2508845E-01
   7168.00  4.2121057E-01
   7168.33  4.1780104E-01
   7168.67  4.1480237E-01
   7169.00  4.1220759E-01
   7169.33  4.1005570E-01
   7169.67  4.0828499E-01
   7170.00  4.0688222E-01
   7170.33  4.0587097E-01
   7170.67  4.0518073E-01
   7171.00  4.0477877E-01
   7171.33  4.0463785E-01
   7171.67  4.0464294E-01
   7172.00  4.0469197E-01
