    FDMNES
    energy     <xanes>
   7097.00  4.4676088E-03
   7097.33  4.5665191E-03
   7097.67  4.6697907E-03
   7098.00  4.7777201E-03
   7098.33  4.8913193E-03
   7098.67  5.0103848E-03
   7099.00  5.1353229E-03
   7099.33  5.2674619E-03
   7099.67  5.4065973E-03
   7100.00  5.5533015E-03
   7100.33  5.7093669E-03
   7100.67  5.8746112E-03
   7101.00  6.0498681E-03
   7101.33  6.2376365E-03
   7101.67  6.4378077E-03
   7102.00  6.6516438E-03
   7102.33  6.8827683E-03
   7102.67  7.1312605E-03
   7103.00  7.3991218E-03
   7103.33  7.6918644E-03
   7103.67  8.0100157E-03
   7104.00  8.3569361E-03
   7104.33  8.7415240E-03
   7104.67  9.1653837E-03
   7105.00  9.6345740E-03
   7105.33  1.0164589E-02
   7105.67  1.0759755E-02
   7106.00  1.1432053E-02
   7106.33  1.2211292E-02
   7106.67  1.3109349E-02
   7107.00  1.4153080E-02
   7107.33  1.5408313E-02
   7107.67  1.6911268E-02
   7108.00  1.8734042E-02
   7108.33  2.1054923E-02
   7108.67  2.4009890E-02
   7109.00  2.7855469E-02
   7109.33  3.3263850E-02
   7109.67  4.0974481E-02
   7110.00  5.2429393E-02
   7110.33  7.1738698E-02
   7110.67  1.0317573E-01
   7111.00  1.4785254E-01
   7111.33  1.9505575E-01
   7111.67  2.3693438E-01
   7112.00  2.8236251E-01
   7112.33  3.3903066E-01
   7112.67  3.6891301E-01
   7113.00  3.3475201E-01
   7113.33  2.6255609E-01
   7113.67  2.0244383E-01
   7114.00  1.6298862E-01
   7114.33  1.3905971E-01
   7114.67  1.2147018E-01
   7115.00  1.0674050E-01
   7115.33  9.3731624E-02
   7115.67  8.3781382E-02
   7116.00  7.7416049E-02
   7116.33  7.4317701E-02
   7116.67  7.3434190E-02
   7117.00  7.4476199E-02
   7117.33  7.7632449E-02
   7117.67  8.2795475E-02
   7118.00  9.0004026E-02
   7118.33  9.8940958E-02
   7118.67  1.0771914E-01
   7119.00  1.1425889E-01
   7119.33  1.1753717E-01
   7119.67  1.1979732E-01
   7120.00  1.2300336E-01
   7120.33  1.2839164E-01
   7120.67  1.3492337E-01
   7121.00  1.4174323E-01
   7121.33  1.4964513E-01
   7121.67  1.5982793E-01
   7122.00  1.7276505E-01
   7122.33  1.8883342E-01
   7122.67  2.0784232E-01
   7123.00  2.3029409E-01
   7123.33  2.5747640E-01
   7123.67  2.8922567E-01
   7124.00  3.2508963E-01
   7124.33  3.6362622E-01
   7124.67  4.0156747E-01
   7125.00  4.3580719E-01
   7125.33  4.6198942E-01
   7125.67  4.7875427E-01
   7126.00  4.8587195E-01
   7126.33  4.8382872E-01
   7126.67  4.7586144E-01
   7127.00  4.6388387E-01
   7127.33  4.4992951E-01
   7127.67  4.3639259E-01
   7128.00  4.2483205E-01
   7128.33  4.1683652E-01
   7128.67  4.1240098E-01
   7129.00  4.1123420E-01
   7129.33  4.1272483E-01
   7129.67  4.1537684E-01
   7130.00  4.1820418E-01
   7130.33  4.2026403E-01
   7130.67  4.2116254E-01
   7131.00  4.2071925E-01
   7131.33  4.1870863E-01
   7131.67  4.1542682E-01
   7132.00  4.1117435E-01
   7132.33  4.0647897E-01
   7132.67  4.0208036E-01
   7133.00  3.9852678E-01
   7133.33  3.9646615E-01
   7133.67  3.9603796E-01
   7134.00  3.9740080E-01
   7134.33  4.0089919E-01
   7134.67  4.0633499E-01
   7135.00  4.1368496E-01
   7135.33  4.2308148E-01
   7135.67  4.3415138E-01
   7136.00  4.4674701E-01
   7136.33  4.6084941E-01
   7136.67  4.7610092E-01
   7137.00  4.9234807E-01
   7137.33  5.0955093E-01
   7137.67  5.2750883E-01
   7138.00  5.4618386E-01
   7138.33  5.6565139E-01
   7138.67  5.8579678E-01
   7139.00  6.0653520E-01
   7139.33  6.2769141E-01
   7139.67  6.4883077E-01
   7140.00  6.6948109E-01
   7140.33  6.8883674E-01
   7140.67  7.0636349E-01
   7141.00  7.2156735E-01
   7141.33  7.3375601E-01
   7141.67  7.4321811E-01
   7142.00  7.5017022E-01
   7142.33  7.5484671E-01
   7142.67  7.5811600E-01
   7143.00  7.6049971E-01
   7143.33  7.6244788E-01
   7143.67  7.6433646E-01
   7144.00  7.6630648E-01
   7144.33  7.6840527E-01
   7144.67  7.7055845E-01
   7145.00  7.7267638E-01
   7145.33  7.7462478E-01
   7145.67  7.7631816E-01
   7146.00  7.7768367E-01
   7146.33  7.7860916E-01
   7146.67  7.7910399E-01
   7147.00  7.7915195E-01
   7147.33  7.7869502E-01
   7147.67  7.7779958E-01
   7148.00  7.7647871E-01
   7148.33  7.7470005E-01
   7148.67  7.7253697E-01
   7149.00  7.7000986E-01
   7149.33  7.6709918E-01
   7149.67  7.6386972E-01
   7150.00  7.6034036E-01
   7150.33  7.5649812E-01
   7150.67  7.5239861E-01
   7151.00  7.4805803E-01
   7151.33  7.4346304E-01
   7151.67  7.3865061E-01
   7152.00  7.3362273E-01
   7152.33  7.2834957E-01
   7152.67  7.2284991E-01
   7153.00  7.1711004E-01
   7153.33  7.1107349E-01
   7153.67  7.0474488E-01
   7154.00  6.9809905E-01
   7154.33  6.9106623E-01
   7154.67  6.8367278E-01
   7155.00  6.7591797E-01
   7155.33  6.6777713E-01
   7155.67  6.5933326E-01
   7156.00  6.5063651E-01
   7156.33  6.4173596E-01
   7156.67  6.3273441E-01
   7157.00  6.2370150E-01
   7157.33  6.1471688E-01
   7157.67  6.0583587E-01
   7158.00  5.9709629E-01
   7158.33  5.8854441E-01
   7158.67  5.8016610E-01
   7159.00  5.7195427E-01
   7159.33  5.6390712E-01
   7159.67  5.5598210E-01
   7160.00  5.4815836E-01
   7160.33  5.4041792E-01
   7160.67  5.3273136E-01
   7161.00  5.2509154E-01
   7161.33  5.1750737E-01
   7161.67  5.0998614E-01
   7162.00  5.0254755E-01
   7162.33  4.9523694E-01
   7162.67  4.8808182E-01
   7163.00  4.8111776E-01
   7163.33  4.7440501E-01
   7163.67  4.6794142E-01
   7164.00  4.6174437E-01
   7164.33  4.5586220E-01
   7164.67  4.5026628E-01
   7165.00  4.4495777E-01
   7165.33  4.3997069E-01
   7165.67  4.3526658E-01
   7166.00  4.3084357E-01
   7166.33  4.2673570E-01
   7166.67  4.2290938E-01
   7167.00  4.1936842E-01
   7167.33  4.1615663E-01
   7167.67  4.1324738E-01
   7168.00  4.1065090E-01
   7168.33  4.0842052E-01
   7168.67  4.0652804E-01
   7169.00  4.0498301E-01
   7169.33  4.0383775E-01
   7169.67  4.0305102E-01
   7170.00  4.0262073E-01
   7170.33  4.0257957E-01
   7170.67  4.0286111E-01
   7171.00  4.0342996E-01
   7171.33  4.0423976E-01
   7171.67  4.0512945E-01
   7172.00  4.0592075E-01
