    FDMNES
    energy     <xanes>
   7097.00  4.9049727E-03
   7097.33  5.0146000E-03
   7097.67  5.1289195E-03
   7098.00  5.2482339E-03
   7098.33  5.3736053E-03
   7098.67  5.5047922E-03
   7099.00  5.6422038E-03
   7099.33  5.7872134E-03
   7099.67  5.9395700E-03
   7100.00  6.0998405E-03
   7100.33  6.2698474E-03
   7100.67  6.4493481E-03
   7101.00  6.6391534E-03
   7101.33  6.8417568E-03
   7101.67  7.0569659E-03
   7102.00  7.2859842E-03
   7102.33  7.5323515E-03
   7102.67  7.7960199E-03
   7103.00  8.0788574E-03
   7103.33  8.3861239E-03
   7103.67  8.7181309E-03
   7104.00  9.0779442E-03
   7104.33  9.4738394E-03
   7104.67  9.9070055E-03
   7105.00  1.0382840E-02
   7105.33  1.0915361E-02
   7105.67  1.1507983E-02
   7106.00  1.2171122E-02
   7106.33  1.2930986E-02
   7106.67  1.3797145E-02
   7107.00  1.4792392E-02
   7107.33  1.5972970E-02
   7107.67  1.7368192E-02
   7108.00  1.9037893E-02
   7108.33  2.1130402E-02
   7108.67  2.3755402E-02
   7109.00  2.7121746E-02
   7109.33  3.1776143E-02
   7109.67  3.8310651E-02
   7110.00  4.7882419E-02
   7110.33  6.3810300E-02
   7110.67  8.9794268E-02
   7111.00  1.2778163E-01
   7111.33  1.7031137E-01
   7111.67  2.0516849E-01
   7112.00  2.2372293E-01
   7112.33  2.3248429E-01
   7112.67  2.5637184E-01
   7113.00  2.8130862E-01
   7113.33  2.6744025E-01
   7113.67  2.6035032E-01
   7114.00  2.7484084E-01
   7114.33  2.7788986E-01
   7114.67  2.5508833E-01
   7115.00  2.1105335E-01
   7115.33  1.6645219E-01
   7115.67  1.4305084E-01
   7116.00  1.4105468E-01
   7116.33  1.5615364E-01
   7116.67  1.7289900E-01
   7117.00  1.7541110E-01
   7117.33  1.6044621E-01
   7117.67  1.4422135E-01
   7118.00  1.3419078E-01
   7118.33  1.3265454E-01
   7118.67  1.3747275E-01
   7119.00  1.4732978E-01
   7119.33  1.6019476E-01
   7119.67  1.7511022E-01
   7120.00  1.9460669E-01
   7120.33  2.2182342E-01
   7120.67  2.5524879E-01
   7121.00  2.9128322E-01
   7121.33  3.2111381E-01
   7121.67  3.3709761E-01
   7122.00  3.3734103E-01
   7122.33  3.2560340E-01
   7122.67  3.1101609E-01
   7123.00  2.9891445E-01
   7123.33  2.9340810E-01
   7123.67  2.9452714E-01
   7124.00  3.0162002E-01
   7124.33  3.1403582E-01
   7124.67  3.3000673E-01
   7125.00  3.4867449E-01
   7125.33  3.6909555E-01
   7125.67  3.8987737E-01
   7126.00  4.1067513E-01
   7126.33  4.3140887E-01
   7126.67  4.5094624E-01
   7127.00  4.6779000E-01
   7127.33  4.8094231E-01
   7127.67  4.9227136E-01
   7128.00  5.0375998E-01
   7128.33  5.1709916E-01
   7128.67  5.3252102E-01
   7129.00  5.5034029E-01
   7129.33  5.7166318E-01
   7129.67  5.9651115E-01
   7130.00  6.2440844E-01
   7130.33  6.5394674E-01
   7130.67  6.8251810E-01
   7131.00  7.0796721E-01
   7131.33  7.2852902E-01
   7131.67  7.4583317E-01
   7132.00  7.6203412E-01
   7132.33  7.7905892E-01
   7132.67  7.9620055E-01
   7133.00  8.1114277E-01
   7133.33  8.2084070E-01
   7133.67  8.2580990E-01
   7134.00  8.2781616E-01
   7134.33  8.2935068E-01
   7134.67  8.3232353E-01
   7135.00  8.3783266E-01
   7135.33  8.4758984E-01
   7135.67  8.6171302E-01
   7136.00  8.7931694E-01
   7136.33  8.9753324E-01
   7136.67  9.1186007E-01
   7137.00  9.1822788E-01
   7137.33  9.1172452E-01
   7137.67  8.9300267E-01
   7138.00  8.6375104E-01
   7138.33  8.2680285E-01
   7138.67  7.8702549E-01
   7139.00  7.4717927E-01
   7139.33  7.0950569E-01
   7139.67  6.7461712E-01
   7140.00  6.4264974E-01
   7140.33  6.1378563E-01
   7140.67  5.8742924E-01
   7141.00  5.6339543E-01
   7141.33  5.4179701E-01
   7141.67  5.2225438E-01
   7142.00  5.0469504E-01
   7142.33  4.8927578E-01
   7142.67  4.7567379E-01
   7143.00  4.6380754E-01
   7143.33  4.5375540E-01
   7143.67  4.4516342E-01
   7144.00  4.3788463E-01
   7144.33  4.3188240E-01
   7144.67  4.2683669E-01
   7145.00  4.2259403E-01
   7145.33  4.1905321E-01
   7145.67  4.1596250E-01
   7146.00  4.1318364E-01
   7146.33  4.1059766E-01
   7146.67  4.0807455E-01
   7147.00  4.0555341E-01
   7147.33  4.0300271E-01
   7147.67  4.0044404E-01
   7148.00  3.9792545E-01
   7148.33  3.9554096E-01
   7148.67  3.9335642E-01
   7149.00  3.9142094E-01
   7149.33  3.8979243E-01
   7149.67  3.8843207E-01
   7150.00  3.8731776E-01
   7150.33  3.8644133E-01
   7150.67  3.8574788E-01
   7151.00  3.8522439E-01
   7151.33  3.8489084E-01
   7151.67  3.8473649E-01
   7152.00  3.8477642E-01
   7152.33  3.8505712E-01
   7152.67  3.8556709E-01
   7153.00  3.8631262E-01
   7153.33  3.8732209E-01
   7153.67  3.8855859E-01
   7154.00  3.9001347E-01
   7154.33  3.9170469E-01
   7154.67  3.9360034E-01
   7155.00  3.9569584E-01
   7155.33  3.9800884E-01
   7155.67  4.0050296E-01
   7156.00  4.0316013E-01
   7156.33  4.0596502E-01
   7156.67  4.0885775E-01
   7157.00  4.1179321E-01
   7157.33  4.1471204E-01
   7157.67  4.1755815E-01
   7158.00  4.2028542E-01
   7158.33  4.2282663E-01
   7158.67  4.2516276E-01
   7159.00  4.2726563E-01
   7159.33  4.2907930E-01
   7159.67  4.3062144E-01
   7160.00  4.3188613E-01
   7160.33  4.3283811E-01
   7160.67  4.3351892E-01
   7161.00  4.3394043E-01
   7161.33  4.3409305E-01
   7161.67  4.3403393E-01
   7162.00  4.3379275E-01
   7162.33  4.3339528E-01
   7162.67  4.3290577E-01
   7163.00  4.3236247E-01
   7163.33  4.3180847E-01
   7163.67  4.3128813E-01
   7164.00  4.3083647E-01
   7164.33  4.3050534E-01
   7164.67  4.3031808E-01
   7165.00  4.3030544E-01
   7165.33  4.3052910E-01
   7165.67  4.3099649E-01
   7166.00  4.3173354E-01
   7166.33  4.3280236E-01
   7166.67  4.3418318E-01
   7167.00  4.3588119E-01
   7167.33  4.3792793E-01
   7167.67  4.4026202E-01
   7168.00  4.4285218E-01
   7168.33  4.4567611E-01
   7168.67  4.4865023E-01
   7169.00  4.5172094E-01
   7169.33  4.5482910E-01
   7169.67  4.5790980E-01
   7170.00  4.6091541E-01
   7170.33  4.6378199E-01
   7170.67  4.6648330E-01
   7171.00  4.6898616E-01
   7171.33  4.7121631E-01
   7171.67  4.7313799E-01
   7172.00  4.7467051E-01
