    FDMNES
    energy     <xanes>
   7097.00  5.3435462E-03
   7097.33  5.4810096E-03
   7097.67  5.6252688E-03
   7098.00  5.7768189E-03
   7098.33  5.9372926E-03
   7098.67  6.1064172E-03
   7099.00  6.2848797E-03
   7099.33  6.4748568E-03
   7099.67  6.6760850E-03
   7100.00  6.8895446E-03
   7100.33  7.1182193E-03
   7100.67  7.3618995E-03
   7101.00  7.6220305E-03
   7101.33  7.9028393E-03
   7101.67  8.2042682E-03
   7102.00  8.5285321E-03
   7102.33  8.8818607E-03
   7102.67  9.2645641E-03
   7103.00  9.6802000E-03
   7103.33  1.0138402E-02
   7103.67  1.0640343E-02
   7104.00  1.1192076E-02
   7104.33  1.1809419E-02
   7104.67  1.2495612E-02
   7105.00  1.3261728E-02
   7105.33  1.4135814E-02
   7105.67  1.5126355E-02
   7106.00  1.6255626E-02
   7106.33  1.7578691E-02
   7106.67  1.9118782E-02
   7107.00  2.0926871E-02
   7107.33  2.3127565E-02
   7107.67  2.5792595E-02
   7108.00  2.9062554E-02
   7108.33  3.3285740E-02
   7108.67  3.8738305E-02
   7109.00  4.5939082E-02
   7109.33  5.6257488E-02
   7109.67  7.1250797E-02
   7110.00  9.3966697E-02
   7110.33  1.3313980E-01
   7110.67  1.9768306E-01
   7111.00  2.8795151E-01
   7111.33  3.7732810E-01
   7111.67  4.5817656E-01
   7112.00  5.2188929E-01
   7112.33  5.3308545E-01
   7112.67  5.0427104E-01
   7113.00  4.4608333E-01
   7113.33  3.7887831E-01
   7113.67  3.1871370E-01
   7114.00  2.7077442E-01
   7114.33  2.3952406E-01
   7114.67  2.2203320E-01
   7115.00  2.1677764E-01
   7115.33  2.2210518E-01
   7115.67  2.3046933E-01
   7116.00  2.3441030E-01
   7116.33  2.2820539E-01
   7116.67  2.1486805E-01
   7117.00  1.9800824E-01
   7117.33  1.8117786E-01
   7117.67  1.6646291E-01
   7118.00  1.5450888E-01
   7118.33  1.4544941E-01
   7118.67  1.3836046E-01
   7119.00  1.3277585E-01
   7119.33  1.2860302E-01
   7119.67  1.2581452E-01
   7120.00  1.2468394E-01
   7120.33  1.2553423E-01
   7120.67  1.2777442E-01
   7121.00  1.3086599E-01
   7121.33  1.3427023E-01
   7121.67  1.3764213E-01
   7122.00  1.4105152E-01
   7122.33  1.4494195E-01
   7122.67  1.4964626E-01
   7123.00  1.5534989E-01
   7123.33  1.6228148E-01
   7123.67  1.7032918E-01
   7124.00  1.7948707E-01
   7124.33  1.8994578E-01
   7124.67  2.0180715E-01
   7125.00  2.1541536E-01
   7125.33  2.3128121E-01
   7125.67  2.4900788E-01
   7126.00  2.6816148E-01
   7126.33  2.8827249E-01
   7126.67  3.0893722E-01
   7127.00  3.3022191E-01
   7127.33  3.5243097E-01
   7127.67  3.7550438E-01
   7128.00  3.9935334E-01
   7128.33  4.2443486E-01
   7128.67  4.5210026E-01
   7129.00  4.8455203E-01
   7129.33  5.2557724E-01
   7129.67  5.7635601E-01
   7130.00  6.3760126E-01
   7130.33  7.0957556E-01
   7130.67  7.8790845E-01
   7131.00  8.6814127E-01
   7131.33  9.4357542E-01
   7131.67  1.0095124E+00
   7132.00  1.0634838E+00
   7132.33  1.1029023E+00
   7132.67  1.1278953E+00
   7133.00  1.1350678E+00
   7133.33  1.1168584E+00
   7133.67  1.0755133E+00
   7134.00  1.0159768E+00
   7134.33  9.4625616E-01
   7134.67  8.7559138E-01
   7135.00  8.0832909E-01
   7135.33  7.4751889E-01
   7135.67  6.9299749E-01
   7136.00  6.4460650E-01
   7136.33  6.0267711E-01
   7136.67  5.6612826E-01
   7137.00  5.3472313E-01
   7137.33  5.0886052E-01
   7137.67  4.8771858E-01
   7138.00  4.7109276E-01
   7138.33  4.5921380E-01
   7138.67  4.5119597E-01
   7139.00  4.4669633E-01
   7139.33  4.4568196E-01
   7139.67  4.4734579E-01
   7140.00  4.5134201E-01
   7140.33  4.5754042E-01
   7140.67  4.6536256E-01
   7141.00  4.7455606E-01
   7141.33  4.8498500E-01
   7141.67  4.9624736E-01
   7142.00  5.0810881E-01
   7142.33  5.2029672E-01
   7142.67  5.3240160E-01
   7143.00  5.4404451E-01
   7143.33  5.5461474E-01
   7143.67  5.6373865E-01
   7144.00  5.7105387E-01
   7144.33  5.7602916E-01
   7144.67  5.7887835E-01
   7145.00  5.7976329E-01
   7145.33  5.7885554E-01
   7145.67  5.7681961E-01
   7146.00  5.7407108E-01
   7146.33  5.7102201E-01
   7146.67  5.6806962E-01
   7147.00  5.6544760E-01
   7147.33  5.6340275E-01
   7147.67  5.6197119E-01
   7148.00  5.6118979E-01
   7148.33  5.6113342E-01
   7148.67  5.6167433E-01
   7149.00  5.6275630E-01
   7149.33  5.6436414E-01
   7149.67  5.6636963E-01
   7150.00  5.6872335E-01
   7150.33  5.7141490E-01
   7150.67  5.7436701E-01
   7151.00  5.7755195E-01
   7151.33  5.8097048E-01
   7151.67  5.8457772E-01
   7152.00  5.8836105E-01
   7152.33  5.9232807E-01
   7152.67  5.9644420E-01
   7153.00  6.0069268E-01
   7153.33  6.0505702E-01
   7153.67  6.0947975E-01
   7154.00  6.1390747E-01
   7154.33  6.1824930E-01
   7154.67  6.2241378E-01
   7155.00  6.2630148E-01
   7155.33  6.2973778E-01
   7155.67  6.3264749E-01
   7156.00  6.3493005E-01
   7156.33  6.3639410E-01
   7156.67  6.3705422E-01
   7157.00  6.3686659E-01
   7157.33  6.3569689E-01
   7157.67  6.3365555E-01
   7158.00  6.3076269E-01
   7158.33  6.2696076E-01
   7158.67  6.2241325E-01
   7159.00  6.1718493E-01
   7159.33  6.1128628E-01
   7159.67  6.0488257E-01
   7160.00  5.9805219E-01
   7160.33  5.9083962E-01
   7160.67  5.8336689E-01
   7161.00  5.7569505E-01
   7161.33  5.6786773E-01
   7161.67  5.5995193E-01
   7162.00  5.5198149E-01
   7162.33  5.4398222E-01
   7162.67  5.3597760E-01
   7163.00  5.2798020E-01
   7163.33  5.2000242E-01
   7163.67  5.1204981E-01
   7164.00  5.0412813E-01
   7164.33  4.9624760E-01
   7164.67  4.8840991E-01
   7165.00  4.8062233E-01
   7165.33  4.7290427E-01
   7165.67  4.6526384E-01
   7166.00  4.5771787E-01
   7166.33  4.5030394E-01
   7166.67  4.4303351E-01
   7167.00  4.3593420E-01
   7167.33  4.2907113E-01
   7167.67  4.2245282E-01
   7168.00  4.1610520E-01
   7168.33  4.1009521E-01
   7168.67  4.0441358E-01
   7169.00  3.9908245E-01
   7169.33  3.9416939E-01
   7169.67  3.8964354E-01
   7170.00  3.8551494E-01
   7170.33  3.8184219E-01
   7170.67  3.7857881E-01
   7171.00  3.7572590E-01
   7171.33  3.7333574E-01
   7171.67  3.7136219E-01
   7172.00  3.6981151E-01
