    FDMNES
    energy     <xanes>
   7097.00  5.0467619E-03
   7097.33  5.1612339E-03
   7097.67  5.2807213E-03
   7098.00  5.4055542E-03
   7098.33  5.5368775E-03
   7098.67  5.6744412E-03
   7099.00  5.8186919E-03
   7099.33  5.9711157E-03
   7099.67  6.1314530E-03
   7100.00  6.3003238E-03
   7100.33  6.4797062E-03
   7100.67  6.6693509E-03
   7101.00  6.8701452E-03
   7101.33  7.0848023E-03
   7101.67  7.3131278E-03
   7102.00  7.5564388E-03
   7102.33  7.8185930E-03
   7102.67  8.0995523E-03
   7103.00  8.4013588E-03
   7103.33  8.7297466E-03
   7103.67  9.0850651E-03
   7104.00  9.4706577E-03
   7104.33  9.8955385E-03
   7104.67  1.0360999E-02
   7105.00  1.0872908E-02
   7105.33  1.1446505E-02
   7105.67  1.2085471E-02
   7106.00  1.2801099E-02
   7106.33  1.3621815E-02
   7106.67  1.4557949E-02
   7107.00  1.5634198E-02
   7107.33  1.6911580E-02
   7107.67  1.8422007E-02
   7108.00  2.0230770E-02
   7108.33  2.2500270E-02
   7108.67  2.5352708E-02
   7109.00  2.9021718E-02
   7109.33  3.4124896E-02
   7109.67  4.1353680E-02
   7110.00  5.2070408E-02
   7110.33  7.0178030E-02
   7110.67  9.9519384E-02
   7111.00  1.3969686E-01
   7111.33  1.7426804E-01
   7111.67  1.9197974E-01
   7112.00  2.1397102E-01
   7112.33  2.4058283E-01
   7112.67  2.4473594E-01
   7113.00  2.4541969E-01
   7113.33  2.6266790E-01
   7113.67  2.9220045E-01
   7114.00  3.3848468E-01
   7114.33  3.8414167E-01
   7114.67  4.0984637E-01
   7115.00  4.2969812E-01
   7115.33  4.1646274E-01
   7115.67  3.5289707E-01
   7116.00  2.8043828E-01
   7116.33  2.3165652E-01
   7116.67  2.0232067E-01
   7117.00  1.8524627E-01
   7117.33  1.7335651E-01
   7117.67  1.6073050E-01
   7118.00  1.4618826E-01
   7118.33  1.3295592E-01
   7118.67  1.2402916E-01
   7119.00  1.1996930E-01
   7119.33  1.2068759E-01
   7119.67  1.2485243E-01
   7120.00  1.3158048E-01
   7120.33  1.3899516E-01
   7120.67  1.4412620E-01
   7121.00  1.4542737E-01
   7121.33  1.4446569E-01
   7121.67  1.4513706E-01
   7122.00  1.4937239E-01
   7122.33  1.5813735E-01
   7122.67  1.6992537E-01
   7123.00  1.8311001E-01
   7123.33  1.9612498E-01
   7123.67  2.0914914E-01
   7124.00  2.2343981E-01
   7124.33  2.4009225E-01
   7124.67  2.5769616E-01
   7125.00  2.7465582E-01
   7125.33  2.9041936E-01
   7125.67  3.0550843E-01
   7126.00  3.2009486E-01
   7126.33  3.3499692E-01
   7126.67  3.5149491E-01
   7127.00  3.7020515E-01
   7127.33  3.9137224E-01
   7127.67  4.1425298E-01
   7128.00  4.3804642E-01
   7128.33  4.6148357E-01
   7128.67  4.8415303E-01
   7129.00  5.0692028E-01
   7129.33  5.3153011E-01
   7129.67  5.5878759E-01
   7130.00  5.8899979E-01
   7130.33  6.2238529E-01
   7130.67  6.5793733E-01
   7131.00  6.9460126E-01
   7131.33  7.3079810E-01
   7131.67  7.6547234E-01
   7132.00  7.9838317E-01
   7132.33  8.2964618E-01
   7132.67  8.5962870E-01
   7133.00  8.8793470E-01
   7133.33  9.1311257E-01
   7133.67  9.3417252E-01
   7134.00  9.5003118E-01
   7134.33  9.5858794E-01
   7134.67  9.5955159E-01
   7135.00  9.5260170E-01
   7135.33  9.3740380E-01
   7135.67  9.1620611E-01
   7136.00  8.9033705E-01
   7136.33  8.6077358E-01
   7136.67  8.2901328E-01
   7137.00  7.9580852E-01
   7137.33  7.6193182E-01
   7137.67  7.2843346E-01
   7138.00  6.9626727E-01
   7138.33  6.6682428E-01
   7138.67  6.4064294E-01
   7139.00  6.1814135E-01
   7139.33  5.9994480E-01
   7139.67  5.8544974E-01
   7140.00  5.7439615E-01
   7140.33  5.6670075E-01
   7140.67  5.6140520E-01
   7141.00  5.5799170E-01
   7141.33  5.5609282E-01
   7141.67  5.5511392E-01
   7142.00  5.5478191E-01
   7142.33  5.5492342E-01
   7142.67  5.5533477E-01
   7143.00  5.5592832E-01
   7143.33  5.5664961E-01
   7143.67  5.5744156E-01
   7144.00  5.5828176E-01
   7144.33  5.5915763E-01
   7144.67  5.6005004E-01
   7145.00  5.6093863E-01
   7145.33  5.6177529E-01
   7145.67  5.6249581E-01
   7146.00  5.6301554E-01
   7146.33  5.6316990E-01
   7146.67  5.6285875E-01
   7147.00  5.6196079E-01
   7147.33  5.6026474E-01
   7147.67  5.5777757E-01
   7148.00  5.5447544E-01
   7148.33  5.5029604E-01
   7148.67  5.4543985E-01
   7149.00  5.4004207E-01
   7149.33  5.3425466E-01
   7149.67  5.2833452E-01
   7150.00  5.2246267E-01
   7150.33  5.1685982E-01
   7150.67  5.1164838E-01
   7151.00  5.0692227E-01
   7151.33  5.0281853E-01
   7151.67  4.9929680E-01
   7152.00  4.9636119E-01
   7152.33  4.9408004E-01
   7152.67  4.9237352E-01
   7153.00  4.9123640E-01
   7153.33  4.9073450E-01
   7153.67  4.9078987E-01
   7154.00  4.9139072E-01
   7154.33  4.9257735E-01
   7154.67  4.9424135E-01
   7155.00  4.9632551E-01
   7155.33  4.9877592E-01
   7155.67  5.0142573E-01
   7156.00  5.0414336E-01
   7156.33  5.0674386E-01
   7156.67  5.0906428E-01
   7157.00  5.1096673E-01
   7157.33  5.1225802E-01
   7157.67  5.1293507E-01
   7158.00  5.1298663E-01
   7158.33  5.1238200E-01
   7158.67  5.1128394E-01
   7159.00  5.0979390E-01
   7159.33  5.0800821E-01
   7159.67  5.0608478E-01
   7160.00  5.0411871E-01
   7160.33  5.0220757E-01
   7160.67  5.0041460E-01
   7161.00  4.9878249E-01
   7161.33  4.9736778E-01
   7161.67  4.9616276E-01
   7162.00  4.9517099E-01
   7162.33  4.9441319E-01
   7162.67  4.9385030E-01
   7163.00  4.9346571E-01
   7163.33  4.9325407E-01
   7163.67  4.9316570E-01
   7164.00  4.9317141E-01
   7164.33  4.9324472E-01
   7164.67  4.9334542E-01
   7165.00  4.9344575E-01
   7165.33  4.9350577E-01
   7165.67  4.9349064E-01
   7166.00  4.9337655E-01
   7166.33  4.9313913E-01
   7166.67  4.9278911E-01
   7167.00  4.9232799E-01
   7167.33  4.9174893E-01
   7167.67  4.9107427E-01
   7168.00  4.9031269E-01
   7168.33  4.8946523E-01
   7168.67  4.8855201E-01
   7169.00  4.8758140E-01
   7169.33  4.8655466E-01
   7169.67  4.8548255E-01
   7170.00  4.8436772E-01
   7170.33  4.8320911E-01
   7170.67  4.8201989E-01
   7171.00  4.8081572E-01
   7171.33  4.7963279E-01
   7171.67  4.7853467E-01
   7172.00  4.7761429E-01
