    FDMNES
    energy     <xanes>
   7097.00  5.1930510E-03
   7097.33  5.3192690E-03
   7097.67  5.4513303E-03
   7098.00  5.5896322E-03
   7098.33  5.7355292E-03
   7098.67  5.8887455E-03
   7099.00  6.0498202E-03
   7099.33  6.2205211E-03
   7099.67  6.4005625E-03
   7100.00  6.5906939E-03
   7100.33  6.7932792E-03
   7100.67  7.0080453E-03
   7101.00  7.2360651E-03
   7101.33  7.4805895E-03
   7101.67  7.7414096E-03
   7102.00  8.0201134E-03
   7102.33  8.3213249E-03
   7102.67  8.6450125E-03
   7103.00  8.9936225E-03
   7103.33  9.3740060E-03
   7103.67  9.7865611E-03
   7104.00  1.0235247E-02
   7104.33  1.0730740E-02
   7104.67  1.1274457E-02
   7105.00  1.1873216E-02
   7105.33  1.2544759E-02
   7105.67  1.3293005E-02
   7106.00  1.4130675E-02
   7106.33  1.5089891E-02
   7106.67  1.6181202E-02
   7107.00  1.7431136E-02
   7107.33  1.8905277E-02
   7107.67  2.0634343E-02
   7108.00  2.2683494E-02
   7108.33  2.5213687E-02
   7108.67  2.8332789E-02
   7109.00  3.2249876E-02
   7109.33  3.7505868E-02
   7109.67  4.4644931E-02
   7110.00  5.4729720E-02
   7110.33  7.0738603E-02
   7110.67  9.5560446E-02
   7111.00  1.2970691E-01
   7111.33  1.6788982E-01
   7111.67  2.0985150E-01
   7112.00  2.5331058E-01
   7112.33  2.9333855E-01
   7112.67  3.5152036E-01
   7113.00  4.3640152E-01
   7113.33  5.4633037E-01
   7113.67  6.5614506E-01
   7114.00  6.9874361E-01
   7114.33  6.1279975E-01
   7114.67  4.7197785E-01
   7115.00  3.5001457E-01
   7115.33  2.7617678E-01
   7115.67  2.3496824E-01
   7116.00  2.1705372E-01
   7116.33  2.1520768E-01
   7116.67  2.1705818E-01
   7117.00  2.1549265E-01
   7117.33  2.0777726E-01
   7117.67  1.9504249E-01
   7118.00  1.7963301E-01
   7118.33  1.6507562E-01
   7118.67  1.5274900E-01
   7119.00  1.4255501E-01
   7119.33  1.3414318E-01
   7119.67  1.2727078E-01
   7120.00  1.2223509E-01
   7120.33  1.1933792E-01
   7120.67  1.1814587E-01
   7121.00  1.1849737E-01
   7121.33  1.2020238E-01
   7121.67  1.2231039E-01
   7122.00  1.2392887E-01
   7122.33  1.2464953E-01
   7122.67  1.2556616E-01
   7123.00  1.2758857E-01
   7123.33  1.3111731E-01
   7123.67  1.3591460E-01
   7124.00  1.4212581E-01
   7124.33  1.5028278E-01
   7124.67  1.6043940E-01
   7125.00  1.7276667E-01
   7125.33  1.8771876E-01
   7125.67  2.0506391E-01
   7126.00  2.2467408E-01
   7126.33  2.4645371E-01
   7126.67  2.6966343E-01
   7127.00  2.9352056E-01
   7127.33  3.1647263E-01
   7127.67  3.3756203E-01
   7128.00  3.5730511E-01
   7128.33  3.7824463E-01
   7128.67  4.0330726E-01
   7129.00  4.3446963E-01
   7129.33  4.7331888E-01
   7129.67  5.1763772E-01
   7130.00  5.6466428E-01
   7130.33  6.1059763E-01
   7130.67  6.5350979E-01
   7131.00  6.9375504E-01
   7131.33  7.3348476E-01
   7131.67  7.7551852E-01
   7132.00  8.2159406E-01
   7132.33  8.7245758E-01
   7132.67  9.2522363E-01
   7133.00  9.7590971E-01
   7133.33  1.0176122E+00
   7133.67  1.0457923E+00
   7134.00  1.0572926E+00
   7134.33  1.0488390E+00
   7134.67  1.0241795E+00
   7135.00  9.8602557E-01
   7135.33  9.3703416E-01
   7135.67  8.8229475E-01
   7136.00  8.2481596E-01
   7136.33  7.6759577E-01
   7136.67  7.1298721E-01
   7137.00  6.6260031E-01
   7137.33  6.1855506E-01
   7137.67  5.8110094E-01
   7138.00  5.5070096E-01
   7138.33  5.2836519E-01
   7138.67  5.1283423E-01
   7139.00  5.0341375E-01
   7139.33  4.9953391E-01
   7139.67  4.9916988E-01
   7140.00  5.0112793E-01
   7140.33  5.0440932E-01
   7140.67  5.0812460E-01
   7141.00  5.1196489E-01
   7141.33  5.1585723E-01
   7141.67  5.1987471E-01
   7142.00  5.2410910E-01
   7142.33  5.2865222E-01
   7142.67  5.3344214E-01
   7143.00  5.3838996E-01
   7143.33  5.4334120E-01
   7143.67  5.4811924E-01
   7144.00  5.5258132E-01
   7144.33  5.5653700E-01
   7144.67  5.5995528E-01
   7145.00  5.6280274E-01
   7145.33  5.6500953E-01
   7145.67  5.6666880E-01
   7146.00  5.6780217E-01
   7146.33  5.6838041E-01
   7146.67  5.6850944E-01
   7147.00  5.6823362E-01
   7147.33  5.6756569E-01
   7147.67  5.6660941E-01
   7148.00  5.6541951E-01
   7148.33  5.6404403E-01
   7148.67  5.6257959E-01
   7149.00  5.6109354E-01
   7149.33  5.5966919E-01
   7149.67  5.5837522E-01
   7150.00  5.5727404E-01
   7150.33  5.5646452E-01
   7150.67  5.5597110E-01
   7151.00  5.5583106E-01
   7151.33  5.5612094E-01
   7151.67  5.5680798E-01
   7152.00  5.5789513E-01
   7152.33  5.5942507E-01
   7152.67  5.6133358E-01
   7153.00  5.6360167E-01
   7153.33  5.6624037E-01
   7153.67  5.6916827E-01
   7154.00  5.7234264E-01
   7154.33  5.7572748E-01
   7154.67  5.7922945E-01
   7155.00  5.8278036E-01
   7155.33  5.8628903E-01
   7155.67  5.8967028E-01
   7156.00  5.9284821E-01
   7156.33  5.9570580E-01
   7156.67  5.9821094E-01
   7157.00  6.0032067E-01
   7157.33  6.0195256E-01
   7157.67  6.0315299E-01
   7158.00  6.0393274E-01
   7158.33  6.0427080E-01
   7158.67  6.0425472E-01
   7159.00  6.0391974E-01
   7159.33  6.0326693E-01
   7159.67  6.0235705E-01
   7160.00  6.0119949E-01
   7160.33  5.9975716E-01
   7160.67  5.9804186E-01
   7161.00  5.9602745E-01
   7161.33  5.9362818E-01
   7161.67  5.9083728E-01
   7162.00  5.8761408E-01
   7162.33  5.8385794E-01
   7162.67  5.7959790E-01
   7163.00  5.7482282E-01
   7163.33  5.6947237E-01
   7163.67  5.6363108E-01
   7164.00  5.5732980E-01
   7164.33  5.5056660E-01
   7164.67  5.4345460E-01
   7165.00  5.3605404E-01
   7165.33  5.2841167E-01
   7165.67  5.2062872E-01
   7166.00  5.1276888E-01
   7166.33  5.0490215E-01
   7166.67  4.9709425E-01
   7167.00  4.8939573E-01
   7167.33  4.8187696E-01
   7167.67  4.7455856E-01
   7168.00  4.6746962E-01
   7168.33  4.6067172E-01
   7168.67  4.5415709E-01
   7169.00  4.4794211E-01
   7169.33  4.4208017E-01
   7169.67  4.3654252E-01
   7170.00  4.3133759E-01
   7170.33  4.2652054E-01
   7170.67  4.2206428E-01
   7171.00  4.1798966E-01
   7171.33  4.1439249E-01
   7171.67  4.1130141E-01
   7172.00  4.0882289E-01
