    FDMNES
    energy     <xanes>
   7097.00  4.2741944E-03
   7097.33  4.3643358E-03
   7097.67  4.4581658E-03
   7098.00  4.5559210E-03
   7098.33  4.6584346E-03
   7098.67  4.7655168E-03
   7099.00  4.8774897E-03
   7099.33  4.9954350E-03
   7099.67  5.1191596E-03
   7100.00  5.2491151E-03
   7100.33  5.3867469E-03
   7100.67  5.5318771E-03
   7101.00  5.6851614E-03
   7101.33  5.8485995E-03
   7101.67  6.0220707E-03
   7102.00  6.2065675E-03
   7102.33  6.4049760E-03
   7102.67  6.6173267E-03
   7103.00  6.8452006E-03
   7103.33  7.0929849E-03
   7103.67  7.3610820E-03
   7104.00  7.6521706E-03
   7104.33  7.9733701E-03
   7104.67  8.3259968E-03
   7105.00  8.7149588E-03
   7105.33  9.1528163E-03
   7105.67  9.6432576E-03
   7106.00  1.0196233E-02
   7106.33  1.0836486E-02
   7106.67  1.1574511E-02
   7107.00  1.2433437E-02
   7107.33  1.3470008E-02
   7107.67  1.4717644E-02
   7108.00  1.6241701E-02
   7108.33  1.8204782E-02
   7108.67  2.0739639E-02
   7109.00  2.4095635E-02
   7109.33  2.8935637E-02
   7109.67  3.6034070E-02
   7110.00  4.6912290E-02
   7110.33  6.5962741E-02
   7110.67  9.7756238E-02
   7111.00  1.4264895E-01
   7111.33  1.8531302E-01
   7111.67  2.0950736E-01
   7112.00  2.1142115E-01
   7112.33  1.9953493E-01
   7112.67  1.8459431E-01
   7113.00  1.6328907E-01
   7113.33  1.3813946E-01
   7113.67  1.1670846E-01
   7114.00  1.0005891E-01
   7114.33  8.6021486E-02
   7114.67  7.4307561E-02
   7115.00  6.6010001E-02
   7115.33  6.1013315E-02
   7115.67  5.8312838E-02
   7116.00  5.7589614E-02
   7116.33  5.8721530E-02
   7116.67  6.1203131E-02
   7117.00  6.4754739E-02
   7117.33  6.9052704E-02
   7117.67  7.3742262E-02
   7118.00  7.9018647E-02
   7118.33  8.5670380E-02
   7118.67  9.4079128E-02
   7119.00  1.0434884E-01
   7119.33  1.1630970E-01
   7119.67  1.2911429E-01
   7120.00  1.4227617E-01
   7120.33  1.5553745E-01
   7120.67  1.6898402E-01
   7121.00  1.8300337E-01
   7121.33  1.9834247E-01
   7121.67  2.1531969E-01
   7122.00  2.3406224E-01
   7122.33  2.5445915E-01
   7122.67  2.7537637E-01
   7123.00  2.9528674E-01
   7123.33  3.1184552E-01
   7123.67  3.2542705E-01
   7124.00  3.3784654E-01
   7124.33  3.5128971E-01
   7124.67  3.6677385E-01
   7125.00  3.8451665E-01
   7125.33  4.0420147E-01
   7125.67  4.2458566E-01
   7126.00  4.4473225E-01
   7126.33  4.6360625E-01
   7126.67  4.8075713E-01
   7127.00  4.9583703E-01
   7127.33  5.0792285E-01
   7127.67  5.1655705E-01
   7128.00  5.2159796E-01
   7128.33  5.2364864E-01
   7128.67  5.2436653E-01
   7129.00  5.2458952E-01
   7129.33  5.2504680E-01
   7129.67  5.2648276E-01
   7130.00  5.2974182E-01
   7130.33  5.3623997E-01
   7130.67  5.4638614E-01
   7131.00  5.6035593E-01
   7131.33  5.7824375E-01
   7131.67  5.9899695E-01
   7132.00  6.2206689E-01
   7132.33  6.4702747E-01
   7132.67  6.7301314E-01
   7133.00  6.9950702E-01
   7133.33  7.2612670E-01
   7133.67  7.5274606E-01
   7134.00  7.7925238E-01
   7134.33  8.0468680E-01
   7134.67  8.2727021E-01
   7135.00  8.4503837E-01
   7135.33  8.5549311E-01
   7135.67  8.5889422E-01
   7136.00  8.5557120E-01
   7136.33  8.4576405E-01
   7136.67  8.3144601E-01
   7137.00  8.1371866E-01
   7137.33  7.9343664E-01
   7137.67  7.7181480E-01
   7138.00  7.4949272E-01
   7138.33  7.2703168E-01
   7138.67  7.0487929E-01
   7139.00  6.8332818E-01
   7139.33  6.6277857E-01
   7139.67  6.4338085E-01
   7140.00  6.2534748E-01
   7140.33  6.0910625E-01
   7140.67  5.9465871E-01
   7141.00  5.8215211E-01
   7141.33  5.7199458E-01
   7141.67  5.6405732E-01
   7142.00  5.5844445E-01
   7142.33  5.5554762E-01
   7142.67  5.5507509E-01
   7143.00  5.5692905E-01
   7143.33  5.6110150E-01
   7143.67  5.6692894E-01
   7144.00  5.7399368E-01
   7144.33  5.8187759E-01
   7144.67  5.9001582E-01
   7145.00  5.9806506E-01
   7145.33  6.0566705E-01
   7145.67  6.1265659E-01
   7146.00  6.1891195E-01
   7146.33  6.2425437E-01
   7146.67  6.2875368E-01
   7147.00  6.3239042E-01
   7147.33  6.3504538E-01
   7147.67  6.3683758E-01
   7148.00  6.3779023E-01
   7148.33  6.3784345E-01
   7148.67  6.3714785E-01
   7149.00  6.3575130E-01
   7149.33  6.3363242E-01
   7149.67  6.3093340E-01
   7150.00  6.2770732E-01
   7150.33  6.2394308E-01
   7150.67  6.1973679E-01
   7151.00  6.1511513E-01
   7151.33  6.1005767E-01
   7151.67  6.0463910E-01
   7152.00  5.9888156E-01
   7152.33  5.9277086E-01
   7152.67  5.8637030E-01
   7153.00  5.7969962E-01
   7153.33  5.7275438E-01
   7153.67  5.6559220E-01
   7154.00  5.5822614E-01
   7154.33  5.5063440E-01
   7154.67  5.4284476E-01
   7155.00  5.3486339E-01
   7155.33  5.2667054E-01
   7155.67  5.1829282E-01
   7156.00  5.0973753E-01
   7156.33  5.0100163E-01
   7156.67  4.9213422E-01
   7157.00  4.8317035E-01
   7157.33  4.7415442E-01
   7157.67  4.6515041E-01
   7158.00  4.5621306E-01
   7158.33  4.4742601E-01
   7158.67  4.3884092E-01
   7159.00  4.3051464E-01
   7159.33  4.2254729E-01
   7159.67  4.1495119E-01
   7160.00  4.0776329E-01
   7160.33  4.0106949E-01
   7160.67  3.9483042E-01
   7161.00  3.8904574E-01
   7161.33  3.8375358E-01
   7161.67  3.7886333E-01
   7162.00  3.7432906E-01
   7162.33  3.7012408E-01
   7162.67  3.6614841E-01
   7163.00  3.6235424E-01
   7163.33  3.5871783E-01
   7163.67  3.5520318E-01
   7164.00  3.5181522E-01
   7164.33  3.4860207E-01
   7164.67  3.4559243E-01
   7165.00  3.4283581E-01
   7165.33  3.4042937E-01
   7165.67  3.3838528E-01
   7166.00  3.3673667E-01
   7166.33  3.3556003E-01
   7166.67  3.3481285E-01
   7167.00  3.3449382E-01
   7167.33  3.3464410E-01
   7167.67  3.3519305E-01
   7168.00  3.3612086E-01
   7168.33  3.3744555E-01
   7168.67  3.3909415E-01
   7169.00  3.4103680E-01
   7169.33  3.4326006E-01
   7169.67  3.4568815E-01
   7170.00  3.4828447E-01
   7170.33  3.5101706E-01
   7170.67  3.5381421E-01
   7171.00  3.5661431E-01
   7171.33  3.5930440E-01
   7171.67  3.6173747E-01
   7172.00  3.6371999E-01
