    FDMNES
    energy     <xanes>
   7097.00  5.2071692E-03
   7097.33  5.3345827E-03
   7097.67  5.4679825E-03
   7098.00  5.6077850E-03
   7098.33  5.7553946E-03
   7098.67  5.9105431E-03
   7099.00  6.0738006E-03
   7099.33  6.2470151E-03
   7099.67  6.4299152E-03
   7100.00  6.6233030E-03
   7100.33  6.8296739E-03
   7100.67  7.0487839E-03
   7101.00  7.2817965E-03
   7101.33  7.5321869E-03
   7101.67  7.7998053E-03
   7102.00  8.0864025E-03
   7102.33  8.3970005E-03
   7102.67  8.7316913E-03
   7103.00  9.0932279E-03
   7103.33  9.4892025E-03
   7103.67  9.9202833E-03
   7104.00  1.0391040E-02
   7104.33  1.0913613E-02
   7104.67  1.1490045E-02
   7105.00  1.2128458E-02
   7105.33  1.2849705E-02
   7105.67  1.3659267E-02
   7106.00  1.4572922E-02
   7106.33  1.5630054E-02
   7106.67  1.6845542E-02
   7107.00  1.8253954E-02
   7107.33  1.9940145E-02
   7107.67  2.1948631E-02
   7108.00  2.4369440E-02
   7108.33  2.7424625E-02
   7108.67  3.1275877E-02
   7109.00  3.6229270E-02
   7109.33  4.3077621E-02
   7109.67  5.2649395E-02
   7110.00  6.6548933E-02
   7110.33  8.9385424E-02
   7110.67  1.2706065E-01
   7111.00  1.8688672E-01
   7111.33  2.6764381E-01
   7111.67  3.3614460E-01
   7112.00  3.6598726E-01
   7112.33  3.7039094E-01
   7112.67  3.7672946E-01
   7113.00  3.9914919E-01
   7113.33  4.3986770E-01
   7113.67  4.4181516E-01
   7114.00  3.8433455E-01
   7114.33  3.1577761E-01
   7114.67  2.7024306E-01
   7115.00  2.5219540E-01
   7115.33  2.6161459E-01
   7115.67  2.8234012E-01
   7116.00  2.9315544E-01
   7116.33  2.7746952E-01
   7116.67  2.5015662E-01
   7117.00  2.2381245E-01
   7117.33  2.0385668E-01
   7117.67  1.8852669E-01
   7118.00  1.7681837E-01
   7118.33  1.6928041E-01
   7118.67  1.6480242E-01
   7119.00  1.6207951E-01
   7119.33  1.5904123E-01
   7119.67  1.5346722E-01
   7120.00  1.4503597E-01
   7120.33  1.3662324E-01
   7120.67  1.3133660E-01
   7121.00  1.2987987E-01
   7121.33  1.3206261E-01
   7121.67  1.3625905E-01
   7122.00  1.4110867E-01
   7122.33  1.4540827E-01
   7122.67  1.4929206E-01
   7123.00  1.5341789E-01
   7123.33  1.5856020E-01
   7123.67  1.6488369E-01
   7124.00  1.7235203E-01
   7124.33  1.8091034E-01
   7124.67  1.9047150E-01
   7125.00  2.0146134E-01
   7125.33  2.1494811E-01
   7125.67  2.3122314E-01
   7126.00  2.5025393E-01
   7126.33  2.7160595E-01
   7126.67  2.9394424E-01
   7127.00  3.1650094E-01
   7127.33  3.3912263E-01
   7127.67  3.6247113E-01
   7128.00  3.8715741E-01
   7128.33  4.1316674E-01
   7128.67  4.3967827E-01
   7129.00  4.6679671E-01
   7129.33  4.9615626E-01
   7129.67  5.2935696E-01
   7130.00  5.6767407E-01
   7130.33  6.1286937E-01
   7130.67  6.6485503E-01
   7131.00  7.2394412E-01
   7131.33  7.9053120E-01
   7131.67  8.6178210E-01
   7132.00  9.3470843E-01
   7132.33  1.0053498E+00
   7132.67  1.0713827E+00
   7133.00  1.1308141E+00
   7133.33  1.1765908E+00
   7133.67  1.1992151E+00
   7134.00  1.1886790E+00
   7134.33  1.1379955E+00
   7134.67  1.0619145E+00
   7135.00  9.7359391E-01
   7135.33  8.8525309E-01
   7135.67  8.0338309E-01
   7136.00  7.3005993E-01
   7136.33  6.6673016E-01
   7136.67  6.1176006E-01
   7137.00  5.6459237E-01
   7137.33  5.2560501E-01
   7137.67  4.9351242E-01
   7138.00  4.6805669E-01
   7138.33  4.4970837E-01
   7138.67  4.3727871E-01
   7139.00  4.3031532E-01
   7139.33  4.2870669E-01
   7139.67  4.3095235E-01
   7140.00  4.3615519E-01
   7140.33  4.4346012E-01
   7140.67  4.5162877E-01
   7141.00  4.5996357E-01
   7141.33  4.6787206E-01
   7141.67  4.7516055E-01
   7142.00  4.8183191E-01
   7142.33  4.8799279E-01
   7142.67  4.9392535E-01
   7143.00  4.9978981E-01
   7143.33  5.0566343E-01
   7143.67  5.1146602E-01
   7144.00  5.1700621E-01
   7144.33  5.2187731E-01
   7144.67  5.2576104E-01
   7145.00  5.2833363E-01
   7145.33  5.2913326E-01
   7145.67  5.2829659E-01
   7146.00  5.2595171E-01
   7146.33  5.2230568E-01
   7146.67  5.1804482E-01
   7147.00  5.1372340E-01
   7147.33  5.1004089E-01
   7147.67  5.0745549E-01
   7148.00  5.0630841E-01
   7148.33  5.0706493E-01
   7148.67  5.0961160E-01
   7149.00  5.1391139E-01
   7149.33  5.2000945E-01
   7149.67  5.2746298E-01
   7150.00  5.3601556E-01
   7150.33  5.4543458E-01
   7150.67  5.5529624E-01
   7151.00  5.6535114E-01
   7151.33  5.7535667E-01
   7151.67  5.8514123E-01
   7152.00  5.9459494E-01
   7152.33  6.0357653E-01
   7152.67  6.1208160E-01
   7153.00  6.2007667E-01
   7153.33  6.2746273E-01
   7153.67  6.3427660E-01
   7154.00  6.4048870E-01
   7154.33  6.4598076E-01
   7154.67  6.5079173E-01
   7155.00  6.5488644E-01
   7155.33  6.5813429E-01
   7155.67  6.6060190E-01
   7156.00  6.6227586E-01
   7156.33  6.6305669E-01
   7156.67  6.6306202E-01
   7157.00  6.6232233E-01
   7157.33  6.6080115E-01
   7157.67  6.5864779E-01
   7158.00  6.5592141E-01
   7158.33  6.5263008E-01
   7158.67  6.4890589E-01
   7159.00  6.4480383E-01
   7159.33  6.4034195E-01
   7159.67  6.3561528E-01
   7160.00  6.3066368E-01
   7160.33  6.2549587E-01
   7160.67  6.2015719E-01
   7161.00  6.1465887E-01
   7161.33  6.0898719E-01
   7161.67  6.0315993E-01
   7162.00  5.9717281E-01
   7162.33  5.9099821E-01
   7162.67  5.8464955E-01
   7163.00  5.7812176E-01
   7163.33  5.7138880E-01
   7163.67  5.6447453E-01
   7164.00  5.5738391E-01
   7164.33  5.5010591E-01
   7164.67  5.4267556E-01
   7165.00  5.3510858E-01
   7165.33  5.2741269E-01
   7165.67  5.1962862E-01
   7166.00  5.1178372E-01
   7166.33  5.0391305E-01
   7166.67  4.9606247E-01
   7167.00  4.8827072E-01
   7167.33  4.8059568E-01
   7167.67  4.7306891E-01
   7168.00  4.6572708E-01
   7168.33  4.5863590E-01
   7168.67  4.5180151E-01
   7169.00  4.4525344E-01
   7169.33  4.3906051E-01
   7169.67  4.3319982E-01
   7170.00  4.2767979E-01
   7170.33  4.2255547E-01
   7170.67  4.1779960E-01
   7171.00  4.1343480E-01
   7171.33  4.0956304E-01
   7171.67  4.0622244E-01
   7172.00  4.0353583E-01
