    FDMNES
    energy     <xanes>
   7097.00  3.9350720E-03
   7097.33  4.0059606E-03
   7097.67  4.0791836E-03
   7098.00  4.1548610E-03
   7098.33  4.2334704E-03
   7098.67  4.3148527E-03
   7099.00  4.3991638E-03
   7099.33  4.4869939E-03
   7099.67  4.5781725E-03
   7100.00  4.6729083E-03
   7100.33  4.7719490E-03
   7100.67  4.8751181E-03
   7101.00  4.9827046E-03
   7101.33  5.0956862E-03
   7101.67  5.2138940E-03
   7102.00  5.3377461E-03
   7102.33  5.4685744E-03
   7102.67  5.6062496E-03
   7103.00  5.7514110E-03
   7103.33  5.9059722E-03
   7103.67  6.0699214E-03
   7104.00  6.2443061E-03
   7104.33  6.4320759E-03
   7104.67  6.6335350E-03
   7105.00  6.8505578E-03
   7105.33  7.0881366E-03
   7105.67  7.3474414E-03
   7106.00  7.6322345E-03
   7106.33  7.9521044E-03
   7106.67  8.3108126E-03
   7107.00  8.7171719E-03
   7107.33  9.1931173E-03
   7107.67  9.7515365E-03
   7108.00  1.0418096E-02
   7108.33  1.1257418E-02
   7108.67  1.2324280E-02
   7109.00  1.3722588E-02
   7109.33  1.5733654E-02
   7109.67  1.8704190E-02
   7110.00  2.3322269E-02
   7110.33  3.1550831E-02
   7110.67  4.4871658E-02
   7111.00  6.0840265E-02
   7111.33  7.1770670E-02
   7111.67  7.6797011E-02
   7112.00  7.1648275E-02
   7112.33  5.8255169E-02
   7112.67  4.8611166E-02
   7113.00  4.5384342E-02
   7113.33  4.4007207E-02
   7113.67  3.9661858E-02
   7114.00  3.5092014E-02
   7114.33  3.2734311E-02
   7114.67  3.1018604E-02
   7115.00  2.9843722E-02
   7115.33  2.9712279E-02
   7115.67  3.0390645E-02
   7116.00  3.1708967E-02
   7116.33  3.3622557E-02
   7116.67  3.6035118E-02
   7117.00  3.8967258E-02
   7117.33  4.2561497E-02
   7117.67  4.6864563E-02
   7118.00  5.2030647E-02
   7118.33  5.8459815E-02
   7118.67  6.6381287E-02
   7119.00  7.6216784E-02
   7119.33  8.8885012E-02
   7119.67  1.0464994E-01
   7120.00  1.2363757E-01
   7120.33  1.4493908E-01
   7120.67  1.6493358E-01
   7121.00  1.7987546E-01
   7121.33  1.8715537E-01
   7121.67  1.9052693E-01
   7122.00  1.9427830E-01
   7122.33  2.0287130E-01
   7122.67  2.1760593E-01
   7123.00  2.3883301E-01
   7123.33  2.6692443E-01
   7123.67  3.0018985E-01
   7124.00  3.3758887E-01
   7124.33  3.7826755E-01
   7124.67  4.2089764E-01
   7125.00  4.6486473E-01
   7125.33  5.0935500E-01
   7125.67  5.5276837E-01
   7126.00  5.9312070E-01
   7126.33  6.2686889E-01
   7126.67  6.5233763E-01
   7127.00  6.6865688E-01
   7127.33  6.7564314E-01
   7127.67  6.7674097E-01
   7128.00  6.7447404E-01
   7128.33  6.7135037E-01
   7128.67  6.6923623E-01
   7129.00  6.6890361E-01
   7129.33  6.7071410E-01
   7129.67  6.7387011E-01
   7130.00  6.7749308E-01
   7130.33  6.8021534E-01
   7130.67  6.8091602E-01
   7131.00  6.7896286E-01
   7131.33  6.7407465E-01
   7131.67  6.6737085E-01
   7132.00  6.5990697E-01
   7132.33  6.5306800E-01
   7132.67  6.4788362E-01
   7133.00  6.4499478E-01
   7133.33  6.4512229E-01
   7133.67  6.4800238E-01
   7134.00  6.5352196E-01
   7134.33  6.6172462E-01
   7134.67  6.7198308E-01
   7135.00  6.8397841E-01
   7135.33  6.9743040E-01
   7135.67  7.1160009E-01
   7136.00  7.2589736E-01
   7136.33  7.3948093E-01
   7136.67  7.5160456E-01
   7137.00  7.6153430E-01
   7137.33  7.6806559E-01
   7137.67  7.7086382E-01
   7138.00  7.6948313E-01
   7138.33  7.6311923E-01
   7138.67  7.5240843E-01
   7139.00  7.3768528E-01
   7139.33  7.1917459E-01
   7139.67  6.9813222E-01
   7140.00  6.7535098E-01
   7140.33  6.5166448E-01
   7140.67  6.2806649E-01
   7141.00  6.0527121E-01
   7141.33  5.8423871E-01
   7141.67  5.6545880E-01
   7142.00  5.4944038E-01
   7142.33  5.3703768E-01
   7142.67  5.2808022E-01
   7143.00  5.2253592E-01
   7143.33  5.2045566E-01
   7143.67  5.2084429E-01
   7144.00  5.2304220E-01
   7144.33  5.2638236E-01
   7144.67  5.3004122E-01
   7145.00  5.3356160E-01
   7145.33  5.3653462E-01
   7145.67  5.3885272E-01
   7146.00  5.4048310E-01
   7146.33  5.4139320E-01
   7146.67  5.4176233E-01
   7147.00  5.4169312E-01
   7147.33  5.4126782E-01
   7147.67  5.4063873E-01
   7148.00  5.3989013E-01
   7148.33  5.3909852E-01
   7148.67  5.3833196E-01
   7149.00  5.3763141E-01
   7149.33  5.3704321E-01
   7149.67  5.3657572E-01
   7150.00  5.3623816E-01
   7150.33  5.3605391E-01
   7150.67  5.3600874E-01
   7151.00  5.3609775E-01
   7151.33  5.3632440E-01
   7151.67  5.3665726E-01
   7152.00  5.3707936E-01
   7152.33  5.3757563E-01
   7152.67  5.3811093E-01
   7153.00  5.3865959E-01
   7153.33  5.3918644E-01
   7153.67  5.3965896E-01
   7154.00  5.4004634E-01
   7154.33  5.4029736E-01
   7154.67  5.4039200E-01
   7155.00  5.4030152E-01
   7155.33  5.3996848E-01
   7155.67  5.3939370E-01
   7156.00  5.3855870E-01
   7156.33  5.3741214E-01
   7156.67  5.3597752E-01
   7157.00  5.3424999E-01
   7157.33  5.3219205E-01
   7157.67  5.2984368E-01
   7158.00  5.2721081E-01
   7158.33  5.2426983E-01
   7158.67  5.2106981E-01
   7159.00  5.1762678E-01
   7159.33  5.1393504E-01
   7159.67  5.1004679E-01
   7160.00  5.0598369E-01
   7160.33  5.0175201E-01
   7160.67  4.9739588E-01
   7161.00  4.9293813E-01
   7161.33  4.8839619E-01
   7161.67  4.8380668E-01
   7162.00  4.7919310E-01
   7162.33  4.7458178E-01
   7162.67  4.6999746E-01
   7163.00  4.6546061E-01
   7163.33  4.6100154E-01
   7163.67  4.5663227E-01
   7164.00  4.5237041E-01
   7164.33  4.4824892E-01
   7164.67  4.4426606E-01
   7165.00  4.4043228E-01
   7165.33  4.3677797E-01
   7165.67  4.3329176E-01
   7166.00  4.2997911E-01
   7166.33  4.2686657E-01
   7166.67  4.2393493E-01
   7167.00  4.2118594E-01
   7167.33  4.1864303E-01
   7167.67  4.1628152E-01
   7168.00  4.1409842E-01
   7168.33  4.1211105E-01
   7168.67  4.1029276E-01
   7169.00  4.0863891E-01
   7169.33  4.0716268E-01
   7169.67  4.0583684E-01
   7170.00  4.0465561E-01
   7170.33  4.0363007E-01
   7170.67  4.0273639E-01
   7171.00  4.0196911E-01
   7171.33  4.0133461E-01
   7171.67  4.0080562E-01
   7172.00  4.0037757E-01
