    FDMNES
    energy     <xanes>
   7097.00  4.9638519E-03
   7097.33  5.0750199E-03
   7097.67  5.1910067E-03
   7098.00  5.3121269E-03
   7098.33  5.4394767E-03
   7098.67  5.5728124E-03
   7099.00  5.7125593E-03
   7099.33  5.8601375E-03
   7099.67  6.0152934E-03
   7100.00  6.1786163E-03
   7100.33  6.3519929E-03
   7100.67  6.5351778E-03
   7101.00  6.7290128E-03
   7101.33  6.9360797E-03
   7101.67  7.1561830E-03
   7102.00  7.3905689E-03
   7102.33  7.6428984E-03
   7102.67  7.9131190E-03
   7103.00  8.2031562E-03
   7103.33  8.5184331E-03
   7103.67  8.8592505E-03
   7104.00  9.2287458E-03
   7104.33  9.6354013E-03
   7104.67  1.0080372E-02
   7105.00  1.0569122E-02
   7105.33  1.1115880E-02
   7105.67  1.1723937E-02
   7106.00  1.2403680E-02
   7106.33  1.3181305E-02
   7106.67  1.4065916E-02
   7107.00  1.5079767E-02
   7107.33  1.6277837E-02
   7107.67  1.7687509E-02
   7108.00  1.9365632E-02
   7108.33  2.1453044E-02
   7108.67  2.4050220E-02
   7109.00  2.7350188E-02
   7109.33  3.1857856E-02
   7109.67  3.8111701E-02
   7110.00  4.7165613E-02
   7110.33  6.1953965E-02
   7110.67  8.4788189E-02
   7111.00  1.1359024E-01
   7111.33  1.4253238E-01
   7111.67  1.8066040E-01
   7112.00  2.2872164E-01
   7112.33  2.7998788E-01
   7112.67  3.3437242E-01
   7113.00  3.7174984E-01
   7113.33  3.6870037E-01
   7113.67  3.3589434E-01
   7114.00  2.8171503E-01
   7114.33  2.3046659E-01
   7114.67  1.9615116E-01
   7115.00  1.7951856E-01
   7115.33  1.8075802E-01
   7115.67  1.9298363E-01
   7116.00  2.1313671E-01
   7116.33  2.4160936E-01
   7116.67  2.5624153E-01
   7117.00  2.3971322E-01
   7117.33  2.0982828E-01
   7117.67  1.9024211E-01
   7118.00  1.8475376E-01
   7118.33  1.9015023E-01
   7118.67  1.9589089E-01
   7119.00  1.9569316E-01
   7119.33  1.8932536E-01
   7119.67  1.8120477E-01
   7120.00  1.7367514E-01
   7120.33  1.6781991E-01
   7120.67  1.6290936E-01
   7121.00  1.5856429E-01
   7121.33  1.5515906E-01
   7121.67  1.5337786E-01
   7122.00  1.5403508E-01
   7122.33  1.5829357E-01
   7122.67  1.6620513E-01
   7123.00  1.7789837E-01
   7123.33  1.9360497E-01
   7123.67  2.1227535E-01
   7124.00  2.3313225E-01
   7124.33  2.5503177E-01
   7124.67  2.7601760E-01
   7125.00  2.9432833E-01
   7125.33  3.0839575E-01
   7125.67  3.1950463E-01
   7126.00  3.2963682E-01
   7126.33  3.4166771E-01
   7126.67  3.5737627E-01
   7127.00  3.7762350E-01
   7127.33  4.0336880E-01
   7127.67  4.3411438E-01
   7128.00  4.6948081E-01
   7128.33  5.0753447E-01
   7128.67  5.4380241E-01
   7129.00  5.7509790E-01
   7129.33  6.0010772E-01
   7129.67  6.2196535E-01
   7130.00  6.4328924E-01
   7130.33  6.6622965E-01
   7130.67  6.9142121E-01
   7131.00  7.1918520E-01
   7131.33  7.5014345E-01
   7131.67  7.8375140E-01
   7132.00  8.1902273E-01
   7132.33  8.5371443E-01
   7132.67  8.8531254E-01
   7133.00  9.1208994E-01
   7133.33  9.3224761E-01
   7133.67  9.4594378E-01
   7134.00  9.5245790E-01
   7134.33  9.4940955E-01
   7134.67  9.3664009E-01
   7135.00  9.1396079E-01
   7135.33  8.8152204E-01
   7135.67  8.4281296E-01
   7136.00  8.0026765E-01
   7136.33  7.5644867E-01
   7136.67  7.1373177E-01
   7137.00  6.7359103E-01
   7137.33  6.3777186E-01
   7137.67  6.0663378E-01
   7138.00  5.8056451E-01
   7138.33  5.6029448E-01
   7138.67  5.4489949E-01
   7139.00  5.3386799E-01
   7139.33  5.2678371E-01
   7139.67  5.2218034E-01
   7140.00  5.1914974E-01
   7140.33  5.1683627E-01
   7140.67  5.1449179E-01
   7141.00  5.1180083E-01
   7141.33  5.0859921E-01
   7141.67  5.0501884E-01
   7142.00  5.0118529E-01
   7142.33  4.9721306E-01
   7142.67  4.9316932E-01
   7143.00  4.8902203E-01
   7143.33  4.8465923E-01
   7143.67  4.8003770E-01
   7144.00  4.7515745E-01
   7144.33  4.7005043E-01
   7144.67  4.6485178E-01
   7145.00  4.5969164E-01
   7145.33  4.5476144E-01
   7145.67  4.5019348E-01
   7146.00  4.4610791E-01
   7146.33  4.4269974E-01
   7146.67  4.3999370E-01
   7147.00  4.3806517E-01
   7147.33  4.3711663E-01
   7147.67  4.3713450E-01
   7148.00  4.3817842E-01
   7148.33  4.4043189E-01
   7148.67  4.4378799E-01
   7149.00  4.4824414E-01
   7149.33  4.5388841E-01
   7149.67  4.6049409E-01
   7150.00  4.6793962E-01
   7150.33  4.7612580E-01
   7150.67  4.8475618E-01
   7151.00  4.9363112E-01
   7151.33  5.0251478E-01
   7151.67  5.1118617E-01
   7152.00  5.1947835E-01
   7152.33  5.2715861E-01
   7152.67  5.3416833E-01
   7153.00  5.4043451E-01
   7153.33  5.4582103E-01
   7153.67  5.5043739E-01
   7154.00  5.5432952E-01
   7154.33  5.5750434E-01
   7154.67  5.6015060E-01
   7155.00  5.6236834E-01
   7155.33  5.6423073E-01
   7155.67  5.6587724E-01
   7156.00  5.6737958E-01
   7156.33  5.6879340E-01
   7156.67  5.7017468E-01
   7157.00  5.7154890E-01
   7157.33  5.7293296E-01
   7157.67  5.7433026E-01
   7158.00  5.7573899E-01
   7158.33  5.7715252E-01
   7158.67  5.7855859E-01
   7159.00  5.7994444E-01
   7159.33  5.8129068E-01
   7159.67  5.8258964E-01
   7160.00  5.8383427E-01
   7160.33  5.8501131E-01
   7160.67  5.8612299E-01
   7161.00  5.8716712E-01
   7161.33  5.8813487E-01
   7161.67  5.8903120E-01
   7162.00  5.8984894E-01
   7162.33  5.9056335E-01
   7162.67  5.9115997E-01
   7163.00  5.9160382E-01
   7163.33  5.9182018E-01
   7163.67  5.9178719E-01
   7164.00  5.9146694E-01
   7164.33  5.9076495E-01
   7164.67  5.8967197E-01
   7165.00  5.8815219E-01
   7165.33  5.8611964E-01
   7165.67  5.8361644E-01
   7166.00  5.8064152E-01
   7166.33  5.7714903E-01
   7166.67  5.7321943E-01
   7167.00  5.6887858E-01
   7167.33  5.6411519E-01
   7167.67  5.5901732E-01
   7168.00  5.5362336E-01
   7168.33  5.4794768E-01
   7168.67  5.4206853E-01
   7169.00  5.3603201E-01
   7169.33  5.2989415E-01
   7169.67  5.2373514E-01
   7170.00  5.1760942E-01
   7170.33  5.1159723E-01
   7170.67  5.0576606E-01
   7171.00  5.0020142E-01
   7171.33  4.9509052E-01
   7171.67  4.9059562E-01
   7172.00  4.8696978E-01
