    FDMNES
    energy     <xanes>
   7097.00  4.8669194E-03
   7097.33  4.9749714E-03
   7097.67  5.0875348E-03
   7098.00  5.2048920E-03
   7098.33  5.3280486E-03
   7098.67  5.4567609E-03
   7099.00  5.5914074E-03
   7099.33  5.7332797E-03
   7099.67  5.8821215E-03
   7100.00  6.0384545E-03
   7100.33  6.2039800E-03
   7100.67  6.3784460E-03
   7101.00  6.5625946E-03
   7101.33  6.7587378E-03
   7101.67  6.9666661E-03
   7102.00  7.1874776E-03
   7102.33  7.4244376E-03
   7102.67  7.6774670E-03
   7103.00  7.9482716E-03
   7103.33  8.2416908E-03
   7103.67  8.5579832E-03
   7104.00  8.8999633E-03
   7104.33  9.2752637E-03
   7104.67  9.6849916E-03
   7105.00  1.0134166E-02
   7105.33  1.0635848E-02
   7105.67  1.1193366E-02
   7106.00  1.1816634E-02
   7106.33  1.2530604E-02
   7106.67  1.3344996E-02
   7107.00  1.4282326E-02
   7107.33  1.5398223E-02
   7107.67  1.6723915E-02
   7108.00  1.8321851E-02
   7108.33  2.0347792E-02
   7108.67  2.2925928E-02
   7109.00  2.6291248E-02
   7109.33  3.1068060E-02
   7109.67  3.7978079E-02
   7110.00  4.8440819E-02
   7110.33  6.6567884E-02
   7110.67  9.6821819E-02
   7111.00  1.4041428E-01
   7111.33  1.8344982E-01
   7111.67  2.0587113E-01
   7112.00  2.0375891E-01
   7112.33  1.8844861E-01
   7112.67  1.6586662E-01
   7113.00  1.4251694E-01
   7113.33  1.2344774E-01
   7113.67  1.0911990E-01
   7114.00  1.0059980E-01
   7114.33  9.8384580E-02
   7114.67  1.0071355E-01
   7115.00  1.0693064E-01
   7115.33  1.1773989E-01
   7115.67  1.3373542E-01
   7116.00  1.5607778E-01
   7116.33  1.8687541E-01
   7116.67  2.2587273E-01
   7117.00  2.7275330E-01
   7117.33  3.2523203E-01
   7117.67  3.7517690E-01
   7118.00  4.1068040E-01
   7118.33  4.1464635E-01
   7118.67  3.9562403E-01
   7119.00  3.6906561E-01
   7119.33  3.4864966E-01
   7119.67  3.3846654E-01
   7120.00  3.3796299E-01
   7120.33  3.4481959E-01
   7120.67  3.5527597E-01
   7121.00  3.6760824E-01
   7121.33  3.8018414E-01
   7121.67  3.9154153E-01
   7122.00  4.0083660E-01
   7122.33  4.0719872E-01
   7122.67  4.1148650E-01
   7123.00  4.1539298E-01
   7123.33  4.2119915E-01
   7123.67  4.2950671E-01
   7124.00  4.3998969E-01
   7124.33  4.5197116E-01
   7124.67  4.6465710E-01
   7125.00  4.7794869E-01
   7125.33  4.9230321E-01
   7125.67  5.0805777E-01
   7126.00  5.2509361E-01
   7126.33  5.4188745E-01
   7126.67  5.5597454E-01
   7127.00  5.6594138E-01
   7127.33  5.7191672E-01
   7127.67  5.7662746E-01
   7128.00  5.8202383E-01
   7128.33  5.8921643E-01
   7128.67  5.9705290E-01
   7129.00  6.0364495E-01
   7129.33  6.0634147E-01
   7129.67  6.0451145E-01
   7130.00  5.9834350E-01
   7130.33  5.8828211E-01
   7130.67  5.7574345E-01
   7131.00  5.6148127E-01
   7131.33  5.4611122E-01
   7131.67  5.3033344E-01
   7132.00  5.1455192E-01
   7132.33  4.9926252E-01
   7132.67  4.8485780E-01
   7133.00  4.7172651E-01
   7133.33  4.6049638E-01
   7133.67  4.5124462E-01
   7134.00  4.4406057E-01
   7134.33  4.3911816E-01
   7134.67  4.3597657E-01
   7135.00  4.3445121E-01
   7135.33  4.3453624E-01
   7135.67  4.3590802E-01
   7136.00  4.3845943E-01
   7136.33  4.4220082E-01
   7136.67  4.4687515E-01
   7137.00  4.5236807E-01
   7137.33  4.5861109E-01
   7137.67  4.6535302E-01
   7138.00  4.7246519E-01
   7138.33  4.7988783E-01
   7138.67  4.8755000E-01
   7139.00  4.9543300E-01
   7139.33  5.0349386E-01
   7139.67  5.1156798E-01
   7140.00  5.1945713E-01
   7140.33  5.2681603E-01
   7140.67  5.3343052E-01
   7141.00  5.3914735E-01
   7141.33  5.4382844E-01
   7141.67  5.4773329E-01
   7142.00  5.5107320E-01
   7142.33  5.5407480E-01
   7142.67  5.5697840E-01
   7143.00  5.5987151E-01
   7143.33  5.6275973E-01
   7143.67  5.6557338E-01
   7144.00  5.6822513E-01
   7144.33  5.7059594E-01
   7144.67  5.7267584E-01
   7145.00  5.7447436E-01
   7145.33  5.7601505E-01
   7145.67  5.7740100E-01
   7146.00  5.7869549E-01
   7146.33  5.7994567E-01
   7146.67  5.8117332E-01
   7147.00  5.8237265E-01
   7147.33  5.8351699E-01
   7147.67  5.8457658E-01
   7148.00  5.8550641E-01
   7148.33  5.8621373E-01
   7148.67  5.8665110E-01
   7149.00  5.8676664E-01
   7149.33  5.8647883E-01
   7149.67  5.8582089E-01
   7150.00  5.8480239E-01
   7150.33  5.8341289E-01
   7150.67  5.8173282E-01
   7151.00  5.7979059E-01
   7151.33  5.7757093E-01
   7151.67  5.7509632E-01
   7152.00  5.7234323E-01
   7152.33  5.6923550E-01
   7152.67  5.6578120E-01
   7153.00  5.6197031E-01
   7153.33  5.5777785E-01
   7153.67  5.5329800E-01
   7154.00  5.4859773E-01
   7154.33  5.4375281E-01
   7154.67  5.3887184E-01
   7155.00  5.3402331E-01
   7155.33  5.2927717E-01
   7155.67  5.2465717E-01
   7156.00  5.2017638E-01
   7156.33  5.1584976E-01
   7156.67  5.1164490E-01
   7157.00  5.0754353E-01
   7157.33  5.0353241E-01
   7157.67  4.9957939E-01
   7158.00  4.9566995E-01
   7158.33  4.9180124E-01
   7158.67  4.8797453E-01
   7159.00  4.8420434E-01
   7159.33  4.8052469E-01
   7159.67  4.7695474E-01
   7160.00  4.7352072E-01
   7160.33  4.7027216E-01
   7160.67  4.6721212E-01
   7161.00  4.6435390E-01
   7161.33  4.6172998E-01
   7161.67  4.5931218E-01
   7162.00  4.5709379E-01
   7162.33  4.5508677E-01
   7162.67  4.5325401E-01
   7163.00  4.5158319E-01
   7163.33  4.5007964E-01
   7163.67  4.4871540E-01
   7164.00  4.4748617E-01
   7164.33  4.4640620E-01
   7164.67  4.4545869E-01
   7165.00  4.4464524E-01
   7165.33  4.4398499E-01
   7165.67  4.4346111E-01
   7166.00  4.4307114E-01
   7166.33  4.4282389E-01
   7166.67  4.4269087E-01
   7167.00  4.4265760E-01
   7167.33  4.4271530E-01
   7167.67  4.4283483E-01
   7168.00  4.4300068E-01
   7168.33  4.4320039E-01
   7168.67  4.4341717E-01
   7169.00  4.4364280E-01
   7169.33  4.4387170E-01
   7169.67  4.4410089E-01
   7170.00  4.4432995E-01
   7170.33  4.4456001E-01
   7170.67  4.4479232E-01
   7171.00  4.4502677E-01
   7171.33  4.4525834E-01
   7171.67  4.4547300E-01
   7172.00  4.4564906E-01
