    FDMNES
    energy     <xanes>
   7097.00  4.5963870E-03
   7097.33  4.6845120E-03
   7097.67  4.7757637E-03
   7098.00  4.8703111E-03
   7098.33  4.9688077E-03
   7098.67  5.0710504E-03
   7099.00  5.1772599E-03
   7099.33  5.2882501E-03
   7099.67  5.4038032E-03
   7100.00  5.5242156E-03
   7100.33  5.6505262E-03
   7100.67  5.7825098E-03
   7101.00  5.9205783E-03
   7101.33  6.0660994E-03
   7101.67  6.2188595E-03
   7102.00  6.3794555E-03
   7102.33  6.5497616E-03
   7102.67  6.7296208E-03
   7103.00  6.9199463E-03
   7103.33  7.1234426E-03
   7103.67  7.3401204E-03
   7104.00  7.5714745E-03
   7104.33  7.8216868E-03
   7104.67  8.0912175E-03
   7105.00  8.3827392E-03
   7105.33  8.7033456E-03
   7105.67  9.0547304E-03
   7106.00  9.4422599E-03
   7106.33  9.8795894E-03
   7106.67  1.0372126E-02
   7107.00  1.0932475E-02
   7107.33  1.1592006E-02
   7107.67  1.2369319E-02
   7108.00  1.3301391E-02
   7108.33  1.4481467E-02
   7108.67  1.5989479E-02
   7109.00  1.7977176E-02
   7109.33  2.0857000E-02
   7109.67  2.5143533E-02
   7110.00  3.1860839E-02
   7110.33  4.3937259E-02
   7110.67  6.3525084E-02
   7111.00  8.6327554E-02
   7111.33  9.8100059E-02
   7111.67  1.0149486E-01
   7112.00  9.2427809E-02
   7112.33  7.5476305E-02
   7112.67  6.3674613E-02
   7113.00  5.6994218E-02
   7113.33  5.2561812E-02
   7113.67  4.8944724E-02
   7114.00  4.6684463E-02
   7114.33  4.5804241E-02
   7114.67  4.5805172E-02
   7115.00  4.6531733E-02
   7115.33  4.7970953E-02
   7115.67  5.0013890E-02
   7116.00  5.2677673E-02
   7116.33  5.6109950E-02
   7116.67  6.0326378E-02
   7117.00  6.5439121E-02
   7117.33  7.1730156E-02
   7117.67  7.9226332E-02
   7118.00  8.8058113E-02
   7118.33  9.8573857E-02
   7118.67  1.1083846E-01
   7119.00  1.2525644E-01
   7119.33  1.4302033E-01
   7119.67  1.6497430E-01
   7120.00  1.9242613E-01
   7120.33  2.2803672E-01
   7120.67  2.7268965E-01
   7121.00  3.2742611E-01
   7121.33  3.9265792E-01
   7121.67  4.6252444E-01
   7122.00  5.2952533E-01
   7122.33  5.8259762E-01
   7122.67  6.1817776E-01
   7123.00  6.3704686E-01
   7123.33  6.4224921E-01
   7123.67  6.4068118E-01
   7124.00  6.3643645E-01
   7124.33  6.3368258E-01
   7124.67  6.3518643E-01
   7125.00  6.4200563E-01
   7125.33  6.5422970E-01
   7125.67  6.7037765E-01
   7126.00  6.9035777E-01
   7126.33  7.1468151E-01
   7126.67  7.4208659E-01
   7127.00  7.7103743E-01
   7127.33  7.9885838E-01
   7127.67  8.2283802E-01
   7128.00  8.4089115E-01
   7128.33  8.5074323E-01
   7128.67  8.5325769E-01
   7129.00  8.4921052E-01
   7129.33  8.3936649E-01
   7129.67  8.2580822E-01
   7130.00  8.0951820E-01
   7130.33  7.9147311E-01
   7130.67  7.7328352E-01
   7131.00  7.5597675E-01
   7131.33  7.3970536E-01
   7131.67  7.2314214E-01
   7132.00  7.0545912E-01
   7132.33  6.8689547E-01
   7132.67  6.6862864E-01
   7133.00  6.5139211E-01
   7133.33  6.3569898E-01
   7133.67  6.2134765E-01
   7134.00  6.0820831E-01
   7134.33  5.9628450E-01
   7134.67  5.8537524E-01
   7135.00  5.7546356E-01
   7135.33  5.6665803E-01
   7135.67  5.5880573E-01
   7136.00  5.5185960E-01
   7136.33  5.4581000E-01
   7136.67  5.4041458E-01
   7137.00  5.3555177E-01
   7137.33  5.3114389E-01
   7137.67  5.2703168E-01
   7138.00  5.2313816E-01
   7138.33  5.1940828E-01
   7138.67  5.1576511E-01
   7139.00  5.1216689E-01
   7139.33  5.0857104E-01
   7139.67  5.0493735E-01
   7140.00  5.0123578E-01
   7140.33  4.9743886E-01
   7140.67  4.9355796E-01
   7141.00  4.8959553E-01
   7141.33  4.8554192E-01
   7141.67  4.8140600E-01
   7142.00  4.7718609E-01
   7142.33  4.7286960E-01
   7142.67  4.6846631E-01
   7143.00  4.6397622E-01
   7143.33  4.5938817E-01
   7143.67  4.5471174E-01
   7144.00  4.4994480E-01
   7144.33  4.4507112E-01
   7144.67  4.4009618E-01
   7145.00  4.3501279E-01
   7145.33  4.2979571E-01
   7145.67  4.2444824E-01
   7146.00  4.1896039E-01
   7146.33  4.1330223E-01
   7146.67  4.0748374E-01
   7147.00  4.0150078E-01
   7147.33  3.9533415E-01
   7147.67  3.8901402E-01
   7148.00  3.8255660E-01
   7148.33  3.7597720E-01
   7148.67  3.6933052E-01
   7149.00  3.6266214E-01
   7149.33  3.5604165E-01
   7149.67  3.4953978E-01
   7150.00  3.4323050E-01
   7150.33  3.3724293E-01
   7150.67  3.3163851E-01
   7151.00  3.2650007E-01
   7151.33  3.2198796E-01
   7151.67  3.1811191E-01
   7152.00  3.1492586E-01
   7152.33  3.1255809E-01
   7152.67  3.1092363E-01
   7153.00  3.1000475E-01
   7153.33  3.0984064E-01
   7153.67  3.1027894E-01
   7154.00  3.1124757E-01
   7154.33  3.1271053E-01
   7154.67  3.1452145E-01
   7155.00  3.1660609E-01
   7155.33  3.1891237E-01
   7155.67  3.2135269E-01
   7156.00  3.2388545E-01
   7156.33  3.2648414E-01
   7156.67  3.2912205E-01
   7157.00  3.3179325E-01
   7157.33  3.3450669E-01
   7157.67  3.3727137E-01
   7158.00  3.4010483E-01
   7158.33  3.4304509E-01
   7158.67  3.4611080E-01
   7159.00  3.4932996E-01
   7159.33  3.5275959E-01
   7159.67  3.5640993E-01
   7160.00  3.6030926E-01
   7160.33  3.6452453E-01
   7160.67  3.6905042E-01
   7161.00  3.7390961E-01
   7161.33  3.7916866E-01
   7161.67  3.8479935E-01
   7162.00  3.9080982E-01
   7162.33  3.9724969E-01
   7162.67  4.0406348E-01
   7163.00  4.1123632E-01
   7163.33  4.1878352E-01
   7163.67  4.2662722E-01
   7164.00  4.3472822E-01
   7164.33  4.4305904E-01
   7164.67  4.5153490E-01
   7165.00  4.6009721E-01
   7165.33  4.6867318E-01
   7165.67  4.7719155E-01
   7166.00  4.8559600E-01
   7166.33  4.9380282E-01
   7166.67  5.0177737E-01
   7167.00  5.0947582E-01
   7167.33  5.1681489E-01
   7167.67  5.2379978E-01
   7168.00  5.3040716E-01
   7168.33  5.3656828E-01
   7168.67  5.4232119E-01
   7169.00  5.4765997E-01
   7169.33  5.5252933E-01
   7169.67  5.5698215E-01
   7170.00  5.6102088E-01
   7170.33  5.6459824E-01
   7170.67  5.6777098E-01
   7171.00  5.7054332E-01
   7171.33  5.7286727E-01
   7171.67  5.7478825E-01
   7172.00  5.7630044E-01
