    FDMNES
    energy     <xanes>
   7097.00  4.6265298E-03
   7097.33  4.7216867E-03
   7097.67  4.8203629E-03
   7098.00  4.9227476E-03
   7098.33  5.0295728E-03
   7098.67  5.1406056E-03
   7099.00  5.2560886E-03
   7099.33  5.3769247E-03
   7099.67  5.5028578E-03
   7100.00  5.6342056E-03
   7100.33  5.7721022E-03
   7100.67  5.9162707E-03
   7101.00  6.0671372E-03
   7101.33  6.2261586E-03
   7101.67  6.3930455E-03
   7102.00  6.5683874E-03
   7102.33  6.7541081E-03
   7102.67  6.9499291E-03
   7103.00  7.1566976E-03
   7103.33  7.3770468E-03
   7103.67  7.6107661E-03
   7104.00  7.8591357E-03
   7104.33  8.1259361E-03
   7104.67  8.4111676E-03
   7105.00  8.7168993E-03
   7105.33  9.0489307E-03
   7105.67  9.4078548E-03
   7106.00  9.7973441E-03
   7106.33  1.0227196E-02
   7106.67  1.0699731E-02
   7107.00  1.1222424E-02
   7107.33  1.1814444E-02
   7107.67  1.2483881E-02
   7108.00  1.3249458E-02
   7108.33  1.4158658E-02
   7108.67  1.5244259E-02
   7109.00  1.6571665E-02
   7109.33  1.8315405E-02
   7109.67  2.0668237E-02
   7110.00  2.4014874E-02
   7110.33  2.9460197E-02
   7110.67  3.8027182E-02
   7111.00  4.9085312E-02
   7111.33  5.6882162E-02
   7111.67  6.1836355E-02
   7112.00  6.8152148E-02
   7112.33  7.7070212E-02
   7112.67  8.5010641E-02
   7113.00  8.6524263E-02
   7113.33  7.9283047E-02
   7113.67  7.0834991E-02
   7114.00  6.5527034E-02
   7114.33  6.4921635E-02
   7114.67  6.8079623E-02
   7115.00  7.4799236E-02
   7115.33  8.5954679E-02
   7115.67  1.0223860E-01
   7116.00  1.2552473E-01
   7116.33  1.6088573E-01
   7116.67  2.1317223E-01
   7117.00  2.8989766E-01
   7117.33  4.0205418E-01
   7117.67  5.3070907E-01
   7118.00  6.2300668E-01
   7118.33  6.0607943E-01
   7118.67  5.2467886E-01
   7119.00  4.3766797E-01
   7119.33  3.7912286E-01
   7119.67  3.4819851E-01
   7120.00  3.4059909E-01
   7120.33  3.5185249E-01
   7120.67  3.7246851E-01
   7121.00  3.9721296E-01
   7121.33  4.2388546E-01
   7121.67  4.5041231E-01
   7122.00  4.7065832E-01
   7122.33  4.7276776E-01
   7122.67  4.5769345E-01
   7123.00  4.3406908E-01
   7123.33  4.1295379E-01
   7123.67  3.9845128E-01
   7124.00  3.9059179E-01
   7124.33  3.8934000E-01
   7124.67  3.9360899E-01
   7125.00  4.0347985E-01
   7125.33  4.2022406E-01
   7125.67  4.4413232E-01
   7126.00  4.7658954E-01
   7126.33  5.2074435E-01
   7126.67  5.7612481E-01
   7127.00  6.4044470E-01
   7127.33  7.0481624E-01
   7127.67  7.5513787E-01
   7128.00  7.8110899E-01
   7128.33  7.7791658E-01
   7128.67  7.5673356E-01
   7129.00  7.2490943E-01
   7129.33  6.8657697E-01
   7129.67  6.4479816E-01
   7130.00  6.0135613E-01
   7130.33  5.5880139E-01
   7130.67  5.1946509E-01
   7131.00  4.8500002E-01
   7131.33  4.5737700E-01
   7131.67  4.3635346E-01
   7132.00  4.2200382E-01
   7132.33  4.1509832E-01
   7132.67  4.1484925E-01
   7133.00  4.2138706E-01
   7133.33  4.3555048E-01
   7133.67  4.5590129E-01
   7134.00  4.8123493E-01
   7134.33  5.0966365E-01
   7134.67  5.3793183E-01
   7135.00  5.6329980E-01
   7135.33  5.8211246E-01
   7135.67  5.9287960E-01
   7136.00  5.9458161E-01
   7136.33  5.8648691E-01
   7136.67  5.7201461E-01
   7137.00  5.5428561E-01
   7137.33  5.3690206E-01
   7137.67  5.2221126E-01
   7138.00  5.1116996E-01
   7138.33  5.0448953E-01
   7138.67  5.0138935E-01
   7139.00  5.0143985E-01
   7139.33  5.0441936E-01
   7139.67  5.0947658E-01
   7140.00  5.1619163E-01
   7140.33  5.2424273E-01
   7140.67  5.3299900E-01
   7141.00  5.4201341E-01
   7141.33  5.5068028E-01
   7141.67  5.5844497E-01
   7142.00  5.6481701E-01
   7142.33  5.6907468E-01
   7142.67  5.7112100E-01
   7143.00  5.7082939E-01
   7143.33  5.6796041E-01
   7143.67  5.6303052E-01
   7144.00  5.5632380E-01
   7144.33  5.4800268E-01
   7144.67  5.3858709E-01
   7145.00  5.2838899E-01
   7145.33  5.1775424E-01
   7145.67  5.0714452E-01
   7146.00  4.9690266E-01
   7146.33  4.8746071E-01
   7146.67  4.7897484E-01
   7147.00  4.7156007E-01
   7147.33  4.6537735E-01
   7147.67  4.6021708E-01
   7148.00  4.5596465E-01
   7148.33  4.5255025E-01
   7148.67  4.4971649E-01
   7149.00  4.4733968E-01
   7149.33  4.4535122E-01
   7149.67  4.4363425E-01
   7150.00  4.4215287E-01
   7150.33  4.4091613E-01
   7150.67  4.3989520E-01
   7151.00  4.3909652E-01
   7151.33  4.3855915E-01
   7151.67  4.3826373E-01
   7152.00  4.3821904E-01
   7152.33  4.3846737E-01
   7152.67  4.3898172E-01
   7153.00  4.3975908E-01
   7153.33  4.4080826E-01
   7153.67  4.4204936E-01
   7154.00  4.4341413E-01
   7154.33  4.4479984E-01
   7154.67  4.4608670E-01
   7155.00  4.4718381E-01
   7155.33  4.4799161E-01
   7155.67  4.4853414E-01
   7156.00  4.4885285E-01
   7156.33  4.4902051E-01
   7156.67  4.4916112E-01
   7157.00  4.4935694E-01
   7157.33  4.4968239E-01
   7157.67  4.5012904E-01
   7158.00  4.5065641E-01
   7158.33  4.5117316E-01
   7158.67  4.5156759E-01
   7159.00  4.5174712E-01
   7159.33  4.5159749E-01
   7159.67  4.5113049E-01
   7160.00  4.5036624E-01
   7160.33  4.4933317E-01
   7160.67  4.4814392E-01
   7161.00  4.4687645E-01
   7161.33  4.4561863E-01
   7161.67  4.4444401E-01
   7162.00  4.4340331E-01
   7162.33  4.4256152E-01
   7162.67  4.4192307E-01
   7163.00  4.4149816E-01
   7163.33  4.4131131E-01
   7163.67  4.4132228E-01
   7164.00  4.4151203E-01
   7164.33  4.4187032E-01
   7164.67  4.4234388E-01
   7165.00  4.4290081E-01
   7165.33  4.4350906E-01
   7165.67  4.4412648E-01
   7166.00  4.4472434E-01
   7166.33  4.4526796E-01
   7166.67  4.4574185E-01
   7167.00  4.4613455E-01
   7167.33  4.4643180E-01
   7167.67  4.4665116E-01
   7168.00  4.4680699E-01
   7168.33  4.4692190E-01
   7168.67  4.4703801E-01
   7169.00  4.4719364E-01
   7169.33  4.4744728E-01
   7169.67  4.4783337E-01
   7170.00  4.4838463E-01
   7170.33  4.4915002E-01
   7170.67  4.5011070E-01
   7171.00  4.5124907E-01
   7171.33  4.5252202E-01
   7171.67  4.5379361E-01
   7172.00  4.5490024E-01
