    FDMNES
    energy     <xanes>
   7097.00  4.6592052E-03
   7097.33  4.7550748E-03
   7097.67  4.8545976E-03
   7098.00  4.9579836E-03
   7098.33  5.0660162E-03
   7098.67  5.1784735E-03
   7099.00  5.2956323E-03
   7099.33  5.4184801E-03
   7099.67  5.5467798E-03
   7100.00  5.6809067E-03
   7100.33  5.8221363E-03
   7100.67  5.9702267E-03
   7101.00  6.1257032E-03
   7101.33  6.2902655E-03
   7101.67  6.4636912E-03
   7102.00  6.6467470E-03
   7102.33  6.8417871E-03
   7102.67  7.0486679E-03
   7103.00  7.2685669E-03
   7103.33  7.5049136E-03
   7103.67  7.7577840E-03
   7104.00  8.0291090E-03
   7104.33  8.3242260E-03
   7104.67  8.6437889E-03
   7105.00  8.9912429E-03
   7105.33  9.3756673E-03
   7105.67  9.7992827E-03
   7106.00  1.0268971E-02
   7106.33  1.0802184E-02
   7106.67  1.1405831E-02
   7107.00  1.2095966E-02
   7107.33  1.2912507E-02
   7107.67  1.3879002E-02
   7108.00  1.5042345E-02
   7108.33  1.6520888E-02
   7108.67  1.8416214E-02
   7109.00  2.0921829E-02
   7109.33  2.4566042E-02
   7109.67  3.0015393E-02
   7110.00  3.8600999E-02
   7110.33  5.4096682E-02
   7110.67  7.8713281E-02
   7111.00  1.0423168E-01
   7111.33  1.0921321E-01
   7111.67  1.0663074E-01
   7112.00  1.0472970E-01
   7112.33  1.0625418E-01
   7112.67  1.0939115E-01
   7113.00  1.0970005E-01
   7113.33  1.0455893E-01
   7113.67  9.4549674E-02
   7114.00  8.2541845E-02
   7114.33  7.3398109E-02
   7114.67  6.7827697E-02
   7115.00  6.5131503E-02
   7115.33  6.4906375E-02
   7115.67  6.6688438E-02
   7116.00  7.0585748E-02
   7116.33  7.7315278E-02
   7116.67  8.7350499E-02
   7117.00  1.0177897E-01
   7117.33  1.2317963E-01
   7117.67  1.5268389E-01
   7118.00  1.9044404E-01
   7118.33  2.3103290E-01
   7118.67  2.6085852E-01
   7119.00  2.7149582E-01
   7119.33  2.6654152E-01
   7119.67  2.6084762E-01
   7120.00  2.6241305E-01
   7120.33  2.7718075E-01
   7120.67  3.0540166E-01
   7121.00  3.4666377E-01
   7121.33  3.9789773E-01
   7121.67  4.5070550E-01
   7122.00  5.0076041E-01
   7122.33  5.4856485E-01
   7122.67  5.9771899E-01
   7123.00  6.4889835E-01
   7123.33  6.9801176E-01
   7123.67  7.3846254E-01
   7124.00  7.6632057E-01
   7124.33  7.8199515E-01
   7124.67  7.9238171E-01
   7125.00  8.0064534E-01
   7125.33  8.0710153E-01
   7125.67  8.0989456E-01
   7126.00  8.0641098E-01
   7126.33  7.9489656E-01
   7126.67  7.7853382E-01
   7127.00  7.5953083E-01
   7127.33  7.3812117E-01
   7127.67  7.1329112E-01
   7128.00  6.8407028E-01
   7128.33  6.5066478E-01
   7128.67  6.1629092E-01
   7129.00  5.8394710E-01
   7129.33  5.5683551E-01
   7129.67  5.3526866E-01
   7130.00  5.1890119E-01
   7130.33  5.0733864E-01
   7130.67  4.9909422E-01
   7131.00  4.9349401E-01
   7131.33  4.9017732E-01
   7131.67  4.8844022E-01
   7132.00  4.8802506E-01
   7132.33  4.8888200E-01
   7132.67  4.9069214E-01
   7133.00  4.9323933E-01
   7133.33  4.9624262E-01
   7133.67  4.9929966E-01
   7134.00  5.0213770E-01
   7134.33  5.0441368E-01
   7134.67  5.0593804E-01
   7135.00  5.0654189E-01
   7135.33  5.0599707E-01
   7135.67  5.0447548E-01
   7136.00  5.0216814E-01
   7136.33  4.9939654E-01
   7136.67  4.9664984E-01
   7137.00  4.9427110E-01
   7137.33  4.9264598E-01
   7137.67  4.9187863E-01
   7138.00  4.9205505E-01
   7138.33  4.9333268E-01
   7138.67  4.9556701E-01
   7139.00  4.9869753E-01
   7139.33  5.0270588E-01
   7139.67  5.0733325E-01
   7140.00  5.1240736E-01
   7140.33  5.1772033E-01
   7140.67  5.2301000E-01
   7141.00  5.2811293E-01
   7141.33  5.3281826E-01
   7141.67  5.3699622E-01
   7142.00  5.4049280E-01
   7142.33  5.4302746E-01
   7142.67  5.4455475E-01
   7143.00  5.4497425E-01
   7143.33  5.4407092E-01
   7143.67  5.4198448E-01
   7144.00  5.3875726E-01
   7144.33  5.3435593E-01
   7144.67  5.2904369E-01
   7145.00  5.2294775E-01
   7145.33  5.1613553E-01
   7145.67  5.0882129E-01
   7146.00  5.0110768E-01
   7146.33  4.9306473E-01
   7146.67  4.8482916E-01
   7147.00  4.7649070E-01
   7147.33  4.6816480E-01
   7147.67  4.5996811E-01
   7148.00  4.5200010E-01
   7148.33  4.4440786E-01
   7148.67  4.3723296E-01
   7149.00  4.3052262E-01
   7149.33  4.2436059E-01
   7149.67  4.1867701E-01
   7150.00  4.1344512E-01
   7150.33  4.0867214E-01
   7150.67  4.0426004E-01
   7151.00  4.0017180E-01
   7151.33  3.9640605E-01
   7151.67  3.9289588E-01
   7152.00  3.8961796E-01
   7152.33  3.8657249E-01
   7152.67  3.8370768E-01
   7153.00  3.8099922E-01
   7153.33  3.7843354E-01
   7153.67  3.7596831E-01
   7154.00  3.7358459E-01
   7154.33  3.7127289E-01
   7154.67  3.6901507E-01
   7155.00  3.6680962E-01
   7155.33  3.6466916E-01
   7155.67  3.6259732E-01
   7156.00  3.6060597E-01
   7156.33  3.5872108E-01
   7156.67  3.5694394E-01
   7157.00  3.5528400E-01
   7157.33  3.5376452E-01
   7157.67  3.5237472E-01
   7158.00  3.5111778E-01
   7158.33  3.5001503E-01
   7158.67  3.4905706E-01
   7159.00  3.4825650E-01
   7159.33  3.4766112E-01
   7159.67  3.4728545E-01
   7160.00  3.4717129E-01
   7160.33  3.4741654E-01
   7160.67  3.4804295E-01
   7161.00  3.4909953E-01
   7161.33  3.5069078E-01
   7161.67  3.5278495E-01
   7162.00  3.5538848E-01
   7162.33  3.5854120E-01
   7162.67  3.6213940E-01
   7163.00  3.6614550E-01
   7163.33  3.7056435E-01
   7163.67  3.7530811E-01
   7164.00  3.8033983E-01
   7164.33  3.8564768E-01
   7164.67  3.9115941E-01
   7165.00  3.9684037E-01
   7165.33  4.0266866E-01
   7165.67  4.0859158E-01
   7166.00  4.1457895E-01
   7166.33  4.2060004E-01
   7166.67  4.2661708E-01
   7167.00  4.3260171E-01
   7167.33  4.3851491E-01
   7167.67  4.4433575E-01
   7168.00  4.5004187E-01
   7168.33  4.5559428E-01
   7168.67  4.6099272E-01
   7169.00  4.6622600E-01
   7169.33  4.7126333E-01
   7169.67  4.7612008E-01
   7170.00  4.8079107E-01
   7170.33  4.8524407E-01
   7170.67  4.8948795E-01
   7171.00  4.9349640E-01
   7171.33  4.9716966E-01
   7171.67  5.0041721E-01
   7172.00  5.0306526E-01
