    FDMNES
    energy     <xanes>
   7097.00  4.7236191E-03
   7097.33  4.8275903E-03
   7097.67  4.9359512E-03
   7098.00  5.0489825E-03
   7098.33  5.1676728E-03
   7098.67  5.2917929E-03
   7099.00  5.4217212E-03
   7099.33  5.5587338E-03
   7099.67  5.7025918E-03
   7100.00  5.8538188E-03
   7100.33  6.0141055E-03
   7100.67  6.1832197E-03
   7101.00  6.3619099E-03
   7101.33  6.5524851E-03
   7101.67  6.7547595E-03
   7102.00  6.9698433E-03
   7102.33  7.2010114E-03
   7102.67  7.4482115E-03
   7103.00  7.7131683E-03
   7103.33  8.0007467E-03
   7103.67  8.3112302E-03
   7104.00  8.6474545E-03
   7104.33  9.0170824E-03
   7104.67  9.4212214E-03
   7105.00  9.8648826E-03
   7105.33  1.0361084E-02
   7105.67  1.0913039E-02
   7106.00  1.1530474E-02
   7106.33  1.2237861E-02
   7106.67  1.3044285E-02
   7107.00  1.3971219E-02
   7107.33  1.5071643E-02
   7107.67  1.6373666E-02
   7108.00  1.7934345E-02
   7108.33  1.9895279E-02
   7108.67  2.2363023E-02
   7109.00  2.5540123E-02
   7109.33  2.9958690E-02
   7109.67  3.6204515E-02
   7110.00  4.5423791E-02
   7110.33  6.0890927E-02
   7110.67  8.6014498E-02
   7111.00  1.2169574E-01
   7111.33  1.5917938E-01
   7111.67  1.8866304E-01
   7112.00  2.1440373E-01
   7112.33  2.4591884E-01
   7112.67  2.6670929E-01
   7113.00  2.5651554E-01
   7113.33  2.2382379E-01
   7113.67  1.8707693E-01
   7114.00  1.5261607E-01
   7114.33  1.3138295E-01
   7114.67  1.2565697E-01
   7115.00  1.3508424E-01
   7115.33  1.5861175E-01
   7115.67  1.8370452E-01
   7116.00  1.9261670E-01
   7116.33  1.7408369E-01
   7116.67  1.4832509E-01
   7117.00  1.2891890E-01
   7117.33  1.2099145E-01
   7117.67  1.2267836E-01
   7118.00  1.3405865E-01
   7118.33  1.5848666E-01
   7118.67  1.9841368E-01
   7119.00  2.5753401E-01
   7119.33  3.3377363E-01
   7119.67  3.9849477E-01
   7120.00  4.2123905E-01
   7120.33  3.9641750E-01
   7120.67  3.5936758E-01
   7121.00  3.2777105E-01
   7121.33  3.0720260E-01
   7121.67  2.9401568E-01
   7122.00  2.8605376E-01
   7122.33  2.8258451E-01
   7122.67  2.8276022E-01
   7123.00  2.8643497E-01
   7123.33  2.9351482E-01
   7123.67  3.0272557E-01
   7124.00  3.1347733E-01
   7124.33  3.2575482E-01
   7124.67  3.3901492E-01
   7125.00  3.5291916E-01
   7125.33  3.6689366E-01
   7125.67  3.7945316E-01
   7126.00  3.8969974E-01
   7126.33  3.9814075E-01
   7126.67  4.0659037E-01
   7127.00  4.1596848E-01
   7127.33  4.2661596E-01
   7127.67  4.3813972E-01
   7128.00  4.5019217E-01
   7128.33  4.6209273E-01
   7128.67  4.7327023E-01
   7129.00  4.8385620E-01
   7129.33  4.9465571E-01
   7129.67  5.0626621E-01
   7130.00  5.1865007E-01
   7130.33  5.3107962E-01
   7130.67  5.4244542E-01
   7131.00  5.5224363E-01
   7131.33  5.6148702E-01
   7131.67  5.7237017E-01
   7132.00  5.8547806E-01
   7132.33  5.9922139E-01
   7132.67  6.1100639E-01
   7133.00  6.1934173E-01
   7133.33  6.2359728E-01
   7133.67  6.2568620E-01
   7134.00  6.2747277E-01
   7134.33  6.3091927E-01
   7134.67  6.3664368E-01
   7135.00  6.4463266E-01
   7135.33  6.5464204E-01
   7135.67  6.6579922E-01
   7136.00  6.7753950E-01
   7136.33  6.8925408E-01
   7136.67  7.0041713E-01
   7137.00  7.1064569E-01
   7137.33  7.1942468E-01
   7137.67  7.2666168E-01
   7138.00  7.3220290E-01
   7138.33  7.3567031E-01
   7138.67  7.3714773E-01
   7139.00  7.3651995E-01
   7139.33  7.3344684E-01
   7139.67  7.2824671E-01
   7140.00  7.2105427E-01
   7140.33  7.1190945E-01
   7140.67  7.0136829E-01
   7141.00  6.8975585E-01
   7141.33  6.7736726E-01
   7141.67  6.6464251E-01
   7142.00  6.5184285E-01
   7142.33  6.3922251E-01
   7142.67  6.2690732E-01
   7143.00  6.1495199E-01
   7143.33  6.0339981E-01
   7143.67  5.9215723E-01
   7144.00  5.8116922E-01
   7144.33  5.7041659E-01
   7144.67  5.5987124E-01
   7145.00  5.4957329E-01
   7145.33  5.3965399E-01
   7145.67  5.3018873E-01
   7146.00  5.2129424E-01
   7146.33  5.1320074E-01
   7146.67  5.0593394E-01
   7147.00  4.9955667E-01
   7147.33  4.9423138E-01
   7147.67  4.8986314E-01
   7148.00  4.8644552E-01
   7148.33  4.8404488E-01
   7148.67  4.8245216E-01
   7149.00  4.8154170E-01
   7149.33  4.8117968E-01
   7149.67  4.8107306E-01
   7150.00  4.8101416E-01
   7150.33  4.8076441E-01
   7150.67  4.8018887E-01
   7151.00  4.7921957E-01
   7151.33  4.7781058E-01
   7151.67  4.7608713E-01
   7152.00  4.7414898E-01
   7152.33  4.7211232E-01
   7152.67  4.7010375E-01
   7153.00  4.6820204E-01
   7153.33  4.6649554E-01
   7153.67  4.6500025E-01
   7154.00  4.6372055E-01
   7154.33  4.6266174E-01
   7154.67  4.6176362E-01
   7155.00  4.6099034E-01
   7155.33  4.6031263E-01
   7155.67  4.5968889E-01
   7156.00  4.5910368E-01
   7156.33  4.5855924E-01
   7156.67  4.5806558E-01
   7157.00  4.5764632E-01
   7157.33  4.5735145E-01
   7157.67  4.5720537E-01
   7158.00  4.5723633E-01
   7158.33  4.5748977E-01
   7158.67  4.5794124E-01
   7159.00  4.5856996E-01
   7159.33  4.5934634E-01
   7159.67  4.6019072E-01
   7160.00  4.6103745E-01
   7160.33  4.6179402E-01
   7160.67  4.6239229E-01
   7161.00  4.6277704E-01
   7161.33  4.6286916E-01
   7161.67  4.6267399E-01
   7162.00  4.6218717E-01
   7162.33  4.6139117E-01
   7162.67  4.6035638E-01
   7163.00  4.5912486E-01
   7163.33  4.5773672E-01
   7163.67  4.5627081E-01
   7164.00  4.5477856E-01
   7164.33  4.5331723E-01
   7164.67  4.5192846E-01
   7165.00  4.5064380E-01
   7165.33  4.4950823E-01
   7165.67  4.4852527E-01
   7166.00  4.4770599E-01
   7166.33  4.4707777E-01
   7166.67  4.4661986E-01
   7167.00  4.4632919E-01
   7167.33  4.4621877E-01
   7167.67  4.4625826E-01
   7168.00  4.4643611E-01
   7168.33  4.4675143E-01
   7168.67  4.4717094E-01
   7169.00  4.4767830E-01
   7169.33  4.4826291E-01
   7169.67  4.4889750E-01
   7170.00  4.4956645E-01
   7170.33  4.5025370E-01
   7170.67  4.5093886E-01
   7171.00  4.5160531E-01
   7171.33  4.5222473E-01
   7171.67  4.5277049E-01
   7172.00  4.5320696E-01
