    FDMNES
    energy     <xanes>
   7097.00  4.5537462E-03
   7097.33  4.6515484E-03
   7097.67  4.7532628E-03
   7098.00  4.8591251E-03
   7098.33  4.9699927E-03
   7098.67  5.0856423E-03
   7099.00  5.2063877E-03
   7099.33  5.3333210E-03
   7099.67  5.4662055E-03
   7100.00  5.6054707E-03
   7100.33  5.7525424E-03
   7100.67  5.9071835E-03
   7101.00  6.0700006E-03
   7101.33  6.2429144E-03
   7101.67  6.4257166E-03
   7102.00  6.6192991E-03
   7102.33  6.8263503E-03
   7102.67  7.0467607E-03
   7103.00  7.2819073E-03
   7103.33  7.5357419E-03
   7103.67  7.8084184E-03
   7104.00  8.1021994E-03
   7104.33  8.4232743E-03
   7104.67  8.7724714E-03
   7105.00  9.1538194E-03
   7105.33  9.5778649E-03
   7105.67  1.0047228E-02
   7106.00  1.0569892E-02
   7106.33  1.1166019E-02
   7106.67  1.1843478E-02
   7107.00  1.2620584E-02
   7107.33  1.3542722E-02
   7107.67  1.4635880E-02
   7108.00  1.5952001E-02
   7108.33  1.7621387E-02
   7108.67  1.9751498E-02
   7109.00  2.2546400E-02
   7109.33  2.6555406E-02
   7109.67  3.2441562E-02
   7110.00  4.1521258E-02
   7110.33  5.7611812E-02
   7110.67  8.4323033E-02
   7111.00  1.1923009E-01
   7111.33  1.3975900E-01
   7111.67  1.3979729E-01
   7112.00  1.3284472E-01
   7112.33  1.2790675E-01
   7112.67  1.2268668E-01
   7113.00  1.1765942E-01
   7113.33  1.1540506E-01
   7113.67  1.1386424E-01
   7114.00  1.0962329E-01
   7114.33  1.0205253E-01
   7114.67  9.5152884E-02
   7115.00  9.1088929E-02
   7115.33  9.1721468E-02
   7115.67  9.7499167E-02
   7116.00  1.0920480E-01
   7116.33  1.2917922E-01
   7116.67  1.5876041E-01
   7117.00  2.0008086E-01
   7117.33  2.5473945E-01
   7117.67  3.1345006E-01
   7118.00  3.6107385E-01
   7118.33  3.7793755E-01
   7118.67  3.6953525E-01
   7119.00  3.5022379E-01
   7119.33  3.3472113E-01
   7119.67  3.2712094E-01
   7120.00  3.2623775E-01
   7120.33  3.2960894E-01
   7120.67  3.3407300E-01
   7121.00  3.3813291E-01
   7121.33  3.4128357E-01
   7121.67  3.4432292E-01
   7122.00  3.4797389E-01
   7122.33  3.5269390E-01
   7122.67  3.5815628E-01
   7123.00  3.6403572E-01
   7123.33  3.7028038E-01
   7123.67  3.7717655E-01
   7124.00  3.8493238E-01
   7124.33  3.9337817E-01
   7124.67  4.0211720E-01
   7125.00  4.1162880E-01
   7125.33  4.2426933E-01
   7125.67  4.4200619E-01
   7126.00  4.6519077E-01
   7126.33  4.9207918E-01
   7126.67  5.1898017E-01
   7127.00  5.4342120E-01
   7127.33  5.6265021E-01
   7127.67  5.7623022E-01
   7128.00  5.8450875E-01
   7128.33  5.8875555E-01
   7128.67  5.9193102E-01
   7129.00  5.9595638E-01
   7129.33  6.0201682E-01
   7129.67  6.0922117E-01
   7130.00  6.1627837E-01
   7130.33  6.2183587E-01
   7130.67  6.2570346E-01
   7131.00  6.2798634E-01
   7131.33  6.2888833E-01
   7131.67  6.2922507E-01
   7132.00  6.2976000E-01
   7132.33  6.3142222E-01
   7132.67  6.3439908E-01
   7133.00  6.3834893E-01
   7133.33  6.4219129E-01
   7133.67  6.4471772E-01
   7134.00  6.4550529E-01
   7134.33  6.4500127E-01
   7134.67  6.4429667E-01
   7135.00  6.4371806E-01
   7135.33  6.4287650E-01
   7135.67  6.4105163E-01
   7136.00  6.3768277E-01
   7136.33  6.3230066E-01
   7136.67  6.2537317E-01
   7137.00  6.1736093E-01
   7137.33  6.0875749E-01
   7137.67  6.0000242E-01
   7138.00  5.9121042E-01
   7138.33  5.8231701E-01
   7138.67  5.7321162E-01
   7139.00  5.6380855E-01
   7139.33  5.5402218E-01
   7139.67  5.4392947E-01
   7140.00  5.3361187E-01
   7140.33  5.2318087E-01
   7140.67  5.1279487E-01
   7141.00  5.0259271E-01
   7141.33  4.9277734E-01
   7141.67  4.8344260E-01
   7142.00  4.7467483E-01
   7142.33  4.6661341E-01
   7142.67  4.5920674E-01
   7143.00  4.5246917E-01
   7143.33  4.4650944E-01
   7143.67  4.4126794E-01
   7144.00  4.3676579E-01
   7144.33  4.3311676E-01
   7144.67  4.3024163E-01
   7145.00  4.2815478E-01
   7145.33  4.2697736E-01
   7145.67  4.2663036E-01
   7146.00  4.2713024E-01
   7146.33  4.2859259E-01
   7146.67  4.3089822E-01
   7147.00  4.3401910E-01
   7147.33  4.3801516E-01
   7147.67  4.4273822E-01
   7148.00  4.4811999E-01
   7148.33  4.5411980E-01
   7148.67  4.6052862E-01
   7149.00  4.6721674E-01
   7149.33  4.7407297E-01
   7149.67  4.8098713E-01
   7150.00  4.8790481E-01
   7150.33  4.9477383E-01
   7150.67  5.0155530E-01
   7151.00  5.0820040E-01
   7151.33  5.1460218E-01
   7151.67  5.2067926E-01
   7152.00  5.2631931E-01
   7152.33  5.3130901E-01
   7152.67  5.3558646E-01
   7153.00  5.3905354E-01
   7153.33  5.4149727E-01
   7153.67  5.4296464E-01
   7154.00  5.4345559E-01
   7154.33  5.4290757E-01
   7154.67  5.4152667E-01
   7155.00  5.3941247E-01
   7155.33  5.3661809E-01
   7155.67  5.3334789E-01
   7156.00  5.2970626E-01
   7156.33  5.2576936E-01
   7156.67  5.2166038E-01
   7157.00  5.1743872E-01
   7157.33  5.1314037E-01
   7157.67  5.0878788E-01
   7158.00  5.0436841E-01
   7158.33  4.9982938E-01
   7158.67  4.9512996E-01
   7159.00  4.9022716E-01
   7159.33  4.8506640E-01
   7159.67  4.7969379E-01
   7160.00  4.7416636E-01
   7160.33  4.6858446E-01
   7160.67  4.6307559E-01
   7161.00  4.5773315E-01
   7161.33  4.5267395E-01
   7161.67  4.4792618E-01
   7162.00  4.4352146E-01
   7162.33  4.3952290E-01
   7162.67  4.3589375E-01
   7163.00  4.3263893E-01
   7163.33  4.2980749E-01
   7163.67  4.2734599E-01
   7164.00  4.2523824E-01
   7164.33  4.2348988E-01
   7164.67  4.2201222E-01
   7165.00  4.2075595E-01
   7165.33  4.1968071E-01
   7165.67  4.1870830E-01
   7166.00  4.1779438E-01
   7166.33  4.1689921E-01
   7166.67  4.1599155E-01
   7167.00  4.1505664E-01
   7167.33  4.1408399E-01
   7167.67  4.1308164E-01
   7168.00  4.1205927E-01
   7168.33  4.1103343E-01
   7168.67  4.1002542E-01
   7169.00  4.0905455E-01
   7169.33  4.0814980E-01
   7169.67  4.0732271E-01
   7170.00  4.0658613E-01
   7170.33  4.0596281E-01
   7170.67  4.0544530E-01
   7171.00  4.0503408E-01
   7171.33  4.0473615E-01
   7171.67  4.0452349E-01
   7172.00  4.0437211E-01
