    FDMNES
    energy     <xanes>
   7097.00  5.1862219E-03
   7097.33  5.3100851E-03
   7097.67  5.4396189E-03
   7098.00  5.5752078E-03
   7098.33  5.7181653E-03
   7098.67  5.8682233E-03
   7099.00  6.0259048E-03
   7099.33  6.1929252E-03
   7099.67  6.3690085E-03
   7100.00  6.5548838E-03
   7100.33  6.7528486E-03
   7100.67  6.9626426E-03
   7101.00  7.1853133E-03
   7101.33  7.4240293E-03
   7101.67  7.6785999E-03
   7102.00  7.9505835E-03
   7102.33  8.2445066E-03
   7102.67  8.5603662E-03
   7103.00  8.9005811E-03
   7103.33  9.2718996E-03
   7103.67  9.6747739E-03
   7104.00  1.0113156E-02
   7104.33  1.0597657E-02
   7104.67  1.1129814E-02
   7105.00  1.1716518E-02
   7105.33  1.2375627E-02
   7105.67  1.3111367E-02
   7106.00  1.3936818E-02
   7106.33  1.4884870E-02
   7106.67  1.5966988E-02
   7107.00  1.7211049E-02
   7107.33  1.8685781E-02
   7107.67  2.0425062E-02
   7108.00  2.2499229E-02
   7108.33  2.5081943E-02
   7108.67  2.8294235E-02
   7109.00  3.2368105E-02
   7109.33  3.7904197E-02
   7109.67  4.5518147E-02
   7110.00  5.6407780E-02
   7110.33  7.3978244E-02
   7110.67  1.0210881E-01
   7111.00  1.4385119E-01
   7111.33  1.9391181E-01
   7111.67  2.4001794E-01
   7112.00  2.8079875E-01
   7112.33  3.1588527E-01
   7112.67  3.4963262E-01
   7113.00  3.9680620E-01
   7113.33  4.6320111E-01
   7113.67  5.1841140E-01
   7114.00  5.2435651E-01
   7114.33  4.6517208E-01
   7114.67  3.8754116E-01
   7115.00  3.1985345E-01
   7115.33  2.7300245E-01
   7115.67  2.4175643E-01
   7116.00  2.2214527E-01
   7116.33  2.1062451E-01
   7116.67  2.0146731E-01
   7117.00  1.9047113E-01
   7117.33  1.7572200E-01
   7117.67  1.6107776E-01
   7118.00  1.4953072E-01
   7118.33  1.4243527E-01
   7118.67  1.3853507E-01
   7119.00  1.3676368E-01
   7119.33  1.3596421E-01
   7119.67  1.3530404E-01
   7120.00  1.3469761E-01
   7120.33  1.3414152E-01
   7120.67  1.3347051E-01
   7121.00  1.3264823E-01
   7121.33  1.3224243E-01
   7121.67  1.3335107E-01
   7122.00  1.3681444E-01
   7122.33  1.4294747E-01
   7122.67  1.5097109E-01
   7123.00  1.6088813E-01
   7123.33  1.7346368E-01
   7123.67  1.8870923E-01
   7124.00  2.0636901E-01
   7124.33  2.2571630E-01
   7124.67  2.4552262E-01
   7125.00  2.6521526E-01
   7125.33  2.8435083E-01
   7125.67  3.0264162E-01
   7126.00  3.1990693E-01
   7126.33  3.3640482E-01
   7126.67  3.5339204E-01
   7127.00  3.7232655E-01
   7127.33  3.9514845E-01
   7127.67  4.2205418E-01
   7128.00  4.5268943E-01
   7128.33  4.8602568E-01
   7128.67  5.1990279E-01
   7129.00  5.5268391E-01
   7129.33  5.8249243E-01
   7129.67  6.0909319E-01
   7130.00  6.3315751E-01
   7130.33  6.5623091E-01
   7130.67  6.8008006E-01
   7131.00  7.0540581E-01
   7131.33  7.3190779E-01
   7131.67  7.5806467E-01
   7132.00  7.8266334E-01
   7132.33  8.0475033E-01
   7132.67  8.2457554E-01
   7133.00  8.4195425E-01
   7133.33  8.5568327E-01
   7133.67  8.6538366E-01
   7134.00  8.7113364E-01
   7134.33  8.7360429E-01
   7134.67  8.7394303E-01
   7135.00  8.7154790E-01
   7135.33  8.6428349E-01
   7135.67  8.5195862E-01
   7136.00  8.3510757E-01
   7136.33  8.1450966E-01
   7136.67  7.9161700E-01
   7137.00  7.6698538E-01
   7137.33  7.4082911E-01
   7137.67  7.1368443E-01
   7138.00  6.8603031E-01
   7138.33  6.5873814E-01
   7138.67  6.3285667E-01
   7139.00  6.0937548E-01
   7139.33  5.8965545E-01
   7139.67  5.7378851E-01
   7140.00  5.6182418E-01
   7140.33  5.5391411E-01
   7140.67  5.4909848E-01
   7141.00  5.4690188E-01
   7141.33  5.4708475E-01
   7141.67  5.4895955E-01
   7142.00  5.5220727E-01
   7142.33  5.5657822E-01
   7142.67  5.6151568E-01
   7143.00  5.6658024E-01
   7143.33  5.7114299E-01
   7143.67  5.7469817E-01
   7144.00  5.7686233E-01
   7144.33  5.7718828E-01
   7144.67  5.7586051E-01
   7145.00  5.7300619E-01
   7145.33  5.6875148E-01
   7145.67  5.6360962E-01
   7146.00  5.5788850E-01
   7146.33  5.5186756E-01
   7146.67  5.4582290E-01
   7147.00  5.3990594E-01
   7147.33  5.3426764E-01
   7147.67  5.2895111E-01
   7148.00  5.2399496E-01
   7148.33  5.1947448E-01
   7148.67  5.1535836E-01
   7149.00  5.1165998E-01
   7149.33  5.0844641E-01
   7149.67  5.0567103E-01
   7150.00  5.0333840E-01
   7150.33  5.0150939E-01
   7150.67  5.0012548E-01
   7151.00  4.9917900E-01
   7151.33  4.9871348E-01
   7151.67  4.9866713E-01
   7152.00  4.9903432E-01
   7152.33  4.9986270E-01
   7152.67  5.0110226E-01
   7153.00  5.0275668E-01
   7153.33  5.0488213E-01
   7153.67  5.0742454E-01
   7154.00  5.1037383E-01
   7154.33  5.1375285E-01
   7154.67  5.1747288E-01
   7155.00  5.2148528E-01
   7155.33  5.2574648E-01
   7155.67  5.3014441E-01
   7156.00  5.3459846E-01
   7156.33  5.3900327E-01
   7156.67  5.4326100E-01
   7157.00  5.4728235E-01
   7157.33  5.5092276E-01
   7157.67  5.5412668E-01
   7158.00  5.5681557E-01
   7158.33  5.5883247E-01
   7158.67  5.6018269E-01
   7159.00  5.6081953E-01
   7159.33  5.6061267E-01
   7159.67  5.5964093E-01
   7160.00  5.5791096E-01
   7160.33  5.5536088E-01
   7160.67  5.5213072E-01
   7161.00  5.4827775E-01
   7161.33  5.4381636E-01
   7161.67  5.3890897E-01
   7162.00  5.3364397E-01
   7162.33  5.2809832E-01
   7162.67  5.2241722E-01
   7163.00  5.1669748E-01
   7163.33  5.1103603E-01
   7163.67  5.0549634E-01
   7164.00  5.0013716E-01
   7164.33  4.9504551E-01
   7164.67  4.9023058E-01
   7165.00  4.8571236E-01
   7165.33  4.8153876E-01
   7165.67  4.7767046E-01
   7166.00  4.7410042E-01
   7166.33  4.7084980E-01
   7166.67  4.6786440E-01
   7167.00  4.6512578E-01
   7167.33  4.6263703E-01
   7167.67  4.6034245E-01
   7168.00  4.5821632E-01
   7168.33  4.5624429E-01
   7168.67  4.5437657E-01
   7169.00  4.5258473E-01
   7169.33  4.5084299E-01
   7169.67  4.4911956E-01
   7170.00  4.4739740E-01
   7170.33  4.4566051E-01
   7170.67  4.4390985E-01
   7171.00  4.4216234E-01
   7171.33  4.4047090E-01
   7171.67  4.3891973E-01
   7172.00  4.3762534E-01
