    FDMNES
    energy     <xanes>
   7097.00  5.3730643E-03
   7097.33  5.5096970E-03
   7097.67  5.6529243E-03
   7098.00  5.8032152E-03
   7098.33  5.9621347E-03
   7098.67  6.1294025E-03
   7099.00  6.3056658E-03
   7099.33  6.4929985E-03
   7099.67  6.6911246E-03
   7100.00  6.9009628E-03
   7100.33  7.1253388E-03
   7100.67  7.3640210E-03
   7101.00  7.6183574E-03
   7101.33  7.8923268E-03
   7101.67  8.1858308E-03
   7102.00  8.5009265E-03
   7102.33  8.8434436E-03
   7102.67  9.2136144E-03
   7103.00  9.6147307E-03
   7103.33  1.0055761E-02
   7103.67  1.0537721E-02
   7104.00  1.1066198E-02
   7104.33  1.1655856E-02
   7104.67  1.2309605E-02
   7105.00  1.3037655E-02
   7105.33  1.3865942E-02
   7105.67  1.4802226E-02
   7106.00  1.5867070E-02
   7106.33  1.7111416E-02
   7106.67  1.8556777E-02
   7107.00  2.0250466E-02
   7107.33  2.2308352E-02
   7107.67  2.4797811E-02
   7108.00  2.7850900E-02
   7108.33  3.1795741E-02
   7108.67  3.6897073E-02
   7109.00  4.3653061E-02
   7109.33  5.3386794E-02
   7109.67  6.7635906E-02
   7110.00  8.9426446E-02
   7110.33  1.2752911E-01
   7110.67  1.9128393E-01
   7111.00  2.8132305E-01
   7111.33  3.5686391E-01
   7111.67  3.8425448E-01
   7112.00  3.8417772E-01
   7112.33  3.9817623E-01
   7112.67  4.2364939E-01
   7113.00  4.3525854E-01
   7113.33  4.2417434E-01
   7113.67  3.9987971E-01
   7114.00  3.5922192E-01
   7114.33  3.0380672E-01
   7114.67  2.5053492E-01
   7115.00  2.0745602E-01
   7115.33  1.7681943E-01
   7115.67  1.5508984E-01
   7116.00  1.4026452E-01
   7116.33  1.3112298E-01
   7116.67  1.2589305E-01
   7117.00  1.2408833E-01
   7117.33  1.2565013E-01
   7117.67  1.2943947E-01
   7118.00  1.3448431E-01
   7118.33  1.3945512E-01
   7118.67  1.4320757E-01
   7119.00  1.4574652E-01
   7119.33  1.4851403E-01
   7119.67  1.5296823E-01
   7120.00  1.5946353E-01
   7120.33  1.6773251E-01
   7120.67  1.7737484E-01
   7121.00  1.8932761E-01
   7121.33  2.0626448E-01
   7121.67  2.2941613E-01
   7122.00  2.5906455E-01
   7122.33  2.9398506E-01
   7122.67  3.2947234E-01
   7123.00  3.6174766E-01
   7123.33  3.8853092E-01
   7123.67  4.1072800E-01
   7124.00  4.2907200E-01
   7124.33  4.4614344E-01
   7124.67  4.6481922E-01
   7125.00  4.8633385E-01
   7125.33  5.1251470E-01
   7125.67  5.4424522E-01
   7126.00  5.8163457E-01
   7126.33  6.2218698E-01
   7126.67  6.5980359E-01
   7127.00  6.8952802E-01
   7127.33  7.0699683E-01
   7127.67  7.1453513E-01
   7128.00  7.1600447E-01
   7128.33  7.1652632E-01
   7128.67  7.1789137E-01
   7129.00  7.1903758E-01
   7129.33  7.2034942E-01
   7129.67  7.2402763E-01
   7130.00  7.3024297E-01
   7130.33  7.3560243E-01
   7130.67  7.3527994E-01
   7131.00  7.2625700E-01
   7131.33  7.0762661E-01
   7131.67  6.8462816E-01
   7132.00  6.6213082E-01
   7132.33  6.4494277E-01
   7132.67  6.3369685E-01
   7133.00  6.2745958E-01
   7133.33  6.2490676E-01
   7133.67  6.2428066E-01
   7134.00  6.2448973E-01
   7134.33  6.2384329E-01
   7134.67  6.2110805E-01
   7135.00  6.1597740E-01
   7135.33  6.0894533E-01
   7135.67  6.0151121E-01
   7136.00  5.9469346E-01
   7136.33  5.8944674E-01
   7136.67  5.8594142E-01
   7137.00  5.8419050E-01
   7137.33  5.8418798E-01
   7137.67  5.8535754E-01
   7138.00  5.8724897E-01
   7138.33  5.8925977E-01
   7138.67  5.9074560E-01
   7139.00  5.9123932E-01
   7139.33  5.9021410E-01
   7139.67  5.8772734E-01
   7140.00  5.8386181E-01
   7140.33  5.7870417E-01
   7140.67  5.7267211E-01
   7141.00  5.6596976E-01
   7141.33  5.5870493E-01
   7141.67  5.5105469E-01
   7142.00  5.4310036E-01
   7142.33  5.3490820E-01
   7142.67  5.2658556E-01
   7143.00  5.1817393E-01
   7143.33  5.0966339E-01
   7143.67  5.0102587E-01
   7144.00  4.9222020E-01
   7144.33  4.8319991E-01
   7144.67  4.7402068E-01
   7145.00  4.6476115E-01
   7145.33  4.5556847E-01
   7145.67  4.4660300E-01
   7146.00  4.3801393E-01
   7146.33  4.3003417E-01
   7146.67  4.2274546E-01
   7147.00  4.1626458E-01
   7147.33  4.1083143E-01
   7147.67  4.0643046E-01
   7148.00  4.0311797E-01
   7148.33  4.0105092E-01
   7148.67  4.0004371E-01
   7149.00  3.9999464E-01
   7149.33  4.0082899E-01
   7149.67  4.0224457E-01
   7150.00  4.0406425E-01
   7150.33  4.0613070E-01
   7150.67  4.0827185E-01
   7151.00  4.1040135E-01
   7151.33  4.1245157E-01
   7151.67  4.1440882E-01
   7152.00  4.1627356E-01
   7152.33  4.1804846E-01
   7152.67  4.1976006E-01
   7153.00  4.2142144E-01
   7153.33  4.2304022E-01
   7153.67  4.2462909E-01
   7154.00  4.2618790E-01
   7154.33  4.2769132E-01
   7154.67  4.2909102E-01
   7155.00  4.3030628E-01
   7155.33  4.3116584E-01
   7155.67  4.3155056E-01
   7156.00  4.3132416E-01
   7156.33  4.3026744E-01
   7156.67  4.2840870E-01
   7157.00  4.2575516E-01
   7157.33  4.2229338E-01
   7157.67  4.1824229E-01
   7158.00  4.1373410E-01
   7158.33  4.0888805E-01
   7158.67  4.0388529E-01
   7159.00  3.9883180E-01
   7159.33  3.9383585E-01
   7159.67  3.8897400E-01
   7160.00  3.8430678E-01
   7160.33  3.7992545E-01
   7160.67  3.7584617E-01
   7161.00  3.7210252E-01
   7161.33  3.6877154E-01
   7161.67  3.6583266E-01
   7162.00  3.6330512E-01
   7162.33  3.6126015E-01
   7162.67  3.5965138E-01
   7163.00  3.5847449E-01
   7163.33  3.5777018E-01
   7163.67  3.5746655E-01
   7164.00  3.5753924E-01
   7164.33  3.5799530E-01
   7164.67  3.5875244E-01
   7165.00  3.5977614E-01
   7165.33  3.6105744E-01
   7165.67  3.6253641E-01
   7166.00  3.6419297E-01
   7166.33  3.6603252E-01
   7166.67  3.6802768E-01
   7167.00  3.7017739E-01
   7167.33  3.7250495E-01
   7167.67  3.7499725E-01
   7168.00  3.7766101E-01
   7168.33  3.8052621E-01
   7168.67  3.8357632E-01
   7169.00  3.8681384E-01
   7169.33  3.9026047E-01
   7169.67  3.9388402E-01
   7170.00  3.9766863E-01
   7170.33  4.0159915E-01
   7170.67  4.0560811E-01
   7171.00  4.0962761E-01
   7171.33  4.1351538E-01
   7171.67  4.1706481E-01
   7172.00  4.1999511E-01
