    FDMNES
    energy     <xanes>
   7097.00  4.5862320E-03
   7097.33  4.6821739E-03
   7097.67  4.7820172E-03
   7098.00  4.8860076E-03
   7098.33  4.9950182E-03
   7098.67  5.1088414E-03
   7099.00  5.2278090E-03
   7099.33  5.3530475E-03
   7099.67  5.4843419E-03
   7100.00  5.6221535E-03
   7100.33  5.7679757E-03
   7100.67  5.9216034E-03
   7101.00  6.0836998E-03
   7101.33  6.2563118E-03
   7101.67  6.4392827E-03
   7102.00  6.6336057E-03
   7102.33  6.8422033E-03
   7102.67  7.0650550E-03
   7103.00  7.3037248E-03
   7103.33  7.5626021E-03
   7103.67  7.8420084E-03
   7104.00  8.1445638E-03
   7104.33  8.4772992E-03
   7104.67  8.8413867E-03
   7105.00  9.2415742E-03
   7105.33  9.6901053E-03
   7105.67  1.0190373E-02
   7106.00  1.0751913E-02
   7106.33  1.1398565E-02
   7106.67  1.2140132E-02
   7107.00  1.2998646E-02
   7107.33  1.4028352E-02
   7107.67  1.5260847E-02
   7108.00  1.6758449E-02
   7108.33  1.8676770E-02
   7108.67  2.1143632E-02
   7109.00  2.4400565E-02
   7109.33  2.9094699E-02
   7109.67  3.5998147E-02
   7110.00  4.6634766E-02
   7110.33  6.5323621E-02
   7110.67  9.5366422E-02
   7111.00  1.3197729E-01
   7111.33  1.6129817E-01
   7111.67  1.8912241E-01
   7112.00  2.0172996E-01
   7112.33  1.9155649E-01
   7112.67  1.7726054E-01
   7113.00  1.6303175E-01
   7113.33  1.5306326E-01
   7113.67  1.3816871E-01
   7114.00  1.1685500E-01
   7114.33  9.7130642E-02
   7114.67  8.2833726E-02
   7115.00  7.3578574E-02
   7115.33  6.8576597E-02
   7115.67  6.6369352E-02
   7116.00  6.6440801E-02
   7116.33  6.8770861E-02
   7116.67  7.3119460E-02
   7117.00  7.9686823E-02
   7117.33  8.9264690E-02
   7117.67  1.0220667E-01
   7118.00  1.1927168E-01
   7118.33  1.4224832E-01
   7118.67  1.7169439E-01
   7119.00  2.0795491E-01
   7119.33  2.5014459E-01
   7119.67  2.9460155E-01
   7120.00  3.3869468E-01
   7120.33  3.7642769E-01
   7120.67  4.0081389E-01
   7121.00  4.0884333E-01
   7121.33  4.0352116E-01
   7121.67  3.9459023E-01
   7122.00  3.8662224E-01
   7122.33  3.7969450E-01
   7122.67  3.7203665E-01
   7123.00  3.6430904E-01
   7123.33  3.5815677E-01
   7123.67  3.5382890E-01
   7124.00  3.5156079E-01
   7124.33  3.5241322E-01
   7124.67  3.5661439E-01
   7125.00  3.6386410E-01
   7125.33  3.7319557E-01
   7125.67  3.8346647E-01
   7126.00  3.9460660E-01
   7126.33  4.0714673E-01
   7126.67  4.2100916E-01
   7127.00  4.3573647E-01
   7127.33  4.5085299E-01
   7127.67  4.6601704E-01
   7128.00  4.8112081E-01
   7128.33  4.9622289E-01
   7128.67  5.1138815E-01
   7129.00  5.2646524E-01
   7129.33  5.4076033E-01
   7129.67  5.5319642E-01
   7130.00  5.6248828E-01
   7130.33  5.6697923E-01
   7130.67  5.6695585E-01
   7131.00  5.6262199E-01
   7131.33  5.5467710E-01
   7131.67  5.4569147E-01
   7132.00  5.3759807E-01
   7132.33  5.3216134E-01
   7132.67  5.2936312E-01
   7133.00  5.2867272E-01
   7133.33  5.2941712E-01
   7133.67  5.3090895E-01
   7134.00  5.3295410E-01
   7134.33  5.3552377E-01
   7134.67  5.3862913E-01
   7135.00  5.4242534E-01
   7135.33  5.4715066E-01
   7135.67  5.5269588E-01
   7136.00  5.5896501E-01
   7136.33  5.6589975E-01
   7136.67  5.7334570E-01
   7137.00  5.8129639E-01
   7137.33  5.8985225E-01
   7137.67  5.9895551E-01
   7138.00  6.0854413E-01
   7138.33  6.1846733E-01
   7138.67  6.2837654E-01
   7139.00  6.3792995E-01
   7139.33  6.4659510E-01
   7139.67  6.5406629E-01
   7140.00  6.6007718E-01
   7140.33  6.6427534E-01
   7140.67  6.6693262E-01
   7141.00  6.6830081E-01
   7141.33  6.6876914E-01
   7141.67  6.6906141E-01
   7142.00  6.6973493E-01
   7142.33  6.7145606E-01
   7142.67  6.7446155E-01
   7143.00  6.7889902E-01
   7143.33  6.8492527E-01
   7143.67  6.9207785E-01
   7144.00  6.9984094E-01
   7144.33  7.0720222E-01
   7144.67  7.1288001E-01
   7145.00  7.1560125E-01
   7145.33  7.1356343E-01
   7145.67  7.0670107E-01
   7146.00  6.9527724E-01
   7146.33  6.7998633E-01
   7146.67  6.6285592E-01
   7147.00  6.4525130E-01
   7147.33  6.2851673E-01
   7147.67  6.1333354E-01
   7148.00  6.0003700E-01
   7148.33  5.8898757E-01
   7148.67  5.7985595E-01
   7149.00  5.7249123E-01
   7149.33  5.6686704E-01
   7149.67  5.6255199E-01
   7150.00  5.5933873E-01
   7150.33  5.5709499E-01
   7150.67  5.5549032E-01
   7151.00  5.5435627E-01
   7151.33  5.5355185E-01
   7151.67  5.5288105E-01
   7152.00  5.5222286E-01
   7152.33  5.5144322E-01
   7152.67  5.5045781E-01
   7153.00  5.4919807E-01
   7153.33  5.4755219E-01
   7153.67  5.4551213E-01
   7154.00  5.4305651E-01
   7154.33  5.4012891E-01
   7154.67  5.3678599E-01
   7155.00  5.3304174E-01
   7155.33  5.2888430E-01
   7155.67  5.2441199E-01
   7156.00  5.1968206E-01
   7156.33  5.1474939E-01
   7156.67  5.0972145E-01
   7157.00  5.0467214E-01
   7157.33  4.9968923E-01
   7157.67  4.9483457E-01
   7158.00  4.9015611E-01
   7158.33  4.8572322E-01
   7158.67  4.8153748E-01
   7159.00  4.7761438E-01
   7159.33  4.7399807E-01
   7159.67  4.7066040E-01
   7160.00  4.6760553E-01
   7160.33  4.6487352E-01
   7160.67  4.6243335E-01
   7161.00  4.6029083E-01
   7161.33  4.5849259E-01
   7161.67  4.5700935E-01
   7162.00  4.5584905E-01
   7162.33  4.5506391E-01
   7162.67  4.5462477E-01
   7163.00  4.5454364E-01
   7163.33  4.5488088E-01
   7163.67  4.5559999E-01
   7164.00  4.5670481E-01
   7164.33  4.5824080E-01
   7164.67  4.6014619E-01
   7165.00  4.6239777E-01
   7165.33  4.6499132E-01
   7165.67  4.6782946E-01
   7166.00  4.7084802E-01
   7166.33  4.7397014E-01
   7166.67  4.7708439E-01
   7167.00  4.8009936E-01
   7167.33  4.8288174E-01
   7167.67  4.8535616E-01
   7168.00  4.8744674E-01
   7168.33  4.8902737E-01
   7168.67  4.9010983E-01
   7169.00  4.9067679E-01
   7169.33  4.9066851E-01
   7169.67  4.9017669E-01
   7170.00  4.8924189E-01
   7170.33  4.8788152E-01
   7170.67  4.8622513E-01
   7171.00  4.8435913E-01
   7171.33  4.8240234E-01
   7171.67  4.8054574E-01
   7172.00  4.7899308E-01
