    FDMNES
    energy     <xanes>
   7097.00  5.0901543E-03
   7097.33  5.2156253E-03
   7097.67  5.3471161E-03
   7098.00  5.4850617E-03
   7098.33  5.6309027E-03
   7098.67  5.7843943E-03
   7099.00  5.9461416E-03
   7099.33  6.1180669E-03
   7099.67  6.2999369E-03
   7100.00  6.4926195E-03
   7100.33  6.6987567E-03
   7100.67  6.9181708E-03
   7101.00  7.1521507E-03
   7101.33  7.4044587E-03
   7101.67  7.6750691E-03
   7102.00  7.9659777E-03
   7102.33  8.2827758E-03
   7102.67  8.6258054E-03
   7103.00  8.9983173E-03
   7103.33  9.4090664E-03
   7103.67  9.8592643E-03
   7104.00  1.0354546E-02
   7104.33  1.0909545E-02
   7104.67  1.1527588E-02
   7105.00  1.2219238E-02
   7105.33  1.3011093E-02
   7105.67  1.3911970E-02
   7106.00  1.4943807E-02
   7106.33  1.6160601E-02
   7106.67  1.7587091E-02
   7107.00  1.9275595E-02
   7107.33  2.1353889E-02
   7107.67  2.3901218E-02
   7108.00  2.7069683E-02
   7108.33  3.1237987E-02
   7108.67  3.6726631E-02
   7109.00  4.4134636E-02
   7109.33  5.5062523E-02
   7109.67  7.1426228E-02
   7110.00  9.6997268E-02
   7110.33  1.4272629E-01
   7110.67  2.2014781E-01
   7111.00  3.2985158E-01
   7111.33  4.2935022E-01
   7111.67  4.6968608E-01
   7112.00  4.2968068E-01
   7112.33  3.4183085E-01
   7112.67  2.6472349E-01
   7113.00  2.1123652E-01
   7113.33  1.8038439E-01
   7113.67  1.6308250E-01
   7114.00  1.5443736E-01
   7114.33  1.5293485E-01
   7114.67  1.5822180E-01
   7115.00  1.6666014E-01
   7115.33  1.6563777E-01
   7115.67  1.5215559E-01
   7116.00  1.3448734E-01
   7116.33  1.2114984E-01
   7116.67  1.1320155E-01
   7117.00  1.1006529E-01
   7117.33  1.1168407E-01
   7117.67  1.1714138E-01
   7118.00  1.2583555E-01
   7118.33  1.3690241E-01
   7118.67  1.4864746E-01
   7119.00  1.5902477E-01
   7119.33  1.6471593E-01
   7119.67  1.6675336E-01
   7120.00  1.6850085E-01
   7120.33  1.7363525E-01
   7120.67  1.8264762E-01
   7121.00  1.9530790E-01
   7121.33  2.1231176E-01
   7121.67  2.3377797E-01
   7122.00  2.5963558E-01
   7122.33  2.8890679E-01
   7122.67  3.1874194E-01
   7123.00  3.4694034E-01
   7123.33  3.7125305E-01
   7123.67  3.9136414E-01
   7124.00  4.0757501E-01
   7124.33  4.2079224E-01
   7124.67  4.3299463E-01
   7125.00  4.4549358E-01
   7125.33  4.5943440E-01
   7125.67  4.7478432E-01
   7126.00  4.9107942E-01
   7126.33  5.0788579E-01
   7126.67  5.2524290E-01
   7127.00  5.4309437E-01
   7127.33  5.5969170E-01
   7127.67  5.7181240E-01
   7128.00  5.7647589E-01
   7128.33  5.7144158E-01
   7128.67  5.6005941E-01
   7129.00  5.4601239E-01
   7129.33  5.3325202E-01
   7129.67  5.2319940E-01
   7130.00  5.1554999E-01
   7130.33  5.0954651E-01
   7130.67  5.0462330E-01
   7131.00  5.0125761E-01
   7131.33  5.0101996E-01
   7131.67  5.0494790E-01
   7132.00  5.1402105E-01
   7132.33  5.2963940E-01
   7132.67  5.5096022E-01
   7133.00  5.7684784E-01
   7133.33  6.0445128E-01
   7133.67  6.2915369E-01
   7134.00  6.4769553E-01
   7134.33  6.5806943E-01
   7134.67  6.6269908E-01
   7135.00  6.6350551E-01
   7135.33  6.6200030E-01
   7135.67  6.5957973E-01
   7136.00  6.5692650E-01
   7136.33  6.5472410E-01
   7136.67  6.5339649E-01
   7137.00  6.5317805E-01
   7137.33  6.5426512E-01
   7137.67  6.5638631E-01
   7138.00  6.5937215E-01
   7138.33  6.6313424E-01
   7138.67  6.6752104E-01
   7139.00  6.7257660E-01
   7139.33  6.7848868E-01
   7139.67  6.8517669E-01
   7140.00  6.9250155E-01
   7140.33  7.0010245E-01
   7140.67  7.0734075E-01
   7141.00  7.1360652E-01
   7141.33  7.1802367E-01
   7141.67  7.2029861E-01
   7142.00  7.2019504E-01
   7142.33  7.1735401E-01
   7142.67  7.1221410E-01
   7143.00  7.0499514E-01
   7143.33  6.9581205E-01
   7143.67  6.8527192E-01
   7144.00  6.7374071E-01
   7144.33  6.6160310E-01
   7144.67  6.4937741E-01
   7145.00  6.3739577E-01
   7145.33  6.2600650E-01
   7145.67  6.1534988E-01
   7146.00  6.0555441E-01
   7146.33  5.9682795E-01
   7146.67  5.8907955E-01
   7147.00  5.8229344E-01
   7147.33  5.7653409E-01
   7147.67  5.7161583E-01
   7148.00  5.6746350E-01
   7148.33  5.6406776E-01
   7148.67  5.6125047E-01
   7149.00  5.5893170E-01
   7149.33  5.5707287E-01
   7149.67  5.5553802E-01
   7150.00  5.5425887E-01
   7150.33  5.5318483E-01
   7150.67  5.5222709E-01
   7151.00  5.5133519E-01
   7151.33  5.5045932E-01
   7151.67  5.4955342E-01
   7152.00  5.4858423E-01
   7152.33  5.4750455E-01
   7152.67  5.4629305E-01
   7153.00  5.4492121E-01
   7153.33  5.4333444E-01
   7153.67  5.4153084E-01
   7154.00  5.3949367E-01
   7154.33  5.3718015E-01
   7154.67  5.3461756E-01
   7155.00  5.3180964E-01
   7155.33  5.2873820E-01
   7155.67  5.2544846E-01
   7156.00  5.2195484E-01
   7156.33  5.1824557E-01
   7156.67  5.1434685E-01
   7157.00  5.1025032E-01
   7157.33  5.0590648E-01
   7157.67  5.0131183E-01
   7158.00  4.9643876E-01
   7158.33  4.9122434E-01
   7158.67  4.8569990E-01
   7159.00  4.7988338E-01
   7159.33  4.7379048E-01
   7159.67  4.6751781E-01
   7160.00  4.6113314E-01
   7160.33  4.5471734E-01
   7160.67  4.4835926E-01
   7161.00  4.4212982E-01
   7161.33  4.3613268E-01
   7161.67  4.3041528E-01
   7162.00  4.2503210E-01
   7162.33  4.2008165E-01
   7162.67  4.1555466E-01
   7163.00  4.1147455E-01
   7163.33  4.0791218E-01
   7163.67  4.0480773E-01
   7164.00  4.0214695E-01
   7164.33  3.9995033E-01
   7164.67  3.9812111E-01
   7165.00  3.9661258E-01
   7165.33  3.9539848E-01
   7165.67  3.9438780E-01
   7166.00  3.9353488E-01
   7166.33  3.9280936E-01
   7166.67  3.9216472E-01
   7167.00  3.9158301E-01
   7167.33  3.9106026E-01
   7167.67  3.9058667E-01
   7168.00  3.9015712E-01
   7168.33  3.8976967E-01
   7168.67  3.8941406E-01
   7169.00  3.8908517E-01
   7169.33  3.8878059E-01
   7169.67  3.8849508E-01
   7170.00  3.8823002E-01
   7170.33  3.8799595E-01
   7170.67  3.8780187E-01
   7171.00  3.8766028E-01
   7171.33  3.8758908E-01
   7171.67  3.8757352E-01
   7172.00  3.8758410E-01
