    FDMNES
    energy     <xanes>
   7097.00  4.1073496E-03
   7097.33  4.1812026E-03
   7097.67  4.2575991E-03
   7098.00  4.3366798E-03
   7098.33  4.4189821E-03
   7098.67  4.5043463E-03
   7099.00  4.5929591E-03
   7099.33  4.6854970E-03
   7099.67  4.7817917E-03
   7100.00  4.8820987E-03
   7100.33  4.9872931E-03
   7100.67  5.0972074E-03
   7101.00  5.2122033E-03
   7101.33  5.3334536E-03
   7101.67  5.4608113E-03
   7102.00  5.5948133E-03
   7102.33  5.7371001E-03
   7102.67  5.8875937E-03
   7103.00  6.0471346E-03
   7103.33  6.2181491E-03
   7103.67  6.4007414E-03
   7104.00  6.5963206E-03
   7104.33  6.8087387E-03
   7104.67  7.0385693E-03
   7105.00  7.2883860E-03
   7105.33  7.5648960E-03
   7105.67  7.8699327E-03
   7106.00  8.2087504E-03
   7106.33  8.5945540E-03
   7106.67  9.0329143E-03
   7107.00  9.5362912E-03
   7107.33  1.0135470E-02
   7107.67  1.0849117E-02
   7108.00  1.1713779E-02
   7108.33  1.2821165E-02
   7108.67  1.4249732E-02
   7109.00  1.6147410E-02
   7109.33  1.8913566E-02
   7109.67  2.3039192E-02
   7110.00  2.9499947E-02
   7110.33  4.1160056E-02
   7110.67  6.1003760E-02
   7111.00  8.7866222E-02
   7111.33  1.0153658E-01
   7111.67  9.5454273E-02
   7112.00  8.1963456E-02
   7112.33  7.0446448E-02
   7112.67  6.4001849E-02
   7113.00  6.2667483E-02
   7113.33  6.5500181E-02
   7113.67  6.9408684E-02
   7114.00  7.4362053E-02
   7114.33  7.1006464E-02
   7114.67  5.7551741E-02
   7115.00  4.4864990E-02
   7115.33  3.7917914E-02
   7115.67  3.4513346E-02
   7116.00  3.3411333E-02
   7116.33  3.4068826E-02
   7116.67  3.5882310E-02
   7117.00  3.8402270E-02
   7117.33  4.0901798E-02
   7117.67  4.3158542E-02
   7118.00  4.5687030E-02
   7118.33  4.9320891E-02
   7118.67  5.4276873E-02
   7119.00  6.0573536E-02
   7119.33  6.8163552E-02
   7119.67  7.6549877E-02
   7120.00  8.5384405E-02
   7120.33  9.4463029E-02
   7120.67  1.0401015E-01
   7121.00  1.1467679E-01
   7121.33  1.2757498E-01
   7121.67  1.4275959E-01
   7122.00  1.5969539E-01
   7122.33  1.7745446E-01
   7122.67  1.9606926E-01
   7123.00  2.1705411E-01
   7123.33  2.4228688E-01
   7123.67  2.6858416E-01
   7124.00  2.8826705E-01
   7124.33  2.9475486E-01
   7124.67  2.9803640E-01
   7125.00  3.0540114E-01
   7125.33  3.2002266E-01
   7125.67  3.4138426E-01
   7126.00  3.6953820E-01
   7126.33  4.0448276E-01
   7126.67  4.4389270E-01
   7127.00  4.8680439E-01
   7127.33  5.3392199E-01
   7127.67  5.8602911E-01
   7128.00  6.4366347E-01
   7128.33  7.0520748E-01
   7128.67  7.6486328E-01
   7129.00  8.1683644E-01
   7129.33  8.5399032E-01
   7129.67  8.7577436E-01
   7130.00  8.8330185E-01
   7130.33  8.7915466E-01
   7130.67  8.6953265E-01
   7131.00  8.5803740E-01
   7131.33  8.4737872E-01
   7131.67  8.3844346E-01
   7132.00  8.3092096E-01
   7132.33  8.2355043E-01
   7132.67  8.1506593E-01
   7133.00  8.0505797E-01
   7133.33  7.9378954E-01
   7133.67  7.8250131E-01
   7134.00  7.7242138E-01
   7134.33  7.6511763E-01
   7134.67  7.6049354E-01
   7135.00  7.5726878E-01
   7135.33  7.5277496E-01
   7135.67  7.4582616E-01
   7136.00  7.3717405E-01
   7136.33  7.2878779E-01
   7136.67  7.2239316E-01
   7137.00  7.1895778E-01
   7137.33  7.1940430E-01
   7137.67  7.2316292E-01
   7138.00  7.2962409E-01
   7138.33  7.3768728E-01
   7138.67  7.4538027E-01
   7139.00  7.5095853E-01
   7139.33  7.5205920E-01
   7139.67  7.4792285E-01
   7140.00  7.3814965E-01
   7140.33  7.2234794E-01
   7140.67  7.0201069E-01
   7141.00  6.7805820E-01
   7141.33  6.5139920E-01
   7141.67  6.2368259E-01
   7142.00  5.9615741E-01
   7142.33  5.7049342E-01
   7142.67  5.4774515E-01
   7143.00  5.2862854E-01
   7143.33  5.1385172E-01
   7143.67  5.0250479E-01
   7144.00  4.9385068E-01
   7144.33  4.8710704E-01
   7144.67  4.8121252E-01
   7145.00  4.7569986E-01
   7145.33  4.7037940E-01
   7145.67  4.6529634E-01
   7146.00  4.6062917E-01
   7146.33  4.5669444E-01
   7146.67  4.5359498E-01
   7147.00  4.5141634E-01
   7147.33  4.5028352E-01
   7147.67  4.5000056E-01
   7148.00  4.5044966E-01
   7148.33  4.5154227E-01
   7148.67  4.5303831E-01
   7149.00  4.5478858E-01
   7149.33  4.5662491E-01
   7149.67  4.5835893E-01
   7150.00  4.5984416E-01
   7150.33  4.6087359E-01
   7150.67  4.6135784E-01
   7151.00  4.6119084E-01
   7151.33  4.6017563E-01
   7151.67  4.5833786E-01
   7152.00  4.5564938E-01
   7152.33  4.5200817E-01
   7152.67  4.4757094E-01
   7153.00  4.4242848E-01
   7153.33  4.3667140E-01
   7153.67  4.3056885E-01
   7154.00  4.2431031E-01
   7154.33  4.1812261E-01
   7154.67  4.1219433E-01
   7155.00  4.0666229E-01
   7155.33  4.0170832E-01
   7155.67  3.9734478E-01
   7156.00  3.9360644E-01
   7156.33  3.9058354E-01
   7156.67  3.8818046E-01
   7157.00  3.8636485E-01
   7157.33  3.8514852E-01
   7157.67  3.8439680E-01
   7158.00  3.8404410E-01
   7158.33  3.8404988E-01
   7158.67  3.8429638E-01
   7159.00  3.8472510E-01
   7159.33  3.8530202E-01
   7159.67  3.8598751E-01
   7160.00  3.8678927E-01
   7160.33  3.8777222E-01
   7160.67  3.8899706E-01
   7161.00  3.9055761E-01
   7161.33  3.9264268E-01
   7161.67  3.9533327E-01
   7162.00  3.9874752E-01
   7162.33  4.0311769E-01
   7162.67  4.0843178E-01
   7163.00  4.1473267E-01
   7163.33  4.2214166E-01
   7163.67  4.3046967E-01
   7164.00  4.3960514E-01
   7164.33  4.4943450E-01
   7164.67  4.5963594E-01
   7165.00  4.6996880E-01
   7165.33  4.8011294E-01
   7165.67  4.8979733E-01
   7166.00  4.9880143E-01
   7166.33  5.0681282E-01
   7166.67  5.1380826E-01
   7167.00  5.1973261E-01
   7167.33  5.2445264E-01
   7167.67  5.2815754E-01
   7168.00  5.3092540E-01
   7168.33  5.3276629E-01
   7168.67  5.3390811E-01
   7169.00  5.3445924E-01
   7169.33  5.3448128E-01
   7169.67  5.3414268E-01
   7170.00  5.3352722E-01
   7170.33  5.3269610E-01
   7170.67  5.3174665E-01
   7171.00  5.3073567E-01
   7171.33  5.2973131E-01
   7171.67  5.2881751E-01
   7172.00  5.2808884E-01
