    FDMNES
    energy     <xanes>
   7097.00  4.9067118E-03
   7097.33  5.0168100E-03
   7097.67  5.1316624E-03
   7098.00  5.2515768E-03
   7098.33  5.3776306E-03
   7098.67  5.5095797E-03
   7099.00  5.6478390E-03
   7099.33  5.7938002E-03
   7099.67  5.9472075E-03
   7100.00  6.1086335E-03
   7100.33  6.2799206E-03
   7100.67  6.4608175E-03
   7101.00  6.6521379E-03
   7101.33  6.8563920E-03
   7101.67  7.0733702E-03
   7102.00  7.3042706E-03
   7102.33  7.5526325E-03
   7102.67  7.8183730E-03
   7103.00  8.1033304E-03
   7103.33  8.4127124E-03
   7103.67  8.7467538E-03
   7104.00  9.1084269E-03
   7104.33  9.5058123E-03
   7104.67  9.9399193E-03
   7105.00  1.0415882E-02
   7105.33  1.0947138E-02
   7105.67  1.1536641E-02
   7106.00  1.2194079E-02
   7106.33  1.2943979E-02
   7106.67  1.3794634E-02
   7107.00  1.4766696E-02
   7107.33  1.5911369E-02
   7107.67  1.7253920E-02
   7108.00  1.8847256E-02
   7108.33  2.0822935E-02
   7108.67  2.3275602E-02
   7109.00  2.6387903E-02
   7109.33  3.0640643E-02
   7109.67  3.6557247E-02
   7110.00  4.5169577E-02
   7110.33  5.9411177E-02
   7110.67  8.1989390E-02
   7111.00  1.1172978E-01
   7111.33  1.3592265E-01
   7111.67  1.5552476E-01
   7112.00  1.8588860E-01
   7112.33  2.2250998E-01
   7112.67  2.4913265E-01
   7113.00  2.6500321E-01
   7113.33  2.7168410E-01
   7113.67  2.7987450E-01
   7114.00  3.0266346E-01
   7114.33  3.4473842E-01
   7114.67  3.9723189E-01
   7115.00  4.4236854E-01
   7115.33  4.4684061E-01
   7115.67  4.0507517E-01
   7116.00  3.3786429E-01
   7116.33  2.7976078E-01
   7116.67  2.3933049E-01
   7117.00  2.1239703E-01
   7117.33  1.9411623E-01
   7117.67  1.7820514E-01
   7118.00  1.6092663E-01
   7118.33  1.4280926E-01
   7118.67  1.2767791E-01
   7119.00  1.1708374E-01
   7119.33  1.1137225E-01
   7119.67  1.0895312E-01
   7120.00  1.0871028E-01
   7120.33  1.0979663E-01
   7120.67  1.1222265E-01
   7121.00  1.1685849E-01
   7121.33  1.2296144E-01
   7121.67  1.2732597E-01
   7122.00  1.2920983E-01
   7122.33  1.3080746E-01
   7122.67  1.3453970E-01
   7123.00  1.4095561E-01
   7123.33  1.4895668E-01
   7123.67  1.5701081E-01
   7124.00  1.6594498E-01
   7124.33  1.7863184E-01
   7124.67  1.9667553E-01
   7125.00  2.2066118E-01
   7125.33  2.4928904E-01
   7125.67  2.7676710E-01
   7126.00  2.9823693E-01
   7126.33  3.1181477E-01
   7126.67  3.2134489E-01
   7127.00  3.2964895E-01
   7127.33  3.3979030E-01
   7127.67  3.5389239E-01
   7128.00  3.7310557E-01
   7128.33  3.9826316E-01
   7128.67  4.2800416E-01
   7129.00  4.6136849E-01
   7129.33  4.9703651E-01
   7129.67  5.3259918E-01
   7130.00  5.6685424E-01
   7130.33  6.0085087E-01
   7130.67  6.3650177E-01
   7131.00  6.7309931E-01
   7131.33  7.0648965E-01
   7131.67  7.3343144E-01
   7132.00  7.5317491E-01
   7132.33  7.6647438E-01
   7132.67  7.7647364E-01
   7133.00  7.8531678E-01
   7133.33  7.9559554E-01
   7133.67  8.0914157E-01
   7134.00  8.2664546E-01
   7134.33  8.4744304E-01
   7134.67  8.6858989E-01
   7135.00  8.8789270E-01
   7135.33  9.0336766E-01
   7135.67  9.1413208E-01
   7136.00  9.1890253E-01
   7136.33  9.1600043E-01
   7136.67  9.0657198E-01
   7137.00  8.9141601E-01
   7137.33  8.7109717E-01
   7137.67  8.4744590E-01
   7138.00  8.2163199E-01
   7138.33  7.9496227E-01
   7138.67  7.6885573E-01
   7139.00  7.4430116E-01
   7139.33  7.2251955E-01
   7139.67  7.0382601E-01
   7140.00  6.8852689E-01
   7140.33  6.7719235E-01
   7140.67  6.6932494E-01
   7141.00  6.6475001E-01
   7141.33  6.6349560E-01
   7141.67  6.6474472E-01
   7142.00  6.6802246E-01
   7142.33  6.7278782E-01
   7142.67  6.7799670E-01
   7143.00  6.8280353E-01
   7143.33  6.8605876E-01
   7143.67  6.8711342E-01
   7144.00  6.8548990E-01
   7144.33  6.8060122E-01
   7144.67  6.7293891E-01
   7145.00  6.6284175E-01
   7145.33  6.5063036E-01
   7145.67  6.3715259E-01
   7146.00  6.2290416E-01
   7146.33  6.0833493E-01
   7146.67  5.9384525E-01
   7147.00  5.7965652E-01
   7147.33  5.6599876E-01
   7147.67  5.5291318E-01
   7148.00  5.4044713E-01
   7148.33  5.2871055E-01
   7148.67  5.1763974E-01
   7149.00  5.0725185E-01
   7149.33  4.9767774E-01
   7149.67  4.8888492E-01
   7150.00  4.8091321E-01
   7150.33  4.7390791E-01
   7150.67  4.6779376E-01
   7151.00  4.6259143E-01
   7151.33  4.5843095E-01
   7151.67  4.5519314E-01
   7152.00  4.5286146E-01
   7152.33  4.5151773E-01
   7152.67  4.5102012E-01
   7153.00  4.5134007E-01
   7153.33  4.5254188E-01
   7153.67  4.5449806E-01
   7154.00  4.5718274E-01
   7154.33  4.6063901E-01
   7154.67  4.6471570E-01
   7155.00  4.6932969E-01
   7155.33  4.7439234E-01
   7155.67  4.7966569E-01
   7156.00  4.8495211E-01
   7156.33  4.8996466E-01
   7156.67  4.9447635E-01
   7157.00  4.9829141E-01
   7157.33  5.0113116E-01
   7157.67  5.0301446E-01
   7158.00  5.0393245E-01
   7158.33  5.0383033E-01
   7158.67  5.0293357E-01
   7159.00  5.0136253E-01
   7159.33  4.9920038E-01
   7159.67  4.9665629E-01
   7160.00  4.9384204E-01
   7160.33  4.9085215E-01
   7160.67  4.8780396E-01
   7161.00  4.8477052E-01
   7161.33  4.8183475E-01
   7161.67  4.7904225E-01
   7162.00  4.7642893E-01
   7162.33  4.7404710E-01
   7162.67  4.7188215E-01
   7163.00  4.6993319E-01
   7163.33  4.6821584E-01
   7163.67  4.6668898E-01
   7164.00  4.6533994E-01
   7164.33  4.6417940E-01
   7164.67  4.6317982E-01
   7165.00  4.6233656E-01
   7165.33  4.6166268E-01
   7165.67  4.6113667E-01
   7166.00  4.6075516E-01
   7166.33  4.6052439E-01
   7166.67  4.6040850E-01
   7167.00  4.6038391E-01
   7167.33  4.6042350E-01
   7167.67  4.6048180E-01
   7168.00  4.6052477E-01
   7168.33  4.6050641E-01
   7168.67  4.6039745E-01
   7169.00  4.6017199E-01
   7169.33  4.5979037E-01
   7169.67  4.5925787E-01
   7170.00  4.5857534E-01
   7170.33  4.5774236E-01
   7170.67  4.5680063E-01
   7171.00  4.5578086E-01
   7171.33  4.5473614E-01
   7171.67  4.5375400E-01
   7172.00  4.5293091E-01
