    FDMNES
    energy     <xanes>
   7097.00  4.1157727E-03
   7097.33  4.1970474E-03
   7097.67  4.2814446E-03
   7098.00  4.3691562E-03
   7098.33  4.4608738E-03
   7098.67  4.5564264E-03
   7099.00  4.6560739E-03
   7099.33  4.7607076E-03
   7099.67  4.8701523E-03
   7100.00  4.9847717E-03
   7100.33  5.1057485E-03
   7100.67  5.2329193E-03
   7101.00  5.3668110E-03
   7101.33  5.5090519E-03
   7101.67  5.6595245E-03
   7102.00  5.8190276E-03
   7102.33  5.9899045E-03
   7102.67  6.1721631E-03
   7103.00  6.3670805E-03
   7103.33  6.5782203E-03
   7103.67  6.8059027E-03
   7104.00  7.0523086E-03
   7104.33  7.3232477E-03
   7104.67  7.6198196E-03
   7105.00  7.9460703E-03
   7105.33  8.3123549E-03
   7105.67  8.7218330E-03
   7106.00  9.1828594E-03
   7106.33  9.7161997E-03
   7106.67  1.0331064E-02
   7107.00  1.1047393E-02
   7107.33  1.1914164E-02
   7107.67  1.2961626E-02
   7108.00  1.4248315E-02
   7108.33  1.5920693E-02
   7108.67  1.8104371E-02
   7109.00  2.1035360E-02
   7109.33  2.5349653E-02
   7109.67  3.1827005E-02
   7110.00  4.2012253E-02
   7110.33  6.0381842E-02
   7110.67  9.1106547E-02
   7111.00  1.3099377E-01
   7111.33  1.5470253E-01
   7111.67  1.5894345E-01
   7112.00  1.5207974E-01
   7112.33  1.3404726E-01
   7112.67  1.1107910E-01
   7113.00  9.2491163E-02
   7113.33  8.3297109E-02
   7113.67  8.0415901E-02
   7114.00  8.1896068E-02
   7114.33  8.3451081E-02
   7114.67  7.6465029E-02
   7115.00  6.2345184E-02
   7115.33  5.1116432E-02
   7115.67  4.4761565E-02
   7116.00  4.1892625E-02
   7116.33  4.1250622E-02
   7116.67  4.1486085E-02
   7117.00  4.1913433E-02
   7117.33  4.2253846E-02
   7117.67  4.2788493E-02
   7118.00  4.3847750E-02
   7118.33  4.5770653E-02
   7118.67  4.8563437E-02
   7119.00  5.2241384E-02
   7119.33  5.6892997E-02
   7119.67  6.2409137E-02
   7120.00  6.8816054E-02
   7120.33  7.6412069E-02
   7120.67  8.5645044E-02
   7121.00  9.7337524E-02
   7121.33  1.1282698E-01
   7121.67  1.3187414E-01
   7122.00  1.5351316E-01
   7122.33  1.7650794E-01
   7122.67  2.0105998E-01
   7123.00  2.2724056E-01
   7123.33  2.5272151E-01
   7123.67  2.7705898E-01
   7124.00  3.0344918E-01
   7124.33  3.3578182E-01
   7124.67  3.7266970E-01
   7125.00  4.1157923E-01
   7125.33  4.4740429E-01
   7125.67  4.7346532E-01
   7126.00  4.8682357E-01
   7126.33  4.9132902E-01
   7126.67  4.9505976E-01
   7127.00  5.0135795E-01
   7127.33  5.1264913E-01
   7127.67  5.3032995E-01
   7128.00  5.5637447E-01
   7128.33  5.9326341E-01
   7128.67  6.3822425E-01
   7129.00  6.8744786E-01
   7129.33  7.3545041E-01
   7129.67  7.7812597E-01
   7130.00  8.1327741E-01
   7130.33  8.3899855E-01
   7130.67  8.5693977E-01
   7131.00  8.6821633E-01
   7131.33  8.7383486E-01
   7131.67  8.7585211E-01
   7132.00  8.7451872E-01
   7132.33  8.6867001E-01
   7132.67  8.5883813E-01
   7133.00  8.4655295E-01
   7133.33  8.3491998E-01
   7133.67  8.2672192E-01
   7134.00  8.2320822E-01
   7134.33  8.2457921E-01
   7134.67  8.2831106E-01
   7135.00  8.3186201E-01
   7135.33  8.3163523E-01
   7135.67  8.2562817E-01
   7136.00  8.1306064E-01
   7136.33  7.9405510E-01
   7136.67  7.7149514E-01
   7137.00  7.4752794E-01
   7137.33  7.2421238E-01
   7137.67  7.0250412E-01
   7138.00  6.8256473E-01
   7138.33  6.6424906E-01
   7138.67  6.4686884E-01
   7139.00  6.3005298E-01
   7139.33  6.1359305E-01
   7139.67  5.9741648E-01
   7140.00  5.8165597E-01
   7140.33  5.6672055E-01
   7140.67  5.5293844E-01
   7141.00  5.4070326E-01
   7141.33  5.3070629E-01
   7141.67  5.2305113E-01
   7142.00  5.1791854E-01
   7142.33  5.1565934E-01
   7142.67  5.1577516E-01
   7143.00  5.1794559E-01
   7143.33  5.2184234E-01
   7143.67  5.2668595E-01
   7144.00  5.3196789E-01
   7144.33  5.3712264E-01
   7144.67  5.4169993E-01
   7145.00  5.4538536E-01
   7145.33  5.4776102E-01
   7145.67  5.4879371E-01
   7146.00  5.4840646E-01
   7146.33  5.4643495E-01
   7146.67  5.4318576E-01
   7147.00  5.3885993E-01
   7147.33  5.3366576E-01
   7147.67  5.2802523E-01
   7148.00  5.2218683E-01
   7148.33  5.1635411E-01
   7148.67  5.1060230E-01
   7149.00  5.0488894E-01
   7149.33  4.9904845E-01
   7149.67  4.9288849E-01
   7150.00  4.8624426E-01
   7150.33  4.7892420E-01
   7150.67  4.7100664E-01
   7151.00  4.6259866E-01
   7151.33  4.5387259E-01
   7151.67  4.4510018E-01
   7152.00  4.3647615E-01
   7152.33  4.2823538E-01
   7152.67  4.2045575E-01
   7153.00  4.1316275E-01
   7153.33  4.0635695E-01
   7153.67  3.9986480E-01
   7154.00  3.9355232E-01
   7154.33  3.8725499E-01
   7154.67  3.8082022E-01
   7155.00  3.7414974E-01
   7155.33  3.6714646E-01
   7155.67  3.5985905E-01
   7156.00  3.5235862E-01
   7156.33  3.4478097E-01
   7156.67  3.3732048E-01
   7157.00  3.3014393E-01
   7157.33  3.2348227E-01
   7157.67  3.1741198E-01
   7158.00  3.1201151E-01
   7158.33  3.0742482E-01
   7158.67  3.0358558E-01
   7159.00  3.0050044E-01
   7159.33  2.9826364E-01
   7159.67  2.9677759E-01
   7160.00  2.9603873E-01
   7160.33  2.9613588E-01
   7160.67  2.9697172E-01
   7161.00  2.9854298E-01
   7161.33  3.0093514E-01
   7161.67  3.0403935E-01
   7162.00  3.0782774E-01
   7162.33  3.1233339E-01
   7162.67  3.1741272E-01
   7163.00  3.2300399E-01
   7163.33  3.2907654E-01
   7163.67  3.3547725E-01
   7164.00  3.4210861E-01
   7164.33  3.4885906E-01
   7164.67  3.5558243E-01
   7165.00  3.6216398E-01
   7165.33  3.6845024E-01
   7165.67  3.7437894E-01
   7166.00  3.7989615E-01
   7166.33  3.8492192E-01
   7166.67  3.8952340E-01
   7167.00  3.9373544E-01
   7167.33  3.9757561E-01
   7167.67  4.0115202E-01
   7168.00  4.0452017E-01
   7168.33  4.0771773E-01
   7168.67  4.1080914E-01
   7169.00  4.1382511E-01
   7169.33  4.1678848E-01
   7169.67  4.1972784E-01
   7170.00  4.2265820E-01
   7170.33  4.2559049E-01
   7170.67  4.2852370E-01
   7171.00  4.3144042E-01
   7171.33  4.3427133E-01
   7171.67  4.3688526E-01
   7172.00  4.3907744E-01
