    FDMNES
    energy     <xanes>
   7097.00  4.4110001E-03
   7097.33  4.5022555E-03
   7097.67  4.5972232E-03
   7098.00  4.6961424E-03
   7098.33  4.7998533E-03
   7098.67  4.9081670E-03
   7099.00  5.0214099E-03
   7099.33  5.1406759E-03
   7099.67  5.2657743E-03
   7100.00  5.3971652E-03
   7100.33  5.5363155E-03
   7100.67  5.6830533E-03
   7101.00  5.8380507E-03
   7101.33  6.0033474E-03
   7101.67  6.1788366E-03
   7102.00  6.3655434E-03
   7102.33  6.5664315E-03
   7102.67  6.7815635E-03
   7103.00  7.0125874E-03
   7103.33  7.2640502E-03
   7103.67  7.5364283E-03
   7104.00  7.8325482E-03
   7104.33  8.1598779E-03
   7104.67  8.5199179E-03
   7105.00  8.9179261E-03
   7105.33  9.3672897E-03
   7105.67  9.8721997E-03
   7106.00  1.0443528E-02
   7106.33  1.1108216E-02
   7106.67  1.1878332E-02
   7107.00  1.2779824E-02
   7107.33  1.3876327E-02
   7107.67  1.5207252E-02
   7108.00  1.6848708E-02
   7108.33  1.8991033E-02
   7108.67  2.1797587E-02
   7109.00  2.5575271E-02
   7109.33  3.1151524E-02
   7109.67  3.9542519E-02
   7110.00  5.2762737E-02
   7110.33  7.6644409E-02
   7110.67  1.1652482E-01
   7111.00  1.6790496E-01
   7111.33  1.9662053E-01
   7111.67  1.9289623E-01
   7112.00  1.7627965E-01
   7112.33  1.7260986E-01
   7112.67  1.7759967E-01
   7113.00  1.7422435E-01
   7113.33  1.5558934E-01
   7113.67  1.2988572E-01
   7114.00  1.0154316E-01
   7114.33  7.9148414E-02
   7114.67  6.4335112E-02
   7115.00  5.4661037E-02
   7115.33  4.7654794E-02
   7115.67  4.2816331E-02
   7116.00  4.0020634E-02
   7116.33  3.8941690E-02
   7116.67  3.8996627E-02
   7117.00  3.9943691E-02
   7117.33  4.1545372E-02
   7117.67  4.3357761E-02
   7118.00  4.5167687E-02
   7118.33  4.7109723E-02
   7118.67  4.9609423E-02
   7119.00  5.3044543E-02
   7119.33  5.7814736E-02
   7119.67  6.3910614E-02
   7120.00  7.1529123E-02
   7120.33  8.1343616E-02
   7120.67  9.3819316E-02
   7121.00  1.0983109E-01
   7121.33  1.3108109E-01
   7121.67  1.5766352E-01
   7122.00  1.8937371E-01
   7122.33  2.2537956E-01
   7122.67  2.6287723E-01
   7123.00  2.9945513E-01
   7123.33  3.3303321E-01
   7123.67  3.6471248E-01
   7124.00  3.9610289E-01
   7124.33  4.2733810E-01
   7124.67  4.5761599E-01
   7125.00  4.8824530E-01
   7125.33  5.2337303E-01
   7125.67  5.6524559E-01
   7126.00  6.1232087E-01
   7126.33  6.5557613E-01
   7126.67  6.8384718E-01
   7127.00  6.9268275E-01
   7127.33  6.8436860E-01
   7127.67  6.6922031E-01
   7128.00  6.5420290E-01
   7128.33  6.4575380E-01
   7128.67  6.4467529E-01
   7129.00  6.4949161E-01
   7129.33  6.5807126E-01
   7129.67  6.6788351E-01
   7130.00  6.7754694E-01
   7130.33  6.8541067E-01
   7130.67  6.9018112E-01
   7131.00  6.9106828E-01
   7131.33  6.8869902E-01
   7131.67  6.8627875E-01
   7132.00  6.8593642E-01
   7132.33  6.8865657E-01
   7132.67  6.9328744E-01
   7133.00  6.9884864E-01
   7133.33  7.0458318E-01
   7133.67  7.1036910E-01
   7134.00  7.1676150E-01
   7134.33  7.2548374E-01
   7134.67  7.3807851E-01
   7135.00  7.5540289E-01
   7135.33  7.7751585E-01
   7135.67  8.0179891E-01
   7136.00  8.2492132E-01
   7136.33  8.4071046E-01
   7136.67  8.4558503E-01
   7137.00  8.3875780E-01
   7137.33  8.2145407E-01
   7137.67  7.9847335E-01
   7138.00  7.7250308E-01
   7138.33  7.4561789E-01
   7138.67  7.1926662E-01
   7139.00  6.9417947E-01
   7139.33  6.7114078E-01
   7139.67  6.5027965E-01
   7140.00  6.3179200E-01
   7140.33  6.1611260E-01
   7140.67  6.0294317E-01
   7141.00  5.9222490E-01
   7141.33  5.8411461E-01
   7141.67  5.7811497E-01
   7142.00  5.7399012E-01
   7142.33  5.7159226E-01
   7142.67  5.7032953E-01
   7143.00  5.6982321E-01
   7143.33  5.6966011E-01
   7143.67  5.6938524E-01
   7144.00  5.6869644E-01
   7144.33  5.6723933E-01
   7144.67  5.6492428E-01
   7145.00  5.6167006E-01
   7145.33  5.5732556E-01
   7145.67  5.5203520E-01
   7146.00  5.4585139E-01
   7146.33  5.3876459E-01
   7146.67  5.3099412E-01
   7147.00  5.2266550E-01
   7147.33  5.1388841E-01
   7147.67  5.0486342E-01
   7148.00  4.9570451E-01
   7148.33  4.8653154E-01
   7148.67  4.7746354E-01
   7149.00  4.6859729E-01
   7149.33  4.6007266E-01
   7149.67  4.5193513E-01
   7150.00  4.4423608E-01
   7150.33  4.3706512E-01
   7150.67  4.3036332E-01
   7151.00  4.2410946E-01
   7151.33  4.1831591E-01
   7151.67  4.1288819E-01
   7152.00  4.0778302E-01
   7152.33  4.0297855E-01
   7152.67  3.9838826E-01
   7153.00  3.9397003E-01
   7153.33  3.8969406E-01
   7153.67  3.8550331E-01
   7154.00  3.8136535E-01
   7154.33  3.7724359E-01
   7154.67  3.7310835E-01
   7155.00  3.6895542E-01
   7155.33  3.6479671E-01
   7155.67  3.6065800E-01
   7156.00  3.5656849E-01
   7156.33  3.5258026E-01
   7156.67  3.4872918E-01
   7157.00  3.4506022E-01
   7157.33  3.4166217E-01
   7157.67  3.3857262E-01
   7158.00  3.3585794E-01
   7158.33  3.3366098E-01
   7158.67  3.3201224E-01
   7159.00  3.3098236E-01
   7159.33  3.3072651E-01
   7159.67  3.3120623E-01
   7160.00  3.3243931E-01
   7160.33  3.3450892E-01
   7160.67  3.3727955E-01
   7161.00  3.4069050E-01
   7161.33  3.4470858E-01
   7161.67  3.4913592E-01
   7162.00  3.5386196E-01
   7162.33  3.5880127E-01
   7162.67  3.6383774E-01
   7163.00  3.6890591E-01
   7163.33  3.7395617E-01
   7163.67  3.7897496E-01
   7164.00  3.8396474E-01
   7164.33  3.8893967E-01
   7164.67  3.9392228E-01
   7165.00  3.9892438E-01
   7165.33  4.0395295E-01
   7165.67  4.0899924E-01
   7166.00  4.1404633E-01
   7166.33  4.1905728E-01
   7166.67  4.2399299E-01
   7167.00  4.2881171E-01
   7167.33  4.3344157E-01
   7167.67  4.3785346E-01
   7168.00  4.4200801E-01
   7168.33  4.4583084E-01
   7168.67  4.4933147E-01
   7169.00  4.5249590E-01
   7169.33  4.5527837E-01
   7169.67  4.5773154E-01
   7170.00  4.5987365E-01
   7170.33  4.6169995E-01
   7170.67  4.6328156E-01
   7171.00  4.6464946E-01
   7171.33  4.6580969E-01
   7171.67  4.6679585E-01
   7172.00  4.6759606E-01
