    FDMNES
    energy     <xanes>
   7097.00  4.5520850E-03
   7097.33  4.6435323E-03
   7097.67  4.7385165E-03
   7098.00  4.8372502E-03
   7098.33  4.9405078E-03
   7098.67  5.0480875E-03
   7099.00  5.1602736E-03
   7099.33  5.2780547E-03
   7099.67  5.4012192E-03
   7100.00  5.5301586E-03
   7100.33  5.6661691E-03
   7100.67  5.8090427E-03
   7101.00  5.9593370E-03
   7101.33  6.1188085E-03
   7101.67  6.2872835E-03
   7102.00  6.4655903E-03
   7102.33  6.6562086E-03
   7102.67  6.8590697E-03
   7103.00  7.0754684E-03
   7103.33  7.3090902E-03
   7103.67  7.5601383E-03
   7104.00  7.8307700E-03
   7104.33  8.1268352E-03
   7104.67  8.4492245E-03
   7105.00  8.8018339E-03
   7105.33  9.1947806E-03
   7105.67  9.6307683E-03
   7106.00  1.0117613E-02
   7106.33  1.0674939E-02
   7106.67  1.1310716E-02
   7107.00  1.2043027E-02
   7107.33  1.2916491E-02
   7107.67  1.3957039E-02
   7108.00  1.5215935E-02
   7108.33  1.6821242E-02
   7108.67  1.8878024E-02
   7109.00  2.1584601E-02
   7109.33  2.5471075E-02
   7109.67  3.1165698E-02
   7110.00  3.9907413E-02
   7110.33  5.5265522E-02
   7110.67  8.0685152E-02
   7111.00  1.1509238E-01
   7111.33  1.4483842E-01
   7111.67  1.6052402E-01
   7112.00  1.5747944E-01
   7112.33  1.4400876E-01
   7112.67  1.3380298E-01
   7113.00  1.2265672E-01
   7113.33  1.0456286E-01
   7113.67  8.6686260E-02
   7114.00  7.3205089E-02
   7114.33  6.4696399E-02
   7114.67  5.9463955E-02
   7115.00  5.6791553E-02
   7115.33  5.6449737E-02
   7115.67  5.7955212E-02
   7116.00  6.1286996E-02
   7116.33  6.6850921E-02
   7116.67  7.4693658E-02
   7117.00  8.5103501E-02
   7117.33  9.8678319E-02
   7117.67  1.1504014E-01
   7118.00  1.3385308E-01
   7118.33  1.5467141E-01
   7118.67  1.7658828E-01
   7119.00  1.9917221E-01
   7119.33  2.2208377E-01
   7119.67  2.4488521E-01
   7120.00  2.6717877E-01
   7120.33  2.8842325E-01
   7120.67  3.0848154E-01
   7121.00  3.2733161E-01
   7121.33  3.4503582E-01
   7121.67  3.6201624E-01
   7122.00  3.7845465E-01
   7122.33  3.9415218E-01
   7122.67  4.0839330E-01
   7123.00  4.2024230E-01
   7123.33  4.2943114E-01
   7123.67  4.3798338E-01
   7124.00  4.4740113E-01
   7124.33  4.5843348E-01
   7124.67  4.7105409E-01
   7125.00  4.8523343E-01
   7125.33  5.0038884E-01
   7125.67  5.1675490E-01
   7126.00  5.3546299E-01
   7126.33  5.5665290E-01
   7126.67  5.7795081E-01
   7127.00  5.9684942E-01
   7127.33  6.1023509E-01
   7127.67  6.1761911E-01
   7128.00  6.1920480E-01
   7128.33  6.1535140E-01
   7128.67  6.0822564E-01
   7129.00  5.9992776E-01
   7129.33  5.9389582E-01
   7129.67  5.9253357E-01
   7130.00  5.9651074E-01
   7130.33  6.0504569E-01
   7130.67  6.1509221E-01
   7131.00  6.2442860E-01
   7131.33  6.3102643E-01
   7131.67  6.3465262E-01
   7132.00  6.3540269E-01
   7132.33  6.3313292E-01
   7132.67  6.2831050E-01
   7133.00  6.2109566E-01
   7133.33  6.1162349E-01
   7133.67  6.0083340E-01
   7134.00  5.8954389E-01
   7134.33  5.7876045E-01
   7134.67  5.6893502E-01
   7135.00  5.6004817E-01
   7135.33  5.5191175E-01
   7135.67  5.4417394E-01
   7136.00  5.3669272E-01
   7136.33  5.2944588E-01
   7136.67  5.2247977E-01
   7137.00  5.1594691E-01
   7137.33  5.1019102E-01
   7137.67  5.0541119E-01
   7138.00  5.0181803E-01
   7138.33  4.9973413E-01
   7138.67  4.9903556E-01
   7139.00  4.9968372E-01
   7139.33  5.0172628E-01
   7139.67  5.0485766E-01
   7140.00  5.0892707E-01
   7140.33  5.1383942E-01
   7140.67  5.1930712E-01
   7141.00  5.2516323E-01
   7141.33  5.3123940E-01
   7141.67  5.3732137E-01
   7142.00  5.4324938E-01
   7142.33  5.4880103E-01
   7142.67  5.5384708E-01
   7143.00  5.5825376E-01
   7143.33  5.6179468E-01
   7143.67  5.6447512E-01
   7144.00  5.6625564E-01
   7144.33  5.6702628E-01
   7144.67  5.6694986E-01
   7145.00  5.6610173E-01
   7145.33  5.6451453E-01
   7145.67  5.6240168E-01
   7146.00  5.5987491E-01
   7146.33  5.5700986E-01
   7146.67  5.5395639E-01
   7147.00  5.5080680E-01
   7147.33  5.4763391E-01
   7147.67  5.4447165E-01
   7148.00  5.4132891E-01
   7148.33  5.3821468E-01
   7148.67  5.3513031E-01
   7149.00  5.3208041E-01
   7149.33  5.2907718E-01
   7149.67  5.2613181E-01
   7150.00  5.2327201E-01
   7150.33  5.2055389E-01
   7150.67  5.1800620E-01
   7151.00  5.1566710E-01
   7151.33  5.1360461E-01
   7151.67  5.1181051E-01
   7152.00  5.1028892E-01
   7152.33  5.0905870E-01
   7152.67  5.0805794E-01
   7153.00  5.0725338E-01
   7153.33  5.0662293E-01
   7153.67  5.0610872E-01
   7154.00  5.0568324E-01
   7154.33  5.0533017E-01
   7154.67  5.0502443E-01
   7155.00  5.0475520E-01
   7155.33  5.0451428E-01
   7155.67  5.0428590E-01
   7156.00  5.0405606E-01
   7156.33  5.0380169E-01
   7156.67  5.0350292E-01
   7157.00  5.0314058E-01
   7157.33  5.0268553E-01
   7157.67  5.0213845E-01
   7158.00  5.0150181E-01
   7158.33  5.0078380E-01
   7158.67  5.0002692E-01
   7159.00  4.9927237E-01
   7159.33  4.9858660E-01
   7159.67  4.9802579E-01
   7160.00  4.9764339E-01
   7160.33  4.9752437E-01
   7160.67  4.9768484E-01
   7161.00  4.9815510E-01
   7161.33  4.9899492E-01
   7161.67  5.0016095E-01
   7162.00  5.0163720E-01
   7162.33  5.0342627E-01
   7162.67  5.0545594E-01
   7163.00  5.0769224E-01
   7163.33  5.1011375E-01
   7163.67  5.1265696E-01
   7164.00  5.1528440E-01
   7164.33  5.1795604E-01
   7164.67  5.2062117E-01
   7165.00  5.2323989E-01
   7165.33  5.2575366E-01
   7165.67  5.2812727E-01
   7166.00  5.3032093E-01
   7166.33  5.3226218E-01
   7166.67  5.3393835E-01
   7167.00  5.3531842E-01
   7167.33  5.3633186E-01
   7167.67  5.3699859E-01
   7168.00  5.3730910E-01
   7168.33  5.3721816E-01
   7168.67  5.3678121E-01
   7169.00  5.3601595E-01
   7169.33  5.3491308E-01
   7169.67  5.3354542E-01
   7170.00  5.3194863E-01
   7170.33  5.3014743E-01
   7170.67  5.2821931E-01
   7171.00  5.2622083E-01
   7171.33  5.2424340E-01
   7171.67  5.2242145E-01
   7172.00  5.2091899E-01
