    FDMNES
    energy     <xanes>
   7097.00  4.1162426E-03
   7097.33  4.1971165E-03
   7097.67  4.2811166E-03
   7098.00  4.3684352E-03
   7098.33  4.4597646E-03
   7098.67  4.5549327E-03
   7099.00  4.6541986E-03
   7099.33  4.7584514E-03
   7099.67  4.8675125E-03
   7100.00  4.9817408E-03
   7100.33  5.1023100E-03
   7100.67  5.2290470E-03
   7101.00  5.3624658E-03
   7101.33  5.5041661E-03
   7101.67  5.6540083E-03
   7102.00  5.8127573E-03
   7102.33  5.9826804E-03
   7102.67  6.1637337E-03
   7103.00  6.3571093E-03
   7103.33  6.5661775E-03
   7103.67  6.7911318E-03
   7104.00  7.0339382E-03
   7104.33  7.2999110E-03
   7104.67  7.5898204E-03
   7105.00  7.9071438E-03
   7105.33  8.2609111E-03
   7105.67  8.6533441E-03
   7106.00  9.0911732E-03
   7106.33  9.5913108E-03
   7106.67  1.0159951E-02
   7107.00  1.0811790E-02
   7107.33  1.1583016E-02
   7107.67  1.2492324E-02
   7108.00  1.3577837E-02
   7108.33  1.4933718E-02
   7108.67  1.6628118E-02
   7109.00  1.8790622E-02
   7109.33  2.1758049E-02
   7109.67  2.5885271E-02
   7110.00  3.1861462E-02
   7110.33  4.1617721E-02
   7110.67  5.6980769E-02
   7111.00  7.7959169E-02
   7111.33  1.0108052E-01
   7111.67  1.3012643E-01
   7112.00  1.7343821E-01
   7112.33  2.3150511E-01
   7112.67  2.6242086E-01
   7113.00  2.3283512E-01
   7113.33  1.7602222E-01
   7113.67  1.3187833E-01
   7114.00  1.0265473E-01
   7114.33  8.3136826E-02
   7114.67  6.9395549E-02
   7115.00  6.0597753E-02
   7115.33  5.5701530E-02
   7115.67  5.2774916E-02
   7116.00  5.1067257E-02
   7116.33  5.0587888E-02
   7116.67  5.1332622E-02
   7117.00  5.3393129E-02
   7117.33  5.7069650E-02
   7117.67  6.2308838E-02
   7118.00  6.9109112E-02
   7118.33  7.7192010E-02
   7118.67  8.5166402E-02
   7119.00  9.1339567E-02
   7119.33  9.3682123E-02
   7119.67  9.2659937E-02
   7120.00  8.9490256E-02
   7120.33  8.5667791E-02
   7120.67  8.2273586E-02
   7121.00  7.9856430E-02
   7121.33  7.9154434E-02
   7121.67  8.0527310E-02
   7122.00  8.4585807E-02
   7122.33  9.2875793E-02
   7122.67  1.0638259E-01
   7123.00  1.2606919E-01
   7123.33  1.5098202E-01
   7123.67  1.7385561E-01
   7124.00  1.8818691E-01
   7124.33  1.9293279E-01
   7124.67  1.9577709E-01
   7125.00  2.0215515E-01
   7125.33  2.1648586E-01
   7125.67  2.3811084E-01
   7126.00  2.6509879E-01
   7126.33  2.9379613E-01
   7126.67  3.2120053E-01
   7127.00  3.4815450E-01
   7127.33  3.7894476E-01
   7127.67  4.1704143E-01
   7128.00  4.6421088E-01
   7128.33  5.2093268E-01
   7128.67  5.8179088E-01
   7129.00  6.3933240E-01
   7129.33  6.8083940E-01
   7129.67  7.0291482E-01
   7130.00  7.1148907E-01
   7130.33  7.1896334E-01
   7130.67  7.3093640E-01
   7131.00  7.4482633E-01
   7131.33  7.5671406E-01
   7131.67  7.6733478E-01
   7132.00  7.7920252E-01
   7132.33  7.9487286E-01
   7132.67  8.1437252E-01
   7133.00  8.3744473E-01
   7133.33  8.6451303E-01
   7133.67  8.9528358E-01
   7134.00  9.2828499E-01
   7134.33  9.5643383E-01
   7134.67  9.6952231E-01
   7135.00  9.6065929E-01
   7135.33  9.2929981E-01
   7135.67  8.8856022E-01
   7136.00  8.4783411E-01
   7136.33  8.1455587E-01
   7136.67  7.9021339E-01
   7137.00  7.7482093E-01
   7137.33  7.6838891E-01
   7137.67  7.6843976E-01
   7138.00  7.7339577E-01
   7138.33  7.8127727E-01
   7138.67  7.8894104E-01
   7139.00  7.9383329E-01
   7139.33  7.9287192E-01
   7139.67  7.8543243E-01
   7140.00  7.7126891E-01
   7140.33  7.4977291E-01
   7140.67  7.2239734E-01
   7141.00  6.9030982E-01
   7141.33  6.5540069E-01
   7141.67  6.2059542E-01
   7142.00  5.8786947E-01
   7142.33  5.5922548E-01
   7142.67  5.3493726E-01
   7143.00  5.1515256E-01
   7143.33  5.0028012E-01
   7143.67  4.8947740E-01
   7144.00  4.8242515E-01
   7144.33  4.7908096E-01
   7144.67  4.7848944E-01
   7145.00  4.8014555E-01
   7145.33  4.8363378E-01
   7145.67  4.8814303E-01
   7146.00  4.9321030E-01
   7146.33  4.9843075E-01
   7146.67  5.0353077E-01
   7147.00  5.0842402E-01
   7147.33  5.1309343E-01
   7147.67  5.1761296E-01
   7148.00  5.2203139E-01
   7148.33  5.2636682E-01
   7148.67  5.3057534E-01
   7149.00  5.3455091E-01
   7149.33  5.3809860E-01
   7149.67  5.4115104E-01
   7150.00  5.4366651E-01
   7150.33  5.4561671E-01
   7150.67  5.4717798E-01
   7151.00  5.4848214E-01
   7151.33  5.4967956E-01
   7151.67  5.5092894E-01
   7152.00  5.5232633E-01
   7152.33  5.5395039E-01
   7152.67  5.5578193E-01
   7153.00  5.5781150E-01
   7153.33  5.6000337E-01
   7153.67  5.6221355E-01
   7154.00  5.6427042E-01
   7154.33  5.6582627E-01
   7154.67  5.6652816E-01
   7155.00  5.6595238E-01
   7155.33  5.6336674E-01
   7155.67  5.5857431E-01
   7156.00  5.5136849E-01
   7156.33  5.4144515E-01
   7156.67  5.2935312E-01
   7157.00  5.1544947E-01
   7157.33  5.0006000E-01
   7157.67  4.8383335E-01
   7158.00  4.6713231E-01
   7158.33  4.5027749E-01
   7158.67  4.3353596E-01
   7159.00  4.1706998E-01
   7159.33  4.0108430E-01
   7159.67  3.8565717E-01
   7160.00  3.7089678E-01
   7160.33  3.5702821E-01
   7160.67  3.4407762E-01
   7161.00  3.3215215E-01
   7161.33  3.2153014E-01
   7161.67  3.1220847E-01
   7162.00  3.0431243E-01
   7162.33  2.9818793E-01
   7162.67  2.9379006E-01
   7163.00  2.9124917E-01
   7163.33  2.9095965E-01
   7163.67  2.9279275E-01
   7164.00  2.9682051E-01
   7164.33  3.0335281E-01
   7164.67  3.1206952E-01
   7165.00  3.2286281E-01
   7165.33  3.3574375E-01
   7165.67  3.5015127E-01
   7166.00  3.6571951E-01
   7166.33  3.8202443E-01
   7166.67  3.9842332E-01
   7167.00  4.1442260E-01
   7167.33  4.2935706E-01
   7167.67  4.4286805E-01
   7168.00  4.5462662E-01
   7168.33  4.6410821E-01
   7168.67  4.7141960E-01
   7169.00  4.7653133E-01
   7169.33  4.7924474E-01
   7169.67  4.7998944E-01
   7170.00  4.7896811E-01
   7170.33  4.7629108E-01
   7170.67  4.7248788E-01
   7171.00  4.6789459E-01
   7171.33  4.6292298E-01
   7171.67  4.5817981E-01
   7172.00  4.5424388E-01
