    FDMNES
    energy     <xanes>
   7097.00  4.5049127E-03
   7097.33  4.5991974E-03
   7097.67  4.6972885E-03
   7098.00  4.7994244E-03
   7098.33  4.9064545E-03
   7098.67  5.0181747E-03
   7099.00  5.1349069E-03
   7099.33  5.2577463E-03
   7099.67  5.3864822E-03
   7100.00  5.5215622E-03
   7100.33  5.6644389E-03
   7100.67  5.8149117E-03
   7101.00  5.9736255E-03
   7101.33  6.1425729E-03
   7101.67  6.3216024E-03
   7102.00  6.5116832E-03
   7102.33  6.7156649E-03
   7102.67  6.9335341E-03
   7103.00  7.1668229E-03
   7103.33  7.4198248E-03
   7103.67  7.6928724E-03
   7104.00  7.9885453E-03
   7104.33  8.3137533E-03
   7104.67  8.6696893E-03
   7105.00  9.0610576E-03
   7105.33  9.4999645E-03
   7105.67  9.9898528E-03
   7106.00  1.0540235E-02
   7106.33  1.1174849E-02
   7106.67  1.1903633E-02
   7107.00  1.2748696E-02
   7107.33  1.3764389E-02
   7107.67  1.4982641E-02
   7108.00  1.6466077E-02
   7108.33  1.8370695E-02
   7108.67  2.0824093E-02
   7109.00  2.4066096E-02
   7109.33  2.8734558E-02
   7109.67  3.5575740E-02
   7110.00  4.6056431E-02
   7110.33  6.4437131E-02
   7110.67  9.5423207E-02
   7111.00  1.4050624E-01
   7111.33  1.8446693E-01
   7111.67  2.0275128E-01
   7112.00  1.9123176E-01
   7112.33  1.7325304E-01
   7112.67  1.5775551E-01
   7113.00  1.4060176E-01
   7113.33  1.2530662E-01
   7113.67  1.1167570E-01
   7114.00  9.4706695E-02
   7114.33  7.6357940E-02
   7114.67  6.3607631E-02
   7115.00  5.7229750E-02
   7115.33  5.6217082E-02
   7115.67  5.8499631E-02
   7116.00  6.2688492E-02
   7116.33  6.6514604E-02
   7116.67  6.8815741E-02
   7117.00  7.0693044E-02
   7117.33  7.4382245E-02
   7117.67  8.0684920E-02
   7118.00  8.9687838E-02
   7118.33  1.0151143E-01
   7118.67  1.1597294E-01
   7119.00  1.3371814E-01
   7119.33  1.5650808E-01
   7119.67  1.8488726E-01
   7120.00  2.1833787E-01
   7120.33  2.5185193E-01
   7120.67  2.7688562E-01
   7121.00  2.9002253E-01
   7121.33  2.9623755E-01
   7121.67  3.0635665E-01
   7122.00  3.2695641E-01
   7122.33  3.6322815E-01
   7122.67  4.1127948E-01
   7123.00  4.6464378E-01
   7123.33  5.1499267E-01
   7123.67  5.5898998E-01
   7124.00  5.9625002E-01
   7124.33  6.2735314E-01
   7124.67  6.5293570E-01
   7125.00  6.6942324E-01
   7125.33  6.7016018E-01
   7125.67  6.5628053E-01
   7126.00  6.3186437E-01
   7126.33  6.0486553E-01
   7126.67  5.8218314E-01
   7127.00  5.6497767E-01
   7127.33  5.5236642E-01
   7127.67  5.4241247E-01
   7128.00  5.3375110E-01
   7128.33  5.2519672E-01
   7128.67  5.1732764E-01
   7129.00  5.1214011E-01
   7129.33  5.1298649E-01
   7129.67  5.2007355E-01
   7130.00  5.3076308E-01
   7130.33  5.3727410E-01
   7130.67  5.3509930E-01
   7131.00  5.2802489E-01
   7131.33  5.2459703E-01
   7131.67  5.2728302E-01
   7132.00  5.3439206E-01
   7132.33  5.4403246E-01
   7132.67  5.5576897E-01
   7133.00  5.6998907E-01
   7133.33  5.8474237E-01
   7133.67  5.9478756E-01
   7134.00  5.9672842E-01
   7134.33  5.9116760E-01
   7134.67  5.8371494E-01
   7135.00  5.7752479E-01
   7135.33  5.7419405E-01
   7135.67  5.7305767E-01
   7136.00  5.7347368E-01
   7136.33  5.7516035E-01
   7136.67  5.7804467E-01
   7137.00  5.8226619E-01
   7137.33  5.8768561E-01
   7137.67  5.9321773E-01
   7138.00  5.9766038E-01
   7138.33  5.9930057E-01
   7138.67  5.9751294E-01
   7139.00  5.9207142E-01
   7139.33  5.8296288E-01
   7139.67  5.7149964E-01
   7140.00  5.5869228E-01
   7140.33  5.4589975E-01
   7140.67  5.3458014E-01
   7141.00  5.2593046E-01
   7141.33  5.2156059E-01
   7141.67  5.2168120E-01
   7142.00  5.2644318E-01
   7142.33  5.3604273E-01
   7142.67  5.4911914E-01
   7143.00  5.6467949E-01
   7143.33  5.8150872E-01
   7143.67  5.9803829E-01
   7144.00  6.1311109E-01
   7144.33  6.2532752E-01
   7144.67  6.3438786E-01
   7145.00  6.4015904E-01
   7145.33  6.4245769E-01
   7145.67  6.4210631E-01
   7146.00  6.3955215E-01
   7146.33  6.3510926E-01
   7146.67  6.2948399E-01
   7147.00  6.2306418E-01
   7147.33  6.1616820E-01
   7147.67  6.0908135E-01
   7148.00  6.0186246E-01
   7148.33  5.9441701E-01
   7148.67  5.8662650E-01
   7149.00  5.7836563E-01
   7149.33  5.6944858E-01
   7149.67  5.5984883E-01
   7150.00  5.4946487E-01
   7150.33  5.3807727E-01
   7150.67  5.2576681E-01
   7151.00  5.1261158E-01
   7151.33  4.9876768E-01
   7151.67  4.8467278E-01
   7152.00  4.7069406E-01
   7152.33  4.5732702E-01
   7152.67  4.4486836E-01
   7153.00  4.3353545E-01
   7153.33  4.2360570E-01
   7153.67  4.1493510E-01
   7154.00  4.0746671E-01
   7154.33  4.0120391E-01
   7154.67  3.9583499E-01
   7155.00  3.9119202E-01
   7155.33  3.8715582E-01
   7155.67  3.8350687E-01
   7156.00  3.8015604E-01
   7156.33  3.7708209E-01
   7156.67  3.7424998E-01
   7157.00  3.7168227E-01
   7157.33  3.6945752E-01
   7157.67  3.6757929E-01
   7158.00  3.6607633E-01
   7158.33  3.6501459E-01
   7158.67  3.6433994E-01
   7159.00  3.6403586E-01
   7159.33  3.6411571E-01
   7159.67  3.6449909E-01
   7160.00  3.6515364E-01
   7160.33  3.6608194E-01
   7160.67  3.6724607E-01
   7161.00  3.6866883E-01
   7161.33  3.7045261E-01
   7161.67  3.7263950E-01
   7162.00  3.7530066E-01
   7162.33  3.7856121E-01
   7162.67  3.8236695E-01
   7163.00  3.8669110E-01
   7163.33  3.9152734E-01
   7163.67  3.9673437E-01
   7164.00  4.0223175E-01
   7164.33  4.0794754E-01
   7164.67  4.1376061E-01
   7165.00  4.1958733E-01
   7165.33  4.2531972E-01
   7165.67  4.3087245E-01
   7166.00  4.3616745E-01
   7166.33  4.4108141E-01
   7166.67  4.4559294E-01
   7167.00  4.4966497E-01
   7167.33  4.5321926E-01
   7167.67  4.5631582E-01
   7168.00  4.5897382E-01
   7168.33  4.6118398E-01
   7168.67  4.6305276E-01
   7169.00  4.6463821E-01
   7169.33  4.6598671E-01
   7169.67  4.6719399E-01
   7170.00  4.6830942E-01
   7170.33  4.6936506E-01
   7170.67  4.7038192E-01
   7171.00  4.7135277E-01
   7171.33  4.7224170E-01
   7171.67  4.7301780E-01
   7172.00  4.7364549E-01
