    FDMNES
    energy     <xanes>
   7097.00  5.0880360E-03
   7097.33  5.2025759E-03
   7097.67  5.3221081E-03
   7098.00  5.4469593E-03
   7098.33  5.5782665E-03
   7098.67  5.7157785E-03
   7099.00  5.8599370E-03
   7099.33  6.0122158E-03
   7099.67  6.1723532E-03
   7100.00  6.3409617E-03
   7100.33  6.5200002E-03
   7100.67  6.7092158E-03
   7101.00  6.9094839E-03
   7101.33  7.1234862E-03
   7101.67  7.3510228E-03
   7102.00  7.5933902E-03
   7102.33  7.8543947E-03
   7102.67  8.1339869E-03
   7103.00  8.4341732E-03
   7103.33  8.7605997E-03
   7103.67  9.1135915E-03
   7104.00  9.4964268E-03
   7104.33  9.9179601E-03
   7104.67  1.0379429E-02
   7105.00  1.0886574E-02
   7105.33  1.1454322E-02
   7105.67  1.2086225E-02
   7106.00  1.2793300E-02
   7106.33  1.3603303E-02
   7106.67  1.4526223E-02
   7107.00  1.5586085E-02
   7107.33  1.6842293E-02
   7107.67  1.8325755E-02
   7108.00  2.0099908E-02
   7108.33  2.2322725E-02
   7108.67  2.5113226E-02
   7109.00  2.8699597E-02
   7109.33  3.3687230E-02
   7109.67  4.0760969E-02
   7110.00  5.1274151E-02
   7110.33  6.9073028E-02
   7110.67  9.7395231E-02
   7111.00  1.3298535E-01
   7111.33  1.5893929E-01
   7111.67  1.8011024E-01
   7112.00  2.0175937E-01
   7112.33  2.2042432E-01
   7112.67  2.4495915E-01
   7113.00  2.8915626E-01
   7113.33  3.4489691E-01
   7113.67  3.7837836E-01
   7114.00  3.8472523E-01
   7114.33  3.6879720E-01
   7114.67  3.3689984E-01
   7115.00  2.9968835E-01
   7115.33  2.6872669E-01
   7115.67  2.4645311E-01
   7116.00  2.3192944E-01
   7116.33  2.2409686E-01
   7116.67  2.2080034E-01
   7117.00  2.1983590E-01
   7117.33  2.1605489E-01
   7117.67  2.0674966E-01
   7118.00  1.9402017E-01
   7118.33  1.8249069E-01
   7118.67  1.7445957E-01
   7119.00  1.7004810E-01
   7119.33  1.6842050E-01
   7119.67  1.6732540E-01
   7120.00  1.6511125E-01
   7120.33  1.6097434E-01
   7120.67  1.5601865E-01
   7121.00  1.5129270E-01
   7121.33  1.4791432E-01
   7121.67  1.4643205E-01
   7122.00  1.4728064E-01
   7122.33  1.5114209E-01
   7122.67  1.5787696E-01
   7123.00  1.6753051E-01
   7123.33  1.8040247E-01
   7123.67  1.9601123E-01
   7124.00  2.1415001E-01
   7124.33  2.3452922E-01
   7124.67  2.5588778E-01
   7125.00  2.7701251E-01
   7125.33  2.9620868E-01
   7125.67  3.1271673E-01
   7126.00  3.2654392E-01
   7126.33  3.3867273E-01
   7126.67  3.5135712E-01
   7127.00  3.6647216E-01
   7127.33  3.8610924E-01
   7127.67  4.1049136E-01
   7128.00  4.3966204E-01
   7128.33  4.7375728E-01
   7128.67  5.1164166E-01
   7129.00  5.5326187E-01
   7129.33  6.0042722E-01
   7129.67  6.5425371E-01
   7130.00  7.1483012E-01
   7130.33  7.7979893E-01
   7130.67  8.4277182E-01
   7131.00  8.9739879E-01
   7131.33  9.3573679E-01
   7131.67  9.5746392E-01
   7132.00  9.6442602E-01
   7132.33  9.5999296E-01
   7132.67  9.5003050E-01
   7133.00  9.3697383E-01
   7133.33  9.2147127E-01
   7133.67  9.0383227E-01
   7134.00  8.8451237E-01
   7134.33  8.6478296E-01
   7134.67  8.4557372E-01
   7135.00  8.2650207E-01
   7135.33  8.0641639E-01
   7135.67  7.8479574E-01
   7136.00  7.6160971E-01
   7136.33  7.3701018E-01
   7136.67  7.1158465E-01
   7137.00  6.8570641E-01
   7137.33  6.5980093E-01
   7137.67  6.3432796E-01
   7138.00  6.0972911E-01
   7138.33  5.8675513E-01
   7138.67  5.6579945E-01
   7139.00  5.4729282E-01
   7139.33  5.3195368E-01
   7139.67  5.1959504E-01
   7140.00  5.1017497E-01
   7140.33  5.0379196E-01
   7140.67  4.9973437E-01
   7141.00  4.9763753E-01
   7141.33  4.9727906E-01
   7141.67  4.9809259E-01
   7142.00  4.9979447E-01
   7142.33  5.0215240E-01
   7142.67  5.0479342E-01
   7143.00  5.0745289E-01
   7143.33  5.0978042E-01
   7143.67  5.1151811E-01
   7144.00  5.1245784E-01
   7144.33  5.1232743E-01
   7144.67  5.1121264E-01
   7145.00  5.0917753E-01
   7145.33  5.0625994E-01
   7145.67  5.0271890E-01
   7146.00  4.9870935E-01
   7146.33  4.9438600E-01
   7146.67  4.8996520E-01
   7147.00  4.8558689E-01
   7147.33  4.8141408E-01
   7147.67  4.7753987E-01
   7148.00  4.7404644E-01
   7148.33  4.7106940E-01
   7148.67  4.6861417E-01
   7149.00  4.6672519E-01
   7149.33  4.6552141E-01
   7149.67  4.6495851E-01
   7150.00  4.6505383E-01
   7150.33  4.6590339E-01
   7150.67  4.6742413E-01
   7151.00  4.6960288E-01
   7151.33  4.7248121E-01
   7151.67  4.7591572E-01
   7152.00  4.7981942E-01
   7152.33  4.8409175E-01
   7152.67  4.8850480E-01
   7153.00  4.9286715E-01
   7153.33  4.9690393E-01
   7153.67  5.0042509E-01
   7154.00  5.0327245E-01
   7154.33  5.0523401E-01
   7154.67  5.0638659E-01
   7155.00  5.0678258E-01
   7155.33  5.0646655E-01
   7155.67  5.0567872E-01
   7156.00  5.0456381E-01
   7156.33  5.0325671E-01
   7156.67  5.0191574E-01
   7157.00  5.0064167E-01
   7157.33  4.9954276E-01
   7157.67  4.9866334E-01
   7158.00  4.9804540E-01
   7158.33  4.9776444E-01
   7158.67  4.9781209E-01
   7159.00  4.9820759E-01
   7159.33  4.9901355E-01
   7159.67  5.0019626E-01
   7160.00  5.0176212E-01
   7160.33  5.0376224E-01
   7160.67  5.0614383E-01
   7161.00  5.0889646E-01
   7161.33  5.1204579E-01
   7161.67  5.1552173E-01
   7162.00  5.1929411E-01
   7162.33  5.2334948E-01
   7162.67  5.2760360E-01
   7163.00  5.3200519E-01
   7163.33  5.3649577E-01
   7163.67  5.4097995E-01
   7164.00  5.4537048E-01
   7164.33  5.4954614E-01
   7164.67  5.5344293E-01
   7165.00  5.5698752E-01
   7165.33  5.6004507E-01
   7165.67  5.6259963E-01
   7166.00  5.6460264E-01
   7166.33  5.6593849E-01
   7166.67  5.6665722E-01
   7167.00  5.6675245E-01
   7167.33  5.6615553E-01
   7167.67  5.6496610E-01
   7168.00  5.6321316E-01
   7168.33  5.6087537E-01
   7168.67  5.5807067E-01
   7169.00  5.5485067E-01
   7169.33  5.5123652E-01
   7169.67  5.4734061E-01
   7170.00  5.4322569E-01
   7170.33  5.3895508E-01
   7170.67  5.3463879E-01
   7171.00  5.3036974E-01
   7171.33  5.2631407E-01
   7171.67  5.2266835E-01
   7172.00  5.1969871E-01
