    FDMNES
    energy     <xanes>
   7097.00  4.8912658E-03
   7097.33  5.0025471E-03
   7097.67  5.1187405E-03
   7098.00  5.2401730E-03
   7098.33  5.3679722E-03
   7098.67  5.5018985E-03
   7099.00  5.6423957E-03
   7099.33  5.7909330E-03
   7099.67  5.9472635E-03
   7100.00  6.1120064E-03
   7100.33  6.2871252E-03
   7100.67  6.4723874E-03
   7101.00  6.6686839E-03
   7101.33  6.8787209E-03
   7101.67  7.1023282E-03
   7102.00  7.3408355E-03
   7102.33  7.5981132E-03
   7102.67  7.8741602E-03
   7103.00  8.1710515E-03
   7103.33  8.4945786E-03
   7103.67  8.8451531E-03
   7104.00  9.2261953E-03
   7104.33  9.6468749E-03
   7104.67  1.0108600E-02
   7105.00  1.0617411E-02
   7105.33  1.1188920E-02
   7105.67  1.1827043E-02
   7106.00  1.2543452E-02
   7106.33  1.3367424E-02
   7106.67  1.4309764E-02
   7107.00  1.5395981E-02
   7107.33  1.6688887E-02
   7107.67  1.8221190E-02
   7108.00  2.0059490E-02
   7108.33  2.2368545E-02
   7108.67  2.5269170E-02
   7109.00  2.8991138E-02
   7109.33  3.4133946E-02
   7109.67  4.1338963E-02
   7110.00  5.1855285E-02
   7110.33  6.9224110E-02
   7110.67  9.7121996E-02
   7111.00  1.3693442E-01
   7111.33  1.8417649E-01
   7111.67  2.3611759E-01
   7112.00  2.8323203E-01
   7112.33  3.0829278E-01
   7112.67  2.9493888E-01
   7113.00  2.6523997E-01
   7113.33  2.6905000E-01
   7113.67  3.0238523E-01
   7114.00  3.1651869E-01
   7114.33  2.7661896E-01
   7114.67  2.2794646E-01
   7115.00  2.0112360E-01
   7115.33  2.0036386E-01
   7115.67  2.1252336E-01
   7116.00  2.3505526E-01
   7116.33  2.5514790E-01
   7116.67  2.4587978E-01
   7117.00  2.1231971E-01
   7117.33  1.8100693E-01
   7117.67  1.6144241E-01
   7118.00  1.5270334E-01
   7118.33  1.5230018E-01
   7118.67  1.5460395E-01
   7119.00  1.5552418E-01
   7119.33  1.5296954E-01
   7119.67  1.4910113E-01
   7120.00  1.4588831E-01
   7120.33  1.4455482E-01
   7120.67  1.4476718E-01
   7121.00  1.4604185E-01
   7121.33  1.4790957E-01
   7121.67  1.5026531E-01
   7122.00  1.5370571E-01
   7122.33  1.5972695E-01
   7122.67  1.6920635E-01
   7123.00  1.8274366E-01
   7123.33  2.0090887E-01
   7123.67  2.2259992E-01
   7124.00  2.4707382E-01
   7124.33  2.7309413E-01
   7124.67  2.9784536E-01
   7125.00  3.1861256E-01
   7125.33  3.3329407E-01
   7125.67  3.4449576E-01
   7126.00  3.5552910E-01
   7126.33  3.7002677E-01
   7126.67  3.8865010E-01
   7127.00  4.1035242E-01
   7127.33  4.3264651E-01
   7127.67  4.5324100E-01
   7128.00  4.7151828E-01
   7128.33  4.8796720E-01
   7128.67  5.0411618E-01
   7129.00  5.2098660E-01
   7129.33  5.3962488E-01
   7129.67  5.6040699E-01
   7130.00  5.8361019E-01
   7130.33  6.0964445E-01
   7130.67  6.3814775E-01
   7131.00  6.6908495E-01
   7131.33  7.0291411E-01
   7131.67  7.3961513E-01
   7132.00  7.7919194E-01
   7132.33  8.2103307E-01
   7132.67  8.6305377E-01
   7133.00  9.0315620E-01
   7133.33  9.3781292E-01
   7133.67  9.6406575E-01
   7134.00  9.7846199E-01
   7134.33  9.7566911E-01
   7134.67  9.5654582E-01
   7135.00  9.2288350E-01
   7135.33  8.7793923E-01
   7135.67  8.2823325E-01
   7136.00  7.7760290E-01
   7136.33  7.2935404E-01
   7136.67  6.8482728E-01
   7137.00  6.4456649E-01
   7137.33  6.0916528E-01
   7137.67  5.7782460E-01
   7138.00  5.5024078E-01
   7138.33  5.2649904E-01
   7138.67  5.0588250E-01
   7139.00  4.8817094E-01
   7139.33  4.7342402E-01
   7139.67  4.6099706E-01
   7140.00  4.5058650E-01
   7140.33  4.4203530E-01
   7140.67  4.3478933E-01
   7141.00  4.2858252E-01
   7141.33  4.2326322E-01
   7141.67  4.1855274E-01
   7142.00  4.1435321E-01
   7142.33  4.1067492E-01
   7142.67  4.0747981E-01
   7143.00  4.0484617E-01
   7143.33  4.0304542E-01
   7143.67  4.0225968E-01
   7144.00  4.0277017E-01
   7144.33  4.0505549E-01
   7144.67  4.0901211E-01
   7145.00  4.1449908E-01
   7145.33  4.2127941E-01
   7145.67  4.2875195E-01
   7146.00  4.3659336E-01
   7146.33  4.4460433E-01
   7146.67  4.5270019E-01
   7147.00  4.6090294E-01
   7147.33  4.6930252E-01
   7147.67  4.7795642E-01
   7148.00  4.8692632E-01
   7148.33  4.9631218E-01
   7148.67  5.0609617E-01
   7149.00  5.1628140E-01
   7149.33  5.2689341E-01
   7149.67  5.3782248E-01
   7150.00  5.4897703E-01
   7150.33  5.6024060E-01
   7150.67  5.7144868E-01
   7151.00  5.8244867E-01
   7151.33  5.9299772E-01
   7151.67  6.0295302E-01
   7152.00  6.1216262E-01
   7152.33  6.2037096E-01
   7152.67  6.2759197E-01
   7153.00  6.3378364E-01
   7153.33  6.3881522E-01
   7153.67  6.4285635E-01
   7154.00  6.4596656E-01
   7154.33  6.4812723E-01
   7154.67  6.4953970E-01
   7155.00  6.5028699E-01
   7155.33  6.5038910E-01
   7155.67  6.4999972E-01
   7156.00  6.4917976E-01
   7156.33  6.4794009E-01
   7156.67  6.4636756E-01
   7157.00  6.4448156E-01
   7157.33  6.4224870E-01
   7157.67  6.3969617E-01
   7158.00  6.3680452E-01
   7158.33  6.3350025E-01
   7158.67  6.2980548E-01
   7159.00  6.2571158E-01
   7159.33  6.2118220E-01
   7159.67  6.1630639E-01
   7160.00  6.1114140E-01
   7160.33  6.0574847E-01
   7160.67  6.0025598E-01
   7161.00  5.9475757E-01
   7161.33  5.8935735E-01
   7161.67  5.8411554E-01
   7162.00  5.7907706E-01
   7162.33  5.7430175E-01
   7162.67  5.6976746E-01
   7163.00  5.6546850E-01
   7163.33  5.6141392E-01
   7163.67  5.5754405E-01
   7164.00  5.5382468E-01
   7164.33  5.5022713E-01
   7164.67  5.4669481E-01
   7165.00  5.4319122E-01
   7165.33  5.3967536E-01
   7165.67  5.3611357E-01
   7166.00  5.3247966E-01
   7166.33  5.2873629E-01
   7166.67  5.2487733E-01
   7167.00  5.2089182E-01
   7167.33  5.1675375E-01
   7167.67  5.1247617E-01
   7168.00  5.0806065E-01
   7168.33  5.0349769E-01
   7168.67  4.9881611E-01
   7169.00  4.9403095E-01
   7169.33  4.8915297E-01
   7169.67  4.8422043E-01
   7170.00  4.7926394E-01
   7170.33  4.7432872E-01
   7170.67  4.6946533E-01
   7171.00  4.6473991E-01
   7171.33  4.6030875E-01
   7171.67  4.5634600E-01
   7172.00  4.5310684E-01
