    FDMNES
    energy     <xanes>
   7097.00  5.6265209E-03
   7097.33  5.7797162E-03
   7097.67  5.9407525E-03
   7098.00  6.1102070E-03
   7098.33  6.2899713E-03
   7098.67  6.4797357E-03
   7099.00  6.6802984E-03
   7099.33  6.8941801E-03
   7099.67  7.1210772E-03
   7100.00  7.3621231E-03
   7100.33  7.6207648E-03
   7100.67  7.8967516E-03
   7101.00  8.1917425E-03
   7101.33  8.5105976E-03
   7101.67  8.8532197E-03
   7102.00  9.2221262E-03
   7102.33  9.6244226E-03
   7102.67  1.0060386E-02
   7103.00  1.0534002E-02
   7103.33  1.1056127E-02
   7103.67  1.1627904E-02
   7104.00  1.2255988E-02
   7104.33  1.2957882E-02
   7104.67  1.3736765E-02
   7105.00  1.4604493E-02
   7105.33  1.5591295E-02
   7105.67  1.6705357E-02
   7106.00  1.7969658E-02
   7106.33  1.9441313E-02
   7106.67  2.1141938E-02
   7107.00  2.3121428E-02
   7107.33  2.5501843E-02
   7107.67  2.8346087E-02
   7108.00  3.1781445E-02
   7108.33  3.6120359E-02
   7108.67  4.1582848E-02
   7109.00  4.8585068E-02
   7109.33  5.8193768E-02
   7109.67  7.1475155E-02
   7110.00  9.0476791E-02
   7110.33  1.2098727E-01
   7110.67  1.7023796E-01
   7111.00  2.4818846E-01
   7111.33  3.6248950E-01
   7111.67  4.7576152E-01
   7112.00  5.5853384E-01
   7112.33  6.5235335E-01
   7112.67  7.6848328E-01
   7113.00  8.4239889E-01
   7113.33  7.7224046E-01
   7113.67  6.2523770E-01
   7114.00  4.8291764E-01
   7114.33  3.8171548E-01
   7114.67  3.1147302E-01
   7115.00  2.6307846E-01
   7115.33  2.3052297E-01
   7115.67  2.0744088E-01
   7116.00  1.9174119E-01
   7116.33  1.8291462E-01
   7116.67  1.7869448E-01
   7117.00  1.7657939E-01
   7117.33  1.7296570E-01
   7117.67  1.6701427E-01
   7118.00  1.5998643E-01
   7118.33  1.5357388E-01
   7118.67  1.4850055E-01
   7119.00  1.4472220E-01
   7119.33  1.4135427E-01
   7119.67  1.3702207E-01
   7120.00  1.3159575E-01
   7120.33  1.2696251E-01
   7120.67  1.2463683E-01
   7121.00  1.2469003E-01
   7121.33  1.2687401E-01
   7121.67  1.3056969E-01
   7122.00  1.3557458E-01
   7122.33  1.4179594E-01
   7122.67  1.4877757E-01
   7123.00  1.5626817E-01
   7123.33  1.6431322E-01
   7123.67  1.7307769E-01
   7124.00  1.8275768E-01
   7124.33  1.9357649E-01
   7124.67  2.0526026E-01
   7125.00  2.1727871E-01
   7125.33  2.2829471E-01
   7125.67  2.3751489E-01
   7126.00  2.4562879E-01
   7126.33  2.5464216E-01
   7126.67  2.6567121E-01
   7127.00  2.7912082E-01
   7127.33  2.9597985E-01
   7127.67  3.1699268E-01
   7128.00  3.4325303E-01
   7128.33  3.7610015E-01
   7128.67  4.1391149E-01
   7129.00  4.5440223E-01
   7129.33  4.9414929E-01
   7129.67  5.3118611E-01
   7130.00  5.6492330E-01
   7130.33  5.9463355E-01
   7130.67  6.2132114E-01
   7131.00  6.4613521E-01
   7131.33  6.6981543E-01
   7131.67  6.9196446E-01
   7132.00  7.1133035E-01
   7132.33  7.2615868E-01
   7132.67  7.3681650E-01
   7133.00  7.4422578E-01
   7133.33  7.5014614E-01
   7133.67  7.5645752E-01
   7134.00  7.6281659E-01
   7134.33  7.6468708E-01
   7134.67  7.5660151E-01
   7135.00  7.3598348E-01
   7135.33  7.0385201E-01
   7135.67  6.6652326E-01
   7136.00  6.2776042E-01
   7136.33  5.9042034E-01
   7136.67  5.5566935E-01
   7137.00  5.2413431E-01
   7137.33  4.9691806E-01
   7137.67  4.7419336E-01
   7138.00  4.5648581E-01
   7138.33  4.4491190E-01
   7138.67  4.3891533E-01
   7139.00  4.3828564E-01
   7139.33  4.4294825E-01
   7139.67  4.5123408E-01
   7140.00  4.6198749E-01
   7140.33  4.7396149E-01
   7140.67  4.8587733E-01
   7141.00  4.9711515E-01
   7141.33  5.0730392E-01
   7141.67  5.1669091E-01
   7142.00  5.2554359E-01
   7142.33  5.3416631E-01
   7142.67  5.4283753E-01
   7143.00  5.5168974E-01
   7143.33  5.6082897E-01
   7143.67  5.7024444E-01
   7144.00  5.7993753E-01
   7144.33  5.8994872E-01
   7144.67  6.0026032E-01
   7145.00  6.1089563E-01
   7145.33  6.2192800E-01
   7145.67  6.3333368E-01
   7146.00  6.4511501E-01
   7146.33  6.5729626E-01
   7146.67  6.6978503E-01
   7147.00  6.8251895E-01
   7147.33  6.9543614E-01
   7147.67  7.0844252E-01
   7148.00  7.2147733E-01
   7148.33  7.3445962E-01
   7148.67  7.4730780E-01
   7149.00  7.5992715E-01
   7149.33  7.7214574E-01
   7149.67  7.8387606E-01
   7150.00  7.9498665E-01
   7150.33  8.0519324E-01
   7150.67  8.1439127E-01
   7151.00  8.2239462E-01
   7151.33  8.2880662E-01
   7151.67  8.3359294E-01
   7152.00  8.3659137E-01
   7152.33  8.3741021E-01
   7152.67  8.3620152E-01
   7153.00  8.3294552E-01
   7153.33  8.2744335E-01
   7153.67  8.2007261E-01
   7154.00  8.1099604E-01
   7154.33  8.0026364E-01
   7154.67  7.8831904E-01
   7155.00  7.7538785E-01
   7155.33  7.6163190E-01
   7155.67  7.4738155E-01
   7156.00  7.3282035E-01
   7156.33  7.1811138E-01
   7156.67  7.0341568E-01
   7157.00  6.8883307E-01
   7157.33  6.7447867E-01
   7157.67  6.6039218E-01
   7158.00  6.4661436E-01
   7158.33  6.3322132E-01
   7158.67  6.2019251E-01
   7159.00  6.0754006E-01
   7159.33  5.9531827E-01
   7159.67  5.8348049E-01
   7160.00  5.7202500E-01
   7160.33  5.6099271E-01
   7160.67  5.5032609E-01
   7161.00  5.4001282E-01
   7161.33  5.3007583E-01
   7161.67  5.2045350E-01
   7162.00  5.1113257E-01
   7162.33  5.0213675E-01
   7162.67  4.9342039E-01
   7163.00  4.8497705E-01
   7163.33  4.7683302E-01
   7163.67  4.6894802E-01
   7164.00  4.6131544E-01
   7164.33  4.5395624E-01
   7164.67  4.4682919E-01
   7165.00  4.3992419E-01
   7165.33  4.3325535E-01
   7165.67  4.2678532E-01
   7166.00  4.2050563E-01
   7166.33  4.1443042E-01
   7166.67  4.0852982E-01
   7167.00  4.0279905E-01
   7167.33  3.9725204E-01
   7167.67  3.9185248E-01
   7168.00  3.8658006E-01
   7168.33  3.8143012E-01
   7168.67  3.7637914E-01
   7169.00  3.7142014E-01
   7169.33  3.6655745E-01
   7169.67  3.6177947E-01
   7170.00  3.5709165E-01
   7170.33  3.5252259E-01
   7170.67  3.4808992E-01
   7171.00  3.4383978E-01
   7171.33  3.3989781E-01
   7171.67  3.3638935E-01
   7172.00  3.3351316E-01
