    FDMNES
    energy     <xanes>
   7097.00  5.3239299E-03
   7097.33  5.4613035E-03
   7097.67  5.6053789E-03
   7098.00  5.7566358E-03
   7098.33  5.9166696E-03
   7098.67  6.0851996E-03
   7099.00  6.2628884E-03
   7099.33  6.4518530E-03
   7099.67  6.6518172E-03
   7100.00  6.8637223E-03
   7100.33  7.0904554E-03
   7100.67  7.3317861E-03
   7101.00  7.5890954E-03
   7101.33  7.8664513E-03
   7101.67  8.1637593E-03
   7102.00  8.4831254E-03
   7102.33  8.8305106E-03
   7102.67  9.2061556E-03
   7103.00  9.6134258E-03
   7103.33  1.0061484E-02
   7103.67  1.0551363E-02
   7104.00  1.1088759E-02
   7104.33  1.1688623E-02
   7104.67  1.2353887E-02
   7105.00  1.3094915E-02
   7105.33  1.3938047E-02
   7105.67  1.4891036E-02
   7106.00  1.5974610E-02
   7106.33  1.7240134E-02
   7106.67  1.8708884E-02
   7107.00  2.0428014E-02
   7107.33  2.2512931E-02
   7107.67  2.5029248E-02
   7108.00  2.8106187E-02
   7108.33  3.2063873E-02
   7108.67  3.7153849E-02
   7109.00  4.3849313E-02
   7109.33  5.3397234E-02
   7109.67  6.7205109E-02
   7110.00  8.8027941E-02
   7110.33  1.2382228E-01
   7110.67  1.8348309E-01
   7111.00  2.7084936E-01
   7111.33  3.5974358E-01
   7111.67  4.1412288E-01
   7112.00  4.3462340E-01
   7112.33  4.4513534E-01
   7112.67  4.6044823E-01
   7113.00  4.7182181E-01
   7113.33  4.6272694E-01
   7113.67  4.2911977E-01
   7114.00  3.7203332E-01
   7114.33  3.0687173E-01
   7114.67  2.5065788E-01
   7115.00  2.0692350E-01
   7115.33  1.7538858E-01
   7115.67  1.5212451E-01
   7116.00  1.3512656E-01
   7116.33  1.2313676E-01
   7116.67  1.1466790E-01
   7117.00  1.0952707E-01
   7117.33  1.0799067E-01
   7117.67  1.0930670E-01
   7118.00  1.1296211E-01
   7118.33  1.1819786E-01
   7118.67  1.2359720E-01
   7119.00  1.2826364E-01
   7119.33  1.3172083E-01
   7119.67  1.3508891E-01
   7120.00  1.4001223E-01
   7120.33  1.4792766E-01
   7120.67  1.5862225E-01
   7121.00  1.7153356E-01
   7121.33  1.8532556E-01
   7121.67  1.9988086E-01
   7122.00  2.1726916E-01
   7122.33  2.4034372E-01
   7122.67  2.7016432E-01
   7123.00  3.0850818E-01
   7123.33  3.5726190E-01
   7123.67  4.1220298E-01
   7124.00  4.6663193E-01
   7124.33  5.1104067E-01
   7124.67  5.4423055E-01
   7125.00  5.6838031E-01
   7125.33  5.8479550E-01
   7125.67  5.9576119E-01
   7126.00  6.0341781E-01
   7126.33  6.1068229E-01
   7126.67  6.1876612E-01
   7127.00  6.2612628E-01
   7127.33  6.2899301E-01
   7127.67  6.2686099E-01
   7128.00  6.2238203E-01
   7128.33  6.2044098E-01
   7128.67  6.2302253E-01
   7129.00  6.2944723E-01
   7129.33  6.3815814E-01
   7129.67  6.4836199E-01
   7130.00  6.6045426E-01
   7130.33  6.7315302E-01
   7130.67  6.8264198E-01
   7131.00  6.8658585E-01
   7131.33  6.8540200E-01
   7131.67  6.8344103E-01
   7132.00  6.8382106E-01
   7132.33  6.8827457E-01
   7132.67  6.9426078E-01
   7133.00  6.9794368E-01
   7133.33  6.9481034E-01
   7133.67  6.8580955E-01
   7134.00  6.7397199E-01
   7134.33  6.6294106E-01
   7134.67  6.5364638E-01
   7135.00  6.4519714E-01
   7135.33  6.3693824E-01
   7135.67  6.2958098E-01
   7136.00  6.2394935E-01
   7136.33  6.2051815E-01
   7136.67  6.1851367E-01
   7137.00  6.1707792E-01
   7137.33  6.1498634E-01
   7137.67  6.1138586E-01
   7138.00  6.0587639E-01
   7138.33  5.9823498E-01
   7138.67  5.8910009E-01
   7139.00  5.7900378E-01
   7139.33  5.6863013E-01
   7139.67  5.5872441E-01
   7140.00  5.4981554E-01
   7140.33  5.4246328E-01
   7140.67  5.3648877E-01
   7141.00  5.3152845E-01
   7141.33  5.2690959E-01
   7141.67  5.2185123E-01
   7142.00  5.1590757E-01
   7142.33  5.0877669E-01
   7142.67  5.0075918E-01
   7143.00  4.9217336E-01
   7143.33  4.8345687E-01
   7143.67  4.7507527E-01
   7144.00  4.6736885E-01
   7144.33  4.6076455E-01
   7144.67  4.5531588E-01
   7145.00  4.5105651E-01
   7145.33  4.4802804E-01
   7145.67  4.4588706E-01
   7146.00  4.4441322E-01
   7146.33  4.4341846E-01
   7146.67  4.4267436E-01
   7147.00  4.4208979E-01
   7147.33  4.4160636E-01
   7147.67  4.4115186E-01
   7148.00  4.4068652E-01
   7148.33  4.4018495E-01
   7148.67  4.3963397E-01
   7149.00  4.3901575E-01
   7149.33  4.3829980E-01
   7149.67  4.3748009E-01
   7150.00  4.3654635E-01
   7150.33  4.3548222E-01
   7150.67  4.3431683E-01
   7151.00  4.3307892E-01
   7151.33  4.3181892E-01
   7151.67  4.3061035E-01
   7152.00  4.2952491E-01
   7152.33  4.2867979E-01
   7152.67  4.2813826E-01
   7153.00  4.2796773E-01
   7153.33  4.2827247E-01
   7153.67  4.2900330E-01
   7154.00  4.3011236E-01
   7154.33  4.3151026E-01
   7154.67  4.3298044E-01
   7155.00  4.3433018E-01
   7155.33  4.3527690E-01
   7155.67  4.3564402E-01
   7156.00  4.3527681E-01
   7156.33  4.3395063E-01
   7156.67  4.3173502E-01
   7157.00  4.2866332E-01
   7157.33  4.2474162E-01
   7157.67  4.2020848E-01
   7158.00  4.1520229E-01
   7158.33  4.0983964E-01
   7158.67  4.0429630E-01
   7159.00  3.9866910E-01
   7159.33  3.9305041E-01
   7159.67  3.8751440E-01
   7160.00  3.8211845E-01
   7160.33  3.7695049E-01
   7160.67  3.7204467E-01
   7161.00  3.6744852E-01
   7161.33  3.6325238E-01
   7161.67  3.5944339E-01
   7162.00  3.5603726E-01
   7162.33  3.5309426E-01
   7162.67  3.5056324E-01
   7163.00  3.4843915E-01
   7163.33  3.4677254E-01
   7163.67  3.4551672E-01
   7164.00  3.4467348E-01
   7164.33  3.4429063E-01
   7164.67  3.4430589E-01
   7165.00  3.4470221E-01
   7165.33  3.4549498E-01
   7165.67  3.4660423E-01
   7166.00  3.4799546E-01
   7166.33  3.4965691E-01
   7166.67  3.5151744E-01
   7167.00  3.5354392E-01
   7167.33  3.5571845E-01
   7167.67  3.5799645E-01
   7168.00  3.6035933E-01
   7168.33  3.6280072E-01
   7168.67  3.6530309E-01
   7169.00  3.6786262E-01
   7169.33  3.7048482E-01
   7169.67  3.7316201E-01
   7170.00  3.7589176E-01
   7170.33  3.7867156E-01
   7170.67  3.8147670E-01
   7171.00  3.8427452E-01
   7171.33  3.8698056E-01
   7171.67  3.8945879E-01
   7172.00  3.9151168E-01
