    FDMNES
    energy     <xanes>
   7097.00  4.6737498E-03
   7097.33  4.7784074E-03
   7097.67  4.8875518E-03
   7098.00  5.0014750E-03
   7098.33  5.1211963E-03
   7098.67  5.2464886E-03
   7099.00  5.3777474E-03
   7099.33  5.5162956E-03
   7099.67  5.6618986E-03
   7100.00  5.8151075E-03
   7100.33  5.9776844E-03
   7100.67  6.1494073E-03
   7101.00  6.3310686E-03
   7101.33  6.5250914E-03
   7101.67  6.7313099E-03
   7102.00  6.9509085E-03
   7102.33  7.1873495E-03
   7102.67  7.4406220E-03
   7103.00  7.7125799E-03
   7103.33  8.0084097E-03
   7103.67  8.3284815E-03
   7104.00  8.6758680E-03
   7104.33  9.0588120E-03
   7104.67  9.4786128E-03
   7105.00  9.9407436E-03
   7105.33  1.0459342E-02
   7105.67  1.1038073E-02
   7106.00  1.1687652E-02
   7106.33  1.2434919E-02
   7106.67  1.3290159E-02
   7107.00  1.4277237E-02
   7107.33  1.5454924E-02
   7107.67  1.6855129E-02
   7108.00  1.8542082E-02
   7108.33  2.0675411E-02
   7108.67  2.3378081E-02
   7109.00  2.6883852E-02
   7109.33  3.1811945E-02
   7109.67  3.8865939E-02
   7110.00  4.9431135E-02
   7110.33  6.7439368E-02
   7110.67  9.6233583E-02
   7111.00  1.3269500E-01
   7111.33  1.5948252E-01
   7111.67  1.8118533E-01
   7112.00  2.1236609E-01
   7112.33  2.6804534E-01
   7112.67  3.3743277E-01
   7113.00  3.7199143E-01
   7113.33  3.1967479E-01
   7113.67  2.4242700E-01
   7114.00  1.8138516E-01
   7114.33  1.4488052E-01
   7114.67  1.2150765E-01
   7115.00  1.0523677E-01
   7115.33  9.3624977E-02
   7115.67  8.5669533E-02
   7116.00  8.1216161E-02
   7116.33  8.0513737E-02
   7116.67  8.3330750E-02
   7117.00  9.0227605E-02
   7117.33  1.0300273E-01
   7117.67  1.2212550E-01
   7118.00  1.4662151E-01
   7118.33  1.6903543E-01
   7118.67  1.8033741E-01
   7119.00  1.8139627E-01
   7119.33  1.7940666E-01
   7119.67  1.7768235E-01
   7120.00  1.7625323E-01
   7120.33  1.7760521E-01
   7120.67  1.8444583E-01
   7121.00  1.9782423E-01
   7121.33  2.1771723E-01
   7121.67  2.4144949E-01
   7122.00  2.6784790E-01
   7122.33  2.9835071E-01
   7122.67  3.3402699E-01
   7123.00  3.7348129E-01
   7123.33  4.1161039E-01
   7123.67  4.4329373E-01
   7124.00  4.6542791E-01
   7124.33  4.7595182E-01
   7124.67  4.7914102E-01
   7125.00  4.7821632E-01
   7125.33  4.7555965E-01
   7125.67  4.7411663E-01
   7126.00  4.7692304E-01
   7126.33  4.8704449E-01
   7126.67  5.0266409E-01
   7127.00  5.2051560E-01
   7127.33  5.3644373E-01
   7127.67  5.4917018E-01
   7128.00  5.5936593E-01
   7128.33  5.6870912E-01
   7128.67  5.7873249E-01
   7129.00  5.8946069E-01
   7129.33  5.9941212E-01
   7129.67  6.0730741E-01
   7130.00  6.1328736E-01
   7130.33  6.1839196E-01
   7130.67  6.2295341E-01
   7131.00  6.2603675E-01
   7131.33  6.2636916E-01
   7131.67  6.2454944E-01
   7132.00  6.2156114E-01
   7132.33  6.1861100E-01
   7132.67  6.1653479E-01
   7133.00  6.1561969E-01
   7133.33  6.1577476E-01
   7133.67  6.1631650E-01
   7134.00  6.1685065E-01
   7134.33  6.1721430E-01
   7134.67  6.1727385E-01
   7135.00  6.1668274E-01
   7135.33  6.1498248E-01
   7135.67  6.1244675E-01
   7136.00  6.0961753E-01
   7136.33  6.0741632E-01
   7136.67  6.0657429E-01
   7137.00  6.0758607E-01
   7137.33  6.1098853E-01
   7137.67  6.1645889E-01
   7138.00  6.2373168E-01
   7138.33  6.3249146E-01
   7138.67  6.4198614E-01
   7139.00  6.5167698E-01
   7139.33  6.6089798E-01
   7139.67  6.6916936E-01
   7140.00  6.7614691E-01
   7140.33  6.8138622E-01
   7140.67  6.8496463E-01
   7141.00  6.8686316E-01
   7141.33  6.8694464E-01
   7141.67  6.8557108E-01
   7142.00  6.8296320E-01
   7142.33  6.7934510E-01
   7142.67  6.7518123E-01
   7143.00  6.7072055E-01
   7143.33  6.6612185E-01
   7143.67  6.6144101E-01
   7144.00  6.5663164E-01
   7144.33  6.5157105E-01
   7144.67  6.4620021E-01
   7145.00  6.4047096E-01
   7145.33  6.3430702E-01
   7145.67  6.2774456E-01
   7146.00  6.2077578E-01
   7146.33  6.1335328E-01
   7146.67  6.0556613E-01
   7147.00  5.9748816E-01
   7147.33  5.8922885E-01
   7147.67  5.8096437E-01
   7148.00  5.7282703E-01
   7148.33  5.6497411E-01
   7148.67  5.5745175E-01
   7149.00  5.5028324E-01
   7149.33  5.4349094E-01
   7149.67  5.3697657E-01
   7150.00  5.3067589E-01
   7150.33  5.2453183E-01
   7150.67  5.1847126E-01
   7151.00  5.1245945E-01
   7151.33  5.0646938E-01
   7151.67  5.0048697E-01
   7152.00  4.9451458E-01
   7152.33  4.8856474E-01
   7152.67  4.8264653E-01
   7153.00  4.7676411E-01
   7153.33  4.7090454E-01
   7153.67  4.6502472E-01
   7154.00  4.5907251E-01
   7154.33  4.5295494E-01
   7154.67  4.4661441E-01
   7155.00  4.3999872E-01
   7155.33  4.3304128E-01
   7155.67  4.2579907E-01
   7156.00  4.1832837E-01
   7156.33  4.1071424E-01
   7156.67  4.0309180E-01
   7157.00  3.9556112E-01
   7157.33  3.8824451E-01
   7157.67  3.8119001E-01
   7158.00  3.7443702E-01
   7158.33  3.6805004E-01
   7158.67  3.6199651E-01
   7159.00  3.5627708E-01
   7159.33  3.5093185E-01
   7159.67  3.4592098E-01
   7160.00  3.4124958E-01
   7160.33  3.3696722E-01
   7160.67  3.3304013E-01
   7161.00  3.2948072E-01
   7161.33  3.2635337E-01
   7161.67  3.2362751E-01
   7162.00  3.2131817E-01
   7162.33  3.1949187E-01
   7162.67  3.1809541E-01
   7163.00  3.1711951E-01
   7163.33  3.1660734E-01
   7163.67  3.1649957E-01
   7164.00  3.1678588E-01
   7164.33  3.1749840E-01
   7164.67  3.1857358E-01
   7165.00  3.1999934E-01
   7165.33  3.2180879E-01
   7165.67  3.2395540E-01
   7166.00  3.2643995E-01
   7166.33  3.2931007E-01
   7166.67  3.3252970E-01
   7167.00  3.3610358E-01
   7167.33  3.4007696E-01
   7167.67  3.4439741E-01
   7168.00  3.4904850E-01
   7168.33  3.5403637E-01
   7168.67  3.5927849E-01
   7169.00  3.6472512E-01
   7169.33  3.7032457E-01
   7169.67  3.7598231E-01
   7170.00  3.8162673E-01
   7170.33  3.8715804E-01
   7170.67  3.9249807E-01
   7171.00  3.9756259E-01
   7171.33  4.0218095E-01
   7171.67  4.0622154E-01
   7172.00  4.0946712E-01
