    FDMNES
    energy     <xanes>
   7097.00  4.4482109E-03
   7097.33  4.5512197E-03
   7097.67  4.6590503E-03
   7098.00  4.7720549E-03
   7098.33  4.8913945E-03
   7098.67  5.0168800E-03
   7099.00  5.1490050E-03
   7099.33  5.2893286E-03
   7099.67  5.4376767E-03
   7100.00  5.5947646E-03
   7100.33  5.7627518E-03
   7100.67  5.9415207E-03
   7101.00  6.1321451E-03
   7101.33  6.3377315E-03
   7101.67  6.5583071E-03
   7102.00  6.7955562E-03
   7102.33  7.0541526E-03
   7102.67  7.3344671E-03
   7103.00  7.6392839E-03
   7103.33  7.9760301E-03
   7103.67  8.3458864E-03
   7104.00  8.7537598E-03
   7104.33  9.2122861E-03
   7104.67  9.7246229E-03
   7105.00  1.0300150E-02
   7105.33  1.0962320E-02
   7105.67  1.1719492E-02
   7106.00  1.2591597E-02
   7106.33  1.3627490E-02
   7106.67  1.4850911E-02
   7107.00  1.6310804E-02
   7107.33  1.8126682E-02
   7107.67  2.0376656E-02
   7108.00  2.3208917E-02
   7108.33  2.6994804E-02
   7108.67  3.2065834E-02
   7109.00  3.9043360E-02
   7109.33  4.9617431E-02
   7109.67  6.5930391E-02
   7110.00  9.2241050E-02
   7110.33  1.4070167E-01
   7110.67  2.1963705E-01
   7111.00  3.0718159E-01
   7111.33  3.3338418E-01
   7111.67  3.3967141E-01
   7112.00  3.5555441E-01
   7112.33  3.2824393E-01
   7112.67  2.5497063E-01
   7113.00  1.8581081E-01
   7113.33  1.3822197E-01
   7113.67  1.0665376E-01
   7114.00  8.7390042E-02
   7114.33  7.7415581E-02
   7114.67  7.1909467E-02
   7115.00  6.6400748E-02
   7115.33  5.9271025E-02
   7115.67  5.3409892E-02
   7116.00  4.9215427E-02
   7116.33  4.5686019E-02
   7116.67  4.2314093E-02
   7117.00  3.9478003E-02
   7117.33  3.7719453E-02
   7117.67  3.6986575E-02
   7118.00  3.7226840E-02
   7118.33  3.8544419E-02
   7118.67  4.0863108E-02
   7119.00  4.4157286E-02
   7119.33  4.8275237E-02
   7119.67  5.3162051E-02
   7120.00  5.9694955E-02
   7120.33  7.0002451E-02
   7120.67  8.5592262E-02
   7121.00  1.0753043E-01
   7121.33  1.3249501E-01
   7121.67  1.4772009E-01
   7122.00  1.4629505E-01
   7122.33  1.3619410E-01
   7122.67  1.3026573E-01
   7123.00  1.3209619E-01
   7123.33  1.4242670E-01
   7123.67  1.5903913E-01
   7124.00  1.8033567E-01
   7124.33  2.0339467E-01
   7124.67  2.2360457E-01
   7125.00  2.3753448E-01
   7125.33  2.4381268E-01
   7125.67  2.4758380E-01
   7126.00  2.5383073E-01
   7126.33  2.6669595E-01
   7126.67  2.8502977E-01
   7127.00  3.0645834E-01
   7127.33  3.2860178E-01
   7127.67  3.5133246E-01
   7128.00  3.7595852E-01
   7128.33  4.0345609E-01
   7128.67  4.3310175E-01
   7129.00  4.6534080E-01
   7129.33  5.0221888E-01
   7129.67  5.4349200E-01
   7130.00  5.8716467E-01
   7130.33  6.2899679E-01
   7130.67  6.6714474E-01
   7131.00  7.0351341E-01
   7131.33  7.4076377E-01
   7131.67  7.7540837E-01
   7132.00  7.9870337E-01
   7132.33  8.0111542E-01
   7132.67  7.9236104E-01
   7133.00  7.8458695E-01
   7133.33  7.8758136E-01
   7133.67  8.0319385E-01
   7134.00  8.3327083E-01
   7134.33  8.8401064E-01
   7134.67  9.5955222E-01
   7135.00  1.0647785E+00
   7135.33  1.1926846E+00
   7135.67  1.2904508E+00
   7136.00  1.2968592E+00
   7136.33  1.1961317E+00
   7136.67  1.0666659E+00
   7137.00  9.5118987E-01
   7137.33  8.6610026E-01
   7137.67  8.0404599E-01
   7138.00  7.5952937E-01
   7138.33  7.2902184E-01
   7138.67  7.0758474E-01
   7139.00  6.9335197E-01
   7139.33  6.8566836E-01
   7139.67  6.8297536E-01
   7140.00  6.8483156E-01
   7140.33  6.9140218E-01
   7140.67  7.0181539E-01
   7141.00  7.1564844E-01
   7141.33  7.3243676E-01
   7141.67  7.5059901E-01
   7142.00  7.6860972E-01
   7142.33  7.8389979E-01
   7142.67  7.9431837E-01
   7143.00  7.9808168E-01
   7143.33  7.9312127E-01
   7143.67  7.8069529E-01
   7144.00  7.6206282E-01
   7144.33  7.3885530E-01
   7144.67  7.1382096E-01
   7145.00  6.8858912E-01
   7145.33  6.6466836E-01
   7145.67  6.4270711E-01
   7146.00  6.2301936E-01
   7146.33  6.0596774E-01
   7146.67  5.9113307E-01
   7147.00  5.7832480E-01
   7147.33  5.6750257E-01
   7147.67  5.5817964E-01
   7148.00  5.5013914E-01
   7148.33  5.4327447E-01
   7148.67  5.3723281E-01
   7149.00  5.3183860E-01
   7149.33  5.2697055E-01
   7149.67  5.2240209E-01
   7150.00  5.1798197E-01
   7150.33  5.1351659E-01
   7150.67  5.0880883E-01
   7151.00  5.0367372E-01
   7151.33  4.9780162E-01
   7151.67  4.9104474E-01
   7152.00  4.8321737E-01
   7152.33  4.7397746E-01
   7152.67  4.6336145E-01
   7153.00  4.5133803E-01
   7153.33  4.3777827E-01
   7153.67  4.2298842E-01
   7154.00  4.0716332E-01
   7154.33  3.9052002E-01
   7154.67  3.7355063E-01
   7155.00  3.5665821E-01
   7155.33  3.4034359E-01
   7155.67  3.2491975E-01
   7156.00  3.1066438E-01
   7156.33  2.9800914E-01
   7156.67  2.8694777E-01
   7157.00  2.7756419E-01
   7157.33  2.7010657E-01
   7157.67  2.6434280E-01
   7158.00  2.6022755E-01
   7158.33  2.5788294E-01
   7158.67  2.5702678E-01
   7159.00  2.5758337E-01
   7159.33  2.5962813E-01
   7159.67  2.6289844E-01
   7160.00  2.6729548E-01
   7160.33  2.7279417E-01
   7160.67  2.7908257E-01
   7161.00  2.8596266E-01
   7161.33  2.9320862E-01
   7161.67  3.0049396E-01
   7162.00  3.0758188E-01
   7162.33  3.1418712E-01
   7162.67  3.2019879E-01
   7163.00  3.2553412E-01
   7163.33  3.3007290E-01
   7163.67  3.3392984E-01
   7164.00  3.3716166E-01
   7164.33  3.3979398E-01
   7164.67  3.4199992E-01
   7165.00  3.4387230E-01
   7165.33  3.4548147E-01
   7165.67  3.4694098E-01
   7166.00  3.4831031E-01
   7166.33  3.4963982E-01
   7166.67  3.5097256E-01
   7167.00  3.5232945E-01
   7167.33  3.5372955E-01
   7167.67  3.5517479E-01
   7168.00  3.5666700E-01
   7168.33  3.5821193E-01
   7168.67  3.5980268E-01
   7169.00  3.6143856E-01
   7169.33  3.6312560E-01
   7169.67  3.6485880E-01
   7170.00  3.6663774E-01
   7170.33  3.6846386E-01
   7170.67  3.7032097E-01
   7171.00  3.7218870E-01
   7171.33  3.7401314E-01
   7171.67  3.7569858E-01
   7172.00  3.7710590E-01
