    FDMNES
    energy     <xanes>
   7097.00  5.2194105E-03
   7097.33  5.3426671E-03
   7097.67  5.4715030E-03
   7098.00  5.6062936E-03
   7098.33  5.7483267E-03
   7098.67  5.8973348E-03
   7099.00  6.0538282E-03
   7099.33  6.2194867E-03
   7099.67  6.3940345E-03
   7100.00  6.5781830E-03
   7100.33  6.7741793E-03
   7100.67  6.9817633E-03
   7101.00  7.2019570E-03
   7101.33  7.4378576E-03
   7101.67  7.6892737E-03
   7102.00  7.9577271E-03
   7102.33  8.2476428E-03
   7102.67  8.5590160E-03
   7103.00  8.8942125E-03
   7103.33  9.2598366E-03
   7103.67  9.6563377E-03
   7104.00  1.0087594E-02
   7104.33  1.0564015E-02
   7104.67  1.1087140E-02
   7105.00  1.1663766E-02
   7105.33  1.2311492E-02
   7105.67  1.3034581E-02
   7106.00  1.3846036E-02
   7106.33  1.4778523E-02
   7106.67  1.5843725E-02
   7107.00  1.7069690E-02
   7107.33  1.8525564E-02
   7107.67  2.0246405E-02
   7108.00  2.2304360E-02
   7108.33  2.4877959E-02
   7108.67  2.8095692E-02
   7109.00  3.2203291E-02
   7109.33  3.7842100E-02
   7109.67  4.5694180E-02
   7110.00  5.7092383E-02
   7110.33  7.5815005E-02
   7110.67  1.0566985E-01
   7111.00  1.4732380E-01
   7111.33  1.9176782E-01
   7111.67  2.3554750E-01
   7112.00  2.7965217E-01
   7112.33  3.2055959E-01
   7112.67  3.5657984E-01
   7113.00  3.8956311E-01
   7113.33  4.1733002E-01
   7113.67  4.2855707E-01
   7114.00  4.1490785E-01
   7114.33  3.7963275E-01
   7114.67  3.3668249E-01
   7115.00  2.9555879E-01
   7115.33  2.6460986E-01
   7115.67  2.4418502E-01
   7116.00  2.3288354E-01
   7116.33  2.2790981E-01
   7116.67  2.2304207E-01
   7117.00  2.1411883E-01
   7117.33  2.0100419E-01
   7117.67  1.8804941E-01
   7118.00  1.7739980E-01
   7118.33  1.6963887E-01
   7118.67  1.6364727E-01
   7119.00  1.5865002E-01
   7119.33  1.5409971E-01
   7119.67  1.4984777E-01
   7120.00  1.4607759E-01
   7120.33  1.4312902E-01
   7120.67  1.4113544E-01
   7121.00  1.4035832E-01
   7121.33  1.4143044E-01
   7121.67  1.4453851E-01
   7122.00  1.4984931E-01
   7122.33  1.5764052E-01
   7122.67  1.6760728E-01
   7123.00  1.7982014E-01
   7123.33  1.9471044E-01
   7123.67  2.1195423E-01
   7124.00  2.3123444E-01
   7124.33  2.5189493E-01
   7124.67  2.7257877E-01
   7125.00  2.9216814E-01
   7125.33  3.0943774E-01
   7125.67  3.2443786E-01
   7126.00  3.3772042E-01
   7126.33  3.5057414E-01
   7126.67  3.6478247E-01
   7127.00  3.8186965E-01
   7127.33  4.0396645E-01
   7127.67  4.3180460E-01
   7128.00  4.6618118E-01
   7128.33  5.0833226E-01
   7128.67  5.5691673E-01
   7129.00  6.1059440E-01
   7129.33  6.6665835E-01
   7129.67  7.2085701E-01
   7130.00  7.6987561E-01
   7130.33  8.0964394E-01
   7130.67  8.3972493E-01
   7131.00  8.6041798E-01
   7131.33  8.7258764E-01
   7131.67  8.7968428E-01
   7132.00  8.8371040E-01
   7132.33  8.8616525E-01
   7132.67  8.8809206E-01
   7133.00  8.8969294E-01
   7133.33  8.9067093E-01
   7133.67  8.9050544E-01
   7134.00  8.8848433E-01
   7134.33  8.8330307E-01
   7134.67  8.7441828E-01
   7135.00  8.6128907E-01
   7135.33  8.4313121E-01
   7135.67  8.2071865E-01
   7136.00  7.9452736E-01
   7136.33  7.6499858E-01
   7136.67  7.3352928E-01
   7137.00  7.0111871E-01
   7137.33  6.6899860E-01
   7137.67  6.3827054E-01
   7138.00  6.0982334E-01
   7138.33  5.8494697E-01
   7138.67  5.6389651E-01
   7139.00  5.4697195E-01
   7139.33  5.3469794E-01
   7139.67  5.2623184E-01
   7140.00  5.2110561E-01
   7140.33  5.1901544E-01
   7140.67  5.1899451E-01
   7141.00  5.2056861E-01
   7141.33  5.2342001E-01
   7141.67  5.2702758E-01
   7142.00  5.3110280E-01
   7142.33  5.3533913E-01
   7142.67  5.3939057E-01
   7143.00  5.4297645E-01
   7143.33  5.4570226E-01
   7143.67  5.4742822E-01
   7144.00  5.4801460E-01
   7144.33  5.4723156E-01
   7144.67  5.4526218E-01
   7145.00  5.4221209E-01
   7145.33  5.3815537E-01
   7145.67  5.3342363E-01
   7146.00  5.2820945E-01
   7146.33  5.2268820E-01
   7146.67  5.1707638E-01
   7147.00  5.1150555E-01
   7147.33  5.0612120E-01
   7147.67  5.0100021E-01
   7148.00  4.9620771E-01
   7148.33  4.9184921E-01
   7148.67  4.8791771E-01
   7149.00  4.8443941E-01
   7149.33  4.8149677E-01
   7149.67  4.7904478E-01
   7150.00  4.7709090E-01
   7150.33  4.7570430E-01
   7150.67  4.7482762E-01
   7151.00  4.7446584E-01
   7151.33  4.7468940E-01
   7151.67  4.7543728E-01
   7152.00  4.7671023E-01
   7152.33  4.7856784E-01
   7152.67  4.8092852E-01
   7153.00  4.8376422E-01
   7153.33  4.8707334E-01
   7153.67  4.9072279E-01
   7154.00  4.9462283E-01
   7154.33  4.9866517E-01
   7154.67  5.0269752E-01
   7155.00  5.0660247E-01
   7155.33  5.1022392E-01
   7155.67  5.1349208E-01
   7156.00  5.1634387E-01
   7156.33  5.1867807E-01
   7156.67  5.2053797E-01
   7157.00  5.2193080E-01
   7157.33  5.2282663E-01
   7157.67  5.2331820E-01
   7158.00  5.2344374E-01
   7158.33  5.2321225E-01
   7158.67  5.2271381E-01
   7159.00  5.2199094E-01
   7159.33  5.2106926E-01
   7159.67  5.2001605E-01
   7160.00  5.1886755E-01
   7160.33  5.1765514E-01
   7160.67  5.1641979E-01
   7161.00  5.1518657E-01
   7161.33  5.1398327E-01
   7161.67  5.1282568E-01
   7162.00  5.1172566E-01
   7162.33  5.1070111E-01
   7162.67  5.0975011E-01
   7163.00  5.0887438E-01
   7163.33  5.0806971E-01
   7163.67  5.0730811E-01
   7164.00  5.0657340E-01
   7164.33  5.0584272E-01
   7164.67  5.0508590E-01
   7165.00  5.0427364E-01
   7165.33  5.0335902E-01
   7165.67  5.0231983E-01
   7166.00  5.0113039E-01
   7166.33  4.9974370E-01
   7166.67  4.9816413E-01
   7167.00  4.9638391E-01
   7167.33  4.9437676E-01
   7167.67  4.9217439E-01
   7168.00  4.8978844E-01
   7168.33  4.8721919E-01
   7168.67  4.8451438E-01
   7169.00  4.8170156E-01
   7169.33  4.7880649E-01
   7169.67  4.7587624E-01
   7170.00  4.7294603E-01
   7170.33  4.7006593E-01
   7170.67  4.6727871E-01
   7171.00  4.6463026E-01
   7171.33  4.6221303E-01
   7171.67  4.6009889E-01
   7172.00  4.5839990E-01
