    FDMNES
    energy     <xanes>
   7097.00  4.6769159E-03
   7097.33  4.7850461E-03
   7097.67  4.8980223E-03
   7098.00  5.0161782E-03
   7098.33  5.1406457E-03
   7098.67  5.2712056E-03
   7099.00  5.4083178E-03
   7099.33  5.5534759E-03
   7099.67  5.7064638E-03
   7100.00  5.8679351E-03
   7100.33  6.0399189E-03
   7100.67  6.2222328E-03
   7101.00  6.4158380E-03
   7101.33  6.6235898E-03
   7101.67  6.8454062E-03
   7102.00  7.0827612E-03
   7102.33  7.3398452E-03
   7102.67  7.6168265E-03
   7103.00  7.9160810E-03
   7103.33  8.2440844E-03
   7103.67  8.6016021E-03
   7104.00  8.9927051E-03
   7104.33  9.4280654E-03
   7104.67  9.9098988E-03
   7105.00  1.0445737E-02
   7105.33  1.1054673E-02
   7105.67  1.1742660E-02
   7106.00  1.2525093E-02
   7106.33  1.3440019E-02
   7106.67  1.4504080E-02
   7107.00  1.5753250E-02
   7107.33  1.7275478E-02
   7107.67  1.9123203E-02
   7108.00  2.1398153E-02
   7108.33  2.4352714E-02
   7108.67  2.8192570E-02
   7109.00  3.3302220E-02
   7109.33  4.0698064E-02
   7109.67  5.1550013E-02
   7110.00  6.8143238E-02
   7110.33  9.7089714E-02
   7110.67  1.4603932E-01
   7111.00  2.2100244E-01
   7111.33  3.1729093E-01
   7111.67  3.6494040E-01
   7112.00  3.1227222E-01
   7112.33  2.4884782E-01
   7112.67  2.1610120E-01
   7113.00  2.0038744E-01
   7113.33  1.9037358E-01
   7113.67  1.7693572E-01
   7114.00  1.6013362E-01
   7114.33  1.5244185E-01
   7114.67  1.5124743E-01
   7115.00  1.4596728E-01
   7115.33  1.3688420E-01
   7115.67  1.2670404E-01
   7116.00  1.0941355E-01
   7116.33  8.9361379E-02
   7116.67  7.4668341E-02
   7117.00  6.5691888E-02
   7117.33  6.1128861E-02
   7117.67  5.8997803E-02
   7118.00  5.8501529E-02
   7118.33  5.9337431E-02
   7118.67  6.1228981E-02
   7119.00  6.4156498E-02
   7119.33  6.8256670E-02
   7119.67  7.3457990E-02
   7120.00  7.9875356E-02
   7120.33  8.7904934E-02
   7120.67  9.7674216E-02
   7121.00  1.0952205E-01
   7121.33  1.2426261E-01
   7121.67  1.4217035E-01
   7122.00  1.6381162E-01
   7122.33  1.9036076E-01
   7122.67  2.2163022E-01
   7123.00  2.5735545E-01
   7123.33  2.9638959E-01
   7123.67  3.3548140E-01
   7124.00  3.7189186E-01
   7124.33  4.0330849E-01
   7124.67  4.3079179E-01
   7125.00  4.5586021E-01
   7125.33  4.7941608E-01
   7125.67  5.0018789E-01
   7126.00  5.1531100E-01
   7126.33  5.2224659E-01
   7126.67  5.2494996E-01
   7127.00  5.2822261E-01
   7127.33  5.3722597E-01
   7127.67  5.5338262E-01
   7128.00  5.7680785E-01
   7128.33  6.0732577E-01
   7128.67  6.4261175E-01
   7129.00  6.8116478E-01
   7129.33  7.2008544E-01
   7129.67  7.5410387E-01
   7130.00  7.7839978E-01
   7130.33  7.8934402E-01
   7130.67  7.9154998E-01
   7131.00  7.8997710E-01
   7131.33  7.8980677E-01
   7131.67  7.9350794E-01
   7132.00  8.0150161E-01
   7132.33  8.1324346E-01
   7132.67  8.2639705E-01
   7133.00  8.3894934E-01
   7133.33  8.4829077E-01
   7133.67  8.5308393E-01
   7134.00  8.5247198E-01
   7134.33  8.4566215E-01
   7134.67  8.3435773E-01
   7135.00  8.1993968E-01
   7135.33  8.0372928E-01
   7135.67  7.8704891E-01
   7136.00  7.7053472E-01
   7136.33  7.5471129E-01
   7136.67  7.3974056E-01
   7137.00  7.2573566E-01
   7137.33  7.1291035E-01
   7137.67  7.0117366E-01
   7138.00  6.9048494E-01
   7138.33  6.8078694E-01
   7138.67  6.7174417E-01
   7139.00  6.6316322E-01
   7139.33  6.5487338E-01
   7139.67  6.4668450E-01
   7140.00  6.3851062E-01
   7140.33  6.3031473E-01
   7140.67  6.2213816E-01
   7141.00  6.1407005E-01
   7141.33  6.0630093E-01
   7141.67  5.9899332E-01
   7142.00  5.9232630E-01
   7142.33  5.8660076E-01
   7142.67  5.8187419E-01
   7143.00  5.7824787E-01
   7143.33  5.7593722E-01
   7143.67  5.7481487E-01
   7144.00  5.7486170E-01
   7144.33  5.7616160E-01
   7144.67  5.7849117E-01
   7145.00  5.8175814E-01
   7145.33  5.8593267E-01
   7145.67  5.9075599E-01
   7146.00  5.9606982E-01
   7146.33  6.0169776E-01
   7146.67  6.0735876E-01
   7147.00  6.1281694E-01
   7147.33  6.1772188E-01
   7147.67  6.2184864E-01
   7148.00  6.2496975E-01
   7148.33  6.2670957E-01
   7148.67  6.2705872E-01
   7149.00  6.2592132E-01
   7149.33  6.2306048E-01
   7149.67  6.1870628E-01
   7150.00  6.1293795E-01
   7150.33  6.0572224E-01
   7150.67  5.9737266E-01
   7151.00  5.8803099E-01
   7151.33  5.7776222E-01
   7151.67  5.6683247E-01
   7152.00  5.5537289E-01
   7152.33  5.4347234E-01
   7152.67  5.3129890E-01
   7153.00  5.1894197E-01
   7153.33  5.0648296E-01
   7153.67  4.9400271E-01
   7154.00  4.8154125E-01
   7154.33  4.6913657E-01
   7154.67  4.5680407E-01
   7155.00  4.4455825E-01
   7155.33  4.3242622E-01
   7155.67  4.2041009E-01
   7156.00  4.0852407E-01
   7156.33  3.9680837E-01
   7156.67  3.8527417E-01
   7157.00  3.7395212E-01
   7157.33  3.6291120E-01
   7157.67  3.5215950E-01
   7158.00  3.4173134E-01
   7158.33  3.3171007E-01
   7158.67  3.2208539E-01
   7159.00  3.1288447E-01
   7159.33  3.0419289E-01
   7159.67  2.9598309E-01
   7160.00  2.8828277E-01
   7160.33  2.8119825E-01
   7160.67  2.7470645E-01
   7161.00  2.6885092E-01
   7161.33  2.6377157E-01
   7161.67  2.5943688E-01
   7162.00  2.5589093E-01
   7162.33  2.5327909E-01
   7162.67  2.5152320E-01
   7163.00  2.5062903E-01
   7163.33  2.5068118E-01
   7163.67  2.5152327E-01
   7164.00  2.5310150E-01
   7164.33  2.5543091E-01
   7164.67  2.5834742E-01
   7165.00  2.6177527E-01
   7165.33  2.6567643E-01
   7165.67  2.6990741E-01
   7166.00  2.7439858E-01
   7166.33  2.7910099E-01
   7166.67  2.8392624E-01
   7167.00  2.8882520E-01
   7167.33  2.9375274E-01
   7167.67  2.9866718E-01
   7168.00  3.0354308E-01
   7168.33  3.0835205E-01
   7168.67  3.1308863E-01
   7169.00  3.1774645E-01
   7169.33  3.2231053E-01
   7169.67  3.2678710E-01
   7170.00  3.3117194E-01
   7170.33  3.3544394E-01
   7170.67  3.3959600E-01
   7171.00  3.4359382E-01
   7171.33  3.4732859E-01
   7171.67  3.5067002E-01
   7172.00  3.5340137E-01
