    FDMNES
    energy     <xanes>
   7097.00  4.9694022E-03
   7097.33  5.0848687E-03
   7097.67  5.2055395E-03
   7098.00  5.3317664E-03
   7098.33  5.4647536E-03
   7098.67  5.6042546E-03
   7099.00  5.7507490E-03
   7099.33  5.9058112E-03
   7099.67  6.0691892E-03
   7100.00  6.2415540E-03
   7100.33  6.4250186E-03
   7100.67  6.6193492E-03
   7101.00  6.8255150E-03
   7101.33  7.0464401E-03
   7101.67  7.2819635E-03
   7102.00  7.5335369E-03
   7102.33  7.8053611E-03
   7102.67  8.0974679E-03
   7103.00  8.4121317E-03
   7103.33  8.7556694E-03
   7103.67  9.1285797E-03
   7104.00  9.5346294E-03
   7104.33  9.9838767E-03
   7104.67  1.0477948E-02
   7105.00  1.1023537E-02
   7105.33  1.1637888E-02
   7105.67  1.2325483E-02
   7106.00  1.3099370E-02
   7106.33  1.3992199E-02
   7106.67  1.5016405E-02
   7107.00  1.6200891E-02
   7107.33  1.7616809E-02
   7107.67  1.9302467E-02
   7108.00  2.1335167E-02
   7108.33  2.3906918E-02
   7108.67  2.7164462E-02
   7109.00  3.1386939E-02
   7109.33  3.7312334E-02
   7109.67  4.5772374E-02
   7110.00  5.8403637E-02
   7110.33  7.9880730E-02
   7110.67  1.1461379E-01
   7111.00  1.6095555E-01
   7111.33  2.0020673E-01
   7111.67  2.2930645E-01
   7112.00  2.5645526E-01
   7112.33  2.8638129E-01
   7112.67  3.1585901E-01
   7113.00  3.4036049E-01
   7113.33  3.5440721E-01
   7113.67  3.5331556E-01
   7114.00  3.3448976E-01
   7114.33  3.0795769E-01
   7114.67  2.9000060E-01
   7115.00  2.8481275E-01
   7115.33  2.8537207E-01
   7115.67  2.7449363E-01
   7116.00  2.4657334E-01
   7116.33  2.1259567E-01
   7116.67  1.8440667E-01
   7117.00  1.6407485E-01
   7117.33  1.5085970E-01
   7117.67  1.4202094E-01
   7118.00  1.3631029E-01
   7118.33  1.3312174E-01
   7118.67  1.3189869E-01
   7119.00  1.3254256E-01
   7119.33  1.3477083E-01
   7119.67  1.3730016E-01
   7120.00  1.3929073E-01
   7120.33  1.4082956E-01
   7120.67  1.4231267E-01
   7121.00  1.4363229E-01
   7121.33  1.4520335E-01
   7121.67  1.4830685E-01
   7122.00  1.5417808E-01
   7122.33  1.6383124E-01
   7122.67  1.7641684E-01
   7123.00  1.9128594E-01
   7123.33  2.0805628E-01
   7123.67  2.2621892E-01
   7124.00  2.4552276E-01
   7124.33  2.6474269E-01
   7124.67  2.8137287E-01
   7125.00  2.9353672E-01
   7125.33  3.0078533E-01
   7125.67  3.0596162E-01
   7126.00  3.1128965E-01
   7126.33  3.1880737E-01
   7126.67  3.2958672E-01
   7127.00  3.4480366E-01
   7127.33  3.6648837E-01
   7127.67  3.9451689E-01
   7128.00  4.2828429E-01
   7128.33  4.6610170E-01
   7128.67  5.0437545E-01
   7129.00  5.4057394E-01
   7129.33  5.7288763E-01
   7129.67  6.0247219E-01
   7130.00  6.3083632E-01
   7130.33  6.5952133E-01
   7130.67  6.8909470E-01
   7131.00  7.1943821E-01
   7131.33  7.5025591E-01
   7131.67  7.8102035E-01
   7132.00  8.1074508E-01
   7132.33  8.3678702E-01
   7132.67  8.5686667E-01
   7133.00  8.6947531E-01
   7133.33  8.7363502E-01
   7133.67  8.7118379E-01
   7134.00  8.6235824E-01
   7134.33  8.4582085E-01
   7134.67  8.2256397E-01
   7135.00  7.9380287E-01
   7135.33  7.6112092E-01
   7135.67  7.2681616E-01
   7136.00  6.9219658E-01
   7136.33  6.5868564E-01
   7136.67  6.2728709E-01
   7137.00  5.9881231E-01
   7137.33  5.7445004E-01
   7137.67  5.5425313E-01
   7138.00  5.3848731E-01
   7138.33  5.2774709E-01
   7138.67  5.2106243E-01
   7139.00  5.1766857E-01
   7139.33  5.1669486E-01
   7139.67  5.1692138E-01
   7140.00  5.1790762E-01
   7140.33  5.1956409E-01
   7140.67  5.2178686E-01
   7141.00  5.2453206E-01
   7141.33  5.2775365E-01
   7141.67  5.3127958E-01
   7142.00  5.3502317E-01
   7142.33  5.3894704E-01
   7142.67  5.4301744E-01
   7143.00  5.4724186E-01
   7143.33  5.5164902E-01
   7143.67  5.5620702E-01
   7144.00  5.6088244E-01
   7144.33  5.6562041E-01
   7144.67  5.7034148E-01
   7145.00  5.7498805E-01
   7145.33  5.7949314E-01
   7145.67  5.8383628E-01
   7146.00  5.8798921E-01
   7146.33  5.9187943E-01
   7146.67  5.9547283E-01
   7147.00  5.9869917E-01
   7147.33  6.0140910E-01
   7147.67  6.0356984E-01
   7148.00  6.0511576E-01
   7148.33  6.0591385E-01
   7148.67  6.0603453E-01
   7149.00  6.0549616E-01
   7149.33  6.0426729E-01
   7149.67  6.0248727E-01
   7150.00  6.0022434E-01
   7150.33  5.9752336E-01
   7150.67  5.9453841E-01
   7151.00  5.9136842E-01
   7151.33  5.8812871E-01
   7151.67  5.8495460E-01
   7152.00  5.8195338E-01
   7152.33  5.7927355E-01
   7152.67  5.7696909E-01
   7153.00  5.7508979E-01
   7153.33  5.7370596E-01
   7153.67  5.7272911E-01
   7154.00  5.7209365E-01
   7154.33  5.7171431E-01
   7154.67  5.7141903E-01
   7155.00  5.7107000E-01
   7155.33  5.7047297E-01
   7155.67  5.6949356E-01
   7156.00  5.6800505E-01
   7156.33  5.6580285E-01
   7156.67  5.6287219E-01
   7157.00  5.5916159E-01
   7157.33  5.5454829E-01
   7157.67  5.4915380E-01
   7158.00  5.4303146E-01
   7158.33  5.3620417E-01
   7158.67  5.2888881E-01
   7159.00  5.2122652E-01
   7159.33  5.1337659E-01
   7159.67  5.0554670E-01
   7160.00  4.9789497E-01
   7160.33  4.9063579E-01
   7160.67  4.8387342E-01
   7161.00  4.7771011E-01
   7161.33  4.7231452E-01
   7161.67  4.6765187E-01
   7162.00  4.6374237E-01
   7162.33  4.6067618E-01
   7162.67  4.5833064E-01
   7163.00  4.5666537E-01
   7163.33  4.5569749E-01
   7163.67  4.5527876E-01
   7164.00  4.5534220E-01
   7164.33  4.5585333E-01
   7164.67  4.5667364E-01
   7165.00  4.5772531E-01
   7165.33  4.5893540E-01
   7165.67  4.6019901E-01
   7166.00  4.6144576E-01
   7166.33  4.6258888E-01
   7166.67  4.6357413E-01
   7167.00  4.6435513E-01
   7167.33  4.6485789E-01
   7167.67  4.6508097E-01
   7168.00  4.6500660E-01
   7168.33  4.6458946E-01
   7168.67  4.6387506E-01
   7169.00  4.6288062E-01
   7169.33  4.6160712E-01
   7169.67  4.6012963E-01
   7170.00  4.5849425E-01
   7170.33  4.5674995E-01
   7170.67  4.5497542E-01
   7171.00  4.5323161E-01
   7171.33  4.5160957E-01
   7171.67  4.5018616E-01
   7172.00  4.4904764E-01
