    FDMNES
    energy     <xanes>
   7097.00  5.1839314E-03
   7097.33  5.3140744E-03
   7097.67  5.4505525E-03
   7098.00  5.5938227E-03
   7098.33  5.7453998E-03
   7098.67  5.9050234E-03
   7099.00  6.0733268E-03
   7099.33  6.2523244E-03
   7099.67  6.4417628E-03
   7100.00  6.6425433E-03
   7100.33  6.8574206E-03
   7100.67  7.0861882E-03
   7101.00  7.3301721E-03
   7101.33  7.5932648E-03
   7101.67  7.8753952E-03
   7102.00  8.1785910E-03
   7102.33  8.5085735E-03
   7102.67  8.8656022E-03
   7103.00  9.2529273E-03
   7103.33  9.6793722E-03
   7103.67  1.0145976E-02
   7104.00  1.0658256E-02
   7104.33  1.1230664E-02
   7104.67  1.1866108E-02
   7105.00  1.2574665E-02
   7105.33  1.3381903E-02
   7105.67  1.4295486E-02
   7106.00  1.5335663E-02
   7106.33  1.6552559E-02
   7106.67  1.7967235E-02
   7107.00  1.9626049E-02
   7107.33  2.1642415E-02
   7107.67  2.4081652E-02
   7108.00  2.7071924E-02
   7108.33  3.0931066E-02
   7108.67  3.5912059E-02
   7109.00  4.2490622E-02
   7109.33  5.1924673E-02
   7109.67  6.5653110E-02
   7110.00  8.6495807E-02
   7110.33  1.2254705E-01
   7110.67  1.8208762E-01
   7111.00  2.6578252E-01
   7111.33  3.4983887E-01
   7111.67  4.1024712E-01
   7112.00  4.3648599E-01
   7112.33  4.3999069E-01
   7112.67  4.3600602E-01
   7113.00  4.1781363E-01
   7113.33  3.6740395E-01
   7113.67  3.0808714E-01
   7114.00  2.6056101E-01
   7114.33  2.3519648E-01
   7114.67  2.2908057E-01
   7115.00  2.3999384E-01
   7115.33  2.6124183E-01
   7115.67  2.7540939E-01
   7116.00  2.7043041E-01
   7116.33  2.4606040E-01
   7116.67  2.1708678E-01
   7117.00  1.9142982E-01
   7117.33  1.7247738E-01
   7117.67  1.5885348E-01
   7118.00  1.4930817E-01
   7118.33  1.4258855E-01
   7118.67  1.3716359E-01
   7119.00  1.3247271E-01
   7119.33  1.2851616E-01
   7119.67  1.2547650E-01
   7120.00  1.2350342E-01
   7120.33  1.2243183E-01
   7120.67  1.2156046E-01
   7121.00  1.2067283E-01
   7121.33  1.2043297E-01
   7121.67  1.2163231E-01
   7122.00  1.2458188E-01
   7122.33  1.2946470E-01
   7122.67  1.3598562E-01
   7123.00  1.4413673E-01
   7123.33  1.5412526E-01
   7123.67  1.6562582E-01
   7124.00  1.7834736E-01
   7124.33  1.9193681E-01
   7124.67  2.0605965E-01
   7125.00  2.2075140E-01
   7125.33  2.3598411E-01
   7125.67  2.5133235E-01
   7126.00  2.6656572E-01
   7126.33  2.8187510E-01
   7126.67  2.9788176E-01
   7127.00  3.1527778E-01
   7127.33  3.3507414E-01
   7127.67  3.5742272E-01
   7128.00  3.8208205E-01
   7128.33  4.0809754E-01
   7128.67  4.3415586E-01
   7129.00  4.6011231E-01
   7129.33  4.8720591E-01
   7129.67  5.1698498E-01
   7130.00  5.5057708E-01
   7130.33  5.8885968E-01
   7130.67  6.3049380E-01
   7131.00  6.7412700E-01
   7131.33  7.1733717E-01
   7131.67  7.5671419E-01
   7132.00  7.8943971E-01
   7132.33  8.1328815E-01
   7132.67  8.3030028E-01
   7133.00  8.4218985E-01
   7133.33  8.5030182E-01
   7133.67  8.5595805E-01
   7134.00  8.5915922E-01
   7134.33  8.5887885E-01
   7134.67  8.5457203E-01
   7135.00  8.4550504E-01
   7135.33  8.3054196E-01
   7135.67  8.1044543E-01
   7136.00  7.8578803E-01
   7136.33  7.5721461E-01
   7136.67  7.2647812E-01
   7137.00  6.9477200E-01
   7137.33  6.6354129E-01
   7137.67  6.3409346E-01
   7138.00  6.0751741E-01
   7138.33  5.8534876E-01
   7138.67  5.6774056E-01
   7139.00  5.5483229E-01
   7139.33  5.4685718E-01
   7139.67  5.4256655E-01
   7140.00  5.4120328E-01
   7140.33  5.4213767E-01
   7140.67  5.4437228E-01
   7141.00  5.4744606E-01
   7141.33  5.5108506E-01
   7141.67  5.5505357E-01
   7142.00  5.5928136E-01
   7142.33  5.6374841E-01
   7142.67  5.6838270E-01
   7143.00  5.7313400E-01
   7143.33  5.7793852E-01
   7143.67  5.8271778E-01
   7144.00  5.8741499E-01
   7144.33  5.9195990E-01
   7144.67  5.9633193E-01
   7145.00  6.0051314E-01
   7145.33  6.0447407E-01
   7145.67  6.0824811E-01
   7146.00  6.1185306E-01
   7146.33  6.1530413E-01
   7146.67  6.1866034E-01
   7147.00  6.2196111E-01
   7147.33  6.2525210E-01
   7147.67  6.2858143E-01
   7148.00  6.3198394E-01
   7148.33  6.3549447E-01
   7148.67  6.3909503E-01
   7149.00  6.4274748E-01
   7149.33  6.4636036E-01
   7149.67  6.4981511E-01
   7150.00  6.5298224E-01
   7150.33  6.5563654E-01
   7150.67  6.5766847E-01
   7151.00  6.5895160E-01
   7151.33  6.5926516E-01
   7151.67  6.5865200E-01
   7152.00  6.5709664E-01
   7152.33  6.5451083E-01
   7152.67  6.5108010E-01
   7153.00  6.4689047E-01
   7153.33  6.4197553E-01
   7153.67  6.3653742E-01
   7154.00  6.3068055E-01
   7154.33  6.2448094E-01
   7154.67  6.1807784E-01
   7155.00  6.1154648E-01
   7155.33  6.0495494E-01
   7155.67  5.9837337E-01
   7156.00  5.9184712E-01
   7156.33  5.8543027E-01
   7156.67  5.7914395E-01
   7157.00  5.7301176E-01
   7157.33  5.6707809E-01
   7157.67  5.6134007E-01
   7158.00  5.5581277E-01
   7158.33  5.5053899E-01
   7158.67  5.4550029E-01
   7159.00  5.4069985E-01
   7159.33  5.3616296E-01
   7159.67  5.3184715E-01
   7160.00  5.2773328E-01
   7160.33  5.2380949E-01
   7160.67  5.2001068E-01
   7161.00  5.1629232E-01
   7161.33  5.1259922E-01
   7161.67  5.0886787E-01
   7162.00  5.0504882E-01
   7162.33  5.0107327E-01
   7162.67  4.9691742E-01
   7163.00  4.9255722E-01
   7163.33  4.8795267E-01
   7163.67  4.8313516E-01
   7164.00  4.7812157E-01
   7164.33  4.7292480E-01
   7164.67  4.6761010E-01
   7165.00  4.6222171E-01
   7165.33  4.5681130E-01
   7165.67  4.5143628E-01
   7166.00  4.4614225E-01
   7166.33  4.4099382E-01
   7166.67  4.3601700E-01
   7167.00  4.3124130E-01
   7167.33  4.2671981E-01
   7167.67  4.2244048E-01
   7168.00  4.1841185E-01
   7168.33  4.1467251E-01
   7168.67  4.1119243E-01
   7169.00  4.0796576E-01
   7169.33  4.0501078E-01
   7169.67  4.0228316E-01
   7170.00  3.9977061E-01
   7170.33  3.9748592E-01
   7170.67  3.9539551E-01
   7171.00  3.9349770E-01
   7171.33  3.9182636E-01
   7171.67  3.9038543E-01
   7172.00  3.8921798E-01
