    FDMNES
    energy     <xanes>
   7097.00  5.1946059E-03
   7097.33  5.3208057E-03
   7097.67  5.4528188E-03
   7098.00  5.5910377E-03
   7098.33  5.7368055E-03
   7098.67  5.8898440E-03
   7099.00  6.0506849E-03
   7099.33  6.2210776E-03
   7099.67  6.4007323E-03
   7100.00  6.5903865E-03
   7100.33  6.7923738E-03
   7100.67  7.0064142E-03
   7101.00  7.2335599E-03
   7101.33  7.4770111E-03
   7101.67  7.7365461E-03
   7102.00  8.0137167E-03
   7102.33  8.3130588E-03
   7102.67  8.6345151E-03
   7103.00  8.9804663E-03
   7103.33  9.3576036E-03
   7103.67  9.7662713E-03
   7104.00  1.0210301E-02
   7104.33  1.0700064E-02
   7104.67  1.1236857E-02
   7105.00  1.1827232E-02
   7105.33  1.2488303E-02
   7105.67  1.3223693E-02
   7106.00  1.4045525E-02
   7106.33  1.4984497E-02
   7106.67  1.6050352E-02
   7107.00  1.7268089E-02
   7107.33  1.8699628E-02
   7107.67  2.0373154E-02
   7108.00  2.2349224E-02
   7108.33  2.4777505E-02
   7108.67  2.7756202E-02
   7109.00  3.1476980E-02
   7109.33  3.6435978E-02
   7109.67  4.3128654E-02
   7110.00  5.2525439E-02
   7110.33  6.7318287E-02
   7110.67  8.9750029E-02
   7111.00  1.1868850E-01
   7111.33  1.4756163E-01
   7111.67  1.8024860E-01
   7112.00  2.2696256E-01
   7112.33  2.9697587E-01
   7112.67  3.7729267E-01
   7113.00  4.6758078E-01
   7113.33  5.8309054E-01
   7113.67  6.7391818E-01
   7114.00  6.6697652E-01
   7114.33  5.6355759E-01
   7114.67  4.4951666E-01
   7115.00  3.5858304E-01
   7115.33  2.9875189E-01
   7115.67  2.6028805E-01
   7116.00  2.3819391E-01
   7116.33  2.2998055E-01
   7116.67  2.2994168E-01
   7117.00  2.3220003E-01
   7117.33  2.2812070E-01
   7117.67  2.1576421E-01
   7118.00  1.9818284E-01
   7118.33  1.8022452E-01
   7118.67  1.6477377E-01
   7119.00  1.5246223E-01
   7119.33  1.4324688E-01
   7119.67  1.3602653E-01
   7120.00  1.3025659E-01
   7120.33  1.2572909E-01
   7120.67  1.2226343E-01
   7121.00  1.2002777E-01
   7121.33  1.1938701E-01
   7121.67  1.2003926E-01
   7122.00  1.2171134E-01
   7122.33  1.2417219E-01
   7122.67  1.2708604E-01
   7123.00  1.3036306E-01
   7123.33  1.3408721E-01
   7123.67  1.3832441E-01
   7124.00  1.4319113E-01
   7124.33  1.4890792E-01
   7124.67  1.5549404E-01
   7125.00  1.6306023E-01
   7125.33  1.7196371E-01
   7125.67  1.8241981E-01
   7126.00  1.9488481E-01
   7126.33  2.1032668E-01
   7126.67  2.2897335E-01
   7127.00  2.5104299E-01
   7127.33  2.7670955E-01
   7127.67  3.0473519E-01
   7128.00  3.3394867E-01
   7128.33  3.6289137E-01
   7128.67  3.9114941E-01
   7129.00  4.1974439E-01
   7129.33  4.5132020E-01
   7129.67  4.8782889E-01
   7130.00  5.3053373E-01
   7130.33  5.8044143E-01
   7130.67  6.3560203E-01
   7131.00  6.9447510E-01
   7131.33  7.5596542E-01
   7131.67  8.1935326E-01
   7132.00  8.8454311E-01
   7132.33  9.5062843E-01
   7132.67  1.0146899E+00
   7133.00  1.0727514E+00
   7133.33  1.1174264E+00
   7133.67  1.1442598E+00
   7134.00  1.1496742E+00
   7134.33  1.1301863E+00
   7134.67  1.0917386E+00
   7135.00  1.0390175E+00
   7135.33  9.7681382E-01
   7135.67  9.1114138E-01
   7136.00  8.4519431E-01
   7136.33  7.8187644E-01
   7136.67  7.2262632E-01
   7137.00  6.6845883E-01
   7137.33  6.2092822E-01
   7137.67  5.7979828E-01
   7138.00  5.4528901E-01
   7138.33  5.1828401E-01
   7138.67  4.9775012E-01
   7139.00  4.8328817E-01
   7139.33  4.7484047E-01
   7139.67  4.7080631E-01
   7140.00  4.7031703E-01
   7140.33  4.7272965E-01
   7140.67  4.7691296E-01
   7141.00  4.8234383E-01
   7141.33  4.8871567E-01
   7141.67  4.9568462E-01
   7142.00  5.0313517E-01
   7142.33  5.1102972E-01
   7142.67  5.1923512E-01
   7143.00  5.2765690E-01
   7143.33  5.3615713E-01
   7143.67  5.4454355E-01
   7144.00  5.5263450E-01
   7144.33  5.6014457E-01
   7144.67  5.6694193E-01
   7145.00  5.7289663E-01
   7145.33  5.7779604E-01
   7145.67  5.8172483E-01
   7146.00  5.8470165E-01
   7146.33  5.8668239E-01
   7146.67  5.8787879E-01
   7147.00  5.8839363E-01
   7147.33  5.8828355E-01
   7147.67  5.8773973E-01
   7148.00  5.8685624E-01
   7148.33  5.8569468E-01
   7148.67  5.8435794E-01
   7149.00  5.8289351E-01
   7149.33  5.8133387E-01
   7149.67  5.7971568E-01
   7150.00  5.7805024E-01
   7150.33  5.7634116E-01
   7150.67  5.7460303E-01
   7151.00  5.7285137E-01
   7151.33  5.7111418E-01
   7151.67  5.6942214E-01
   7152.00  5.6781065E-01
   7152.33  5.6634759E-01
   7152.67  5.6507696E-01
   7153.00  5.6405607E-01
   7153.33  5.6339439E-01
   7153.67  5.6311959E-01
   7154.00  5.6328411E-01
   7154.33  5.6399785E-01
   7154.67  5.6522873E-01
   7155.00  5.6698085E-01
   7155.33  5.6929259E-01
   7155.67  5.7204405E-01
   7156.00  5.7515860E-01
   7156.33  5.7855062E-01
   7156.67  5.8205197E-01
   7157.00  5.8553671E-01
   7157.33  5.8883988E-01
   7157.67  5.9184983E-01
   7158.00  5.9447048E-01
   7158.33  5.9655482E-01
   7158.67  5.9810136E-01
   7159.00  5.9907673E-01
   7159.33  5.9938819E-01
   7159.67  5.9910791E-01
   7160.00  5.9824439E-01
   7160.33  5.9674389E-01
   7160.67  5.9469827E-01
   7161.00  5.9212654E-01
   7161.33  5.8898673E-01
   7161.67  5.8536402E-01
   7162.00  5.8127951E-01
   7162.33  5.7670413E-01
   7162.67  5.7171795E-01
   7163.00  5.6634101E-01
   7163.33  5.6055232E-01
   7163.67  5.5442885E-01
   7164.00  5.4800062E-01
   7164.33  5.4127031E-01
   7164.67  5.3430870E-01
   7165.00  5.2714803E-01
   7165.33  5.1980540E-01
   7165.67  5.1233938E-01
   7166.00  5.0478332E-01
   7166.33  4.9716932E-01
   7166.67  4.8954255E-01
   7167.00  4.8193575E-01
   7167.33  4.7439280E-01
   7167.67  4.6694376E-01
   7168.00  4.5962122E-01
   7168.33  4.5248287E-01
   7168.67  4.4554586E-01
   7169.00  4.3884426E-01
   7169.33  4.3245513E-01
   7169.67  4.2638584E-01
   7170.00  4.2066726E-01
   7170.33  4.1537824E-01
   7170.67  4.1050444E-01
   7171.00  4.0607957E-01
   7171.33  4.0221652E-01
   7171.67  3.9893290E-01
   7172.00  3.9632370E-01
