    FDMNES
    energy     <xanes>
   7097.00  5.3383745E-03
   7097.33  5.4772175E-03
   7097.67  5.6228931E-03
   7098.00  5.7758937E-03
   7098.33  5.9378508E-03
   7098.67  6.1084816E-03
   7099.00  6.2884660E-03
   7099.33  6.4799704E-03
   7099.67  6.6827163E-03
   7100.00  6.8976685E-03
   7100.33  7.1277814E-03
   7100.67  7.3728215E-03
   7101.00  7.6342011E-03
   7101.33  7.9160785E-03
   7101.67  8.2183528E-03
   7102.00  8.5431697E-03
   7102.33  8.8966055E-03
   7102.67  9.2788839E-03
   7103.00  9.6934116E-03
   7103.33  1.0149479E-02
   7103.67  1.0648067E-02
   7104.00  1.1194883E-02
   7104.33  1.1804944E-02
   7104.67  1.2481016E-02
   7105.00  1.3233316E-02
   7105.33  1.4087888E-02
   7105.67  1.5051903E-02
   7106.00  1.6145287E-02
   7106.33  1.7417523E-02
   7106.67  1.8887634E-02
   7107.00  2.0599162E-02
   7107.33  2.2658536E-02
   7107.67  2.5121224E-02
   7108.00  2.8098843E-02
   7108.33  3.1865042E-02
   7108.67  3.6613106E-02
   7109.00  4.2707125E-02
   7109.33  5.1076890E-02
   7109.67  6.2641822E-02
   7110.00  7.9157729E-02
   7110.33  1.0558487E-01
   7110.67  1.4844999E-01
   7111.00  2.1827956E-01
   7111.33  3.2744299E-01
   7111.67  4.4533203E-01
   7112.00  5.3645521E-01
   7112.33  6.1522447E-01
   7112.67  6.8515061E-01
   7113.00  6.8560226E-01
   7113.33  5.6238725E-01
   7113.67  4.1391245E-01
   7114.00  3.0148962E-01
   7114.33  2.3215971E-01
   7114.67  1.8565127E-01
   7115.00  1.5523051E-01
   7115.33  1.3984336E-01
   7115.67  1.3506872E-01
   7116.00  1.3545878E-01
   7116.33  1.3072292E-01
   7116.67  1.1906359E-01
   7117.00  1.0493767E-01
   7117.33  9.3249136E-02
   7117.67  8.5208212E-02
   7118.00  8.0687988E-02
   7118.33  7.9722027E-02
   7118.67  8.1593026E-02
   7119.00  8.5758788E-02
   7119.33  9.1113583E-02
   7119.67  9.6088168E-02
   7120.00  9.9569986E-02
   7120.33  1.0107111E-01
   7120.67  1.0240853E-01
   7121.00  1.0520044E-01
   7121.33  1.1102477E-01
   7121.67  1.2042094E-01
   7122.00  1.3413167E-01
   7122.33  1.5389645E-01
   7122.67  1.8033980E-01
   7123.00  2.1435281E-01
   7123.33  2.5626989E-01
   7123.67  3.0238451E-01
   7124.00  3.5133849E-01
   7124.33  4.0707228E-01
   7124.67  4.7073577E-01
   7125.00  5.3660483E-01
   7125.33  5.9030400E-01
   7125.67  6.2358603E-01
   7126.00  6.3647171E-01
   7126.33  6.3406504E-01
   7126.67  6.2567300E-01
   7127.00  6.1559727E-01
   7127.33  6.0631705E-01
   7127.67  5.9828088E-01
   7128.00  5.9113667E-01
   7128.33  5.8417215E-01
   7128.67  5.7687489E-01
   7129.00  5.6943432E-01
   7129.33  5.6306304E-01
   7129.67  5.5930933E-01
   7130.00  5.5954313E-01
   7130.33  5.6557236E-01
   7130.67  5.7738649E-01
   7131.00  5.9509042E-01
   7131.33  6.1886502E-01
   7131.67  6.4666256E-01
   7132.00  6.7636996E-01
   7132.33  7.0404030E-01
   7132.67  7.2549763E-01
   7133.00  7.3804825E-01
   7133.33  7.4098509E-01
   7133.67  7.3926788E-01
   7134.00  7.3673007E-01
   7134.33  7.3590301E-01
   7134.67  7.3632589E-01
   7135.00  7.3682288E-01
   7135.33  7.3618824E-01
   7135.67  7.3417467E-01
   7136.00  7.3085920E-01
   7136.33  7.2638799E-01
   7136.67  7.2115942E-01
   7137.00  7.1532007E-01
   7137.33  7.0889134E-01
   7137.67  7.0195897E-01
   7138.00  6.9443840E-01
   7138.33  6.8595067E-01
   7138.67  6.7630484E-01
   7139.00  6.6550043E-01
   7139.33  6.5397626E-01
   7139.67  6.4271896E-01
   7140.00  6.3247440E-01
   7140.33  6.2391608E-01
   7140.67  6.1687095E-01
   7141.00  6.1110527E-01
   7141.33  6.0636464E-01
   7141.67  6.0220275E-01
   7142.00  5.9842501E-01
   7142.33  5.9498432E-01
   7142.67  5.9185928E-01
   7143.00  5.8905314E-01
   7143.33  5.8659226E-01
   7143.67  5.8442276E-01
   7144.00  5.8252995E-01
   7144.33  5.8093006E-01
   7144.67  5.7957676E-01
   7145.00  5.7845888E-01
   7145.33  5.7758630E-01
   7145.67  5.7690270E-01
   7146.00  5.7636923E-01
   7146.33  5.7593244E-01
   7146.67  5.7549606E-01
   7147.00  5.7497232E-01
   7147.33  5.7422272E-01
   7147.67  5.7315294E-01
   7148.00  5.7166116E-01
   7148.33  5.6957192E-01
   7148.67  5.6686495E-01
   7149.00  5.6349447E-01
   7149.33  5.5936520E-01
   7149.67  5.5459996E-01
   7150.00  5.4927508E-01
   7150.33  5.4346759E-01
   7150.67  5.3738374E-01
   7151.00  5.3115523E-01
   7151.33  5.2491696E-01
   7151.67  5.1876854E-01
   7152.00  5.1275802E-01
   7152.33  5.0691798E-01
   7152.67  5.0120111E-01
   7153.00  4.9555461E-01
   7153.33  4.8988795E-01
   7153.67  4.8409520E-01
   7154.00  4.7807614E-01
   7154.33  4.7167418E-01
   7154.67  4.6483456E-01
   7155.00  4.5749723E-01
   7155.33  4.4956058E-01
   7155.67  4.4109850E-01
   7156.00  4.3215058E-01
   7156.33  4.2274326E-01
   7156.67  4.1302903E-01
   7157.00  4.0310599E-01
   7157.33  3.9308172E-01
   7157.67  3.8308687E-01
   7158.00  3.7322116E-01
   7158.33  3.6362464E-01
   7158.67  3.5437169E-01
   7159.00  3.4554617E-01
   7159.33  3.3730202E-01
   7159.67  3.2965407E-01
   7160.00  3.2266058E-01
   7160.33  3.1646252E-01
   7160.67  3.1100600E-01
   7161.00  3.0630451E-01
   7161.33  3.0244863E-01
   7161.67  2.9932670E-01
   7162.00  2.9691584E-01
   7162.33  2.9526699E-01
   7162.67  2.9425605E-01
   7163.00  2.9384614E-01
   7163.33  2.9406153E-01
   7163.67  2.9477894E-01
   7164.00  2.9594076E-01
   7164.33  2.9752372E-01
   7164.67  2.9941541E-01
   7165.00  3.0156170E-01
   7165.33  3.0392483E-01
   7165.67  3.0642366E-01
   7166.00  3.0901611E-01
   7166.33  3.1167058E-01
   7166.67  3.1435350E-01
   7167.00  3.1705110E-01
   7167.33  3.1975791E-01
   7167.67  3.2247439E-01
   7168.00  3.2520603E-01
   7168.33  3.2796470E-01
   7168.67  3.3075618E-01
   7169.00  3.3358689E-01
   7169.33  3.3646798E-01
   7169.67  3.3939589E-01
   7170.00  3.4236820E-01
   7170.33  3.4537923E-01
   7170.67  3.4840234E-01
   7171.00  3.5140150E-01
   7171.33  3.5428499E-01
   7171.67  3.5691380E-01
   7172.00  3.5908444E-01
