    FDMNES
    energy     <xanes>
   7097.00  4.5423207E-03
   7097.33  4.6437953E-03
   7097.67  4.7498007E-03
   7098.00  4.8606532E-03
   7098.33  4.9774193E-03
   7098.67  5.0999008E-03
   7099.00  5.2285368E-03
   7099.33  5.3647421E-03
   7099.67  5.5083260E-03
   7100.00  5.6599172E-03
   7100.33  5.8214512E-03
   7100.67  5.9927769E-03
   7101.00  6.1748277E-03
   7101.33  6.3703503E-03
   7101.67  6.5793045E-03
   7102.00  6.8031365E-03
   7102.33  7.0459203E-03
   7102.67  7.3078853E-03
   7103.00  7.5913919E-03
   7103.33  7.9028168E-03
   7103.67  8.2430298E-03
   7104.00  8.6161345E-03
   7104.33  9.0328026E-03
   7104.67  9.4954654E-03
   7105.00  1.0011845E-02
   7105.33  1.0601389E-02
   7105.67  1.1270594E-02
   7106.00  1.2035563E-02
   7106.33  1.2935924E-02
   7106.67  1.3989973E-02
   7107.00  1.5236268E-02
   7107.33  1.6768955E-02
   7107.67  1.8646731E-02
   7108.00  2.0982023E-02
   7108.33  2.4054650E-02
   7108.67  2.8101874E-02
   7109.00  3.3566569E-02
   7109.33  4.1631027E-02
   7109.67  5.3708484E-02
   7110.00  7.2578799E-02
   7110.33  1.0633078E-01
   7110.67  1.6373397E-01
   7111.00  2.4615452E-01
   7111.33  3.2083107E-01
   7111.67  3.5186757E-01
   7112.00  3.3134880E-01
   7112.33  2.6565357E-01
   7112.67  1.9877724E-01
   7113.00  1.4992811E-01
   7113.33  1.2005640E-01
   7113.67  1.0137959E-01
   7114.00  8.9942909E-02
   7114.33  8.2066068E-02
   7114.67  7.3662323E-02
   7115.00  6.4511291E-02
   7115.33  5.7617596E-02
   7115.67  5.3484979E-02
   7116.00  5.1458931E-02
   7116.33  5.1055452E-02
   7116.67  5.1823547E-02
   7117.00  5.3735340E-02
   7117.33  5.6920843E-02
   7117.67  6.1103476E-02
   7118.00  6.6024326E-02
   7118.33  7.1178040E-02
   7118.67  7.5908895E-02
   7119.00  8.0121407E-02
   7119.33  8.4488411E-02
   7119.67  8.9702113E-02
   7120.00  9.5957933E-02
   7120.33  1.0332574E-01
   7120.67  1.1176805E-01
   7121.00  1.2161295E-01
   7121.33  1.3363062E-01
   7121.67  1.4812997E-01
   7122.00  1.6567634E-01
   7122.33  1.8758264E-01
   7122.67  2.1390310E-01
   7123.00  2.4420863E-01
   7123.33  2.7665464E-01
   7123.67  3.0776810E-01
   7124.00  3.3534185E-01
   7124.33  3.5872320E-01
   7124.67  3.8034981E-01
   7125.00  4.0200267E-01
   7125.33  4.2427730E-01
   7125.67  4.4554433E-01
   7126.00  4.6326642E-01
   7126.33  4.7423363E-01
   7126.67  4.7917336E-01
   7127.00  4.8004766E-01
   7127.33  4.8043301E-01
   7127.67  4.8404073E-01
   7128.00  4.9301071E-01
   7128.33  5.0919663E-01
   7128.67  5.3145908E-01
   7129.00  5.5866052E-01
   7129.33  5.8957706E-01
   7129.67  6.2239693E-01
   7130.00  6.5610712E-01
   7130.33  6.8936586E-01
   7130.67  7.2070746E-01
   7131.00  7.4876805E-01
   7131.33  7.7127869E-01
   7131.67  7.8709418E-01
   7132.00  7.9490369E-01
   7132.33  7.9323050E-01
   7132.67  7.8466627E-01
   7133.00  7.7194529E-01
   7133.33  7.5864145E-01
   7133.67  7.4776285E-01
   7134.00  7.4099735E-01
   7134.33  7.4007312E-01
   7134.67  7.4408120E-01
   7135.00  7.5153809E-01
   7135.33  7.6035928E-01
   7135.67  7.6864780E-01
   7136.00  7.7534423E-01
   7136.33  7.7915865E-01
   7136.67  7.7976032E-01
   7137.00  7.7694839E-01
   7137.33  7.7051416E-01
   7137.67  7.6140069E-01
   7138.00  7.5023685E-01
   7138.33  7.3769060E-01
   7138.67  7.2473695E-01
   7139.00  7.1198455E-01
   7139.33  6.9999526E-01
   7139.67  6.8885251E-01
   7140.00  6.7848004E-01
   7140.33  6.6870171E-01
   7140.67  6.5918037E-01
   7141.00  6.4975847E-01
   7141.33  6.4043002E-01
   7141.67  6.3138853E-01
   7142.00  6.2294957E-01
   7142.33  6.1561974E-01
   7142.67  6.0959582E-01
   7143.00  6.0506700E-01
   7143.33  6.0232070E-01
   7143.67  6.0111460E-01
   7144.00  6.0133481E-01
   7144.33  6.0296124E-01
   7144.67  6.0564143E-01
   7145.00  6.0918979E-01
   7145.33  6.1342377E-01
   7145.67  6.1794239E-01
   7146.00  6.2241403E-01
   7146.33  6.2635961E-01
   7146.67  6.2942940E-01
   7147.00  6.3132454E-01
   7147.33  6.3161396E-01
   7147.67  6.3033742E-01
   7148.00  6.2745526E-01
   7148.33  6.2278780E-01
   7148.67  6.1660624E-01
   7149.00  6.0900949E-01
   7149.33  5.9999297E-01
   7149.67  5.8990426E-01
   7150.00  5.7892439E-01
   7150.33  5.6717652E-01
   7150.67  5.5493270E-01
   7151.00  5.4233431E-01
   7151.33  5.2949553E-01
   7151.67  5.1655216E-01
   7152.00  5.0357238E-01
   7152.33  4.9061534E-01
   7152.67  4.7772211E-01
   7153.00  4.6492551E-01
   7153.33  4.5227574E-01
   7153.67  4.3978697E-01
   7154.00  4.2748268E-01
   7154.33  4.1540899E-01
   7154.67  4.0355073E-01
   7155.00  3.9190808E-01
   7155.33  3.8049690E-01
   7155.67  3.6927589E-01
   7156.00  3.5823363E-01
   7156.33  3.4738983E-01
   7156.67  3.3674261E-01
   7157.00  3.2633257E-01
   7157.33  3.1627145E-01
   7157.67  3.0661417E-01
   7158.00  2.9744968E-01
   7158.33  2.8895606E-01
   7158.67  2.8115698E-01
   7159.00  2.7412950E-01
   7159.33  2.6805628E-01
   7159.67  2.6289582E-01
   7160.00  2.5869745E-01
   7160.33  2.5564013E-01
   7160.67  2.5364053E-01
   7161.00  2.5272149E-01
   7161.33  2.5301318E-01
   7161.67  2.5434184E-01
   7162.00  2.5664761E-01
   7162.33  2.5994218E-01
   7162.67  2.6399334E-01
   7163.00  2.6868274E-01
   7163.33  2.7392963E-01
   7163.67  2.7953570E-01
   7164.00  2.8539612E-01
   7164.33  2.9142810E-01
   7164.67  2.9753421E-01
   7165.00  3.0366510E-01
   7165.33  3.0978090E-01
   7165.67  3.1586277E-01
   7166.00  3.2190461E-01
   7166.33  3.2790626E-01
   7166.67  3.3388623E-01
   7167.00  3.3986194E-01
   7167.33  3.4586016E-01
   7167.67  3.5190333E-01
   7168.00  3.5800956E-01
   7168.33  3.6420191E-01
   7168.67  3.7047556E-01
   7169.00  3.7682833E-01
   7169.33  3.8325933E-01
   7169.67  3.8974100E-01
   7170.00  3.9624814E-01
   7170.33  4.0273623E-01
   7170.67  4.0914387E-01
   7171.00  4.1538809E-01
   7171.33  4.2127038E-01
   7171.67  4.2655183E-01
   7172.00  4.3087702E-01
