    FDMNES
    energy     <xanes>
   7097.00  4.8077086E-03
   7097.33  4.9125846E-03
   7097.67  5.0218377E-03
   7098.00  5.1357422E-03
   7098.33  5.2552739E-03
   7098.67  5.3801954E-03
   7099.00  5.5108730E-03
   7099.33  5.6485569E-03
   7099.67  5.7929953E-03
   7100.00  5.9446890E-03
   7100.33  6.1052782E-03
   7100.67  6.2745085E-03
   7101.00  6.4530857E-03
   7101.33  6.6432212E-03
   7101.67  6.8446881E-03
   7102.00  7.0585145E-03
   7102.33  7.2877846E-03
   7102.67  7.5323652E-03
   7103.00  7.7938175E-03
   7103.33  8.0766238E-03
   7103.67  8.3808963E-03
   7104.00  8.7091292E-03
   7104.33  9.0681843E-03
   7104.67  9.4587768E-03
   7105.00  9.8851575E-03
   7105.33  1.0358558E-02
   7105.67  1.0881203E-02
   7106.00  1.1460975E-02
   7106.33  1.2117972E-02
   7106.67  1.2858485E-02
   7107.00  1.3698900E-02
   7107.33  1.4679963E-02
   7107.67  1.5820380E-02
   7108.00  1.7160330E-02
   7108.33  1.8799154E-02
   7108.67  2.0802392E-02
   7109.00  2.3297001E-02
   7109.33  2.6608514E-02
   7109.67  3.1051799E-02
   7110.00  3.7234293E-02
   7110.33  4.6862566E-02
   7110.67  6.2000250E-02
   7111.00  8.5497476E-02
   7111.33  1.2233304E-01
   7111.67  1.6643471E-01
   7112.00  1.9204935E-01
   7112.33  1.9962209E-01
   7112.67  2.0901718E-01
   7113.00  2.0888325E-01
   7113.33  2.0158240E-01
   7113.67  2.1374125E-01
   7114.00  2.5405228E-01
   7114.33  2.8427605E-01
   7114.67  2.6556234E-01
   7115.00  2.2262202E-01
   7115.33  2.0022633E-01
   7115.67  2.0641542E-01
   7116.00  2.4071814E-01
   7116.33  3.0287384E-01
   7116.67  3.6574383E-01
   7117.00  3.9376602E-01
   7117.33  3.7184839E-01
   7117.67  3.2990066E-01
   7118.00  2.8975528E-01
   7118.33  2.6447653E-01
   7118.67  2.4984730E-01
   7119.00  2.3906668E-01
   7119.33  2.2711371E-01
   7119.67  2.1392607E-01
   7120.00  1.9979555E-01
   7120.33  1.8542471E-01
   7120.67  1.7290289E-01
   7121.00  1.6372665E-01
   7121.33  1.5838739E-01
   7121.67  1.5633240E-01
   7122.00  1.5787181E-01
   7122.33  1.6385082E-01
   7122.67  1.7383266E-01
   7123.00  1.8731958E-01
   7123.33  2.0273311E-01
   7123.67  2.1694647E-01
   7124.00  2.2802361E-01
   7124.33  2.3605733E-01
   7124.67  2.4393276E-01
   7125.00  2.5367219E-01
   7125.33  2.6666660E-01
   7125.67  2.8250757E-01
   7126.00  3.0089217E-01
   7126.33  3.2116066E-01
   7126.67  3.4099848E-01
   7127.00  3.5824190E-01
   7127.33  3.7102047E-01
   7127.67  3.8006841E-01
   7128.00  3.8650315E-01
   7128.33  3.9211822E-01
   7128.67  3.9910498E-01
   7129.00  4.0914394E-01
   7129.33  4.2430693E-01
   7129.67  4.4488862E-01
   7130.00  4.7110187E-01
   7130.33  5.0340372E-01
   7130.67  5.4071398E-01
   7131.00  5.8265115E-01
   7131.33  6.2922781E-01
   7131.67  6.7915934E-01
   7132.00  7.3124392E-01
   7132.33  7.8317816E-01
   7132.67  8.3214798E-01
   7133.00  8.7604497E-01
   7133.33  9.1260824E-01
   7133.67  9.4200653E-01
   7134.00  9.6367842E-01
   7134.33  9.7520782E-01
   7134.67  9.7567555E-01
   7135.00  9.6322087E-01
   7135.33  9.3511140E-01
   7135.67  8.9465329E-01
   7136.00  8.4533591E-01
   7136.33  7.9185508E-01
   7136.67  7.3915093E-01
   7137.00  6.8969379E-01
   7137.33  6.4538944E-01
   7137.67  6.0599781E-01
   7138.00  5.7156092E-01
   7138.33  5.4281337E-01
   7138.67  5.1925910E-01
   7139.00  5.0086587E-01
   7139.33  4.8784973E-01
   7139.67  4.7892432E-01
   7140.00  4.7342662E-01
   7140.33  4.7102276E-01
   7140.67  4.7084655E-01
   7141.00  4.7253287E-01
   7141.33  4.7583748E-01
   7141.67  4.8007351E-01
   7142.00  4.8471039E-01
   7142.33  4.8902293E-01
   7142.67  4.9240968E-01
   7143.00  4.9449657E-01
   7143.33  4.9497059E-01
   7143.67  4.9418834E-01
   7144.00  4.9248475E-01
   7144.33  4.9029449E-01
   7144.67  4.8815532E-01
   7145.00  4.8642167E-01
   7145.33  4.8550231E-01
   7145.67  4.8552590E-01
   7146.00  4.8661221E-01
   7146.33  4.8897876E-01
   7146.67  4.9250211E-01
   7147.00  4.9716115E-01
   7147.33  5.0302884E-01
   7147.67  5.0987341E-01
   7148.00  5.1758334E-01
   7148.33  5.2608455E-01
   7148.67  5.3509000E-01
   7149.00  5.4438757E-01
   7149.33  5.5368317E-01
   7149.67  5.6268792E-01
   7150.00  5.7117776E-01
   7150.33  5.7883501E-01
   7150.67  5.8558601E-01
   7151.00  5.9134574E-01
   7151.33  5.9595063E-01
   7151.67  5.9954968E-01
   7152.00  6.0219678E-01
   7152.33  6.0388220E-01
   7152.67  6.0484140E-01
   7153.00  6.0519619E-01
   7153.33  6.0502835E-01
   7153.67  6.0452863E-01
   7154.00  6.0380030E-01
   7154.33  6.0293098E-01
   7154.67  6.0201966E-01
   7155.00  6.0112172E-01
   7155.33  6.0029258E-01
   7155.67  5.9955743E-01
   7156.00  5.9893480E-01
   7156.33  5.9845260E-01
   7156.67  5.9809883E-01
   7157.00  5.9787053E-01
   7157.33  5.9777229E-01
   7157.67  5.9777410E-01
   7158.00  5.9785984E-01
   7158.33  5.9801735E-01
   7158.67  5.9821803E-01
   7159.00  5.9844444E-01
   7159.33  5.9867757E-01
   7159.67  5.9889686E-01
   7160.00  5.9908410E-01
   7160.33  5.9920751E-01
   7160.67  5.9924365E-01
   7161.00  5.9916076E-01
   7161.33  5.9889477E-01
   7161.67  5.9841578E-01
   7162.00  5.9767684E-01
   7162.33  5.9657989E-01
   7162.67  5.9510328E-01
   7163.00  5.9320031E-01
   7163.33  5.9077371E-01
   7163.67  5.8785747E-01
   7164.00  5.8444412E-01
   7164.33  5.8048269E-01
   7164.67  5.7606348E-01
   7165.00  5.7122473E-01
   7165.33  5.6597807E-01
   7165.67  5.6043520E-01
   7166.00  5.5465620E-01
   7166.33  5.4869182E-01
   7166.67  5.4263261E-01
   7167.00  5.3653234E-01
   7167.33  5.3044663E-01
   7167.67  5.2442039E-01
   7168.00  5.1848913E-01
   7168.33  5.1270470E-01
   7168.67  5.0708063E-01
   7169.00  5.0164179E-01
   7169.33  4.9643849E-01
   7169.67  4.9145806E-01
   7170.00  4.8670783E-01
   7170.33  4.8222403E-01
   7170.67  4.7798710E-01
   7171.00  4.7401626E-01
   7171.33  4.7040291E-01
   7171.67  4.6722189E-01
   7172.00  4.6463452E-01
