    FDMNES
    energy     <xanes>
   7097.00  5.0369939E-03
   7097.33  5.1504374E-03
   7097.67  5.2687928E-03
   7098.00  5.3923792E-03
   7098.33  5.5223111E-03
   7098.67  5.6583379E-03
   7099.00  5.8008899E-03
   7099.33  5.9514085E-03
   7099.67  6.1096319E-03
   7100.00  6.2761550E-03
   7100.33  6.4528892E-03
   7100.67  6.6395786E-03
   7101.00  6.8370714E-03
   7101.33  7.0479763E-03
   7101.67  7.2720847E-03
   7102.00  7.5106481E-03
   7102.33  7.7673553E-03
   7102.67  8.0421353E-03
   7103.00  8.3369157E-03
   7103.33  8.6571417E-03
   7103.67  9.0030859E-03
   7104.00  9.3778769E-03
   7104.33  9.7899974E-03
   7104.67  1.0240553E-02
   7105.00  1.0734970E-02
   7105.33  1.1287411E-02
   7105.67  1.1901066E-02
   7106.00  1.2586201E-02
   7106.33  1.3368751E-02
   7106.67  1.4257566E-02
   7107.00  1.5274513E-02
   7107.33  1.6473666E-02
   7107.67  1.7881544E-02
   7108.00  1.9553501E-02
   7108.33  2.1626468E-02
   7108.67  2.4196183E-02
   7109.00  2.7446331E-02
   7109.33  3.1852868E-02
   7109.67  3.7904913E-02
   7110.00  4.6554606E-02
   7110.33  6.0540448E-02
   7110.67  8.3342346E-02
   7111.00  1.1906506E-01
   7111.33  1.6366127E-01
   7111.67  1.9572261E-01
   7112.00  2.1209092E-01
   7112.33  2.2397547E-01
   7112.67  2.4676645E-01
   7113.00  2.8866239E-01
   7113.33  3.3256545E-01
   7113.67  3.5660544E-01
   7114.00  3.6514408E-01
   7114.33  3.5664605E-01
   7114.67  3.2948160E-01
   7115.00  2.9422585E-01
   7115.33  2.6498035E-01
   7115.67  2.4477998E-01
   7116.00  2.3222405E-01
   7116.33  2.2628261E-01
   7116.67  2.2429510E-01
   7117.00  2.2206762E-01
   7117.33  2.1288485E-01
   7117.67  1.9828244E-01
   7118.00  1.8358870E-01
   7118.33  1.7318194E-01
   7118.67  1.6658561E-01
   7119.00  1.6241143E-01
   7119.33  1.5915299E-01
   7119.67  1.5584726E-01
   7120.00  1.5237082E-01
   7120.33  1.4896041E-01
   7120.67  1.4600996E-01
   7121.00  1.4396241E-01
   7121.33  1.4359545E-01
   7121.67  1.4528161E-01
   7122.00  1.4938666E-01
   7122.33  1.5647156E-01
   7122.67  1.6623943E-01
   7123.00  1.7866597E-01
   7123.33  1.9408988E-01
   7123.67  2.1206838E-01
   7124.00  2.3217165E-01
   7124.33  2.5344006E-01
   7124.67  2.7414581E-01
   7125.00  2.9290589E-01
   7125.33  3.0841187E-01
   7125.67  3.2126606E-01
   7126.00  3.3261440E-01
   7126.33  3.4452174E-01
   7126.67  3.5905836E-01
   7127.00  3.7774040E-01
   7127.33  4.0221361E-01
   7127.67  4.3161568E-01
   7128.00  4.6471973E-01
   7128.33  5.0029568E-01
   7128.67  5.3837425E-01
   7129.00  5.8088601E-01
   7129.33  6.3059439E-01
   7129.67  6.8594797E-01
   7130.00  7.4374157E-01
   7130.33  7.9890129E-01
   7130.67  8.4797474E-01
   7131.00  8.8919822E-01
   7131.33  9.2092521E-01
   7131.67  9.4437091E-01
   7132.00  9.5969733E-01
   7132.33  9.6615197E-01
   7132.67  9.6570059E-01
   7133.00  9.6011759E-01
   7133.33  9.5151436E-01
   7133.67  9.4180766E-01
   7134.00  9.3114548E-01
   7134.33  9.1837839E-01
   7134.67  9.0246013E-01
   7135.00  8.8258055E-01
   7135.33  8.5794103E-01
   7135.67  8.2950742E-01
   7136.00  7.9804892E-01
   7136.33  7.6443291E-01
   7136.67  7.3002431E-01
   7137.00  6.9568139E-01
   7137.33  6.6235541E-01
   7137.67  6.3065212E-01
   7138.00  6.0111852E-01
   7138.33  5.7464529E-01
   7138.67  5.5132339E-01
   7139.00  5.3139463E-01
   7139.33  5.1538763E-01
   7139.67  5.0274455E-01
   7140.00  4.9320969E-01
   7140.33  4.8670036E-01
   7140.67  4.8240203E-01
   7141.00  4.7990434E-01
   7141.33  4.7893195E-01
   7141.67  4.7892143E-01
   7142.00  4.7957878E-01
   7142.33  4.8066056E-01
   7142.67  4.8188587E-01
   7143.00  4.8309203E-01
   7143.33  4.8409710E-01
   7143.67  4.8480238E-01
   7144.00  4.8514019E-01
   7144.33  4.8501853E-01
   7144.67  4.8448146E-01
   7145.00  4.8354546E-01
   7145.33  4.8220609E-01
   7145.67  4.8056638E-01
   7146.00  4.7868718E-01
   7146.33  4.7662855E-01
   7146.67  4.7449660E-01
   7147.00  4.7236761E-01
   7147.33  4.7034207E-01
   7147.67  4.6849570E-01
   7148.00  4.6690098E-01
   7148.33  4.6568107E-01
   7148.67  4.6487308E-01
   7149.00  4.6454279E-01
   7149.33  4.6483089E-01
   7149.67  4.6572963E-01
   7150.00  4.6728573E-01
   7150.33  4.6963612E-01
   7150.67  4.7272358E-01
   7151.00  4.7655314E-01
   7151.33  4.8118754E-01
   7151.67  4.8646848E-01
   7152.00  4.9229900E-01
   7152.33  4.9857128E-01
   7152.67  5.0503832E-01
   7153.00  5.1150731E-01
   7153.33  5.1771475E-01
   7153.67  5.2346544E-01
   7154.00  5.2859176E-01
   7154.33  5.3284753E-01
   7154.67  5.3623947E-01
   7155.00  5.3874049E-01
   7155.33  5.4026666E-01
   7155.67  5.4100271E-01
   7156.00  5.4104677E-01
   7156.33  5.4047093E-01
   7156.67  5.3950106E-01
   7157.00  5.3827494E-01
   7157.33  5.3693337E-01
   7157.67  5.3562584E-01
   7158.00  5.3445047E-01
   7158.33  5.3352268E-01
   7158.67  5.3287282E-01
   7159.00  5.3252725E-01
   7159.33  5.3253239E-01
   7159.67  5.3283485E-01
   7160.00  5.3340626E-01
   7160.33  5.3422868E-01
   7160.67  5.3522009E-01
   7161.00  5.3633031E-01
   7161.33  5.3750648E-01
   7161.67  5.3868179E-01
   7162.00  5.3980794E-01
   7162.33  5.4082057E-01
   7162.67  5.4168612E-01
   7163.00  5.4237017E-01
   7163.33  5.4281165E-01
   7163.67  5.4301080E-01
   7164.00  5.4295176E-01
   7164.33  5.4258947E-01
   7164.67  5.4195133E-01
   7165.00  5.4103634E-01
   7165.33  5.3981467E-01
   7165.67  5.3832916E-01
   7166.00  5.3659001E-01
   7166.33  5.3458195E-01
   7166.67  5.3235221E-01
   7167.00  5.2991688E-01
   7167.33  5.2727096E-01
   7167.67  5.2445560E-01
   7168.00  5.2148622E-01
   7168.33  5.1836419E-01
   7168.67  5.1512531E-01
   7169.00  5.1178583E-01
   7169.33  5.0835524E-01
   7169.67  5.0486656E-01
   7170.00  5.0134388E-01
   7170.33  4.9782261E-01
   7170.67  4.9434757E-01
   7171.00  4.9096851E-01
   7171.33  4.8779650E-01
   7171.67  4.8495930E-01
   7172.00  4.8264474E-01
