    FDMNES
    energy     <xanes>
   7097.00  5.0448338E-03
   7097.33  5.1635488E-03
   7097.67  5.2876256E-03
   7098.00  5.4174250E-03
   7098.33  5.5541841E-03
   7098.67  5.6976458E-03
   7099.00  5.8483002E-03
   7099.33  6.0077610E-03
   7099.67  6.1757631E-03
   7100.00  6.3529896E-03
   7100.33  6.5415992E-03
   7100.67  6.7413415E-03
   7101.00  6.9531978E-03
   7101.33  7.1801431E-03
   7101.67  7.4219925E-03
   7102.00  7.6802071E-03
   7102.33  7.9590360E-03
   7102.67  8.2584730E-03
   7103.00  8.5807887E-03
   7103.33  8.9323228E-03
   7103.67  9.3135036E-03
   7104.00  9.7280515E-03
   7104.33  1.0185955E-02
   7104.67  1.0688686E-02
   7105.00  1.1242761E-02
   7105.33  1.1865058E-02
   7105.67  1.2559657E-02
   7106.00  1.3339016E-02
   7106.33  1.4234450E-02
   7106.67  1.5257138E-02
   7107.00  1.6433950E-02
   7107.33  1.7831136E-02
   7107.67  1.9482255E-02
   7108.00  2.1456401E-02
   7108.33  2.3924545E-02
   7108.67  2.7009616E-02
   7109.00  3.0946650E-02
   7109.33  3.6348556E-02
   7109.67  4.3865072E-02
   7110.00  5.4764589E-02
   7110.33  7.2650181E-02
   7110.67  1.0132416E-01
   7111.00  1.4256787E-01
   7111.33  1.9091312E-01
   7111.67  2.3373735E-01
   7112.00  2.6235422E-01
   7112.33  2.8478758E-01
   7112.67  3.0902906E-01
   7113.00  3.3411381E-01
   7113.33  3.6487270E-01
   7113.67  4.0562434E-01
   7114.00  4.4816773E-01
   7114.33  4.6206878E-01
   7114.67  4.3103103E-01
   7115.00  3.6613306E-01
   7115.33  2.9893262E-01
   7115.67  2.4716501E-01
   7116.00  2.1146626E-01
   7116.33  1.8867900E-01
   7116.67  1.7189756E-01
   7117.00  1.5720810E-01
   7117.33  1.4333732E-01
   7117.67  1.3195222E-01
   7118.00  1.2429726E-01
   7118.33  1.2065854E-01
   7118.67  1.1928324E-01
   7119.00  1.1881418E-01
   7119.33  1.1878603E-01
   7119.67  1.1990524E-01
   7120.00  1.2279822E-01
   7120.33  1.2756075E-01
   7120.67  1.3340527E-01
   7121.00  1.4001600E-01
   7121.33  1.4715044E-01
   7121.67  1.5493796E-01
   7122.00  1.6428353E-01
   7122.33  1.7654710E-01
   7122.67  1.9154721E-01
   7123.00  2.0830032E-01
   7123.33  2.2503814E-01
   7123.67  2.4115419E-01
   7124.00  2.5691162E-01
   7124.33  2.7209920E-01
   7124.67  2.8619541E-01
   7125.00  2.9879880E-01
   7125.33  3.0987784E-01
   7125.67  3.2073636E-01
   7126.00  3.3280668E-01
   7126.33  3.4753690E-01
   7126.67  3.6478547E-01
   7127.00  3.8417767E-01
   7127.33  4.0535648E-01
   7127.67  4.2767953E-01
   7128.00  4.5096296E-01
   7128.33  4.7539264E-01
   7128.67  5.0113213E-01
   7129.00  5.2846577E-01
   7129.33  5.5761092E-01
   7129.67  5.8779068E-01
   7130.00  6.1866671E-01
   7130.33  6.5126651E-01
   7130.67  6.8639384E-01
   7131.00  7.2265022E-01
   7131.33  7.5366316E-01
   7131.67  7.7263139E-01
   7132.00  7.7679068E-01
   7132.33  7.6884107E-01
   7132.67  7.5835632E-01
   7133.00  7.5111226E-01
   7133.33  7.5049650E-01
   7133.67  7.5486329E-01
   7134.00  7.6203587E-01
   7134.33  7.6896737E-01
   7134.67  7.7286689E-01
   7135.00  7.7218348E-01
   7135.33  7.6589911E-01
   7135.67  7.5544670E-01
   7136.00  7.4227162E-01
   7136.33  7.2849115E-01
   7136.67  7.1606831E-01
   7137.00  7.0584072E-01
   7137.33  6.9803096E-01
   7137.67  6.9155456E-01
   7138.00  6.8545783E-01
   7138.33  6.7867475E-01
   7138.67  6.7074958E-01
   7139.00  6.6170727E-01
   7139.33  6.5202817E-01
   7139.67  6.4269967E-01
   7140.00  6.3458546E-01
   7140.33  6.2881496E-01
   7140.67  6.2569789E-01
   7141.00  6.2543049E-01
   7141.33  6.2824265E-01
   7141.67  6.3334216E-01
   7142.00  6.4009173E-01
   7142.33  6.4754699E-01
   7142.67  6.5435752E-01
   7143.00  6.5935219E-01
   7143.33  6.6097008E-01
   7143.67  6.5892731E-01
   7144.00  6.5325094E-01
   7144.33  6.4424140E-01
   7144.67  6.3333717E-01
   7145.00  6.2149231E-01
   7145.33  6.0959792E-01
   7145.67  5.9820035E-01
   7146.00  5.8751739E-01
   7146.33  5.7773630E-01
   7146.67  5.6874868E-01
   7147.00  5.6051591E-01
   7147.33  5.5307787E-01
   7147.67  5.4631158E-01
   7148.00  5.4020046E-01
   7148.33  5.3481196E-01
   7148.67  5.3004545E-01
   7149.00  5.2586957E-01
   7149.33  5.2230216E-01
   7149.67  5.1921097E-01
   7150.00  5.1653319E-01
   7150.33  5.1424186E-01
   7150.67  5.1223749E-01
   7151.00  5.1048683E-01
   7151.33  5.0899886E-01
   7151.67  5.0774206E-01
   7152.00  5.0672493E-01
   7152.33  5.0599496E-01
   7152.67  5.0553512E-01
   7153.00  5.0535229E-01
   7153.33  5.0547668E-01
   7153.67  5.0585522E-01
   7154.00  5.0645982E-01
   7154.33  5.0726861E-01
   7154.67  5.0820476E-01
   7155.00  5.0921649E-01
   7155.33  5.1024141E-01
   7155.67  5.1121208E-01
   7156.00  5.1207085E-01
   7156.33  5.1272846E-01
   7156.67  5.1314408E-01
   7157.00  5.1327083E-01
   7157.33  5.1302794E-01
   7157.67  5.1243879E-01
   7158.00  5.1150817E-01
   7158.33  5.1022339E-01
   7158.67  5.0866596E-01
   7159.00  5.0687631E-01
   7159.33  5.0487288E-01
   7159.67  5.0270807E-01
   7160.00  5.0039231E-01
   7160.33  4.9790339E-01
   7160.67  4.9524599E-01
   7161.00  4.9240283E-01
   7161.33  4.8932833E-01
   7161.67  4.8603543E-01
   7162.00  4.8252344E-01
   7162.33  4.7878278E-01
   7162.67  4.7487669E-01
   7163.00  4.7084883E-01
   7163.33  4.6674151E-01
   7163.67  4.6261695E-01
   7164.00  4.5853243E-01
   7164.33  4.5457220E-01
   7164.67  4.5078702E-01
   7165.00  4.4722521E-01
   7165.33  4.4396552E-01
   7165.67  4.4100696E-01
   7166.00  4.3836813E-01
   7166.33  4.3610085E-01
   7166.67  4.3416184E-01
   7167.00  4.3254010E-01
   7167.33  4.3125057E-01
   7167.67  4.3022743E-01
   7168.00  4.2944389E-01
   7168.33  4.2888710E-01
   7168.67  4.2848439E-01
   7169.00  4.2819575E-01
   7169.33  4.2798737E-01
   7169.67  4.2781257E-01
   7170.00  4.2764445E-01
   7170.33  4.2745895E-01
   7170.67  4.2724813E-01
   7171.00  4.2701382E-01
   7171.33  4.2676754E-01
   7171.67  4.2653155E-01
   7172.00  4.2632545E-01
