ORCA
Energy	<xanes>
2395.00	0.000000e+00
2395.13	0.000000e+00
2395.25	0.000000e+00
2395.38	0.000000e+00
2395.50	0.000000e+00
2395.63	0.000000e+00
2395.75	0.000000e+00
2395.88	0.000000e+00
2396.00	0.000000e+00
2396.13	0.000000e+00
2396.25	0.000000e+00
2396.38	0.000000e+00
2396.50	0.000000e+00
2396.63	0.000000e+00
2396.75	0.000000e+00
2396.88	0.000000e+00
2397.01	0.000000e+00
2397.13	0.000000e+00
2397.26	0.000000e+00
2397.38	0.000000e+00
2397.51	0.000000e+00
2397.63	0.000000e+00
2397.76	0.000000e+00
2397.88	0.000000e+00
2398.01	0.000000e+00
2398.13	0.000000e+00
2398.26	0.000000e+00
2398.38	0.000000e+00
2398.51	0.000000e+00
2398.63	0.000000e+00
2398.76	0.000000e+00
2398.88	0.000000e+00
2399.01	0.000000e+00
2399.14	0.000000e+00
2399.26	0.000000e+00
2399.39	0.000000e+00
2399.51	0.000000e+00
2399.64	0.000000e+00
2399.76	0.000000e+00
2399.89	0.000000e+00
2400.01	0.000000e+00
2400.14	0.000000e+00
2400.26	0.000000e+00
2400.39	0.000000e+00
2400.51	0.000000e+00
2400.64	0.000000e+00
2400.76	0.000000e+00
2400.89	0.000000e+00
2401.02	0.000000e+00
2401.14	0.000000e+00
2401.27	0.000000e+00
2401.39	0.000000e+00
2401.52	0.000000e+00
2401.64	0.000000e+00
2401.77	0.000000e+00
2401.89	0.000000e+00
2402.02	0.000000e+00
2402.14	0.000000e+00
2402.27	2.769258e-08
2402.39	1.315397e-07
2402.52	6.023136e-07
2402.64	2.526948e-06
2402.77	9.706249e-06
2402.89	3.414495e-05
2403.02	1.101265e-04
2403.15	3.256578e-04
2403.27	8.830713e-04
2403.40	2.196149e-03
2403.52	5.009996e-03
2403.65	1.048652e-02
2403.77	2.014580e-02
2403.90	3.553719e-02
2404.02	5.759336e-02
2404.15	8.581802e-02
2404.27	1.176895e-01
2404.40	1.487492e-01
2404.52	1.736270e-01
2404.65	1.877788e-01
2404.77	1.892594e-01
2404.90	1.797431e-01
2405.03	1.643316e-01
2405.15	1.502024e-01
2405.28	1.445298e-01
2405.40	1.522341e-01
2405.53	1.741300e-01
2405.65	2.060784e-01
2405.78	2.396977e-01
2405.90	2.647707e-01
2406.03	2.726910e-01
2406.15	2.595561e-01
2406.28	2.274615e-01
2406.40	1.834042e-01
2406.53	1.364530e-01
2406.65	9.465925e-02
2406.78	6.304870e-02
2406.90	4.319198e-02
2407.03	3.397482e-02
2407.16	3.281328e-02
2407.28	3.672181e-02
2407.41	4.301104e-02
2407.53	4.964480e-02
2407.66	5.533749e-02
2407.78	5.944752e-02
2407.91	6.174043e-02
2408.03	6.215204e-02
2408.16	6.068205e-02
2408.28	5.744507e-02
2408.41	5.277603e-02
2408.53	4.724305e-02
2408.66	4.150809e-02
2408.78	3.611299e-02
2408.91	3.133511e-02
2409.04	2.720590e-02
2409.16	2.366889e-02
2409.29	2.076660e-02
2409.41	1.874641e-02
2409.54	1.804650e-02
2409.66	1.920083e-02
2409.79	2.272698e-02
2409.91	2.902394e-02
2410.04	3.825470e-02
2410.16	5.018359e-02
2410.29	6.400627e-02
2410.41	7.829713e-02
2410.54	9.121170e-02
2410.66	1.009648e-01
2410.79	1.064178e-01
2410.91	1.074971e-01
2411.04	1.052398e-01
2411.17	1.014819e-01
2411.29	9.839197e-02
2411.42	9.806458e-02
2411.54	1.022348e-01
2411.67	1.120312e-01
2411.79	1.276995e-01
2411.92	1.483701e-01
2412.04	1.720447e-01
2412.17	1.959127e-01
2412.29	2.169186e-01
2412.42	2.323882e-01
2412.54	2.405677e-01
2412.67	2.410559e-01
2412.79	2.351094e-01
2412.92	2.256355e-01
2413.05	2.165722e-01
2413.17	2.115692e-01
2413.30	2.124138e-01
2413.42	2.181081e-01
2413.55	2.253829e-01
2413.67	2.306440e-01
2413.80	2.323427e-01
2413.92	2.323069e-01
2414.05	2.350660e-01
2414.17	2.454003e-01
2414.30	2.654631e-01
2414.42	2.931340e-01
2414.55	3.225659e-01
2414.67	3.466155e-01
2414.80	3.597816e-01
2414.92	3.600821e-01
2415.05	3.490885e-01
2415.18	3.305531e-01
2415.30	3.088200e-01
2415.43	2.879942e-01
2415.55	2.719183e-01
2415.68	2.641828e-01
2415.80	2.673976e-01
2415.93	2.817309e-01
2416.05	3.036260e-01
2416.18	3.258624e-01
2416.30	3.394884e-01
2416.43	3.369997e-01
2416.55	3.152641e-01
2416.68	2.767045e-01
2416.80	2.281768e-01
2416.93	1.782100e-01
2417.06	1.340307e-01
2417.18	9.967473e-02
2417.31	7.571694e-02
2417.43	6.029180e-02
2417.56	5.061082e-02
2417.68	4.421940e-02
2417.81	3.959776e-02
2417.93	3.611974e-02
2418.06	3.364614e-02
2418.18	3.208432e-02
2418.31	3.114973e-02
2418.43	3.039824e-02
2418.56	2.944764e-02
2418.68	2.821798e-02
2418.81	2.702534e-02
2418.93	2.645278e-02
2419.06	2.705131e-02
2419.19	2.902039e-02
2419.31	3.202862e-02
2419.44	3.526328e-02
2419.56	3.768870e-02
2419.69	3.840400e-02
2419.81	3.695561e-02
2419.94	3.348719e-02
2420.06	2.868050e-02
2420.19	2.352790e-02
2420.31	1.903465e-02
2420.44	1.595434e-02
2420.56	1.462285e-02
2420.69	1.491049e-02
2420.81	1.628863e-02
2420.94	1.799828e-02
2421.07	1.929054e-02
2421.19	1.967279e-02
2421.32	1.906819e-02
2421.44	1.781744e-02
2421.57	1.652188e-02
2421.69	1.580484e-02
2421.82	1.609739e-02
2421.94	1.752104e-02
2422.07	1.987620e-02
2422.19	2.270438e-02
2422.32	2.539543e-02
2422.44	2.733399e-02
2422.57	2.808081e-02
2422.69	2.754847e-02
2422.82	2.608943e-02
2422.94	2.441732e-02
2423.07	2.335081e-02
2423.20	2.347064e-02
2423.32	2.484674e-02
2423.45	2.697734e-02
2423.57	2.898313e-02
2423.70	2.997316e-02
2423.82	2.941258e-02
2423.95	2.732502e-02
2424.07	2.425004e-02
2424.20	2.099590e-02
2424.32	1.831560e-02
2424.45	1.665334e-02
2424.57	1.606435e-02
2424.70	1.633255e-02
2424.82	1.722732e-02
2424.95	1.877319e-02
2425.08	2.137955e-02
2425.20	2.571550e-02
2425.33	3.232589e-02
2425.45	4.113712e-02
2425.58	5.111669e-02
2425.70	6.033936e-02
2425.83	6.653710e-02
2425.95	6.793927e-02
2426.08	6.401416e-02
2426.20	5.574654e-02
2426.33	4.534030e-02
2426.45	3.553982e-02
2426.58	2.891152e-02
2426.70	2.733087e-02
2426.83	3.170094e-02
2426.95	4.179042e-02
2427.08	5.613140e-02
2427.21	7.208205e-02
2427.33	8.624244e-02
2427.46	9.527957e-02
2427.58	9.693268e-02
2427.71	9.075588e-02
2427.83	7.821398e-02
2427.96	6.207163e-02
2428.08	4.538897e-02
2428.21	3.060143e-02
2428.33	1.903776e-02
2428.46	1.094399e-02
2428.58	5.837443e-03
2428.71	2.938331e-03
2428.83	1.496098e-03
2428.96	9.491631e-04
2429.09	9.465565e-04
2429.21	1.292593e-03
2429.34	1.868747e-03
2429.46	2.568379e-03
2429.59	3.263560e-03
2429.71	3.809799e-03
2429.84	4.080238e-03
2429.96	4.007819e-03
2430.09	3.610295e-03
2430.21	2.982511e-03
2430.34	2.259579e-03
2430.46	1.569923e-03
2430.59	1.000315e-03
2430.71	5.845211e-04
2430.84	3.132377e-04
2430.96	1.539396e-04
2431.09	6.938029e-05
2431.22	2.867566e-05
2431.34	1.086934e-05
2431.47	3.780037e-06
2431.59	1.204627e-06
2431.72	3.530804e-07
2431.84	9.346245e-08
2431.97	2.423101e-08
2432.09	6.923144e-09
2432.22	0.000000e+00
2432.34	0.000000e+00
2432.47	0.000000e+00
2432.59	0.000000e+00
2432.72	0.000000e+00
2432.84	0.000000e+00
2432.97	0.000000e+00
2433.10	0.000000e+00
2433.22	0.000000e+00
2433.35	0.000000e+00
2433.47	0.000000e+00
2433.60	0.000000e+00
2433.72	0.000000e+00
2433.85	0.000000e+00
2433.97	0.000000e+00
2434.10	0.000000e+00
2434.22	0.000000e+00
2434.35	0.000000e+00
2434.47	0.000000e+00
2434.60	0.000000e+00
2434.72	0.000000e+00
2434.85	0.000000e+00
2434.97	0.000000e+00
2435.10	0.000000e+00
2435.23	0.000000e+00
2435.35	0.000000e+00
2435.48	0.000000e+00
2435.60	0.000000e+00
2435.73	0.000000e+00
2435.85	0.000000e+00
2435.98	0.000000e+00
2436.10	0.000000e+00
2436.23	0.000000e+00
2436.35	0.000000e+00
2436.48	0.000000e+00
2436.60	0.000000e+00
2436.73	0.000000e+00
2436.85	0.000000e+00
2436.98	0.000000e+00
2437.11	0.000000e+00
2437.23	0.000000e+00
2437.36	0.000000e+00
2437.48	0.000000e+00
2437.61	0.000000e+00
2437.73	0.000000e+00
2437.86	0.000000e+00
2437.98	0.000000e+00
2438.11	0.000000e+00
2438.23	0.000000e+00
2438.36	0.000000e+00
2438.48	0.000000e+00
2438.61	0.000000e+00
2438.73	0.000000e+00
2438.86	0.000000e+00
2438.98	0.000000e+00
2439.11	0.000000e+00
2439.24	0.000000e+00
2439.36	0.000000e+00
2439.49	0.000000e+00
2439.61	0.000000e+00
2439.74	0.000000e+00
2439.86	0.000000e+00
2439.99	0.000000e+00
2440.11	0.000000e+00
2440.24	0.000000e+00
2440.36	0.000000e+00
2440.49	0.000000e+00
2440.61	0.000000e+00
2440.74	0.000000e+00
2440.86	0.000000e+00
2440.99	0.000000e+00
2441.12	0.000000e+00
2441.24	0.000000e+00
2441.37	0.000000e+00
2441.49	0.000000e+00
2441.62	0.000000e+00
2441.74	0.000000e+00
2441.87	0.000000e+00
2441.99	0.000000e+00
2442.12	0.000000e+00
2442.24	0.000000e+00
2442.37	0.000000e+00
2442.49	0.000000e+00
2442.62	0.000000e+00
2442.74	0.000000e+00
2442.87	0.000000e+00
2442.99	0.000000e+00
2443.12	0.000000e+00
2443.25	0.000000e+00
2443.37	0.000000e+00
2443.50	0.000000e+00
2443.62	0.000000e+00
2443.75	0.000000e+00
2443.87	0.000000e+00
2444.00	0.000000e+00
2444.12	0.000000e+00
2444.25	0.000000e+00
2444.37	0.000000e+00
2444.50	0.000000e+00
2444.62	0.000000e+00
2444.75	0.000000e+00
2444.87	0.000000e+00
2445.00	0.000000e+00
