ORCA
Energy	<xanes>
2395.00	0.000000e+00
2395.13	0.000000e+00
2395.25	0.000000e+00
2395.38	0.000000e+00
2395.50	0.000000e+00
2395.63	0.000000e+00
2395.75	0.000000e+00
2395.88	0.000000e+00
2396.00	0.000000e+00
2396.13	0.000000e+00
2396.25	0.000000e+00
2396.38	0.000000e+00
2396.50	0.000000e+00
2396.63	0.000000e+00
2396.75	0.000000e+00
2396.88	0.000000e+00
2397.01	0.000000e+00
2397.13	0.000000e+00
2397.26	0.000000e+00
2397.38	0.000000e+00
2397.51	0.000000e+00
2397.63	0.000000e+00
2397.76	0.000000e+00
2397.88	0.000000e+00
2398.01	0.000000e+00
2398.13	0.000000e+00
2398.26	0.000000e+00
2398.38	0.000000e+00
2398.51	0.000000e+00
2398.63	0.000000e+00
2398.76	0.000000e+00
2398.88	0.000000e+00
2399.01	0.000000e+00
2399.14	0.000000e+00
2399.26	0.000000e+00
2399.39	0.000000e+00
2399.51	0.000000e+00
2399.64	0.000000e+00
2399.76	0.000000e+00
2399.89	0.000000e+00
2400.01	0.000000e+00
2400.14	0.000000e+00
2400.26	0.000000e+00
2400.39	0.000000e+00
2400.51	0.000000e+00
2400.64	0.000000e+00
2400.76	0.000000e+00
2400.89	0.000000e+00
2401.02	0.000000e+00
2401.14	0.000000e+00
2401.27	0.000000e+00
2401.39	0.000000e+00
2401.52	0.000000e+00
2401.64	0.000000e+00
2401.77	0.000000e+00
2401.89	0.000000e+00
2402.02	0.000000e+00
2402.14	0.000000e+00
2402.27	0.000000e+00
2402.39	0.000000e+00
2402.52	3.461572e-08
2402.64	1.626939e-07
2402.77	7.338533e-07
2402.89	3.032337e-06
2403.02	1.150627e-05
2403.15	4.001577e-05
2403.27	1.275520e-04
2403.40	3.726729e-04
2403.52	9.980786e-04
2403.65	2.450111e-03
2403.77	5.513208e-03
2403.90	1.137201e-02
2404.02	2.150389e-02
2404.15	3.728300e-02
2404.27	5.928631e-02
2404.40	8.652148e-02
2404.52	1.160318e-01
2404.65	1.433610e-01
2404.77	1.640164e-01
2404.90	1.754429e-01
2405.03	1.784976e-01
2405.15	1.774330e-01
2405.28	1.780897e-01
2405.40	1.850257e-01
2405.53	1.990286e-01
2405.65	2.163857e-01
2405.78	2.303936e-01
2405.90	2.343643e-01
2406.03	2.245618e-01
2406.15	2.016001e-01
2406.28	1.697803e-01
2406.40	1.350203e-01
2406.53	1.026546e-01
2406.65	7.614611e-02
2406.78	5.696595e-02
2406.90	4.520298e-02
2407.03	4.025982e-02
2407.16	4.124484e-02
2407.28	4.704214e-02
2407.41	5.625325e-02
2407.53	6.719666e-02
2407.66	7.803938e-02
2407.78	8.703452e-02
2407.91	9.279856e-02
2408.03	9.455132e-02
2408.16	9.224252e-02
2408.28	8.650632e-02
2408.41	7.844418e-02
2408.53	6.930992e-02
2408.66	6.021613e-02
2408.78	5.195785e-02
2408.91	4.498455e-02
2409.04	3.949007e-02
2409.16	3.556866e-02
2409.29	3.338011e-02
2409.41	3.326000e-02
2409.54	3.570518e-02
2409.66	4.119243e-02
2409.79	4.987115e-02
2409.91	6.127263e-02
2410.04	7.422414e-02
2410.16	8.708914e-02
2410.29	9.828127e-02
2410.41	1.068151e-01
2410.54	1.125908e-01
2410.66	1.162351e-01
2410.79	1.185846e-01
2410.91	1.201256e-01
2411.04	1.207418e-01
2411.17	1.199284e-01
2411.29	1.173382e-01
2411.42	1.133303e-01
2411.54	1.092104e-01
2411.67	1.070609e-01
2411.79	1.092800e-01
2411.92	1.180254e-01
2412.04	1.346628e-01
2412.17	1.592069e-01
2412.29	1.898097e-01
2412.42	2.225974e-01
2412.54	2.523072e-01
2412.67	2.738993e-01
2412.79	2.846391e-01
2412.92	2.855378e-01
2413.05	2.811213e-01
2413.17	2.773948e-01
2413.30	2.790105e-01
2413.42	2.871864e-01
2413.55	2.994428e-01
2413.67	3.111140e-01
2413.80	3.176382e-01
2413.92	3.164149e-01
2414.05	3.074841e-01
2414.17	2.929896e-01
2414.30	2.759157e-01
2414.42	2.587799e-01
2414.55	2.428531e-01
2414.67	2.281638e-01
2414.80	2.141396e-01
2414.92	2.004486e-01
2415.05	1.875533e-01
2415.18	1.767025e-01
2415.30	1.694119e-01
2415.43	1.667433e-01
2415.55	1.687641e-01
2415.68	1.744318e-01
2415.80	1.818860e-01
2415.93	1.889270e-01
2416.05	1.934568e-01
2416.18	1.938233e-01
2416.30	1.891468e-01
2416.43	1.796427e-01
2416.55	1.667646e-01
2416.68	1.529217e-01
2416.80	1.407207e-01
2416.93	1.320141e-01
2417.06	1.272277e-01
2417.18	1.253147e-01
2417.31	1.243395e-01
2417.43	1.223662e-01
2417.56	1.182053e-01
2417.68	1.116992e-01
2417.81	1.034992e-01
2417.93	9.455949e-02
2418.06	8.568167e-02
2418.18	7.736240e-02
2418.31	6.996284e-02
2418.43	6.400561e-02
2418.56	6.032967e-02
2418.68	5.992968e-02
2418.81	6.350251e-02
2418.93	7.090754e-02
2419.06	8.083232e-02
2419.19	9.090276e-02
2419.31	9.829110e-02
2419.44	1.006253e-01
2419.56	9.681298e-02
2419.69	8.739120e-02
2419.81	7.423691e-02
2419.94	5.979869e-02
2420.06	4.624525e-02
2420.19	3.491864e-02
2420.31	2.626428e-02
2420.44	2.014092e-02
2420.56	1.625467e-02
2420.69	1.446943e-02
2420.81	1.486496e-02
2420.94	1.755589e-02
2421.07	2.239110e-02
2421.19	2.870481e-02
2421.32	3.528090e-02
2421.44	4.060802e-02
2421.57	4.335823e-02
2421.69	4.288005e-02
2421.82	3.945531e-02
2421.94	3.417900e-02
2422.07	2.851964e-02
2422.19	2.378278e-02
2422.32	2.072172e-02
2422.44	1.942782e-02
2422.57	1.947720e-02
2422.69	2.020884e-02
2422.82	2.099580e-02
2422.94	2.141904e-02
2423.07	2.131554e-02
2423.20	2.072130e-02
2423.32	1.975836e-02
2423.45	1.852562e-02
2423.57	1.704417e-02
2423.70	1.527673e-02
2423.82	1.319827e-02
2423.95	1.086525e-02
2424.07	8.435239e-03
2424.20	6.124691e-03
2424.32	4.133553e-03
2424.45	2.581786e-03
2424.57	1.487891e-03
2424.70	7.895742e-04
2424.82	3.852938e-04
2424.95	1.727290e-04
2425.08	7.109723e-05
2425.20	2.685488e-05
2425.33	9.308168e-06
2425.45	2.959644e-06
2425.58	8.619315e-07
2425.70	2.319253e-07
2425.83	5.538516e-08
2425.95	1.384629e-08
2426.08	3.461572e-09
2426.20	0.000000e+00
2426.33	0.000000e+00
2426.45	0.000000e+00
2426.58	0.000000e+00
2426.70	0.000000e+00
2426.83	0.000000e+00
2426.95	0.000000e+00
2427.08	0.000000e+00
2427.21	0.000000e+00
2427.33	0.000000e+00
2427.46	0.000000e+00
2427.58	0.000000e+00
2427.71	0.000000e+00
2427.83	0.000000e+00
2427.96	0.000000e+00
2428.08	0.000000e+00
2428.21	0.000000e+00
2428.33	0.000000e+00
2428.46	0.000000e+00
2428.58	0.000000e+00
2428.71	0.000000e+00
2428.83	0.000000e+00
2428.96	0.000000e+00
2429.09	0.000000e+00
2429.21	0.000000e+00
2429.34	0.000000e+00
2429.46	0.000000e+00
2429.59	0.000000e+00
2429.71	0.000000e+00
2429.84	0.000000e+00
2429.96	0.000000e+00
2430.09	0.000000e+00
2430.21	0.000000e+00
2430.34	0.000000e+00
2430.46	0.000000e+00
2430.59	0.000000e+00
2430.71	0.000000e+00
2430.84	0.000000e+00
2430.96	0.000000e+00
2431.09	0.000000e+00
2431.22	0.000000e+00
2431.34	0.000000e+00
2431.47	0.000000e+00
2431.59	0.000000e+00
2431.72	0.000000e+00
2431.84	0.000000e+00
2431.97	0.000000e+00
2432.09	0.000000e+00
2432.22	0.000000e+00
2432.34	0.000000e+00
2432.47	0.000000e+00
2432.59	0.000000e+00
2432.72	0.000000e+00
2432.84	0.000000e+00
2432.97	0.000000e+00
2433.10	0.000000e+00
2433.22	0.000000e+00
2433.35	0.000000e+00
2433.47	0.000000e+00
2433.60	0.000000e+00
2433.72	0.000000e+00
2433.85	0.000000e+00
2433.97	0.000000e+00
2434.10	0.000000e+00
2434.22	0.000000e+00
2434.35	0.000000e+00
2434.47	0.000000e+00
2434.60	0.000000e+00
2434.72	0.000000e+00
2434.85	0.000000e+00
2434.97	0.000000e+00
2435.10	0.000000e+00
2435.23	0.000000e+00
2435.35	0.000000e+00
2435.48	0.000000e+00
2435.60	0.000000e+00
2435.73	0.000000e+00
2435.85	0.000000e+00
2435.98	0.000000e+00
2436.10	0.000000e+00
2436.23	0.000000e+00
2436.35	0.000000e+00
2436.48	0.000000e+00
2436.60	0.000000e+00
2436.73	0.000000e+00
2436.85	0.000000e+00
2436.98	0.000000e+00
2437.11	0.000000e+00
2437.23	0.000000e+00
2437.36	0.000000e+00
2437.48	0.000000e+00
2437.61	0.000000e+00
2437.73	0.000000e+00
2437.86	0.000000e+00
2437.98	0.000000e+00
2438.11	0.000000e+00
2438.23	0.000000e+00
2438.36	0.000000e+00
2438.48	0.000000e+00
2438.61	0.000000e+00
2438.73	0.000000e+00
2438.86	0.000000e+00
2438.98	0.000000e+00
2439.11	0.000000e+00
2439.24	0.000000e+00
2439.36	0.000000e+00
2439.49	0.000000e+00
2439.61	0.000000e+00
2439.74	0.000000e+00
2439.86	0.000000e+00
2439.99	0.000000e+00
2440.11	0.000000e+00
2440.24	0.000000e+00
2440.36	0.000000e+00
2440.49	0.000000e+00
2440.61	0.000000e+00
2440.74	0.000000e+00
2440.86	0.000000e+00
2440.99	0.000000e+00
2441.12	0.000000e+00
2441.24	0.000000e+00
2441.37	0.000000e+00
2441.49	0.000000e+00
2441.62	0.000000e+00
2441.74	0.000000e+00
2441.87	0.000000e+00
2441.99	0.000000e+00
2442.12	0.000000e+00
2442.24	0.000000e+00
2442.37	0.000000e+00
2442.49	0.000000e+00
2442.62	0.000000e+00
2442.74	0.000000e+00
2442.87	0.000000e+00
2442.99	0.000000e+00
2443.12	0.000000e+00
2443.25	0.000000e+00
2443.37	0.000000e+00
2443.50	0.000000e+00
2443.62	0.000000e+00
2443.75	0.000000e+00
2443.87	0.000000e+00
2444.00	0.000000e+00
2444.12	0.000000e+00
2444.25	0.000000e+00
2444.37	0.000000e+00
2444.50	0.000000e+00
2444.62	0.000000e+00
2444.75	0.000000e+00
2444.87	0.000000e+00
2445.00	0.000000e+00
