  7112.000   26  1  1  7.1984204E-03 -2.2253967E+00 -2.3820120E-01  1  1  7.2641097E+03  0.0000000E+00  0.0000000E+00  1.4017093E+00  1.0000000E+00  0.0000000E+00 = E_edge, Z, n_edge, j_edge, Abs_before_edge, VO_interstitial, E_cut, ninitl, ninit1, Epsii, UnitCell_Volume, Surface_ref, f0_forward, natomsym_f, abs_u_i
    Energy    <xanes>    
   7097.00  2.4877489E-05
   7097.20  2.6597632E-05
   7097.40  2.9557206E-05
   7097.60  3.5073265E-05
   7097.80  4.7044848E-05
   7098.00  8.1340477E-05
   7098.20  2.6761188E-04
   7098.40  9.3043175E-02
   7098.60  2.6023362E-04
   7098.80  8.0791605E-05
   7099.00  4.7320451E-05
   7099.20  3.5702010E-05
   7099.40  3.0472276E-05
   7099.60  2.7815835E-05
   7099.80  2.6447640E-05
   7100.00  2.5869189E-05
   7100.20  2.5909740E-05
   7100.40  2.6606586E-05
   7100.60  2.8249765E-05
   7100.80  3.1678732E-05
   7101.00  3.9475384E-05
   7101.20  6.2425686E-05
   7101.40  1.9459319E-04
   7101.60  1.4298047E-02
   7101.80  2.0449399E-04
   7102.00  6.2035268E-05
   7102.20  3.9825463E-05
   7102.40  3.2443999E-05
   7102.60  2.9388639E-05
   7102.80  2.8213268E-05
   7103.00  2.8268644E-05
   7103.20  2.9769759E-05
   7103.40  3.4566746E-05
   7103.60  5.4517315E-05
   7103.80  5.0426220E-04
   7104.00  1.4828622E-04
   7104.20  4.6159714E-05
   7104.40  3.5947269E-05
   7104.60  3.5298529E-05
   7104.80  4.0370395E-05
   7105.00  6.2503072E-05
   7105.20  3.6677633E-04
   7105.40  4.2232573E-04
   7105.60  6.5456834E-05
   7105.80  4.2500859E-05
   7106.00  3.7130111E-05
   7106.20  3.5792077E-05
   7106.40  3.6054590E-05
   7106.60  3.7288152E-05
   7106.80  3.9403449E-05
   7107.00  4.2701866E-05
   7107.20  4.8955618E-05
   7107.40  6.6988983E-04
   7107.60  6.6872122E-05
   7107.80  8.5645613E-05
   7108.00  1.5387810E-04
   7108.20  1.6243852E-03
   7108.40  5.6615216E-04
   7108.60  1.2784351E-02
   7108.80  4.4331659E-03
   7109.00  5.3807694E-04
   7109.20  2.9271905E-04
   7109.40  3.9045073E-04
   7109.60  4.1571597E-04
   7109.80  3.1054704E-02
   7110.00  6.4385492E-04
   7110.20  2.2773291E-03
   7110.40  4.3303449E-02
   7110.60  9.5932660E-03
   7110.80  3.7980662E-03
   7111.00  9.7375633E-03
   7111.20  1.3442971E-02
   7111.40  1.8878051E-02
   7111.60  1.9392540E-02
   7111.80  1.3068420E-02
   7112.00  1.2141019E-02
   7112.20  2.3273071E-02
   7112.40  2.1650587E-02
   7112.60  1.6479759E-02
   7112.80  1.4722070E-02
   7113.00  1.4732145E-02
   7113.20  1.5109424E-02
   7113.40  1.6539401E-02
   7113.60  2.1471578E-02
   7113.80  3.7131460E-02
   7114.00  8.2078403E-02
   7114.20  6.4953418E-02
   7114.40  2.3262688E-02
   7114.60  1.1383277E-02
   7114.80  7.1612623E-03
   7115.00  5.3027559E-03
   7115.20  4.4213708E-03
   7115.40  4.0858712E-03
   7115.60  4.1841911E-03
   7115.80  4.7640777E-03
   7116.00  6.0018253E-03
   7116.20  8.2017403E-03
   7116.40  1.1733628E-02
   7116.60  1.6937030E-02
   7116.80  2.2582323E-02
   7117.00  2.6810726E-02
   7117.20  2.8051848E-02
   7117.40  2.6739483E-02
   7117.60  2.4278213E-02
   7117.80  2.1676278E-02
   7118.00  1.9354714E-02
   7118.20  1.7408738E-02
   7118.40  1.5807732E-02
   7118.60  1.4487553E-02
   7118.80  1.3389663E-02
   7119.00  1.2485176E-02
   7119.20  1.1784220E-02
   7119.40  1.1279960E-02
   7119.60  1.0841584E-02
   7119.80  1.0317489E-02
   7120.00  9.6969305E-03
   7120.20  9.0361548E-03
   7120.40  8.3884883E-03
   7120.60  7.8015792E-03
   7120.80  7.3085970E-03
   7121.00  6.9167119E-03
   7121.20  6.6123394E-03
   7121.40  6.3777598E-03
   7121.60  6.2018360E-03
   7121.80  6.0825197E-03
   7122.00  6.0247730E-03
   7122.20  6.0599050E-03
   7122.40  6.1474666E-03
   7122.60  6.2895070E-03
   7122.80  6.4687389E-03
   7123.00  6.6618471E-03
   7123.20  6.8553420E-03
   7123.40  7.0462628E-03
   7123.60  7.2371898E-03
   7123.80  7.4330244E-03
   7124.00  7.6400665E-03
   7124.20  7.8654760E-03
   7124.40  8.1166776E-03
   7124.60  8.4011858E-03
   7124.80  8.7272287E-03
   7125.00  9.1059463E-03
   7125.20  9.5584465E-03
   7125.40  1.0116659E-02
   7125.60  1.0824920E-02
   7125.80  1.1731557E-02
   7126.00  1.2867044E-02
   7126.20  1.4236284E-02
   7126.40  1.5840156E-02
   7126.60  1.7717273E-02
   7126.80  1.9861636E-02
   7127.00  2.2244150E-02
   7127.20  2.4683050E-02
   7127.40  2.6868962E-02
   7127.60  2.8471634E-02
   7127.80  2.9293543E-02
   7128.00  2.9353757E-02
   7128.20  2.8849453E-02
   7128.40  2.8048297E-02
   7128.60  2.7174607E-02
   7128.80  2.6402096E-02
   7129.00  2.5878555E-02
   7129.20  2.5565213E-02
   7129.40  2.5536418E-02
   7129.60  2.5770673E-02
   7129.80  2.6278349E-02
   7130.00  2.7007906E-02
   7130.20  2.8052970E-02
   7130.40  2.9352942E-02
   7130.60  3.0897873E-02
   7130.80  3.2681112E-02
   7131.00  3.4676107E-02
   7131.20  3.6852107E-02
   7131.40  3.9168846E-02
   7131.60  4.1578988E-02
   7131.80  4.4029650E-02
   7132.00  4.6461148E-02
   7132.20  4.8807997E-02
   7132.40  5.1002049E-02
   7132.60  5.2976153E-02
   7132.80  5.4667585E-02
   7133.00  5.6023471E-02
   7133.20  5.7007844E-02
   7133.40  5.7608778E-02
   7133.60  5.7845539E-02
   7133.80  5.7770036E-02
   7134.00  5.7460767E-02
   7134.20  5.7009648E-02
   7134.40  5.6507716E-02
   7134.60  5.6035602E-02
   7134.80  5.5661165E-02
   7135.00  5.5441161E-02
   7135.20  5.5425752E-02
   7135.40  5.5661707E-02
   7135.60  5.6193501E-02
   7135.80  5.7060692E-02
   7136.00  5.8289576E-02
   7136.20  5.9874501E-02
   7136.40  6.1748137E-02
   7136.60  6.3740261E-02
   7136.80  6.5541827E-02
   7137.00  6.6715326E-02
   7137.20  6.6792269E-02
   7137.40  6.5470488E-02
   7137.60  6.2780568E-02
   7137.80  5.9076286E-02
   7138.00  5.4857751E-02
   7138.20  5.0574512E-02
   7138.40  4.6526412E-02
   7138.60  4.2863838E-02
   7138.80  3.9631935E-02
   7139.00  3.6821655E-02
   7139.20  3.4398681E-02
   7139.40  3.2323795E-02
   7139.60  3.0560571E-02
   7139.80  2.9078465E-02
   7140.00  2.7851139E-02
   7140.20  2.6855781E-02
   7140.40  2.6070234E-02
   7140.60  2.5471628E-02
   7140.80  2.5036263E-02
   7141.00  2.4739331E-02
   7141.20  2.4556057E-02
   7141.40  2.4463180E-02
   7141.60  2.4439961E-02
   7141.80  2.4469015E-02
   7142.00  2.4536720E-02
   7142.20  2.4633012E-02
   7142.40  2.4750982E-02
   7142.60  2.4886484E-02
   7142.80  2.5037574E-02
   7143.00  2.5203945E-02
   7143.20  2.5386544E-02
   7143.40  2.5587066E-02
   7143.60  2.5807656E-02
   7143.80  2.6050706E-02
   7144.00  2.6318488E-02
   7144.20  2.6612809E-02
   7144.40  2.6935333E-02
   7144.60  2.7284931E-02
   7144.80  2.7659799E-02
   7145.00  2.8056464E-02
   7145.20  2.8468872E-02
   7145.40  2.8888468E-02
   7145.60  2.9304211E-02
   7145.80  2.9703424E-02
   7146.00  3.0072850E-02
   7146.20  3.0400874E-02
   7146.40  3.0665547E-02
   7146.60  3.0862065E-02
   7146.80  3.1009480E-02
   7147.00  3.1148572E-02
   7147.20  3.1264176E-02
   7147.40  3.1371656E-02
   7147.60  3.1485445E-02
   7147.80  3.1617230E-02
   7148.00  3.1774068E-02
   7148.20  3.1958664E-02
   7148.40  3.2169206E-02
   7148.60  3.2400332E-02
   7148.80  3.2644136E-02
   7149.00  3.2891687E-02
   7149.20  3.3134330E-02
   7149.40  3.3364943E-02
   7149.60  3.3578381E-02
   7149.80  3.3772291E-02
   7150.00  3.3942421E-02
   7150.20  3.4100746E-02
   7150.40  3.4246423E-02
   7150.60  3.4384478E-02
   7150.80  3.4520221E-02
   7151.00  3.4658866E-02
   7151.20  3.4804928E-02
   7151.40  3.4961983E-02
   7151.60  3.5132855E-02
   7151.80  3.5318996E-02
   7152.00  3.5521201E-02
   7152.20  3.5739528E-02
   7152.40  3.5969649E-02
   7152.60  3.6209600E-02
   7152.80  3.6461298E-02
   7153.00  3.6722581E-02
   7153.20  3.6991335E-02
   7153.40  3.7264849E-02
   7153.60  3.7540946E-02
   7153.80  3.7816935E-02
   7154.00  3.8090461E-02
   7154.20  3.8359201E-02
   7154.40  3.8621144E-02
   7154.60  3.8874484E-02
   7154.80  3.9117572E-02
   7155.00  3.9349107E-02
   7155.20  3.9568025E-02
   7155.40  3.9773568E-02
   7155.60  3.9965057E-02
   7155.80  4.0142325E-02
   7156.00  4.0305009E-02
   7156.20  4.0452884E-02
   7156.40  4.0586176E-02
   7156.60  4.0705099E-02
   7156.80  4.0809966E-02
   7157.00  4.0901340E-02
   7157.20  4.0979576E-02
   7157.40  4.1045115E-02
   7157.60  4.1098512E-02
   7157.80  4.1140203E-02
   7158.00  4.1170545E-02
   7158.20  4.1189983E-02
   7158.40  4.1199054E-02
   7158.60  4.1198064E-02
   7158.80  4.1187250E-02
   7159.00  4.1166890E-02
   7159.20  4.1137224E-02
   7159.40  4.1098533E-02
   7159.60  4.1050972E-02
   7159.80  4.0994653E-02
   7160.00  4.0929861E-02
   7160.20  4.0856753E-02
   7160.40  4.0772574E-02
   7160.60  4.0683138E-02
   7160.80  4.0585471E-02
   7161.00  4.0479649E-02
   7161.20  4.0365730E-02
   7161.40  4.0242880E-02
   7161.60  4.0111826E-02
   7161.80  3.9972937E-02
   7162.00  3.9826280E-02
   7162.20  3.9671786E-02
   7162.40  3.9509539E-02
   7162.60  3.9339692E-02
   7162.80  3.9162327E-02
   7163.00  3.8977556E-02
   7163.20  3.8785561E-02
   7163.40  3.8586434E-02
   7163.60  3.8380375E-02
   7163.80  3.8167761E-02
   7164.00  3.7948920E-02
   7164.20  3.7723991E-02
   7164.40  3.7493340E-02
   7164.60  3.7257386E-02
   7164.80  3.7016610E-02
   7165.00  3.6771539E-02
   7165.20  3.6522762E-02
   7165.40  3.6270913E-02
   7165.60  3.6016667E-02
   7165.80  3.5760821E-02
   7166.00  3.5505098E-02
   7166.20  3.5249443E-02
   7166.40  3.4994181E-02
   7166.60  3.4739924E-02
   7166.80  3.4487491E-02
   7167.00  3.4236149E-02
   7167.20  3.3988442E-02
   7167.40  3.3743086E-02
   7167.60  3.3500096E-02
   7167.80  3.3259394E-02
   7168.00  3.3021482E-02
   7168.20  3.2785345E-02
   7168.40  3.2550529E-02
   7168.60  3.2312743E-02
   7168.80  3.2079462E-02
   7169.00  3.1845857E-02
   7169.20  3.1612106E-02
   7169.40  3.1377159E-02
   7169.60  3.1140664E-02
   7169.80  3.0902381E-02
   7170.00  3.0661540E-02
   7170.20  3.0419444E-02
   7170.40  3.0175563E-02
   7170.60  2.9930856E-02
   7170.80  2.9685282E-02
   7171.00  2.9439212E-02
   7171.20  2.9193309E-02
   7171.40  2.8948710E-02
   7171.60  2.8705902E-02
   7171.80  2.8465621E-02
   7172.00  2.8228679E-02
