  7112.000   26  1  1  9.2571294E-03 -2.3768174E+00 -2.0002336E+00  1  1  7.2658759E+03  0.0000000E+00  0.0000000E+00  2.2514143E+00  1.0000000E+00  0.0000000E+00 = E_edge, Z, n_edge, j_edge, Abs_before_edge, VO_interstitial, E_cut, ninitl, ninit1, Epsii, UnitCell_Volume, Surface_ref, f0_forward, natomsym_f, abs_u_i
    Energy    <xanes>    
   7097.00  1.9291902E-05
   7097.20  1.9316625E-05
   7097.40  1.9352629E-05
   7097.60  1.9400522E-05
   7097.80  1.9461415E-05
   7098.00  1.9537087E-05
   7098.20  1.9630201E-05
   7098.40  1.9744834E-05
   7098.60  1.9887655E-05
   7098.80  2.0070306E-05
   7099.00  2.0315573E-05
   7099.20  2.0675435E-05
   7099.40  2.1296845E-05
   7099.60  2.2767871E-05
   7099.80  2.9911359E-05
   7100.00  3.0547739E-03
   7100.20  2.9962875E-05
   7100.40  2.4125517E-05
   7100.60  2.3543173E-05
   7100.80  2.3938517E-05
   7101.00  2.4886424E-05
   7101.20  2.6492571E-05
   7101.40  2.9248505E-05
   7101.60  3.4555779E-05
   7101.80  4.7308012E-05
   7102.00  9.5376944E-05
   7102.20  9.2973797E-04
   7102.40  3.8873835E-04
   7102.60  8.4526869E-05
   7102.80  6.5238209E-05
   7103.00  3.5419855E-04
   7103.20  1.5663247E-04
   7103.40  1.4795460E-03
   7103.60  1.6222722E-04
   7103.80  5.8463169E-05
   7104.00  5.3074273E-05
   7104.20  3.2155957E-04
   7104.40  7.3075776E-05
   7104.60  4.4694487E-05
   7104.80  4.6020201E-05
   7105.00  6.1432605E-05
   7105.20  1.8934224E-04
   7105.40  7.4448788E-04
   7105.60  9.3901601E-05
   7105.80  1.6992037E-04
   7106.00  2.8489350E-04
   7106.20  4.3218822E-04
   7106.40  1.0053416E-04
   7106.60  9.8645623E-05
   7106.80  1.5502520E-04
   7107.00  7.2333708E-04
   7107.20  2.9559881E-02
   7107.40  4.9078190E-02
   7107.60  6.0129234E-04
   7107.80  1.8209549E-04
   7108.00  1.3904717E-04
   7108.20  1.6346480E-04
   7108.40  5.5591477E-03
   7108.60  1.2655592E-03
   7108.80  1.1704942E-03
   7109.00  4.9170802E-02
   7109.20  1.3198090E-02
   7109.40  2.3005249E-02
   7109.60  6.3828949E-03
   7109.80  1.4796497E-02
   7110.00  1.7405935E-03
   7110.20  8.7705429E-03
   7110.40  9.6056419E-03
   7110.60  1.2535062E-02
   7110.80  8.4925242E-03
   7111.00  7.9127383E-03
   7111.20  4.6064188E-03
   7111.40  2.1818461E-03
   7111.60  3.3378506E-03
   7111.80  9.0314870E-03
   7112.00  6.1472904E-03
   7112.20  6.8761698E-03
   7112.40  1.1637295E-02
   7112.60  1.1553557E-02
   7112.80  1.5510989E-02
   7113.00  3.0258983E-02
   7113.20  4.3169688E-02
   7113.40  4.4061825E-02
   7113.60  6.4436982E-02
   7113.80  8.6232123E-02
   7114.00  9.8556205E-02
   7114.20  8.6366669E-02
   7114.40  4.7374669E-02
   7114.60  2.9493516E-02
   7114.80  2.1146504E-02
   7115.00  1.6572971E-02
   7115.20  1.3786088E-02
   7115.40  1.1975623E-02
   7115.60  1.0719401E-02
   7115.80  9.8031662E-03
   7116.00  9.1552283E-03
   7116.20  8.7836915E-03
   7116.40  8.7323039E-03
   7116.60  9.3602005E-03
   7116.80  1.1008872E-02
   7117.00  1.3385213E-02
   7117.20  1.4150682E-02
   7117.40  1.2960549E-02
   7117.60  1.1712285E-02
   7117.80  1.0908095E-02
   7118.00  1.0263791E-02
   7118.20  9.5278595E-03
   7118.40  8.7617297E-03
   7118.60  8.1769443E-03
   7118.80  7.8578992E-03
   7119.00  7.7027755E-03
   7119.20  7.5946952E-03
   7119.40  7.5017677E-03
   7119.60  7.4171098E-03
   7119.80  7.3301732E-03
   7120.00  7.2285310E-03
   7120.20  7.1039961E-03
   7120.40  6.9622167E-03
   7120.60  6.8259239E-03
   7120.80  6.7281661E-03
   7121.00  6.6997639E-03
   7121.20  6.6869071E-03
   7121.40  6.5805838E-03
   7121.60  6.3652580E-03
   7121.80  6.1591978E-03
   7122.00  6.0635134E-03
   7122.20  6.0843582E-03
   7122.40  6.1844544E-03
   7122.60  6.3318897E-03
   7122.80  6.5052354E-03
   7123.00  6.6954826E-03
   7123.20  6.9003265E-03
   7123.40  7.1217456E-03
   7123.60  7.3651680E-03
   7123.80  7.6395492E-03
   7124.00  7.9576433E-03
   7124.20  8.3350762E-03
   7124.40  8.7863697E-03
   7124.60  9.3175795E-03
   7124.80  9.9233188E-03
   7125.00  1.0602097E-02
   7125.20  1.1380038E-02
   7125.40  1.2309969E-02
   7125.60  1.3449978E-02
   7125.80  1.4850455E-02
   7126.00  1.6546171E-02
   7126.20  1.8528691E-02
   7126.40  2.0753685E-02
   7126.60  2.2851129E-02
   7126.80  2.4665840E-02
   7127.00  2.5842329E-02
   7127.20  2.6521955E-02
   7127.40  2.6822712E-02
   7127.60  2.6881098E-02
   7127.80  2.6841782E-02
   7128.00  2.6850996E-02
   7128.20  2.7036934E-02
   7128.40  2.7494287E-02
   7128.60  2.8419085E-02
   7128.80  2.9554593E-02
   7129.00  3.0989965E-02
   7129.20  3.2581092E-02
   7129.40  3.4209067E-02
   7129.60  3.5728313E-02
   7129.80  3.7147643E-02
   7130.00  3.8468366E-02
   7130.20  3.9761582E-02
   7130.40  4.1101588E-02
   7130.60  4.2543516E-02
   7130.80  4.4117348E-02
   7131.00  4.5830513E-02
   7131.20  4.7674537E-02
   7131.40  4.9633377E-02
   7131.60  5.1692933E-02
   7131.80  5.3852487E-02
   7132.00  5.6133428E-02
   7132.20  5.8578527E-02
   7132.40  6.1240427E-02
   7132.60  6.4139079E-02
   7132.80  6.7215736E-02
   7133.00  7.0319685E-02
   7133.20  7.3195093E-02
   7133.40  7.5515405E-02
   7133.60  7.6961524E-02
   7133.80  7.7320696E-02
   7134.00  7.6552407E-02
   7134.20  7.4785944E-02
   7134.40  7.2256624E-02
   7134.60  6.9227836E-02
   7134.80  6.5933185E-02
   7135.00  6.2551512E-02
   7135.20  5.9204810E-02
   7135.40  5.5968565E-02
   7135.60  5.2884031E-02
   7135.80  4.9969952E-02
   7136.00  4.7231360E-02
   7136.20  4.4666005E-02
   7136.40  4.2268875E-02
   7136.60  4.0034914E-02
   7136.80  3.7961681E-02
   7137.00  3.6050018E-02
   7137.20  3.4304591E-02
   7137.40  3.2733975E-02
   7137.60  3.1348791E-02
   7137.80  3.0160348E-02
   7138.00  2.9176266E-02
   7138.20  2.8396008E-02
   7138.40  2.7809822E-02
   7138.60  2.7392461E-02
   7138.80  2.7101051E-02
   7139.00  2.6896086E-02
   7139.20  2.6742348E-02
   7139.40  2.6615447E-02
   7139.60  2.6503964E-02
   7139.80  2.6407125E-02
   7140.00  2.6330863E-02
   7140.20  2.6283894E-02
   7140.40  2.6274832E-02
   7140.60  2.6310641E-02
   7140.80  2.6396279E-02
   7141.00  2.6534706E-02
   7141.20  2.6727055E-02
   7141.40  2.6973081E-02
   7141.60  2.7271216E-02
   7141.80  2.7618764E-02
   7142.00  2.8012263E-02
   7142.20  2.8447328E-02
   7142.40  2.8918844E-02
   7142.60  2.9420957E-02
   7142.80  2.9947367E-02
   7143.00  3.0491717E-02
   7143.20  3.1045792E-02
   7143.40  3.1602534E-02
   7143.60  3.2154652E-02
   7143.80  3.2695155E-02
   7144.00  3.3217690E-02
   7144.20  3.3716363E-02
   7144.40  3.4186500E-02
   7144.60  3.4624196E-02
   7144.80  3.5026508E-02
   7145.00  3.5391722E-02
   7145.20  3.5720034E-02
   7145.40  3.6011981E-02
   7145.60  3.6268047E-02
   7145.80  3.6489567E-02
   7146.00  3.6678417E-02
   7146.20  3.6836573E-02
   7146.40  3.6966399E-02
   7146.60  3.7070377E-02
   7146.80  3.7151111E-02
   7147.00  3.7211087E-02
   7147.20  3.7252835E-02
   7147.40  3.7278848E-02
   7147.60  3.7291547E-02
   7147.80  3.7293039E-02
   7148.00  3.7285512E-02
   7148.20  3.7271019E-02
   7148.40  3.7251523E-02
   7148.60  3.7228890E-02
   7148.80  3.7204965E-02
   7149.00  3.7181714E-02
   7149.20  3.7160909E-02
   7149.40  3.7144100E-02
   7149.60  3.7133169E-02
   7149.80  3.7126921E-02
   7150.00  3.7132477E-02
   7150.20  3.7148520E-02
   7150.40  3.7176221E-02
   7150.60  3.7216780E-02
   7150.80  3.7271296E-02
   7151.00  3.7340722E-02
   7151.20  3.7425463E-02
   7151.40  3.7525761E-02
   7151.60  3.7641379E-02
   7151.80  3.7771977E-02
   7152.00  3.7916271E-02
   7152.20  3.8072758E-02
   7152.40  3.8239553E-02
   7152.60  3.8415076E-02
   7152.80  3.8597052E-02
   7153.00  3.8781506E-02
   7153.20  3.8965328E-02
   7153.40  3.9145361E-02
   7153.60  3.9318506E-02
   7153.80  3.9481750E-02
   7154.00  3.9632393E-02
   7154.20  3.9768084E-02
   7154.40  3.9886960E-02
   7154.60  3.9987675E-02
   7154.80  4.0069252E-02
   7155.00  4.0131182E-02
   7155.20  4.0173466E-02
   7155.40  4.0196235E-02
   7155.60  4.0200067E-02
   7155.80  4.0185848E-02
   7156.00  4.0154535E-02
   7156.20  4.0107186E-02
   7156.40  4.0045034E-02
   7156.60  3.9969546E-02
   7156.80  3.9881763E-02
   7157.00  3.9782914E-02
   7157.20  3.9674174E-02
   7157.40  3.9556654E-02
   7157.60  3.9431448E-02
   7157.80  3.9299509E-02
   7158.00  3.9161683E-02
   7158.20  3.9019066E-02
   7158.40  3.8872212E-02
   7158.60  3.8721792E-02
   7158.80  3.8568393E-02
   7159.00  3.8412612E-02
   7159.20  3.8255017E-02
   7159.40  3.8096139E-02
   7159.60  3.7936491E-02
   7159.80  3.7776567E-02
   7160.00  3.7617116E-02
   7160.20  3.7458365E-02
   7160.40  3.7300712E-02
   7160.60  3.7144129E-02
   7160.80  3.6991590E-02
   7161.00  3.6842725E-02
   7161.20  3.6694714E-02
   7161.40  3.6548997E-02
   7161.60  3.6406389E-02
   7161.80  3.6267018E-02
   7162.00  3.6131194E-02
   7162.20  3.6004450E-02
   7162.40  3.5875025E-02
   7162.60  3.5748618E-02
   7162.80  3.5624976E-02
   7163.00  3.5503888E-02
   7163.20  3.5385269E-02
   7163.40  3.5268216E-02
   7163.60  3.5152202E-02
   7163.80  3.5036710E-02
   7164.00  3.4921727E-02
   7164.20  3.4806108E-02
   7164.40  3.4689230E-02
   7164.60  3.4570127E-02
   7164.80  3.4448373E-02
   7165.00  3.4323484E-02
   7165.20  3.4194327E-02
   7165.40  3.4060320E-02
   7165.60  3.3920959E-02
   7165.80  3.3775804E-02
   7166.00  3.3625316E-02
   7166.20  3.3468509E-02
   7166.40  3.3305384E-02
   7166.60  3.3135941E-02
   7166.80  3.2960456E-02
   7167.00  3.2778872E-02
   7167.20  3.2592072E-02
   7167.40  3.2400065E-02
   7167.60  3.2203099E-02
   7167.80  3.2001807E-02
   7168.00  3.1796808E-02
   7168.20  3.1587697E-02
   7168.40  3.1374568E-02
   7168.60  3.1163692E-02
   7168.80  3.0951929E-02
   7169.00  3.0739614E-02
   7169.20  3.0529011E-02
   7169.40  3.0317728E-02
   7169.60  3.0107779E-02
   7169.80  2.9899368E-02
   7170.00  2.9692911E-02
   7170.20  2.9489128E-02
   7170.40  2.9288336E-02
   7170.60  2.9090559E-02
   7170.80  2.8896016E-02
   7171.00  2.8704937E-02
   7171.20  2.8517530E-02
   7171.40  2.8334054E-02
   7171.60  2.8154629E-02
   7171.80  2.7979362E-02
   7172.00  2.7808549E-02
