  7112.000   26  1  1  1.0462962E-02 -4.0064033E+00 -6.9447015E-01  1  1  7.2652087E+03  0.0000000E+00  0.0000000E+00  3.6909626E+00  1.0000000E+00  0.0000000E+00 = E_edge, Z, n_edge, j_edge, Abs_before_edge, VO_interstitial, E_cut, ninitl, ninit1, Epsii, UnitCell_Volume, Surface_ref, f0_forward, natomsym_f, abs_u_i
    Energy    <xanes>    
   7097.00  5.7216444E-05
   7097.20  4.1471915E-05
   7097.40  3.5832890E-05
   7097.60  3.4621262E-05
   7097.80  3.8268893E-05
   7098.00  6.0130717E-05
   7098.20  8.1028458E-04
   7098.40  1.2278481E-04
   7098.60  1.1572226E-04
   7098.80  9.6109001E-05
   7099.00  1.0904207E-04
   7099.20  1.2570654E-03
   7099.40  1.5953538E-04
   7099.60  2.0065848E-03
   7099.80  4.1104997E-05
   7100.00  3.3423997E-05
   7100.20  3.6915162E-05
   7100.40  1.5764433E-04
   7100.60  7.4542425E-05
   7100.80  3.4730866E-05
   7101.00  3.4131255E-05
   7101.20  4.9694082E-05
   7101.40  2.4684218E-04
   7101.60  5.5798825E-04
   7101.80  1.2749451E-04
   7102.00  7.4188933E-05
   7102.20  2.1982221E-04
   7102.40  1.6922916E-04
   7102.60  1.9703490E-04
   7102.80  3.2869174E-04
   7103.00  1.5893011E-02
   7103.20  1.2609492E-04
   7103.40  1.1164571E-03
   7103.60  6.6108498E-05
   7103.80  1.0335385E-04
   7104.00  1.1031558E-03
   7104.20  1.0430723E-03
   7104.40  1.9187831E-04
   7104.60  1.0298299E-03
   7104.80  2.3657714E-04
   7105.00  1.0124816E-03
   7105.20  3.2178062E-04
   7105.40  9.3455668E-03
   7105.60  3.8686993E-04
   7105.80  1.2480636E-03
   7106.00  2.2890222E-04
   7106.20  2.5212732E-03
   7106.40  5.6975552E-04
   7106.60  3.9086013E-04
   7106.80  1.0768108E-03
   7107.00  6.5026821E-02
   7107.20  9.4527298E-04
   7107.40  8.5533009E-02
   7107.60  9.3124883E-03
   7107.80  9.3495872E-03
   7108.00  1.2260543E-02
   7108.20  6.4980476E-03
   7108.40  3.3561714E-03
   7108.60  3.3630353E-03
   7108.80  5.8876867E-03
   7109.00  4.3567747E-03
   7109.20  8.4472165E-03
   7109.40  5.1124517E-03
   7109.60  3.6308632E-03
   7109.80  6.1403336E-03
   7110.00  8.7756015E-03
   7110.20  1.4327996E-02
   7110.40  1.2027114E-02
   7110.60  8.8856236E-03
   7110.80  7.5576313E-03
   7111.00  1.0578039E-02
   7111.20  1.5630304E-02
   7111.40  1.3356791E-02
   7111.60  1.6263626E-02
   7111.80  1.4663874E-02
   7112.00  1.0034152E-02
   7112.20  7.7793156E-03
   7112.40  6.5883998E-03
   7112.60  9.3887155E-03
   7112.80  9.6143730E-03
   7113.00  6.9385957E-03
   7113.20  7.2987502E-03
   7113.40  8.2460627E-03
   7113.60  8.3180635E-03
   7113.80  6.2561654E-03
   7114.00  3.7816386E-03
   7114.20  2.5433782E-03
   7114.40  1.9572612E-03
   7114.60  1.6449690E-03
   7114.80  1.4747213E-03
   7115.00  1.3992385E-03
   7115.20  1.4072268E-03
   7115.40  1.5102571E-03
   7115.60  1.7421820E-03
   7115.80  2.1727628E-03
   7116.00  2.9509993E-03
   7116.20  4.4132971E-03
   7116.40  7.1170867E-03
   7116.60  9.4008397E-03
   7116.80  8.5132621E-03
   7117.00  8.9374982E-03
   7117.20  1.0304913E-02
   7117.40  1.1494898E-02
   7117.60  1.2355530E-02
   7117.80  1.2909943E-02
   7118.00  1.3315784E-02
   7118.20  1.3773807E-02
   7118.40  1.4373570E-02
   7118.60  1.5262343E-02
   7118.80  1.6499673E-02
   7119.00  1.7676632E-02
   7119.20  1.8307101E-02
   7119.40  1.8271891E-02
   7119.60  1.8050072E-02
   7119.80  1.8181644E-02
   7120.00  1.8963802E-02
   7120.20  2.0501773E-02
   7120.40  2.2788575E-02
   7120.60  2.5668834E-02
   7120.80  2.8800434E-02
   7121.00  3.1624366E-02
   7121.20  3.3819271E-02
   7121.40  3.5312849E-02
   7121.60  3.6263877E-02
   7121.80  3.6658881E-02
   7122.00  3.6660985E-02
   7122.20  3.6289308E-02
   7122.40  3.5530360E-02
   7122.60  3.4368949E-02
   7122.80  3.2892576E-02
   7123.00  3.1409387E-02
   7123.20  3.0165373E-02
   7123.40  2.9301615E-02
   7123.60  2.8814498E-02
   7123.80  2.8550077E-02
   7124.00  2.8140008E-02
   7124.20  2.7260895E-02
   7124.40  2.6058693E-02
   7124.60  2.4876636E-02
   7124.80  2.4043078E-02
   7125.00  2.3714844E-02
   7125.20  2.3914806E-02
   7125.40  2.4611327E-02
   7125.60  2.5714317E-02
   7125.80  2.7116578E-02
   7126.00  2.8590400E-02
   7126.20  2.9654516E-02
   7126.40  2.9949783E-02
   7126.60  2.9878362E-02
   7126.80  3.0068240E-02
   7127.00  3.0756589E-02
   7127.20  3.1884007E-02
   7127.40  3.3218685E-02
   7127.60  3.4477250E-02
   7127.80  3.5494691E-02
   7128.00  3.6279775E-02
   7128.20  3.6923258E-02
   7128.40  3.7507285E-02
   7128.60  3.8105029E-02
   7128.80  3.8818840E-02
   7129.00  3.9753996E-02
   7129.20  4.0943429E-02
   7129.40  4.2330765E-02
   7129.60  4.3831153E-02
   7129.80  4.5367399E-02
   7130.00  4.6827780E-02
   7130.20  4.8015109E-02
   7130.40  4.8706900E-02
   7130.60  4.8802021E-02
   7130.80  4.8363968E-02
   7131.00  4.7533297E-02
   7131.20  4.6442376E-02
   7131.40  4.5193012E-02
   7131.60  4.3871107E-02
   7131.80  4.2558772E-02
   7132.00  4.1329239E-02
   7132.20  4.0231954E-02
   7132.40  3.9285712E-02
   7132.60  3.8487674E-02
   7132.80  3.7827670E-02
   7133.00  3.7298971E-02
   7133.20  3.6903220E-02
   7133.40  3.6652984E-02
   7133.60  3.6572460E-02
   7133.80  3.6679790E-02
   7134.00  3.6947877E-02
   7134.20  3.7290221E-02
   7134.40  3.7605672E-02
   7134.60  3.7825947E-02
   7134.80  3.7919618E-02
   7135.00  3.7881974E-02
   7135.20  3.7732182E-02
   7135.40  3.7511179E-02
   7135.60  3.7270228E-02
   7135.80  3.7057084E-02
   7136.00  3.6907250E-02
   7136.20  3.6841688E-02
   7136.40  3.6868938E-02
   7136.60  3.6987773E-02
   7136.80  3.7188944E-02
   7137.00  3.7455178E-02
   7137.20  3.7760662E-02
   7137.40  3.8071520E-02
   7137.60  3.8349726E-02
   7137.80  3.8560069E-02
   7138.00  3.8677713E-02
   7138.20  3.8692466E-02
   7138.40  3.8606913E-02
   7138.60  3.8431853E-02
   7138.80  3.8181114E-02
   7139.00  3.7868638E-02
   7139.20  3.7507514E-02
   7139.40  3.7110146E-02
   7139.60  3.6688493E-02
   7139.80  3.6254202E-02
   7140.00  3.5818602E-02
   7140.20  3.5392231E-02
   7140.40  3.4984435E-02
   7140.60  3.4602547E-02
   7140.80  3.4250961E-02
   7141.00  3.3930708E-02
   7141.20  3.3635676E-02
   7141.40  3.3370385E-02
   7141.60  3.3127606E-02
   7141.80  3.2906645E-02
   7142.00  3.2701403E-02
   7142.20  3.2511643E-02
   7142.40  3.2337379E-02
   7142.60  3.2179205E-02
   7142.80  3.2037328E-02
   7143.00  3.1912294E-02
   7143.20  3.1804981E-02
   7143.40  3.1716524E-02
   7143.60  3.1648720E-02
   7143.80  3.1603725E-02
   7144.00  3.1583721E-02
   7144.20  3.1590918E-02
   7144.40  3.1627112E-02
   7144.60  3.1693358E-02
   7144.80  3.1789966E-02
   7145.00  3.1916178E-02
   7145.20  3.2069891E-02
   7145.40  3.2246963E-02
   7145.60  3.2439219E-02
   7145.80  3.2641325E-02
   7146.00  3.2840132E-02
   7146.20  3.3022600E-02
   7146.40  3.3175417E-02
   7146.60  3.3287121E-02
   7146.80  3.3349835E-02
   7147.00  3.3367205E-02
   7147.20  3.3327527E-02
   7147.40  3.3242869E-02
   7147.60  3.3118604E-02
   7147.80  3.2962598E-02
   7148.00  3.2786477E-02
   7148.20  3.2592099E-02
   7148.40  3.2384511E-02
   7148.60  3.2163628E-02
   7148.80  3.1932462E-02
   7149.00  3.1692333E-02
   7149.20  3.1444326E-02
   7149.40  3.1183949E-02
   7149.60  3.0933093E-02
   7149.80  3.0680852E-02
   7150.00  3.0428258E-02
   7150.20  3.0177593E-02
   7150.40  2.9931309E-02
   7150.60  2.9691918E-02
   7150.80  2.9461906E-02
   7151.00  2.9243684E-02
   7151.20  2.9039530E-02
   7151.40  2.8856546E-02
   7151.60  2.8687709E-02
   7151.80  2.8535774E-02
   7152.00  2.8403662E-02
   7152.20  2.8291645E-02
   7152.40  2.8199688E-02
   7152.60  2.8127926E-02
   7152.80  2.8075146E-02
   7153.00  2.8040415E-02
   7153.20  2.8022867E-02
   7153.40  2.8020611E-02
   7153.60  2.8032198E-02
   7153.80  2.8057908E-02
   7154.00  2.8095759E-02
   7154.20  2.8141130E-02
   7154.40  2.8195087E-02
   7154.60  2.8257349E-02
   7154.80  2.8326426E-02
   7155.00  2.8401665E-02
   7155.20  2.8482578E-02
   7155.40  2.8568910E-02
   7155.60  2.8660342E-02
   7155.80  2.8755958E-02
   7156.00  2.8855050E-02
   7156.20  2.8956673E-02
   7156.40  2.9059652E-02
   7156.60  2.9162958E-02
   7156.80  2.9264315E-02
   7157.00  2.9361681E-02
   7157.20  2.9452947E-02
   7157.40  2.9535751E-02
   7157.60  2.9607970E-02
   7157.80  2.9668012E-02
   7158.00  2.9713872E-02
   7158.20  2.9745084E-02
   7158.40  2.9762522E-02
   7158.60  2.9766353E-02
   7158.80  2.9755303E-02
   7159.00  2.9727168E-02
   7159.20  2.9686245E-02
   7159.40  2.9638683E-02
   7159.60  2.9585613E-02
   7159.80  2.9530706E-02
   7160.00  2.9473801E-02
   7160.20  2.9419491E-02
   7160.40  2.9369196E-02
   7160.60  2.9323861E-02
   7160.80  2.9289095E-02
   7161.00  2.9261560E-02
   7161.20  2.9243743E-02
   7161.40  2.9236268E-02
   7161.60  2.9239519E-02
   7161.80  2.9253657E-02
   7162.00  2.9278614E-02
   7162.20  2.9314164E-02
   7162.40  2.9360267E-02
   7162.60  2.9415959E-02
   7162.80  2.9480581E-02
   7163.00  2.9553390E-02
   7163.20  2.9633642E-02
   7163.40  2.9720590E-02
   7163.60  2.9813350E-02
   7163.80  2.9911277E-02
   7164.00  3.0013599E-02
   7164.20  3.0119968E-02
   7164.40  3.0229883E-02
   7164.60  3.0342860E-02
   7164.80  3.0458327E-02
   7165.00  3.0576000E-02
   7165.20  3.0695654E-02
   7165.40  3.0817270E-02
   7165.60  3.0940286E-02
   7165.80  3.1064400E-02
   7166.00  3.1189257E-02
   7166.20  3.1314516E-02
   7166.40  3.1440107E-02
   7166.60  3.1565025E-02
   7166.80  3.1688648E-02
   7167.00  3.1810328E-02
   7167.20  3.1929408E-02
   7167.40  3.2045452E-02
   7167.60  3.2157624E-02
   7167.80  3.2266523E-02
   7168.00  3.2370539E-02
   7168.20  3.2468659E-02
   7168.40  3.2560330E-02
   7168.60  3.2645249E-02
   7168.80  3.2723099E-02
   7169.00  3.2793133E-02
   7169.20  3.2855071E-02
   7169.40  3.2908706E-02
   7169.60  3.2953915E-02
   7169.80  3.2990640E-02
   7170.00  3.3018976E-02
   7170.20  3.3039345E-02
   7170.40  3.3051903E-02
   7170.60  3.3056825E-02
   7170.80  3.3054502E-02
   7171.00  3.3045358E-02
   7171.20  3.3029924E-02
   7171.40  3.3008698E-02
   7171.60  3.2981998E-02
   7171.80  3.2950460E-02
   7172.00  3.2914141E-02
