  7112.000   26  1  1  8.1245797E-03 -2.9634832E+00 -2.0377439E+00  1  1  7.2662004E+03  0.0000000E+00  0.0000000E+00  2.2794538E+00  1.0000000E+00  0.0000000E+00 = E_edge, Z, n_edge, j_edge, Abs_before_edge, VO_interstitial, E_cut, ninitl, ninit1, Epsii, UnitCell_Volume, Surface_ref, f0_forward, natomsym_f, abs_u_i
    Energy    <xanes>    
   7097.00  9.7756589E-05
   7097.20  4.2036736E-04
   7097.40  5.0307760E-03
   7097.60  1.8849959E-04
   7097.80  7.3562309E-05
   7098.00  5.0928930E-05
   7098.20  5.8733477E-05
   7098.40  5.0908439E-03
   7098.60  6.4098658E-05
   7098.80  3.5010641E-05
   7099.00  3.0307222E-05
   7099.20  2.9499660E-05
   7099.40  3.0876407E-05
   7099.60  3.5749618E-05
   7099.80  5.2946503E-05
   7100.00  2.0449033E-04
   7100.20  6.1161315E-04
   7100.40  7.1935652E-05
   7100.60  5.2454961E-05
   7100.80  7.1117948E-05
   7101.00  3.0503839E-04
   7101.20  2.9958457E-03
   7101.40  1.0890536E-04
   7101.60  5.1226513E-05
   7101.80  4.0852797E-05
   7102.00  4.1366698E-05
   7102.20  5.8141213E-05
   7102.40  3.3652920E-04
   7102.60  2.1021510E-04
   7102.80  5.4260008E-05
   7103.00  4.1543108E-05
   7103.20  4.1928667E-05
   7103.40  5.2638534E-05
   7103.60  1.1952565E-04
   7103.80  1.4407477E-03
   7104.00  4.2182615E-04
   7104.20  7.3065162E-05
   7104.40  4.9949398E-05
   7104.60  4.6213267E-05
   7104.80  4.9517224E-05
   7105.00  6.3257845E-05
   7105.20  1.3058951E-04
   7105.40  6.1380694E-03
   7105.60  3.8648921E-04
   7105.80  9.0571196E-05
   7106.00  6.5309620E-05
   7106.20  6.2049492E-05
   7106.40  6.7191527E-05
   7106.60  9.5582649E-05
   7106.80  2.7753190E-04
   7107.00  1.1320920E-04
   7107.20  1.6289869E-04
   7107.40  5.5774642E-04
   7107.60  5.9662160E-03
   7107.80  2.1635635E-03
   7108.00  3.8971158E-04
   7108.20  7.3101614E-04
   7108.40  4.9473419E-02
   7108.60  1.1045476E-01
   7108.80  2.3498705E-02
   7109.00  1.1282007E-03
   7109.20  1.7326303E-02
   7109.40  2.8104399E-03
   7109.60  3.3068764E-03
   7109.80  3.3761539E-03
   7110.00  3.5225530E-03
   7110.20  1.4567935E-02
   7110.40  3.2694648E-02
   7110.60  3.8697778E-02
   7110.80  1.3776106E-02
   7111.00  1.0817712E-02
   7111.20  2.3284820E-02
   7111.40  2.8972894E-02
   7111.60  2.1588029E-02
   7111.80  1.7296289E-02
   7112.00  2.6361385E-02
   7112.20  5.3252091E-02
   7112.40  2.7338605E-02
   7112.60  3.8924420E-02
   7112.80  4.0160294E-02
   7113.00  4.6532516E-02
   7113.20  2.1457383E-02
   7113.40  1.1126724E-02
   7113.60  7.5109057E-03
   7113.80  6.0586856E-03
   7114.00  5.5846701E-03
   7114.20  5.7734896E-03
   7114.40  6.6471941E-03
   7114.60  8.6164094E-03
   7114.80  1.3168037E-02
   7115.00  2.4512904E-02
   7115.20  4.1804323E-02
   7115.40  4.0645322E-02
   7115.60  2.5460604E-02
   7115.80  1.4289841E-02
   7116.00  9.2706959E-03
   7116.20  6.8635653E-03
   7116.40  5.5520853E-03
   7116.60  4.7663904E-03
   7116.80  4.2672663E-03
   7117.00  3.9438719E-03
   7117.20  3.7446333E-03
   7117.40  3.6540971E-03
   7117.60  3.6819446E-03
   7117.80  3.8069266E-03
   7118.00  3.9587054E-03
   7118.20  4.1880196E-03
   7118.40  4.5106551E-03
   7118.60  4.8265815E-03
   7118.80  5.0045796E-03
   7119.00  4.9612832E-03
   7119.20  4.7335229E-03
   7119.40  4.4785317E-03
   7119.60  4.3036479E-03
   7119.80  4.2410267E-03
   7120.00  4.4204413E-03
   7120.20  5.1220306E-03
   7120.40  6.3827447E-03
   7120.60  7.2347697E-03
   7120.80  7.1624077E-03
   7121.00  6.6691063E-03
   7121.20  6.1914351E-03
   7121.40  5.8607203E-03
   7121.60  5.6795970E-03
   7121.80  5.5640919E-03
   7122.00  5.5529149E-03
   7122.20  5.6068252E-03
   7122.40  5.7179346E-03
   7122.60  5.8841504E-03
   7122.80  6.1084207E-03
   7123.00  6.3993543E-03
   7123.20  6.7729762E-03
   7123.40  7.2562319E-03
   7123.60  7.8930880E-03
   7123.80  8.7529353E-03
   7124.00  9.9357103E-03
   7124.20  1.1565130E-02
   7124.40  1.3726797E-02
   7124.60  1.6145917E-02
   7124.80  1.7907662E-02
   7125.00  1.8653504E-02
   7125.20  1.9198728E-02
   7125.40  2.0157424E-02
   7125.60  2.1622867E-02
   7125.80  2.3473311E-02
   7126.00  2.5640326E-02
   7126.20  2.7816004E-02
   7126.40  2.9641596E-02
   7126.60  3.0715085E-02
   7126.80  3.0801121E-02
   7127.00  3.0140212E-02
   7127.20  2.9070456E-02
   7127.40  2.7936046E-02
   7127.60  2.6988191E-02
   7127.80  2.6371356E-02
   7128.00  2.6022974E-02
   7128.20  2.6247822E-02
   7128.40  2.6885981E-02
   7128.60  2.7928257E-02
   7128.80  2.9427857E-02
   7129.00  3.1243553E-02
   7129.20  3.3400732E-02
   7129.40  3.5829680E-02
   7129.60  3.8422123E-02
   7129.80  4.1104850E-02
   7130.00  4.3946670E-02
   7130.20  4.7055291E-02
   7130.40  5.0400243E-02
   7130.60  5.3840448E-02
   7130.80  5.7211684E-02
   7131.00  6.0352213E-02
   7131.20  6.3094106E-02
   7131.40  6.5267979E-02
   7131.60  6.6739580E-02
   7131.80  6.7480335E-02
   7132.00  6.7624596E-02
   7132.20  6.7455108E-02
   7132.40  6.7393981E-02
   7132.60  6.7886808E-02
   7132.80  6.9379586E-02
   7133.00  7.2286564E-02
   7133.20  7.6853773E-02
   7133.40  8.2756328E-02
   7133.60  8.8464208E-02
   7133.80  9.1279155E-02
   7134.00  8.9277060E-02
   7134.20  8.3287976E-02
   7134.40  7.5779671E-02
   7134.60  6.8656347E-02
   7134.80  6.2681823E-02
   7135.00  5.7930518E-02
   7135.20  5.4225485E-02
   7135.40  5.1346594E-02
   7135.60  4.9099371E-02
   7135.80  4.7327180E-02
   7136.00  4.5907157E-02
   7136.20  4.4743901E-02
   7136.40  4.3762160E-02
   7136.60  4.2903731E-02
   7136.80  4.2123429E-02
   7137.00  4.1387776E-02
   7137.20  4.0672214E-02
   7137.40  3.9959560E-02
   7137.60  3.9237066E-02
   7137.80  3.8495966E-02
   7138.00  3.7729297E-02
   7138.20  3.6935696E-02
   7138.40  3.6111570E-02
   7138.60  3.5252945E-02
   7138.80  3.4360480E-02
   7139.00  3.3437892E-02
   7139.20  3.2491984E-02
   7139.40  3.1533216E-02
   7139.60  3.0576006E-02
   7139.80  2.9639044E-02
   7140.00  2.8744598E-02
   7140.20  2.7917228E-02
   7140.40  2.7181406E-02
   7140.60  2.6558474E-02
   7140.80  2.6063497E-02
   7141.00  2.5702304E-02
   7141.20  2.5471053E-02
   7141.40  2.5357857E-02
   7141.60  2.5346233E-02
   7141.80  2.5419169E-02
   7142.00  2.5562180E-02
   7142.20  2.5765053E-02
   7142.40  2.6022340E-02
   7142.60  2.6332772E-02
   7142.80  2.6697883E-02
   7143.00  2.7120565E-02
   7143.20  2.7602660E-02
   7143.40  2.8143314E-02
   7143.60  2.8736972E-02
   7143.80  2.9371380E-02
   7144.00  3.0026384E-02
   7144.20  3.0673293E-02
   7144.40  3.1276928E-02
   7144.60  3.1800735E-02
   7144.80  3.2212743E-02
   7145.00  3.2501357E-02
   7145.20  3.2661763E-02
   7145.40  3.2695589E-02
   7145.60  3.2623261E-02
   7145.80  3.2472324E-02
   7146.00  3.2271858E-02
   7146.20  3.2039276E-02
   7146.40  3.1787397E-02
   7146.60  3.1581596E-02
   7146.80  3.1398161E-02
   7147.00  3.1247618E-02
   7147.20  3.1118063E-02
   7147.40  3.1036607E-02
   7147.60  3.0986899E-02
   7147.80  3.0966172E-02
   7148.00  3.0971344E-02
   7148.20  3.0998870E-02
   7148.40  3.1045469E-02
   7148.60  3.1108049E-02
   7148.80  3.1184087E-02
   7149.00  3.1271561E-02
   7149.20  3.1368667E-02
   7149.40  3.1474474E-02
   7149.60  3.1588759E-02
   7149.80  3.1711444E-02
   7150.00  3.1843093E-02
   7150.20  3.1984854E-02
   7150.40  3.2137885E-02
   7150.60  3.2303520E-02
   7150.80  3.2483347E-02
   7151.00  3.2678700E-02
   7151.20  3.2890881E-02
   7151.40  3.3120797E-02
   7151.60  3.3369159E-02
   7151.80  3.3636197E-02
   7152.00  3.3921966E-02
   7152.20  3.4225981E-02
   7152.40  3.4547287E-02
   7152.60  3.4887451E-02
   7152.80  3.5242688E-02
   7153.00  3.5610931E-02
   7153.20  3.5989900E-02
   7153.40  3.6377066E-02
   7153.60  3.6769861E-02
   7153.80  3.7165663E-02
   7154.00  3.7561341E-02
   7154.20  3.7954028E-02
   7154.40  3.8340814E-02
   7154.60  3.8718805E-02
   7154.80  3.9085183E-02
   7155.00  3.9437252E-02
   7155.20  3.9772437E-02
   7155.40  4.0088507E-02
   7155.60  4.0382994E-02
   7155.80  4.0653831E-02
   7156.00  4.0899277E-02
   7156.20  4.1117660E-02
   7156.40  4.1307597E-02
   7156.60  4.1467959E-02
   7156.80  4.1597876E-02
   7157.00  4.1696751E-02
   7157.20  4.1764302E-02
   7157.40  4.1800482E-02
   7157.60  4.1805597E-02
   7157.80  4.1779892E-02
   7158.00  4.1724107E-02
   7158.20  4.1638931E-02
   7158.40  4.1525314E-02
   7158.60  4.1384356E-02
   7158.80  4.1217255E-02
   7159.00  4.1025281E-02
   7159.20  4.0809753E-02
   7159.40  4.0572354E-02
   7159.60  4.0314153E-02
   7159.80  4.0036466E-02
   7160.00  3.9740602E-02
   7160.20  3.9425574E-02
   7160.40  3.9093617E-02
   7160.60  3.8751243E-02
   7160.80  3.8394556E-02
   7161.00  3.8025115E-02
   7161.20  3.7644592E-02
   7161.40  3.7254430E-02
   7161.60  3.6855485E-02
   7161.80  3.6449386E-02
   7162.00  3.6036561E-02
   7162.20  3.5617946E-02
   7162.40  3.5195213E-02
   7162.60  3.4768781E-02
   7162.80  3.4339570E-02
   7163.00  3.3897999E-02
   7163.20  3.3467530E-02
   7163.40  3.3037310E-02
   7163.60  3.2608357E-02
   7163.80  3.2181603E-02
   7164.00  3.1757917E-02
   7164.20  3.1338474E-02
   7164.40  3.0923439E-02
   7164.60  3.0513561E-02
   7164.80  3.0109573E-02
   7165.00  2.9712169E-02
   7165.20  2.9322857E-02
   7165.40  2.8941561E-02
   7165.60  2.8569019E-02
   7165.80  2.8205925E-02
   7166.00  2.7852772E-02
   7166.20  2.7510583E-02
   7166.40  2.7179980E-02
   7166.60  2.6861182E-02
   7166.80  2.6554287E-02
   7167.00  2.6259723E-02
   7167.20  2.5978008E-02
   7167.40  2.5709357E-02
   7167.60  2.5454001E-02
   7167.80  2.5212470E-02
   7168.00  2.4984931E-02
   7168.20  2.4771073E-02
   7168.40  2.4570943E-02
   7168.60  2.4384497E-02
   7168.80  2.4211782E-02
   7169.00  2.4052713E-02
   7169.20  2.3906879E-02
   7169.40  2.3774259E-02
   7169.60  2.3654743E-02
   7169.80  2.3547874E-02
   7170.00  2.3469236E-02
   7170.20  2.3386904E-02
   7170.40  2.3315983E-02
   7170.60  2.3256057E-02
   7170.80  2.3206735E-02
   7171.00  2.3167652E-02
   7171.20  2.3138501E-02
   7171.40  2.3119067E-02
   7171.60  2.3108627E-02
   7171.80  2.3106843E-02
   7172.00  2.3113419E-02
