  7112.000   26  1  1  8.9177070E-03 -1.8131342E+00 -6.2508437E-01  1  1  7.2645046E+03  0.0000000E+00  0.0000000E+00  2.3689542E+00  1.0000000E+00  0.0000000E+00 = E_edge, Z, n_edge, j_edge, Abs_before_edge, VO_interstitial, E_cut, ninitl, ninit1, Epsii, UnitCell_Volume, Surface_ref, f0_forward, natomsym_f, abs_u_i
    Energy    <xanes>    
   7097.00  2.3768249E-05
   7097.20  2.2802769E-05
   7097.40  2.2429089E-05
   7097.60  2.2654584E-05
   7097.80  2.4510237E-05
   7098.00  4.7662896E-05
   7098.20  5.8273215E-05
   7098.40  3.5113024E-05
   7098.60  9.0921185E-04
   7098.80  4.4486282E-05
   7099.00  2.2066330E-05
   7099.20  2.1494902E-05
   7099.40  2.1346367E-05
   7099.60  2.1341936E-05
   7099.80  2.1416093E-05
   7100.00  2.1546295E-05
   7100.20  2.1724857E-05
   7100.40  2.1951453E-05
   7100.60  2.2228981E-05
   7100.80  2.2565089E-05
   7101.00  2.2970499E-05
   7101.20  2.3461856E-05
   7101.40  2.4062733E-05
   7101.60  2.4808516E-05
   7101.80  2.5753445E-05
   7102.00  2.6984279E-05
   7102.20  2.8649651E-05
   7102.40  3.1027855E-05
   7102.60  3.4717422E-05
   7102.80  4.1376017E-05
   7103.00  6.1582934E-05
   7103.20  1.5824495E-04
   7103.40  2.7915161E-04
   7103.60  4.0096805E-04
   7103.80  7.9291067E-04
   7104.00  1.5142430E-03
   7104.20  5.8247211E-03
   7104.40  1.4137453E-03
   7104.60  2.1692804E-04
   7104.80  8.9338414E-05
   7105.00  1.6357664E-04
   7105.20  9.8339527E-05
   7105.40  5.7055205E-05
   7105.60  5.1110402E-05
   7105.80  5.7084721E-05
   7106.00  9.7458904E-05
   7106.20  2.1000966E-04
   7106.40  3.1841883E-03
   7106.60  3.2255849E-04
   7106.80  1.4807266E-04
   7107.00  1.0293427E-02
   7107.20  1.9889352E-02
   7107.40  1.1360153E-03
   7107.60  2.4411480E-04
   7107.80  4.9981837E-04
   7108.00  2.0233745E-02
   7108.20  2.3636175E-03
   7108.40  3.2551173E-03
   7108.60  4.4658537E-04
   7108.80  5.4204818E-03
   7109.00  2.4613952E-04
   7109.20  1.0735531E-03
   7109.40  2.2745362E-04
   7109.60  1.4560405E-03
   7109.80  3.7029725E-03
   7110.00  5.9357171E-03
   7110.20  1.6060065E-03
   7110.40  3.1159993E-04
   7110.60  1.9831040E-03
   7110.80  2.8231962E-03
   7111.00  3.9622680E-03
   7111.20  7.9746741E-03
   7111.40  3.3828413E-03
   7111.60  5.0885418E-03
   7111.80  8.2845945E-03
   7112.00  4.7198857E-03
   7112.20  1.2727588E-02
   7112.40  2.2357168E-02
   7112.60  1.2421736E-01
   7112.80  7.9220190E-02
   7113.00  1.2231114E-01
   7113.20  5.5794398E-02
   7113.40  5.4773199E-02
   7113.60  2.0456423E-02
   7113.80  1.0067872E-02
   7114.00  1.0122944E-02
   7114.20  7.3085538E-03
   7114.40  5.9428805E-03
   7114.60  6.3404611E-03
   7114.80  7.4247251E-03
   7115.00  8.1874841E-03
   7115.20  8.0592275E-03
   7115.40  6.9484103E-03
   7115.60  6.3404510E-03
   7115.80  5.9134262E-03
   7116.00  5.7368328E-03
   7116.20  5.8411103E-03
   7116.40  6.2539971E-03
   7116.60  7.0276767E-03
   7116.80  8.2420117E-03
   7117.00  1.0018585E-02
   7117.20  1.2777439E-02
   7117.40  1.8916009E-02
   7117.60  1.5925517E-02
   7117.80  1.4839793E-02
   7118.00  1.3466812E-02
   7118.20  1.1670702E-02
   7118.40  9.8924268E-03
   7118.60  8.3990142E-03
   7118.80  7.2702481E-03
   7119.00  6.5365522E-03
   7119.20  6.2912407E-03
   7119.40  6.6005500E-03
   7119.60  7.5361743E-03
   7119.80  9.3444064E-03
   7120.00  1.2381601E-02
   7120.20  1.6281548E-02
   7120.40  1.9876833E-02
   7120.60  2.1557588E-02
   7120.80  2.0997120E-02
   7121.00  1.9253700E-02
   7121.20  1.7388282E-02
   7121.40  1.5880278E-02
   7121.60  1.4816098E-02
   7121.80  1.4131058E-02
   7122.00  1.3727057E-02
   7122.20  1.3512419E-02
   7122.40  1.3409814E-02
   7122.60  1.3353430E-02
   7122.80  1.3284346E-02
   7123.00  1.3149338E-02
   7123.20  1.2907318E-02
   7123.40  1.2542809E-02
   7123.60  1.2068289E-02
   7123.80  1.1574967E-02
   7124.00  1.1152040E-02
   7124.20  1.0957431E-02
   7124.40  1.1051859E-02
   7124.60  1.1432318E-02
   7124.80  1.2013495E-02
   7125.00  1.2710713E-02
   7125.20  1.3486836E-02
   7125.40  1.4337306E-02
   7125.60  1.5279334E-02
   7125.80  1.6275450E-02
   7126.00  1.7341422E-02
   7126.20  1.8431462E-02
   7126.40  1.9436013E-02
   7126.60  2.0201720E-02
   7126.80  2.0616921E-02
   7127.00  2.0651262E-02
   7127.20  2.0461249E-02
   7127.40  2.0321645E-02
   7127.60  2.0432952E-02
   7127.80  2.0847925E-02
   7128.00  2.1556871E-02
   7128.20  2.2474220E-02
   7128.40  2.3577793E-02
   7128.60  2.4836717E-02
   7128.80  2.6233042E-02
   7129.00  2.7765591E-02
   7129.20  2.9441244E-02
   7129.40  3.1264136E-02
   7129.60  3.3222467E-02
   7129.80  3.5276593E-02
   7130.00  3.7352301E-02
   7130.20  3.9339942E-02
   7130.40  4.1105371E-02
   7130.60  4.2514519E-02
   7130.80  4.3468804E-02
   7131.00  4.3933356E-02
   7131.20  4.3945318E-02
   7131.40  4.3597537E-02
   7131.60  4.3008586E-02
   7131.80  4.2294779E-02
   7132.00  4.1556990E-02
   7132.20  4.0882347E-02
   7132.40  4.0339547E-02
   7132.60  3.9969146E-02
   7132.80  3.9788937E-02
   7133.00  3.9806045E-02
   7133.20  4.0018802E-02
   7133.40  4.0413461E-02
   7133.60  4.0965367E-02
   7133.80  4.1646416E-02
   7134.00  4.2431100E-02
   7134.20  4.3297374E-02
   7134.40  4.4231022E-02
   7134.60  4.5217077E-02
   7134.80  4.6239910E-02
   7135.00  4.7283216E-02
   7135.20  4.8331473E-02
   7135.40  4.9369867E-02
   7135.60  5.0385402E-02
   7135.80  5.1365568E-02
   7136.00  5.2299053E-02
   7136.20  5.3173373E-02
   7136.40  5.3976676E-02
   7136.60  5.4697887E-02
   7136.80  5.5328416E-02
   7137.00  5.5864101E-02
   7137.20  5.6305260E-02
   7137.40  5.6657211E-02
   7137.60  5.6929997E-02
   7137.80  5.7135975E-02
   7138.00  5.7288641E-02
   7138.20  5.7401218E-02
   7138.40  5.7485094E-02
   7138.60  5.7548563E-02
   7138.80  5.7591303E-02
   7139.00  5.7622841E-02
   7139.20  5.7636733E-02
   7139.40  5.7626413E-02
   7139.60  5.7581653E-02
   7139.80  5.7489280E-02
   7140.00  5.7332939E-02
   7140.20  5.7093893E-02
   7140.40  5.6749838E-02
   7140.60  5.6268600E-02
   7140.80  5.5664018E-02
   7141.00  5.4903437E-02
   7141.20  5.3975113E-02
   7141.40  5.2873846E-02
   7141.60  5.1603567E-02
   7141.80  5.0178327E-02
   7142.00  4.8622431E-02
   7142.20  4.6969023E-02
   7142.40  4.5257716E-02
   7142.60  4.3530776E-02
   7142.80  4.1829383E-02
   7143.00  4.0189935E-02
   7143.20  3.8640952E-02
   7143.40  3.7202149E-02
   7143.60  3.5884144E-02
   7143.80  3.4689823E-02
   7144.00  3.3616134E-02
   7144.20  3.2655505E-02
   7144.40  3.1797727E-02
   7144.60  3.1031404E-02
   7144.80  3.0345390E-02
   7145.00  2.9728682E-02
   7145.20  2.9171969E-02
   7145.40  2.8666314E-02
   7145.60  2.8204572E-02
   7145.80  2.7780592E-02
   7146.00  2.7389185E-02
   7146.20  2.7026487E-02
   7146.40  2.6689025E-02
   7146.60  2.6374295E-02
   7146.80  2.6080671E-02
   7147.00  2.5806975E-02
   7147.20  2.5552422E-02
   7147.40  2.5316652E-02
   7147.60  2.5098523E-02
   7147.80  2.4898335E-02
   7148.00  2.4716646E-02
   7148.20  2.4554192E-02
   7148.40  2.4411848E-02
   7148.60  2.4290500E-02
   7148.80  2.4190907E-02
   7149.00  2.4114022E-02
   7149.20  2.4060863E-02
   7149.40  2.4032497E-02
   7149.60  2.4030020E-02
   7149.80  2.4054387E-02
   7150.00  2.4106602E-02
   7150.20  2.4187335E-02
   7150.40  2.4301344E-02
   7150.60  2.4440375E-02
   7150.80  2.4607978E-02
   7151.00  2.4803241E-02
   7151.20  2.5024896E-02
   7151.40  2.5274394E-02
   7151.60  2.5543633E-02
   7151.80  2.5832980E-02
   7152.00  2.6139938E-02
   7152.20  2.6461801E-02
   7152.40  2.6795892E-02
   7152.60  2.7139619E-02
   7152.80  2.7490280E-02
   7153.00  2.7845192E-02
   7153.20  2.8201753E-02
   7153.40  2.8559165E-02
   7153.60  2.8914860E-02
   7153.80  2.9261164E-02
   7154.00  2.9597643E-02
   7154.20  2.9934821E-02
   7154.40  3.0244842E-02
   7154.60  3.0537467E-02
   7154.80  3.0815084E-02
   7155.00  3.1063638E-02
   7155.20  3.1287263E-02
   7155.40  3.1485153E-02
   7155.60  3.1651552E-02
   7155.80  3.1783777E-02
   7156.00  3.1880224E-02
   7156.20  3.1938968E-02
   7156.40  3.1959081E-02
   7156.60  3.1940663E-02
   7156.80  3.1883338E-02
   7157.00  3.1787984E-02
   7157.20  3.1656500E-02
   7157.40  3.1490054E-02
   7157.60  3.1290897E-02
   7157.80  3.1061957E-02
   7158.00  3.0805886E-02
   7158.20  3.0524989E-02
   7158.40  3.0221984E-02
   7158.60  2.9899996E-02
   7158.80  2.9561670E-02
   7159.00  2.9208639E-02
   7159.20  2.8843085E-02
   7159.40  2.8467059E-02
   7159.60  2.8082713E-02
   7159.80  2.7692316E-02
   7160.00  2.7297061E-02
   7160.20  2.6893561E-02
   7160.40  2.6493876E-02
   7160.60  2.6094677E-02
   7160.80  2.5698374E-02
   7161.00  2.5306330E-02
   7161.20  2.4919940E-02
   7161.40  2.4540931E-02
   7161.60  2.4170975E-02
   7161.80  2.3811584E-02
   7162.00  2.3464767E-02
   7162.20  2.3132022E-02
   7162.40  2.2814857E-02
   7162.60  2.2514476E-02
   7162.80  2.2232279E-02
   7163.00  2.1969639E-02
   7163.20  2.1727897E-02
   7163.40  2.1508068E-02
   7163.60  2.1311650E-02
   7163.80  2.1139228E-02
   7164.00  2.0991749E-02
   7164.20  2.0869982E-02
   7164.40  2.0774408E-02
   7164.60  2.0705348E-02
   7164.80  2.0663703E-02
   7165.00  2.0649701E-02
   7165.20  2.0659449E-02
   7165.40  2.0694149E-02
   7165.60  2.0752643E-02
   7165.80  2.0833645E-02
   7166.00  2.0935760E-02
   7166.20  2.1057484E-02
   7166.40  2.1197259E-02
   7166.60  2.1353551E-02
   7166.80  2.1524888E-02
   7167.00  2.1709967E-02
   7167.20  2.1907541E-02
   7167.40  2.2116396E-02
   7167.60  2.2335566E-02
   7167.80  2.2564233E-02
   7168.00  2.2801809E-02
   7168.20  2.3047540E-02
   7168.40  2.3300873E-02
   7168.60  2.3561104E-02
   7168.80  2.3828026E-02
   7169.00  2.4101192E-02
   7169.20  2.4380103E-02
   7169.40  2.4664236E-02
   7169.60  2.4953105E-02
   7169.80  2.5246133E-02
   7170.00  2.5542682E-02
   7170.20  2.5842108E-02
   7170.40  2.6143741E-02
   7170.60  2.6446849E-02
   7170.80  2.6750533E-02
   7171.00  2.7054009E-02
   7171.20  2.7356463E-02
   7171.40  2.7657191E-02
   7171.60  2.7955416E-02
   7171.80  2.8250139E-02
   7172.00  2.8540792E-02
