  7112.000   26  1  1  1.0297833E-02 -1.9824255E+00 -1.9877113E+00  1  1  7.2658654E+03  0.0000000E+00  0.0000000E+00  1.9964118E+00  1.0000000E+00  0.0000000E+00 = E_edge, Z, n_edge, j_edge, Abs_before_edge, VO_interstitial, E_cut, ninitl, ninit1, Epsii, UnitCell_Volume, Surface_ref, f0_forward, natomsym_f, abs_u_i
    Energy    <xanes>    
   7097.00  1.9339748E-05
   7097.20  1.9372222E-05
   7097.40  1.9418566E-05
   7097.60  1.9479804E-05
   7097.80  1.9557721E-05
   7098.00  1.9655065E-05
   7098.20  1.9775856E-05
   7098.40  1.9926044E-05
   7098.60  2.0114798E-05
   7098.80  2.0356851E-05
   7099.00  2.0677521E-05
   7099.20  2.1124479E-05
   7099.40  2.1798458E-05
   7099.60  2.2950739E-05
   7099.80  2.5387404E-05
   7100.00  3.3126509E-05
   7100.20  1.0950539E-04
   7100.40  1.7950558E-04
   7100.60  3.7995997E-05
   7100.80  3.0386700E-05
   7101.00  3.0994667E-05
   7101.20  3.7027509E-05
   7101.40  6.2594433E-05
   7101.60  6.0196913E-04
   7101.80  1.7842444E-04
   7102.00  6.2067314E-05
   7102.20  7.1486294E-05
   7102.40  2.6717549E-04
   7102.60  8.9596141E-04
   7102.80  1.0779308E-04
   7103.00  1.9275053E-04
   7103.20  9.9431054E-05
   7103.40  2.0115653E-03
   7103.60  1.6526700E-04
   7103.80  6.7359745E-05
   7104.00  2.5773300E-03
   7104.20  5.3496279E-05
   7104.40  7.0429573E-05
   7104.60  1.4597051E-03
   7104.80  1.0714192E-04
   7105.00  5.2447862E-05
   7105.20  5.7590633E-05
   7105.40  3.6518052E-03
   7105.60  6.3572891E-05
   7105.80  9.0619245E-05
   7106.00  1.4501020E-02
   7106.20  1.5313239E-04
   7106.40  1.5484823E-04
   7106.60  9.7258753E-04
   7106.80  1.3186448E-04
   7107.00  2.6951901E-03
   7107.20  3.2745617E-04
   7107.40  4.8253007E-02
   7107.60  2.5706699E-02
   7107.80  5.3017686E-04
   7108.00  1.8267059E-04
   7108.20  1.6539031E-04
   7108.40  1.0437348E-03
   7108.60  3.7395071E-04
   7108.80  1.4453478E-03
   7109.00  3.3510367E-03
   7109.20  3.2928308E-02
   7109.40  5.1910716E-03
   7109.60  4.9898692E-03
   7109.80  2.4240865E-03
   7110.00  4.8461103E-03
   7110.20  1.2575414E-02
   7110.40  2.8815892E-03
   7110.60  1.5555168E-02
   7110.80  7.9484974E-03
   7111.00  1.4624527E-02
   7111.20  4.0381423E-03
   7111.40  1.2387824E-02
   7111.60  3.1261735E-03
   7111.80  5.8248146E-03
   7112.00  1.4443054E-02
   7112.20  8.8793581E-03
   7112.40  1.6152277E-02
   7112.60  1.2725075E-02
   7112.80  1.1233321E-02
   7113.00  1.0434754E-02
   7113.20  1.8010127E-02
   7113.40  3.9988488E-02
   7113.60  4.5185862E-02
   7113.80  5.4289835E-02
   7114.00  8.5852688E-02
   7114.20  9.4391108E-02
   7114.40  8.7957339E-02
   7114.60  4.5313201E-02
   7114.80  2.7127638E-02
   7115.00  1.9368769E-02
   7115.20  1.5369368E-02
   7115.40  1.3070757E-02
   7115.60  1.1722283E-02
   7115.80  1.1028707E-02
   7116.00  1.0910713E-02
   7116.20  1.1401992E-02
   7116.40  1.2493369E-02
   7116.60  1.3797264E-02
   7116.80  1.4383014E-02
   7117.00  1.3979571E-02
   7117.20  1.3166137E-02
   7117.40  1.2540638E-02
   7117.60  1.2174365E-02
   7117.80  1.1712993E-02
   7118.00  1.0963570E-02
   7118.20  1.0149157E-02
   7118.40  9.4363167E-03
   7118.60  8.8477636E-03
   7118.80  8.3777221E-03
   7119.00  7.9913322E-03
   7119.20  7.6472905E-03
   7119.40  7.3421568E-03
   7119.60  7.0820358E-03
   7119.80  6.8511794E-03
   7120.00  6.6263990E-03
   7120.20  6.4013632E-03
   7120.40  6.1991183E-03
   7120.60  6.0586866E-03
   7120.80  5.9919540E-03
   7121.00  5.9702329E-03
   7121.20  5.9719603E-03
   7121.40  6.0055379E-03
   7121.60  6.0484158E-03
   7121.80  6.0345181E-03
   7122.00  5.9775509E-03
   7122.20  5.9743733E-03
   7122.40  6.0465863E-03
   7122.60  6.1614589E-03
   7122.80  6.2934882E-03
   7123.00  6.4400642E-03
   7123.20  6.6055066E-03
   7123.40  6.7949324E-03
   7123.60  7.0142000E-03
   7123.80  7.2310658E-03
   7124.00  7.3956762E-03
   7124.20  7.5507166E-03
   7124.40  7.7724038E-03
   7124.60  8.0931872E-03
   7124.80  8.5307838E-03
   7125.00  9.1014977E-03
   7125.20  9.8031266E-03
   7125.40  1.0589573E-02
   7125.60  1.1398216E-02
   7125.80  1.2234787E-02
   7126.00  1.3173488E-02
   7126.20  1.4277520E-02
   7126.40  1.5553956E-02
   7126.60  1.6938595E-02
   7126.80  1.8340909E-02
   7127.00  1.9740185E-02
   7127.20  2.1041299E-02
   7127.40  2.2333701E-02
   7127.60  2.3646435E-02
   7127.80  2.4901780E-02
   7128.00  2.5959336E-02
   7128.20  2.6689961E-02
   7128.40  2.7066382E-02
   7128.60  2.7209166E-02
   7128.80  2.7347394E-02
   7129.00  2.7727389E-02
   7129.20  2.8711488E-02
   7129.40  3.0121861E-02
   7129.60  3.2102344E-02
   7129.80  3.4608782E-02
   7130.00  3.7656429E-02
   7130.20  4.1010839E-02
   7130.40  4.4403418E-02
   7130.60  4.7513690E-02
   7130.80  5.0081525E-02
   7131.00  5.2025667E-02
   7131.20  5.3470413E-02
   7131.40  5.4659207E-02
   7131.60  5.5836456E-02
   7131.80  5.7178046E-02
   7132.00  5.8781507E-02
   7132.20  6.0683981E-02
   7132.40  6.2866204E-02
   7132.60  6.5266372E-02
   7132.80  6.7773838E-02
   7133.00  7.0228163E-02
   7133.20  7.2432074E-02
   7133.40  7.4181175E-02
   7133.60  7.5293556E-02
   7133.80  7.5629414E-02
   7134.00  7.5103453E-02
   7134.20  7.3726705E-02
   7134.40  7.1665504E-02
   7134.60  6.9203383E-02
   7134.80  6.6592701E-02
   7135.00  6.3980950E-02
   7135.20  6.1433389E-02
   7135.40  5.8967980E-02
   7135.60  5.6579170E-02
   7135.80  5.4253445E-02
   7136.00  5.1977426E-02
   7136.20  4.9741156E-02
   7136.40  4.7539259E-02
   7136.60  4.5371422E-02
   7136.80  4.3242799E-02
   7137.00  4.1163640E-02
   7137.20  3.9149391E-02
   7137.40  3.7219191E-02
   7137.60  3.5394977E-02
   7137.80  3.3703124E-02
   7138.00  3.2180300E-02
   7138.20  3.0826075E-02
   7138.40  2.9658567E-02
   7138.60  2.8690695E-02
   7138.80  2.7929091E-02
   7139.00  2.7373365E-02
   7139.20  2.7015100E-02
   7139.40  2.6838044E-02
   7139.60  2.6819557E-02
   7139.80  2.6932504E-02
   7140.00  2.7148094E-02
   7140.20  2.7438868E-02
   7140.40  2.7780804E-02
   7140.60  2.8154716E-02
   7140.80  2.8546890E-02
   7141.00  2.8948719E-02
   7141.20  2.9355648E-02
   7141.40  2.9766166E-02
   7141.60  3.0180757E-02
   7141.80  3.0600585E-02
   7142.00  3.1027182E-02
   7142.20  3.1461681E-02
   7142.40  3.1904464E-02
   7142.60  3.2354851E-02
   7142.80  3.2811348E-02
   7143.00  3.3271138E-02
   7143.20  3.3730662E-02
   7143.40  3.4185288E-02
   7143.60  3.4629888E-02
   7143.80  3.5058990E-02
   7144.00  3.5467127E-02
   7144.20  3.5848803E-02
   7144.40  3.6204440E-02
   7144.60  3.6528901E-02
   7144.80  3.6814693E-02
   7145.00  3.7058970E-02
   7145.20  3.7259818E-02
   7145.40  3.7416073E-02
   7145.60  3.7527501E-02
   7145.80  3.7594726E-02
   7146.00  3.7619266E-02
   7146.20  3.7603075E-02
   7146.40  3.7548881E-02
   7146.60  3.7459835E-02
   7146.80  3.7339570E-02
   7147.00  3.7191845E-02
   7147.20  3.7020686E-02
   7147.40  3.6830200E-02
   7147.60  3.6611789E-02
   7147.80  3.6394634E-02
   7148.00  3.6170233E-02
   7148.20  3.5942286E-02
   7148.40  3.5714263E-02
   7148.60  3.5489359E-02
   7148.80  3.5271729E-02
   7149.00  3.5062166E-02
   7149.20  3.4864120E-02
   7149.40  3.4679401E-02
   7149.60  3.4515530E-02
   7149.80  3.4363258E-02
   7150.00  3.4222797E-02
   7150.20  3.4108590E-02
   7150.40  3.4015022E-02
   7150.60  3.3942881E-02
   7150.80  3.3893017E-02
   7151.00  3.3866450E-02
   7151.20  3.3863595E-02
   7151.40  3.3885058E-02
   7151.60  3.3931746E-02
   7151.80  3.4004266E-02
   7152.00  3.4102220E-02
   7152.20  3.4225319E-02
   7152.40  3.4373033E-02
   7152.60  3.4544478E-02
   7152.80  3.4738510E-02
   7153.00  3.4953296E-02
   7153.20  3.5186789E-02
   7153.40  3.5436623E-02
   7153.60  3.5700162E-02
   7153.80  3.5974412E-02
   7154.00  3.6256410E-02
   7154.20  3.6543142E-02
   7154.40  3.6831759E-02
   7154.60  3.7119591E-02
   7154.80  3.7404026E-02
   7155.00  3.7682687E-02
   7155.20  3.7953552E-02
   7155.40  3.8214706E-02
   7155.60  3.8464535E-02
   7155.80  3.8701715E-02
   7156.00  3.8924986E-02
   7156.20  3.9133191E-02
   7156.40  3.9325463E-02
   7156.60  3.9501158E-02
   7156.80  3.9659658E-02
   7157.00  3.9800511E-02
   7157.20  3.9923407E-02
   7157.40  4.0028144E-02
   7157.60  4.0114676E-02
   7157.80  4.0182993E-02
   7158.00  4.0233104E-02
   7158.20  4.0265286E-02
   7158.40  4.0279716E-02
   7158.60  4.0276608E-02
   7158.80  4.0256163E-02
   7159.00  4.0218719E-02
   7159.20  4.0164663E-02
   7159.40  4.0094424E-02
   7159.60  4.0008394E-02
   7159.80  3.9907073E-02
   7160.00  3.9791248E-02
   7160.20  3.9661456E-02
   7160.40  3.9518260E-02
   7160.60  3.9362344E-02
   7160.80  3.9194451E-02
   7161.00  3.9015494E-02
   7161.20  3.8825207E-02
   7161.40  3.8625830E-02
   7161.60  3.8417300E-02
   7161.80  3.8201293E-02
   7162.00  3.7976929E-02
   7162.20  3.7745689E-02
   7162.40  3.7509126E-02
   7162.60  3.7269807E-02
   7162.80  3.7021555E-02
   7163.00  3.6770127E-02
   7163.20  3.6513056E-02
   7163.40  3.6253754E-02
   7163.60  3.5991847E-02
   7163.80  3.5727906E-02
   7164.00  3.5462977E-02
   7164.20  3.5197595E-02
   7164.40  3.4932094E-02
   7164.60  3.4666574E-02
   7164.80  3.4401438E-02
   7165.00  3.4137853E-02
   7165.20  3.3875388E-02
   7165.40  3.3614282E-02
   7165.60  3.3354801E-02
   7165.80  3.3097163E-02
   7166.00  3.2842040E-02
   7166.20  3.2589438E-02
   7166.40  3.2339271E-02
   7166.60  3.2091683E-02
   7166.80  3.1847030E-02
   7167.00  3.1605078E-02
   7167.20  3.1366205E-02
   7167.40  3.1130600E-02
   7167.60  3.0897946E-02
   7167.80  3.0668394E-02
   7168.00  3.0442106E-02
   7168.20  3.0219214E-02
   7168.40  2.9999909E-02
   7168.60  2.9784636E-02
   7168.80  2.9573932E-02
   7169.00  2.9371264E-02
   7169.20  2.9168906E-02
   7169.40  2.8973863E-02
   7169.60  2.8783798E-02
   7169.80  2.8599278E-02
   7170.00  2.8424204E-02
   7170.20  2.8251876E-02
   7170.40  2.8086203E-02
   7170.60  2.7926980E-02
   7170.80  2.7774271E-02
   7171.00  2.7628151E-02
   7171.20  2.7488672E-02
   7171.40  2.7355900E-02
   7171.60  2.7229778E-02
   7171.80  2.7110170E-02
   7172.00  2.6996958E-02
