  7112.000   26  1  1  1.7084168E-02 -2.7161767E+00 -1.2205254E+00  1  1  7.2655038E+03  0.0000000E+00  0.0000000E+00  2.8273067E+00  1.0000000E+00  0.0000000E+00 = E_edge, Z, n_edge, j_edge, Abs_before_edge, VO_interstitial, E_cut, ninitl, ninit1, Epsii, UnitCell_Volume, Surface_ref, f0_forward, natomsym_f, abs_u_i
    Energy    <xanes>    
   7097.00  1.8374241E-04
   7097.20  5.7952174E-02
   7097.40  2.5419623E-04
   7097.60  2.6972259E-03
   7097.80  1.9585458E-04
   7098.00  6.1714963E-05
   7098.20  3.9710647E-05
   7098.40  3.1945432E-05
   7098.60  2.8351382E-05
   7098.80  2.6530460E-05
   7099.00  2.5741728E-05
   7099.20  2.6024079E-05
   7099.40  3.2617550E-05
   7099.60  3.7832552E-05
   7099.80  1.6818031E-03
   7100.00  3.1090209E-04
   7100.20  3.3535267E-05
   7100.40  2.6994210E-05
   7100.60  2.5790615E-05
   7100.80  2.5777729E-05
   7101.00  2.6357504E-05
   7101.20  2.7488949E-05
   7101.40  2.9425630E-05
   7101.60  3.2980865E-05
   7101.80  4.1116841E-05
   7102.00  7.2976174E-05
   7102.20  4.3792043E-03
   7102.40  2.0216743E-04
   7102.60  7.0816639E-05
   7102.80  9.6695276E-05
   7103.00  5.7129299E-04
   7103.20  1.1114739E-03
   7103.40  4.5747492E-04
   7103.60  9.3530014E-03
   7103.80  3.7604840E-04
   7104.00  1.2194061E-02
   7104.20  5.5584013E-04
   7104.40  1.5028279E-03
   7104.60  4.6933692E-03
   7104.80  1.0726689E-04
   7105.00  1.5449855E-04
   7105.20  2.1251598E-04
   7105.40  5.8313758E-04
   7105.60  1.5793296E-03
   7105.80  4.5518610E-04
   7106.00  1.8969914E-03
   7106.20  2.2689047E-03
   7106.40  3.5126219E-04
   7106.60  2.1594036E-04
   7106.80  1.2594370E-02
   7107.00  1.4737007E-04
   7107.20  4.7118088E-04
   7107.40  4.4702575E-04
   7107.60  3.8772437E-04
   7107.80  1.3739199E-03
   7108.00  3.3366984E-03
   7108.20  8.8637072E-03
   7108.40  2.7344004E-03
   7108.60  2.3073533E-03
   7108.80  6.8346220E-03
   7109.00  2.9623874E-03
   7109.20  2.3737454E-03
   7109.40  2.2184747E-03
   7109.60  5.1524032E-04
   7109.80  4.2028178E-03
   7110.00  3.1985010E-03
   7110.20  9.4238289E-03
   7110.40  4.7773415E-02
   7110.60  1.4218030E-02
   7110.80  6.3335089E-03
   7111.00  6.9647101E-03
   7111.20  7.7002236E-03
   7111.40  1.3356956E-02
   7111.60  4.0389839E-02
   7111.80  1.7683125E-02
   7112.00  1.4612126E-02
   7112.20  1.9388725E-02
   7112.40  1.1413398E-02
   7112.60  8.7231999E-03
   7112.80  9.4719996E-03
   7113.00  1.6257913E-02
   7113.20  2.1826573E-02
   7113.40  1.8486751E-02
   7113.60  2.5164062E-02
   7113.80  1.3319467E-02
   7114.00  7.0494608E-03
   7114.20  4.8497638E-03
   7114.40  4.0059125E-03
   7114.60  4.1590835E-03
   7114.80  5.0909126E-03
   7115.00  7.2457375E-03
   7115.20  1.1956420E-02
   7115.40  2.0336863E-02
   7115.60  2.6658099E-02
   7115.80  2.2794803E-02
   7116.00  1.5878253E-02
   7116.20  1.1176592E-02
   7116.40  8.4334183E-03
   7116.60  6.8416117E-03
   7116.80  5.9297487E-03
   7117.00  5.4670995E-03
   7117.20  5.3584162E-03
   7117.40  5.5959818E-03
   7117.60  6.2472211E-03
   7117.80  7.4603601E-03
   7118.00  9.4583838E-03
   7118.20  1.2455194E-02
   7118.40  1.6427631E-02
   7118.60  2.0461188E-02
   7118.80  2.2841421E-02
   7119.00  2.2913144E-02
   7119.20  2.1443418E-02
   7119.40  1.9897416E-02
   7119.60  1.9116745E-02
   7119.80  1.9325079E-02
   7120.00  2.0335383E-02
   7120.20  2.1586489E-02
   7120.40  2.2488384E-02
   7120.60  2.2818522E-02
   7120.80  2.2772563E-02
   7121.00  2.2547876E-02
   7121.20  2.2281185E-02
   7121.40  2.2068520E-02
   7121.60  2.1938610E-02
   7121.80  2.1836304E-02
   7122.00  2.1688824E-02
   7122.20  2.1500792E-02
   7122.40  2.1329426E-02
   7122.60  2.1131821E-02
   7122.80  2.0782388E-02
   7123.00  2.0336377E-02
   7123.20  1.9935951E-02
   7123.40  1.9695069E-02
   7123.60  1.9655346E-02
   7123.80  1.9826079E-02
   7124.00  2.0133801E-02
   7124.20  2.0581904E-02
   7124.40  2.1109260E-02
   7124.60  2.1740437E-02
   7124.80  2.2537333E-02
   7125.00  2.3481033E-02
   7125.20  2.4523527E-02
   7125.40  2.5564635E-02
   7125.60  2.6705862E-02
   7125.80  2.8045490E-02
   7126.00  2.9514707E-02
   7126.20  3.0918092E-02
   7126.40  3.2033710E-02
   7126.60  3.2788753E-02
   7126.80  3.3268938E-02
   7127.00  3.3687789E-02
   7127.20  3.4059570E-02
   7127.40  3.4529995E-02
   7127.60  3.5144502E-02
   7127.80  3.5958659E-02
   7128.00  3.7078942E-02
   7128.20  3.8592436E-02
   7128.40  4.0403016E-02
   7128.60  4.2184810E-02
   7128.80  4.3559846E-02
   7129.00  4.4400674E-02
   7129.20  4.4958163E-02
   7129.40  4.5589442E-02
   7129.60  4.6459009E-02
   7129.80  4.7528673E-02
   7130.00  4.8671156E-02
   7130.20  4.9747828E-02
   7130.40  5.0644778E-02
   7130.60  5.1284124E-02
   7130.80  5.1622698E-02
   7131.00  5.1644467E-02
   7131.20  5.1355271E-02
   7131.40  5.0787201E-02
   7131.60  5.0004912E-02
   7131.80  4.9088433E-02
   7132.00  4.8092322E-02
   7132.20  4.7100760E-02
   7132.40  4.6260579E-02
   7132.60  4.5805949E-02
   7132.80  4.5920800E-02
   7133.00  4.6494022E-02
   7133.20  4.7128394E-02
   7133.40  4.7504247E-02
   7133.60  4.7560901E-02
   7133.80  4.7375449E-02
   7134.00  4.7035743E-02
   7134.20  4.6603063E-02
   7134.40  4.6117878E-02
   7134.60  4.5610517E-02
   7134.80  4.5107038E-02
   7135.00  4.4630348E-02
   7135.20  4.4199917E-02
   7135.40  4.3831074E-02
   7135.60  4.3534973E-02
   7135.80  4.3318316E-02
   7136.00  4.3183209E-02
   7136.20  4.3126190E-02
   7136.40  4.3137103E-02
   7136.60  4.3198307E-02
   7136.80  4.3285805E-02
   7137.00  4.3371692E-02
   7137.20  4.3427744E-02
   7137.40  4.3428708E-02
   7137.60  4.3354428E-02
   7137.80  4.3191113E-02
   7138.00  4.2935123E-02
   7138.20  4.2585066E-02
   7138.40  4.2160649E-02
   7138.60  4.1673595E-02
   7138.80  4.1144877E-02
   7139.00  4.0596084E-02
   7139.20  4.0046001E-02
   7139.40  3.9508934E-02
   7139.60  3.8994053E-02
   7139.80  3.8506065E-02
   7140.00  3.8046273E-02
   7140.20  3.7613776E-02
   7140.40  3.7206388E-02
   7140.60  3.6821274E-02
   7140.80  3.6455348E-02
   7141.00  3.6105477E-02
   7141.20  3.5768582E-02
   7141.40  3.5441789E-02
   7141.60  3.5119816E-02
   7141.80  3.4806656E-02
   7142.00  3.4496422E-02
   7142.20  3.4187430E-02
   7142.40  3.3878276E-02
   7142.60  3.3567218E-02
   7142.80  3.3257280E-02
   7143.00  3.2947269E-02
   7143.20  3.2639340E-02
   7143.40  3.2336373E-02
   7143.60  3.2041343E-02
   7143.80  3.1757492E-02
   7144.00  3.1488239E-02
   7144.20  3.1235942E-02
   7144.40  3.1002341E-02
   7144.60  3.0788618E-02
   7144.80  3.0593016E-02
   7145.00  3.0414137E-02
   7145.20  3.0250896E-02
   7145.40  3.0101972E-02
   7145.60  2.9965862E-02
   7145.80  2.9840844E-02
   7146.00  2.9725389E-02
   7146.20  2.9618123E-02
   7146.40  2.9518047E-02
   7146.60  2.9423919E-02
   7146.80  2.9334762E-02
   7147.00  2.9249685E-02
   7147.20  2.9167784E-02
   7147.40  2.9088229E-02
   7147.60  2.9009955E-02
   7147.80  2.8931744E-02
   7148.00  2.8852365E-02
   7148.20  2.8770607E-02
   7148.40  2.8685361E-02
   7148.60  2.8595832E-02
   7148.80  2.8501288E-02
   7149.00  2.8401307E-02
   7149.20  2.8295891E-02
   7149.40  2.8185418E-02
   7149.60  2.8070576E-02
   7149.80  2.7952331E-02
   7150.00  2.7832646E-02
   7150.20  2.7710578E-02
   7150.40  2.7587681E-02
   7150.60  2.7464857E-02
   7150.80  2.7342209E-02
   7151.00  2.7219777E-02
   7151.20  2.7097437E-02
   7151.40  2.6974988E-02
   7151.60  2.6851757E-02
   7151.80  2.6727118E-02
   7152.00  2.6601153E-02
   7152.20  2.6473680E-02
   7152.40  2.6343925E-02
   7152.60  2.6211417E-02
   7152.80  2.6076550E-02
   7153.00  2.5939063E-02
   7153.20  2.5799789E-02
   7153.40  2.5658554E-02
   7153.60  2.5515959E-02
   7153.80  2.5372942E-02
   7154.00  2.5229502E-02
   7154.20  2.5086200E-02
   7154.40  2.4944344E-02
   7154.60  2.4803829E-02
   7154.80  2.4670443E-02
   7155.00  2.4538485E-02
   7155.20  2.4406562E-02
   7155.40  2.4278489E-02
   7155.60  2.4155014E-02
   7155.80  2.4036894E-02
   7156.00  2.3925227E-02
   7156.20  2.3820679E-02
   7156.40  2.3723645E-02
   7156.60  2.3634717E-02
   7156.80  2.3554601E-02
   7157.00  2.3483729E-02
   7157.20  2.3421261E-02
   7157.40  2.3369803E-02
   7157.60  2.3327933E-02
   7157.80  2.3295673E-02
   7158.00  2.3278109E-02
   7158.20  2.3264933E-02
   7158.40  2.3262926E-02
   7158.60  2.3268362E-02
   7158.80  2.3282590E-02
   7159.00  2.3303477E-02
   7159.20  2.3337535E-02
   7159.40  2.3377065E-02
   7159.60  2.3424853E-02
   7159.80  2.3481200E-02
   7160.00  2.3544889E-02
   7160.20  2.3614934E-02
   7160.40  2.3694540E-02
   7160.60  2.3780999E-02
   7160.80  2.3874146E-02
   7161.00  2.3973735E-02
   7161.20  2.4079780E-02
   7161.40  2.4191654E-02
   7161.60  2.4309029E-02
   7161.80  2.4429722E-02
   7162.00  2.4557740E-02
   7162.20  2.4690662E-02
   7162.40  2.4828266E-02
   7162.60  2.4970326E-02
   7162.80  2.5116787E-02
   7163.00  2.5267314E-02
   7163.20  2.5421626E-02
   7163.40  2.5579356E-02
   7163.60  2.5740085E-02
   7163.80  2.5903375E-02
   7164.00  2.6068727E-02
   7164.20  2.6235597E-02
   7164.40  2.6403462E-02
   7164.60  2.6571640E-02
   7164.80  2.6739643E-02
   7165.00  2.6906665E-02
   7165.20  2.7072007E-02
   7165.40  2.7235066E-02
   7165.60  2.7395315E-02
   7165.80  2.7552132E-02
   7166.00  2.7705031E-02
   7166.20  2.7853711E-02
   7166.40  2.7997866E-02
   7166.60  2.8137224E-02
   7166.80  2.8271564E-02
   7167.00  2.8400565E-02
   7167.20  2.8524368E-02
   7167.40  2.8642779E-02
   7167.60  2.8755790E-02
   7167.80  2.8863366E-02
   7168.00  2.8965562E-02
   7168.20  2.9062598E-02
   7168.40  2.9154630E-02
   7168.60  2.9241731E-02
   7168.80  2.9324171E-02
   7169.00  2.9402430E-02
   7169.20  2.9476687E-02
   7169.40  2.9547097E-02
   7169.60  2.9614183E-02
   7169.80  2.9678087E-02
   7170.00  2.9739041E-02
   7170.20  2.9797500E-02
   7170.40  2.9853928E-02
   7170.60  2.9908560E-02
   7170.80  2.9961697E-02
   7171.00  3.0013879E-02
   7171.20  3.0065144E-02
   7171.40  3.0115801E-02
   7171.60  3.0166090E-02
   7171.80  3.0216285E-02
   7172.00  3.0266452E-02
