  7112.000   26  1  1  2.2139844E-01 -2.5129764E+00 -3.4428547E+00  1  1  7.2673866E+03  0.0000000E+00  0.0000000E+00  4.0438871E+00  1.0000000E+00  0.0000000E+00 = E_edge, Z, n_edge, j_edge, Abs_before_edge, VO_interstitial, E_cut, ninitl, ninit1, Epsii, UnitCell_Volume, Surface_ref, f0_forward, natomsym_f, abs_u_i
    Energy    <xanes>    
   7097.00  2.1991115E-05
   7097.20  2.2540019E-05
   7097.40  2.3326649E-05
   7097.60  2.4568152E-05
   7097.80  2.6859364E-05
   7098.00  3.2355000E-05
   7098.20  5.4898575E-05
   7098.40  8.6658672E-04
   7098.60  1.0715901E-04
   7098.80  4.1172966E-05
   7099.00  3.3264147E-05
   7099.20  3.2142882E-05
   7099.40  3.3485074E-05
   7099.60  3.6977428E-05
   7099.80  4.4088514E-05
   7100.00  6.0558298E-05
   7100.20  1.1724887E-04
   7100.40  8.7518110E-04
   7100.60  6.3492836E-04
   7100.80  2.4050639E-04
   7101.00  8.7238261E-03
   7101.20  2.8910131E-04
   7101.40  9.9362061E-05
   7101.60  7.3978868E-05
   7101.80  7.6543333E-05
   7102.00  1.0844580E-04
   7102.20  3.3541214E-04
   7102.40  5.1802847E-03
   7102.60  1.8181720E-03
   7102.80  3.9092540E-04
   7103.00  4.2468883E-02
   7103.20  4.3364371E-04
   7103.40  1.7395998E-04
   7103.60  1.6555058E-04
   7103.80  2.6549237E-04
   7104.00  1.0193390E-03
   7104.20  9.5248951E-03
   7104.40  3.2373282E-03
   7104.60  3.8764480E-04
   7104.80  1.7260271E-04
   7105.00  1.1407188E-04
   7105.20  1.1827034E-04
   7105.40  9.5337306E-05
   7105.60  8.2170719E-05
   7105.80  9.3029260E-05
   7106.00  1.3422644E-04
   7106.20  3.4187301E-04
   7106.40  2.5173578E-02
   7106.60  5.0449536E-04
   7106.80  1.6646821E-04
   7107.00  1.2561812E-04
   7107.20  7.3977591E-04
   7107.40  1.5235881E-04
   7107.60  2.4047765E-04
   7107.80  1.3795545E-02
   7108.00  8.4064413E-03
   7108.20  1.9988218E-03
   7108.40  2.6873349E-02
   7108.60  1.1191980E-02
   7108.80  8.5225086E-04
   7109.00  1.2858864E-03
   7109.20  4.9800088E-04
   7109.40  2.6790983E-03
   7109.60  1.2399047E-02
   7109.80  6.5574158E-04
   7110.00  3.5482380E-02
   7110.20  1.5717081E-02
   7110.40  1.0606274E-01
   7110.60  2.5898813E-02
   7110.80  2.5868290E-02
   7111.00  3.9571936E-02
   7111.20  2.5320691E-02
   7111.40  2.1047572E-02
   7111.60  2.7057843E-02
   7111.80  9.8636834E-02
   7112.00  4.0676275E-02
   7112.20  1.5751563E-02
   7112.40  9.7460991E-03
   7112.60  7.2035069E-03
   7112.80  5.9412452E-03
   7113.00  5.1548316E-03
   7113.20  4.6121016E-03
   7113.40  4.2085963E-03
   7113.60  3.9095995E-03
   7113.80  3.7317919E-03
   7114.00  3.6646064E-03
   7114.20  3.3937213E-03
   7114.40  3.1664909E-03
   7114.60  3.0458536E-03
   7114.80  2.9751526E-03
   7115.00  2.9287237E-03
   7115.20  2.9036194E-03
   7115.40  2.9064887E-03
   7115.60  2.9459103E-03
   7115.80  3.0286421E-03
   7116.00  3.1606119E-03
   7116.20  3.3493200E-03
   7116.40  3.6058239E-03
   7116.60  3.9456021E-03
   7116.80  4.3874201E-03
   7117.00  4.9259904E-03
   7117.20  5.5699084E-03
   7117.40  6.4381824E-03
   7117.60  7.6006986E-03
   7117.80  8.9986336E-03
   7118.00  1.0357574E-02
   7118.20  1.1536283E-02
   7118.40  1.2696440E-02
   7118.60  1.3781102E-02
   7118.80  1.4398564E-02
   7119.00  1.4395365E-02
   7119.20  1.4250328E-02
   7119.40  1.4524400E-02
   7119.60  1.5467726E-02
   7119.80  1.7192968E-02
   7120.00  1.9655663E-02
   7120.20  2.2435535E-02
   7120.40  2.4748570E-02
   7120.60  2.5883599E-02
   7120.80  2.5886447E-02
   7121.00  2.5756131E-02
   7121.20  2.6389247E-02
   7121.40  2.8047653E-02
   7121.60  3.0687862E-02
   7121.80  3.4337582E-02
   7122.00  3.9202909E-02
   7122.20  4.5631474E-02
   7122.40  5.4077686E-02
   7122.60  6.3987968E-02
   7122.80  7.3349092E-02
   7123.00  7.8333848E-02
   7123.20  7.7052654E-02
   7123.40  7.1731019E-02
   7123.60  6.5491553E-02
   7123.80  5.9980748E-02
   7124.00  5.5638402E-02
   7124.20  5.2421174E-02
   7124.40  5.0150750E-02
   7124.60  4.8709147E-02
   7124.80  4.7882914E-02
   7125.00  4.7497009E-02
   7125.20  4.7355868E-02
   7125.40  4.7240336E-02
   7125.60  4.6870831E-02
   7125.80  4.6182694E-02
   7126.00  4.5063714E-02
   7126.20  4.3619096E-02
   7126.40  4.2105303E-02
   7126.60  4.0832622E-02
   7126.80  4.0033863E-02
   7127.00  3.9611799E-02
   7127.20  3.9203362E-02
   7127.40  3.8485053E-02
   7127.60  3.7479887E-02
   7127.80  3.6454214E-02
   7128.00  3.5591216E-02
   7128.20  3.4929677E-02
   7128.40  3.4427728E-02
   7128.60  3.4021896E-02
   7128.80  3.3657193E-02
   7129.00  3.3298779E-02
   7129.20  3.2933669E-02
   7129.40  3.2565323E-02
   7129.60  3.2204402E-02
   7129.80  3.1863574E-02
   7130.00  3.1551791E-02
   7130.20  3.1273816E-02
   7130.40  3.1031883E-02
   7130.60  3.0827135E-02
   7130.80  3.0661089E-02
   7131.00  3.0536245E-02
   7131.20  3.0456492E-02
   7131.40  3.0426787E-02
   7131.60  3.0453832E-02
   7131.80  3.0547031E-02
   7132.00  3.0722001E-02
   7132.20  3.1004396E-02
   7132.40  3.1434783E-02
   7132.60  3.2072160E-02
   7132.80  3.2925183E-02
   7133.00  3.3823933E-02
   7133.20  3.4387503E-02
   7133.40  3.4357923E-02
   7133.60  3.3849733E-02
   7133.80  3.3122618E-02
   7134.00  3.2356013E-02
   7134.20  3.1632093E-02
   7134.40  3.0980419E-02
   7134.60  3.0408511E-02
   7134.80  2.9915106E-02
   7135.00  2.9495499E-02
   7135.20  2.9143288E-02
   7135.40  2.8851157E-02
   7135.60  2.8610999E-02
   7135.80  2.8414401E-02
   7136.00  2.8253442E-02
   7136.20  2.8121498E-02
   7136.40  2.8014097E-02
   7136.60  2.7929886E-02
   7136.80  2.7870904E-02
   7137.00  2.7878850E-02
   7137.20  2.7889375E-02
   7137.40  2.7945905E-02
   7137.60  2.8063765E-02
   7137.80  2.8227235E-02
   7138.00  2.8450698E-02
   7138.20  2.8733420E-02
   7138.40  2.9070556E-02
   7138.60  2.9453762E-02
   7138.80  2.9871915E-02
   7139.00  3.0312135E-02
   7139.20  3.0806512E-02
   7139.40  3.1258069E-02
   7139.60  3.1702752E-02
   7139.80  3.2137131E-02
   7140.00  3.2561950E-02
   7140.20  3.2980346E-02
   7140.40  3.3396627E-02
   7140.60  3.3814794E-02
   7140.80  3.4237179E-02
   7141.00  3.4662490E-02
   7141.20  3.5086059E-02
   7141.40  3.5500600E-02
   7141.60  3.5896395E-02
   7141.80  3.6263147E-02
   7142.00  3.6591433E-02
   7142.20  3.6873841E-02
   7142.40  3.7105738E-02
   7142.60  3.7285519E-02
   7142.80  3.7415017E-02
   7143.00  3.7497457E-02
   7143.20  3.7537453E-02
   7143.40  3.7540192E-02
   7143.60  3.7510622E-02
   7143.80  3.7452307E-02
   7144.00  3.7368512E-02
   7144.20  3.7260956E-02
   7144.40  3.7130782E-02
   7144.60  3.6979543E-02
   7144.80  3.6808657E-02
   7145.00  3.6620086E-02
   7145.20  3.6416554E-02
   7145.40  3.6200966E-02
   7145.60  3.5976284E-02
   7145.80  3.5745296E-02
   7146.00  3.5510509E-02
   7146.20  3.5273973E-02
   7146.40  3.5037540E-02
   7146.60  3.4802943E-02
   7146.80  3.4571754E-02
   7147.00  3.4345297E-02
   7147.20  3.4124288E-02
   7147.40  3.3909166E-02
   7147.60  3.3699912E-02
   7147.80  3.3495699E-02
   7148.00  3.3294835E-02
   7148.20  3.3095257E-02
   7148.40  3.2893852E-02
   7148.60  3.2686944E-02
   7148.80  3.2471207E-02
   7149.00  3.2236921E-02
   7149.20  3.1992917E-02
   7149.40  3.1729452E-02
   7149.60  3.1443528E-02
   7149.80  3.1134383E-02
   7150.00  3.0801027E-02
   7150.20  3.0442681E-02
   7150.40  3.0061021E-02
   7150.60  2.9658128E-02
   7150.80  2.9237590E-02
   7151.00  2.8803247E-02
   7151.20  2.8358811E-02
   7151.40  2.7908533E-02
   7151.60  2.7456527E-02
   7151.80  2.7005191E-02
   7152.00  2.6557415E-02
   7152.20  2.6115535E-02
   7152.40  2.5681847E-02
   7152.60  2.5257517E-02
   7152.80  2.4844196E-02
   7153.00  2.4443096E-02
   7153.20  2.4056308E-02
   7153.40  2.3684903E-02
   7153.60  2.3330133E-02
   7153.80  2.2993259E-02
   7154.00  2.2675636E-02
   7154.20  2.2379048E-02
   7154.40  2.2104489E-02
   7154.60  2.1852666E-02
   7154.80  2.1624333E-02
   7155.00  2.1420126E-02
   7155.20  2.1240714E-02
   7155.40  2.1086515E-02
   7155.60  2.0957219E-02
   7155.80  2.0852748E-02
   7156.00  2.0772970E-02
   7156.20  2.0717724E-02
   7156.40  2.0686770E-02
   7156.60  2.0680272E-02
   7156.80  2.0697842E-02
   7157.00  2.0739455E-02
   7157.20  2.0804614E-02
   7157.40  2.0893075E-02
   7157.60  2.1004799E-02
   7157.80  2.1139745E-02
   7158.00  2.1297949E-02
   7158.20  2.1479363E-02
   7158.40  2.1684153E-02
   7158.60  2.1912330E-02
   7158.80  2.2163856E-02
   7159.00  2.2439065E-02
   7159.20  2.2742279E-02
   7159.40  2.3065185E-02
   7159.60  2.3411997E-02
   7159.80  2.3782386E-02
   7160.00  2.4175836E-02
   7160.20  2.4591067E-02
   7160.40  2.5026250E-02
   7160.60  2.5479600E-02
   7160.80  2.5947976E-02
   7161.00  2.6427293E-02
   7161.20  2.6911996E-02
   7161.40  2.7396340E-02
   7161.60  2.7873526E-02
   7161.80  2.8336062E-02
   7162.00  2.8775958E-02
   7162.20  2.9183863E-02
   7162.40  2.9555442E-02
   7162.60  2.9883942E-02
   7162.80  3.0162806E-02
   7163.00  3.0393726E-02
   7163.20  3.0574702E-02
   7163.40  3.0707205E-02
   7163.60  3.0794322E-02
   7163.80  3.0840676E-02
   7164.00  3.0851986E-02
   7164.20  3.0834826E-02
   7164.40  3.0795562E-02
   7164.60  3.0740683E-02
   7164.80  3.0676477E-02
   7165.00  3.0608663E-02
   7165.20  3.0542190E-02
   7165.40  3.0481111E-02
   7165.60  3.0428364E-02
   7165.80  3.0386348E-02
   7166.00  3.0356828E-02
   7166.20  3.0340679E-02
   7166.40  3.0338466E-02
   7166.60  3.0349801E-02
   7166.80  3.0374004E-02
   7167.00  3.0410072E-02
   7167.20  3.0456742E-02
   7167.40  3.0512592E-02
   7167.60  3.0576112E-02
   7167.80  3.0646101E-02
   7168.00  3.0720741E-02
   7168.20  3.0798716E-02
   7168.40  3.0878933E-02
   7168.60  3.0960471E-02
   7168.80  3.1042683E-02
   7169.00  3.1124941E-02
   7169.20  3.1206960E-02
   7169.40  3.1288698E-02
   7169.60  3.1369931E-02
   7169.80  3.1450748E-02
   7170.00  3.1531130E-02
   7170.20  3.1611376E-02
   7170.40  3.1691651E-02
   7170.60  3.1771993E-02
   7170.80  3.1852414E-02
   7171.00  3.1933249E-02
   7171.20  3.2014343E-02
   7171.40  3.2095464E-02
   7171.60  3.2176399E-02
   7171.80  3.2256971E-02
   7172.00  3.2336735E-02
