  7112.000   26  1  1  1.8242920E-02 -1.9811939E+00 -1.7810427E+00  1  1  7.2657980E+03  0.0000000E+00  0.0000000E+00  2.7292876E+00  1.0000000E+00  0.0000000E+00 = E_edge, Z, n_edge, j_edge, Abs_before_edge, VO_interstitial, E_cut, ninitl, ninit1, Epsii, UnitCell_Volume, Surface_ref, f0_forward, natomsym_f, abs_u_i
    Energy    <xanes>    
   7097.00  1.4424243E-04
   7097.20  6.8569028E-04
   7097.40  6.3878611E-03
   7097.60  2.7037660E-04
   7097.80  9.7301916E-05
   7098.00  5.7528056E-05
   7098.20  4.2616872E-05
   7098.40  3.5671560E-05
   7098.60  3.2126098E-05
   7098.80  3.0373211E-05
   7099.00  2.9791761E-05
   7099.20  3.0211367E-05
   7099.40  3.1801275E-05
   7099.60  3.5241901E-05
   7099.80  4.2533181E-05
   7100.00  6.0897584E-05
   7100.20  1.3966588E-04
   7100.40  2.7693677E-02
   7100.60  2.6979259E-03
   7100.80  1.1130190E-03
   7101.00  1.2673772E-04
   7101.20  6.3428967E-05
   7101.40  5.0107002E-05
   7101.60  4.0475089E-05
   7101.80  1.2272055E-04
   7102.00  3.9901741E-05
   7102.20  3.7162500E-05
   7102.40  4.1080016E-05
   7102.60  5.2552743E-05
   7102.80  9.2621721E-05
   7103.00  6.0162220E-04
   7103.20  2.2254121E-02
   7103.40  5.5486346E-04
   7103.60  9.4378785E-05
   7103.80  1.1764199E-03
   7104.00  3.1939699E-04
   7104.20  2.2358938E-04
   7104.40  1.2673228E-03
   7104.60  3.2187052E-04
   7104.80  6.8106739E-04
   7105.00  1.3184387E-04
   7105.20  3.8433983E-04
   7105.40  1.0040768E-03
   7105.60  1.1210497E-04
   7105.80  6.5561198E-05
   7106.00  5.6746691E-05
   7106.20  6.0635063E-05
   7106.40  2.2695214E-04
   7106.60  1.0076649E-04
   7106.80  3.7443211E-04
   7107.00  5.8705372E-04
   7107.20  3.0466609E-04
   7107.40  1.0951217E-02
   7107.60  3.3195318E-03
   7107.80  4.4432174E-04
   7108.00  2.8661333E-04
   7108.20  3.2232668E-02
   7108.40  5.7121744E-03
   7108.60  1.3723106E-03
   7108.80  8.0788413E-04
   7109.00  1.4130362E-03
   7109.20  6.4572909E-03
   7109.40  1.1147917E-02
   7109.60  4.2456516E-03
   7109.80  1.6920597E-03
   7110.00  1.5640279E-03
   7110.20  4.8132679E-03
   7110.40  1.5586357E-02
   7110.60  3.8091815E-03
   7110.80  7.5284874E-03
   7111.00  3.2169944E-03
   7111.20  2.6549462E-02
   7111.40  2.5650259E-02
   7111.60  1.2664105E-02
   7111.80  1.8589106E-02
   7112.00  1.3299856E-02
   7112.20  1.9538202E-02
   7112.40  2.1346854E-02
   7112.60  2.7046612E-02
   7112.80  2.1522275E-02
   7113.00  4.0717922E-02
   7113.20  6.0078867E-02
   7113.40  2.7757909E-02
   7113.60  3.3816270E-02
   7113.80  5.4795312E-02
   7114.00  1.8587053E-02
   7114.20  8.3930963E-03
   7114.40  4.5183407E-03
   7114.60  2.9979614E-03
   7114.80  2.3872603E-03
   7115.00  2.2222357E-03
   7115.20  2.3999168E-03
   7115.40  3.0566014E-03
   7115.60  4.7886646E-03
   7115.80  9.7245783E-03
   7116.00  2.1816694E-02
   7116.20  2.0121662E-02
   7116.40  1.2861839E-02
   7116.60  1.3160513E-02
   7116.80  2.4803001E-02
   7117.00  4.5280243E-02
   7117.20  2.0771879E-02
   7117.40  1.0322536E-02
   7117.60  6.7502992E-03
   7117.80  5.3306480E-03
   7118.00  4.7893759E-03
   7118.20  4.6590906E-03
   7118.40  4.5472987E-03
   7118.60  4.2882213E-03
   7118.80  4.3250953E-03
   7119.00  4.5624593E-03
   7119.20  4.7474044E-03
   7119.40  4.7641878E-03
   7119.60  4.9008868E-03
   7119.80  5.8350925E-03
   7120.00  6.1313409E-03
   7120.20  5.0383223E-03
   7120.40  4.7213055E-03
   7120.60  4.9466438E-03
   7120.80  5.2089170E-03
   7121.00  5.2441891E-03
   7121.20  5.0943001E-03
   7121.40  4.8746224E-03
   7121.60  4.6894337E-03
   7121.80  4.6311114E-03
   7122.00  4.7506446E-03
   7122.20  5.1114607E-03
   7122.40  5.7969129E-03
   7122.60  6.8287078E-03
   7122.80  8.1803423E-03
   7123.00  9.9578772E-03
   7123.20  1.1710539E-02
   7123.40  1.2617386E-02
   7123.60  1.2712620E-02
   7123.80  1.2634307E-02
   7124.00  1.2788441E-02
   7124.20  1.3288640E-02
   7124.40  1.4158037E-02
   7124.60  1.5369674E-02
   7124.80  1.6810414E-02
   7125.00  1.8353852E-02
   7125.20  1.9954816E-02
   7125.40  2.1539187E-02
   7125.60  2.2944259E-02
   7125.80  2.4013510E-02
   7126.00  2.4663890E-02
   7126.20  2.4977424E-02
   7126.40  2.5205496E-02
   7126.60  2.5556193E-02
   7126.80  2.6133344E-02
   7127.00  2.6876809E-02
   7127.20  2.7618537E-02
   7127.40  2.8198349E-02
   7127.60  2.8595273E-02
   7127.80  2.8902359E-02
   7128.00  2.9273797E-02
   7128.20  2.9873912E-02
   7128.40  3.0745823E-02
   7128.60  3.1849747E-02
   7128.80  3.3069402E-02
   7129.00  3.4124739E-02
   7129.20  3.4839173E-02
   7129.40  3.5198331E-02
   7129.60  3.5430649E-02
   7129.80  3.5812356E-02
   7130.00  3.6440770E-02
   7130.20  3.7245332E-02
   7130.40  3.8140956E-02
   7130.60  3.9135032E-02
   7130.80  4.0396906E-02
   7131.00  4.1965160E-02
   7131.20  4.3923146E-02
   7131.40  4.6225201E-02
   7131.60  4.8736970E-02
   7131.80  5.1254854E-02
   7132.00  5.3535321E-02
   7132.20  5.5341352E-02
   7132.40  5.6487338E-02
   7132.60  5.6927588E-02
   7132.80  5.6775220E-02
   7133.00  5.6257917E-02
   7133.20  5.5631911E-02
   7133.40  5.5125602E-02
   7133.60  5.4928053E-02
   7133.80  5.5173442E-02
   7134.00  5.5871465E-02
   7134.20  5.6829239E-02
   7134.40  5.7699821E-02
   7134.60  5.8182035E-02
   7134.80  5.8156886E-02
   7135.00  5.7633194E-02
   7135.20  5.6673213E-02
   7135.40  5.5388446E-02
   7135.60  5.3914717E-02
   7135.80  5.2364694E-02
   7136.00  5.0819865E-02
   7136.20  4.9348319E-02
   7136.40  4.8012102E-02
   7136.60  4.6859846E-02
   7136.80  4.5917960E-02
   7137.00  4.5187185E-02
   7137.20  4.4644691E-02
   7137.40  4.4249261E-02
   7137.60  4.3948474E-02
   7137.80  4.3687708E-02
   7138.00  4.3426013E-02
   7138.20  4.3131929E-02
   7138.40  4.2788028E-02
   7138.60  4.2396462E-02
   7138.80  4.1969463E-02
   7139.00  4.1523612E-02
   7139.20  4.1075714E-02
   7139.40  4.0640365E-02
   7139.60  4.0229391E-02
   7139.80  3.9852019E-02
   7140.00  3.9515922E-02
   7140.20  3.9227953E-02
   7140.40  3.8994704E-02
   7140.60  3.8822395E-02
   7140.80  3.8716921E-02
   7141.00  3.8683833E-02
   7141.20  3.8727795E-02
   7141.40  3.8852369E-02
   7141.60  3.9059857E-02
   7141.80  3.9350929E-02
   7142.00  3.9724147E-02
   7142.20  4.0175448E-02
   7142.40  4.0697269E-02
   7142.60  4.1276791E-02
   7142.80  4.1894171E-02
   7143.00  4.2520780E-02
   7143.20  4.3117697E-02
   7143.40  4.3635969E-02
   7143.60  4.4021526E-02
   7143.80  4.4223398E-02
   7144.00  4.4204650E-02
   7144.20  4.3951750E-02
   7144.40  4.3476572E-02
   7144.60  4.2861575E-02
   7144.80  4.2104482E-02
   7145.00  4.1239566E-02
   7145.20  4.0303000E-02
   7145.40  3.9325369E-02
   7145.60  3.8332367E-02
   7145.80  3.7346601E-02
   7146.00  3.6389094E-02
   7146.20  3.5480392E-02
   7146.40  3.4639792E-02
   7146.60  3.3884295E-02
   7146.80  3.3227495E-02
   7147.00  3.2678046E-02
   7147.20  3.2226904E-02
   7147.40  3.1874341E-02
   7147.60  3.1653952E-02
   7147.80  3.1511570E-02
   7148.00  3.1473204E-02
   7148.20  3.1506379E-02
   7148.40  3.1598188E-02
   7148.60  3.1735560E-02
   7148.80  3.1906527E-02
   7149.00  3.2097646E-02
   7149.20  3.2297434E-02
   7149.40  3.2501222E-02
   7149.60  3.2700228E-02
   7149.80  3.2889702E-02
   7150.00  3.3067937E-02
   7150.20  3.3233669E-02
   7150.40  3.3387343E-02
   7150.60  3.3530372E-02
   7150.80  3.3664633E-02
   7151.00  3.3791985E-02
   7151.20  3.3914374E-02
   7151.40  3.4033823E-02
   7151.60  3.4148428E-02
   7151.80  3.4268172E-02
   7152.00  3.4389133E-02
   7152.20  3.4511525E-02
   7152.40  3.4635580E-02
   7152.60  3.4761415E-02
   7152.80  3.4888552E-02
   7153.00  3.5016444E-02
   7153.20  3.5144379E-02
   7153.40  3.5271695E-02
   7153.60  3.5397800E-02
   7153.80  3.5522031E-02
   7154.00  3.5643542E-02
   7154.20  3.5761692E-02
   7154.40  3.5875847E-02
   7154.60  3.5985331E-02
   7154.80  3.6089100E-02
   7155.00  3.6186338E-02
   7155.20  3.6276114E-02
   7155.40  3.6357529E-02
   7155.60  3.6429665E-02
   7155.80  3.6491757E-02
   7156.00  3.6543269E-02
   7156.20  3.6583649E-02
   7156.40  3.6612703E-02
   7156.60  3.6630510E-02
   7156.80  3.6637067E-02
   7157.00  3.6632745E-02
   7157.20  3.6617960E-02
   7157.40  3.6593234E-02
   7157.60  3.6559128E-02
   7157.80  3.6516302E-02
   7158.00  3.6465315E-02
   7158.20  3.6406760E-02
   7158.40  3.6340731E-02
   7158.60  3.6267476E-02
   7158.80  3.6186985E-02
   7159.00  3.6099225E-02
   7159.20  3.6004099E-02
   7159.40  3.5901370E-02
   7159.60  3.5790665E-02
   7159.80  3.5671422E-02
   7160.00  3.5542643E-02
   7160.20  3.5407527E-02
   7160.40  3.5261638E-02
   7160.60  3.5105859E-02
   7160.80  3.4939820E-02
   7161.00  3.4764774E-02
   7161.20  3.4576907E-02
   7161.40  3.4378909E-02
   7161.60  3.4169365E-02
   7161.80  3.3948607E-02
   7162.00  3.3717030E-02
   7162.20  3.3474787E-02
   7162.40  3.3222211E-02
   7162.60  3.2957327E-02
   7162.80  3.2685009E-02
   7163.00  3.2406194E-02
   7163.20  3.2121275E-02
   7163.40  3.1831755E-02
   7163.60  3.1540026E-02
   7163.80  3.1247553E-02
   7164.00  3.0956267E-02
   7164.20  3.0668305E-02
   7164.40  3.0385804E-02
   7164.60  3.0110931E-02
   7164.80  2.9844639E-02
   7165.00  2.9588285E-02
   7165.20  2.9342905E-02
   7165.40  2.9109278E-02
   7165.60  2.8888129E-02
   7165.80  2.8679995E-02
   7166.00  2.8484420E-02
   7166.20  2.8301285E-02
   7166.40  2.8130339E-02
   7166.60  2.7971289E-02
   7166.80  2.7823886E-02
   7167.00  2.7687858E-02
   7167.20  2.7562368E-02
   7167.40  2.7446727E-02
   7167.60  2.7340328E-02
   7167.80  2.7237733E-02
   7168.00  2.7148189E-02
   7168.20  2.7067579E-02
   7168.40  2.6992559E-02
   7168.60  2.6923798E-02
   7168.80  2.6860342E-02
   7169.00  2.6801416E-02
   7169.20  2.6746326E-02
   7169.40  2.6694323E-02
   7169.60  2.6644792E-02
   7169.80  2.6596997E-02
   7170.00  2.6550436E-02
   7170.20  2.6504922E-02
   7170.40  2.6459827E-02
   7170.60  2.6415005E-02
   7170.80  2.6370384E-02
   7171.00  2.6326079E-02
   7171.20  2.6282352E-02
   7171.40  2.6239572E-02
   7171.60  2.6198165E-02
   7171.80  2.6158633E-02
   7172.00  2.6121767E-02
