  7112.000   26  1  1  5.1069904E-02 -3.2361222E+00 -2.5792710E+00  1  1  7.2667374E+03  0.0000000E+00  0.0000000E+00  4.7562380E+00  1.0000000E+00  0.0000000E+00 = E_edge, Z, n_edge, j_edge, Abs_before_edge, VO_interstitial, E_cut, ninitl, ninit1, Epsii, UnitCell_Volume, Surface_ref, f0_forward, natomsym_f, abs_u_i
    Energy    <xanes>    
   7097.00  5.9339988E-05
   7097.20  8.8248348E-05
   7097.40  1.6887888E-04
   7097.60  6.0772382E-04
   7097.80  1.1175857E-01
   7098.00  7.1103591E-04
   7098.20  1.8775706E-04
   7098.40  9.7235607E-05
   7098.60  6.7329500E-05
   7098.80  5.5000766E-05
   7099.00  5.0261620E-05
   7099.20  5.0404137E-05
   7099.40  5.5885443E-05
   7099.60  7.1613687E-05
   7099.80  1.2075723E-04
   7100.00  4.4057681E-04
   7100.20  8.2572491E-03
   7100.40  7.3607451E-04
   7100.60  1.1723114E-03
   7100.80  1.7173830E-04
   7101.00  7.8650116E-05
   7101.20  5.9685520E-05
   7101.40  5.5021906E-05
   7101.60  6.5217654E-05
   7101.80  4.8690789E-04
   7102.00  1.3818598E-04
   7102.20  1.2471128E-04
   7102.40  7.2272733E-05
   7102.60  9.2418625E-05
   7102.80  1.8830136E-04
   7103.00  2.5368779E-03
   7103.20  6.2824797E-04
   7103.40  5.1530489E-03
   7103.60  4.2297210E-04
   7103.80  1.5369781E-04
   7104.00  1.6459654E-04
   7104.20  1.4132169E-03
   7104.40  6.4995958E-04
   7104.60  5.0307405E-04
   7104.80  1.4506518E-04
   7105.00  1.5352801E-04
   7105.20  2.2745637E-04
   7105.40  8.1837299E-04
   7105.60  3.7797349E-02
   7105.80  1.7017929E-03
   7106.00  5.5417974E-03
   7106.20  1.0967666E-02
   7106.40  5.3563004E-04
   7106.60  2.4702913E-04
   7106.80  2.0126314E-04
   7107.00  2.6864030E-04
   7107.20  1.4145754E-03
   7107.40  5.2311836E-03
   7107.60  8.5244710E-04
   7107.80  6.3919387E-03
   7108.00  8.8771502E-04
   7108.20  3.2311815E-03
   7108.40  2.8266082E-03
   7108.60  4.3757143E-02
   7108.80  7.6328985E-03
   7109.00  1.9488534E-03
   7109.20  2.3242954E-03
   7109.40  2.9882252E-02
   7109.60  8.5584861E-03
   7109.80  8.9566404E-03
   7110.00  1.1145416E-02
   7110.20  1.0739334E-02
   7110.40  1.5551644E-02
   7110.60  1.1201813E-02
   7110.80  1.1002844E-02
   7111.00  8.5760910E-03
   7111.20  7.5247031E-03
   7111.40  1.1696208E-02
   7111.60  2.9386844E-02
   7111.80  9.0874504E-02
   7112.00  6.9257863E-02
   7112.20  4.5153593E-02
   7112.40  2.0372755E-02
   7112.60  1.3883213E-02
   7112.80  1.1315833E-02
   7113.00  1.0149556E-02
   7113.20  9.6061887E-03
   7113.40  9.3604404E-03
   7113.60  9.2282918E-03
   7113.80  8.9472514E-03
   7114.00  8.3497663E-03
   7114.20  7.1390981E-03
   7114.40  6.2693976E-03
   7114.60  5.4771888E-03
   7114.80  4.7978880E-03
   7115.00  4.3119655E-03
   7115.20  3.9515142E-03
   7115.40  3.6463461E-03
   7115.60  3.3444696E-03
   7115.80  3.0972942E-03
   7116.00  2.9298979E-03
   7116.20  2.8288713E-03
   7116.40  2.7811375E-03
   7116.60  2.7805373E-03
   7116.80  2.8268591E-03
   7117.00  2.9257544E-03
   7117.20  3.0904739E-03
   7117.40  3.3459079E-03
   7117.60  3.7343988E-03
   7117.80  4.3114228E-03
   7118.00  5.1708589E-03
   7118.20  6.5071289E-03
   7118.40  8.3052027E-03
   7118.60  9.5236778E-03
   7118.80  9.1056799E-03
   7119.00  8.0350161E-03
   7119.20  7.2636100E-03
   7119.40  7.0718618E-03
   7119.60  7.3897478E-03
   7119.80  8.2676346E-03
   7120.00  9.6029362E-03
   7120.20  1.0293385E-02
   7120.40  1.0249046E-02
   7120.60  1.0590156E-02
   7120.80  1.1471428E-02
   7121.00  1.2774598E-02
   7121.20  1.4422835E-02
   7121.40  1.6343893E-02
   7121.60  1.8487694E-02
   7121.80  2.0913065E-02
   7122.00  2.3914912E-02
   7122.20  2.7921354E-02
   7122.40  3.2521665E-02
   7122.60  3.6335839E-02
   7122.80  3.9079166E-02
   7123.00  4.1365377E-02
   7123.20  4.3479408E-02
   7123.40  4.5421093E-02
   7123.60  4.7167348E-02
   7123.80  4.8796920E-02
   7124.00  5.0452292E-02
   7124.20  5.2247271E-02
   7124.40  5.4166850E-02
   7124.60  5.6011975E-02
   7124.80  5.7430478E-02
   7125.00  5.8026689E-02
   7125.20  5.7390294E-02
   7125.40  5.5638441E-02
   7125.60  5.3012565E-02
   7125.80  4.9906923E-02
   7126.00  4.6707553E-02
   7126.20  4.3702641E-02
   7126.40  4.1083675E-02
   7126.60  3.8918528E-02
   7126.80  3.7247697E-02
   7127.00  3.5957109E-02
   7127.20  3.4964893E-02
   7127.40  3.4187507E-02
   7127.60  3.3535069E-02
   7127.80  3.2917039E-02
   7128.00  3.2269349E-02
   7128.20  3.1582952E-02
   7128.40  3.0906786E-02
   7128.60  3.0317255E-02
   7128.80  2.9870729E-02
   7129.00  2.9574255E-02
   7129.20  2.9395257E-02
   7129.40  2.9294651E-02
   7129.60  2.9247210E-02
   7129.80  2.9235803E-02
   7130.00  2.9237787E-02
   7130.20  2.9221197E-02
   7130.40  2.9152796E-02
   7130.60  2.9011008E-02
   7130.80  2.8797048E-02
   7131.00  2.8531272E-02
   7131.20  2.8250211E-02
   7131.40  2.7990220E-02
   7131.60  2.7777405E-02
   7131.80  2.7624013E-02
   7132.00  2.7532092E-02
   7132.20  2.7498428E-02
   7132.40  2.7518409E-02
   7132.60  2.7586690E-02
   7132.80  2.7697140E-02
   7133.00  2.7842343E-02
   7133.20  2.8015032E-02
   7133.40  2.8209292E-02
   7133.60  2.8421824E-02
   7133.80  2.8653096E-02
   7134.00  2.8907220E-02
   7134.20  2.9191295E-02
   7134.40  2.9513799E-02
   7134.60  2.9883645E-02
   7134.80  3.0308926E-02
   7135.00  3.0795730E-02
   7135.20  3.1347878E-02
   7135.40  3.1966684E-02
   7135.60  3.2652527E-02
   7135.80  3.3405858E-02
   7136.00  3.4228092E-02
   7136.20  3.5121962E-02
   7136.40  3.6090431E-02
   7136.60  3.7137206E-02
   7136.80  3.8254469E-02
   7137.00  3.9430075E-02
   7137.20  4.0645554E-02
   7137.40  4.1876765E-02
   7137.60  4.3096743E-02
   7137.80  4.4279664E-02
   7138.00  4.5404459E-02
   7138.20  4.6456595E-02
   7138.40  4.7427492E-02
   7138.60  4.8314302E-02
   7138.80  4.9115307E-02
   7139.00  4.9821125E-02
   7139.20  5.0407708E-02
   7139.40  5.0836305E-02
   7139.60  5.1061213E-02
   7139.80  5.1043207E-02
   7140.00  5.0714324E-02
   7140.20  5.0136264E-02
   7140.40  4.9348005E-02
   7140.60  4.8405768E-02
   7140.80  4.7369666E-02
   7141.00  4.6294111E-02
   7141.20  4.5222590E-02
   7141.40  4.4186724E-02
   7141.60  4.3206959E-02
   7141.80  4.2294750E-02
   7142.00  4.1455057E-02
   7142.20  4.0688166E-02
   7142.40  3.9991632E-02
   7142.60  3.9361449E-02
   7142.80  3.8793005E-02
   7143.00  3.8281908E-02
   7143.20  3.7821793E-02
   7143.40  3.7408079E-02
   7143.60  3.7038021E-02
   7143.80  3.6709506E-02
   7144.00  3.6420233E-02
   7144.20  3.6168368E-02
   7144.40  3.5952584E-02
   7144.60  3.5771898E-02
   7144.80  3.5625434E-02
   7145.00  3.5512681E-02
   7145.20  3.5433166E-02
   7145.40  3.5386281E-02
   7145.60  3.5371884E-02
   7145.80  3.5388933E-02
   7146.00  3.5436219E-02
   7146.20  3.5512296E-02
   7146.40  3.5614358E-02
   7146.60  3.5738775E-02
   7146.80  3.5880976E-02
   7147.00  3.6035515E-02
   7147.20  3.6196007E-02
   7147.40  3.6356535E-02
   7147.60  3.6512058E-02
   7147.80  3.6658831E-02
   7148.00  3.6794447E-02
   7148.20  3.6918069E-02
   7148.40  3.7030064E-02
   7148.60  3.7131468E-02
   7148.80  3.7223407E-02
   7149.00  3.7306513E-02
   7149.20  3.7381031E-02
   7149.40  3.7446725E-02
   7149.60  3.7502735E-02
   7149.80  3.7547755E-02
   7150.00  3.7580010E-02
   7150.20  3.7599584E-02
   7150.40  3.7603882E-02
   7150.60  3.7590609E-02
   7150.80  3.7558673E-02
   7151.00  3.7507356E-02
   7151.20  3.7436050E-02
   7151.40  3.7344522E-02
   7151.60  3.7233112E-02
   7151.80  3.7102499E-02
   7152.00  3.6953520E-02
   7152.20  3.6786996E-02
   7152.40  3.6604328E-02
   7152.60  3.6406292E-02
   7152.80  3.6194011E-02
   7153.00  3.5968389E-02
   7153.20  3.5730309E-02
   7153.40  3.5480217E-02
   7153.60  3.5218530E-02
   7153.80  3.4945277E-02
   7154.00  3.4660450E-02
   7154.20  3.4363367E-02
   7154.40  3.4052973E-02
   7154.60  3.3728335E-02
   7154.80  3.3388587E-02
   7155.00  3.3032883E-02
   7155.20  3.2660321E-02
   7155.40  3.2270244E-02
   7155.60  3.1862617E-02
   7155.80  3.1437206E-02
   7156.00  3.0994197E-02
   7156.20  3.0533720E-02
   7156.40  3.0056860E-02
   7156.60  2.9564521E-02
   7156.80  2.9058997E-02
   7157.00  2.8541554E-02
   7157.20  2.8014529E-02
   7157.40  2.7480874E-02
   7157.60  2.6942702E-02
   7157.80  2.6402129E-02
   7158.00  2.5862611E-02
   7158.20  2.5325779E-02
   7158.40  2.4793861E-02
   7158.60  2.4268955E-02
   7158.80  2.3753870E-02
   7159.00  2.3251287E-02
   7159.20  2.2759820E-02
   7159.40  2.2276769E-02
   7159.60  2.1811490E-02
   7159.80  2.1361137E-02
   7160.00  2.0925541E-02
   7160.20  2.0503346E-02
   7160.40  2.0099041E-02
   7160.60  1.9710224E-02
   7160.80  1.9338212E-02
   7161.00  1.8982347E-02
   7161.20  1.8642704E-02
   7161.40  1.8319330E-02
   7161.60  1.8012222E-02
   7161.80  1.7721348E-02
   7162.00  1.7447545E-02
   7162.20  1.7189838E-02
   7162.40  1.6948114E-02
   7162.60  1.6722401E-02
   7162.80  1.6512597E-02
   7163.00  1.6318613E-02
   7163.20  1.6140514E-02
   7163.40  1.5978821E-02
   7163.60  1.5833171E-02
   7163.80  1.5703687E-02
   7164.00  1.5590624E-02
   7164.20  1.5494243E-02
   7164.40  1.5414918E-02
   7164.60  1.5353020E-02
   7164.80  1.5308831E-02
   7165.00  1.5282994E-02
   7165.20  1.5275518E-02
   7165.40  1.5286745E-02
   7165.60  1.5317007E-02
   7165.80  1.5366538E-02
   7166.00  1.5435427E-02
   7166.20  1.5523870E-02
   7166.40  1.5631755E-02
   7166.60  1.5759270E-02
   7166.80  1.5906063E-02
   7167.00  1.6071455E-02
   7167.20  1.6254935E-02
   7167.40  1.6455683E-02
   7167.60  1.6672876E-02
   7167.80  1.6905541E-02
   7168.00  1.7152666E-02
   7168.20  1.7412979E-02
   7168.40  1.7685044E-02
   7168.60  1.7967864E-02
   7168.80  1.8260042E-02
   7169.00  1.8560252E-02
   7169.20  1.8867243E-02
   7169.40  1.9179846E-02
   7169.60  1.9496843E-02
   7169.80  1.9817304E-02
   7170.00  2.0140195E-02
   7170.20  2.0464332E-02
   7170.40  2.0788761E-02
   7170.60  2.1112869E-02
   7170.80  2.1435802E-02
   7171.00  2.1757043E-02
   7171.20  2.2076010E-02
   7171.40  2.2392196E-02
   7171.60  2.2705209E-02
   7171.80  2.3014657E-02
   7172.00  2.3320263E-02
