  7112.000   26  1  1  1.7715117E-02 -4.8124211E+00 -8.4419404E-01  1  1  7.2656092E+03  0.0000000E+00  0.0000000E+00  3.7538972E+00  1.0000000E+00  0.0000000E+00 = E_edge, Z, n_edge, j_edge, Abs_before_edge, VO_interstitial, E_cut, ninitl, ninit1, Epsii, UnitCell_Volume, Surface_ref, f0_forward, natomsym_f, abs_u_i
    Energy    <xanes>    
   7097.00  3.5095370E-05
   7097.20  5.1364919E-05
   7097.40  1.9031648E-04
   7097.60  6.8509690E-04
   7097.80  6.8424646E-05
   7098.00  4.1865289E-05
   7098.20  3.7628492E-05
   7098.40  3.9911478E-05
   7098.60  4.9248927E-05
   7098.80  7.8367689E-05
   7099.00  2.3439831E-04
   7099.20  6.3620258E-02
   7099.40  2.5899567E-04
   7099.60  8.5498742E-05
   7099.80  5.8269952E-05
   7100.00  6.4422015E-05
   7100.20  1.0918944E-04
   7100.40  1.7709452E-03
   7100.60  1.9196926E-04
   7100.80  5.9495712E-05
   7101.00  4.1078604E-05
   7101.20  3.5524233E-05
   7101.40  3.3568288E-05
   7101.60  3.3208810E-05
   7101.80  3.4306706E-05
   7102.00  3.5710317E-05
   7102.20  3.9587252E-05
   7102.40  5.3398777E-05
   7102.60  2.3111986E-03
   7102.80  2.5028732E-04
   7103.00  7.7075155E-05
   7103.20  1.3299514E-04
   7103.40  7.0542754E-04
   7103.60  4.4324816E-03
   7103.80  4.5621500E-03
   7104.00  5.1693841E-04
   7104.20  1.4618339E-04
   7104.40  9.6658928E-05
   7104.60  8.7888525E-05
   7104.80  2.1932139E-04
   7105.00  1.3490306E-04
   7105.20  2.4732387E-04
   7105.40  3.5756083E-04
   7105.60  1.8933750E-03
   7105.80  7.6450901E-04
   7106.00  2.5158211E-03
   7106.20  1.8908179E-02
   7106.40  2.2720226E-03
   7106.60  2.2242339E-03
   7106.80  3.5048829E-04
   7107.00  6.6829267E-04
   7107.20  2.8673205E-03
   7107.40  2.4634166E-03
   7107.60  1.0795923E-03
   7107.80  1.0721953E-03
   7108.00  1.2372863E-03
   7108.20  3.5408789E-03
   7108.40  1.3453001E-02
   7108.60  4.9362663E-02
   7108.80  3.5423725E-02
   7109.00  1.5988744E-02
   7109.20  1.0729586E-02
   7109.40  1.1743244E-02
   7109.60  2.2348943E-02
   7109.80  3.3163470E-02
   7110.00  3.6134704E-02
   7110.20  2.5341327E-02
   7110.40  1.7231974E-02
   7110.60  2.3285211E-02
   7110.80  1.6051809E-02
   7111.00  2.1612097E-02
   7111.20  1.9580471E-02
   7111.40  1.1925032E-02
   7111.60  7.3332949E-03
   7111.80  4.9198340E-03
   7112.00  3.5612352E-03
   7112.20  2.7005491E-03
   7112.40  2.1062128E-03
   7112.60  1.6849963E-03
   7112.80  1.4178447E-03
   7113.00  1.3616087E-03
   7113.20  1.9082736E-03
   7113.40  2.7792448E-03
   7113.60  1.4173479E-03
   7113.80  1.5301497E-03
   7114.00  2.1739276E-03
   7114.20  3.9760897E-03
   7114.40  9.1744152E-03
   7114.60  1.9918727E-02
   7114.80  1.5951253E-02
   7115.00  8.5567536E-03
   7115.20  5.4571791E-03
   7115.40  4.1017245E-03
   7115.60  3.3994345E-03
   7115.80  2.9879063E-03
   7116.00  2.7037901E-03
   7116.20  2.4859170E-03
   7116.40  2.3100349E-03
   7116.60  2.1660050E-03
   7116.80  2.0485750E-03
   7117.00  1.9544363E-03
   7117.20  1.8809013E-03
   7117.40  1.8243864E-03
   7117.60  1.7825517E-03
   7117.80  1.7585224E-03
   7118.00  1.7556654E-03
   7118.20  1.7759963E-03
   7118.40  1.8211684E-03
   7118.60  1.8903829E-03
   7118.80  1.9784856E-03
   7119.00  2.0807707E-03
   7119.20  2.1936450E-03
   7119.40  2.3108593E-03
   7119.60  2.4229504E-03
   7119.80  2.5197515E-03
   7120.00  2.6014978E-03
   7120.20  2.6895193E-03
   7120.40  2.8186286E-03
   7120.60  3.0192402E-03
   7120.80  3.3160474E-03
   7121.00  3.7386057E-03
   7121.20  4.2583091E-03
   7121.40  4.9313530E-03
   7121.60  5.7997111E-03
   7121.80  6.9238607E-03
   7122.00  8.3678600E-03
   7122.20  1.0150853E-02
   7122.40  1.2206034E-02
   7122.60  1.4298059E-02
   7122.80  1.5998391E-02
   7123.00  1.6857580E-02
   7123.20  1.6780313E-02
   7123.40  1.6208076E-02
   7123.60  1.5803548E-02
   7123.80  1.6033907E-02
   7124.00  1.6951713E-02
   7124.20  1.8070449E-02
   7124.40  1.8724142E-02
   7124.60  1.9007701E-02
   7124.80  1.9816404E-02
   7125.00  2.1675957E-02
   7125.20  2.4058226E-02
   7125.40  2.5864646E-02
   7125.60  2.6601437E-02
   7125.80  2.6963283E-02
   7126.00  2.7647532E-02
   7126.20  2.8875816E-02
   7126.40  3.0582744E-02
   7126.60  3.2632506E-02
   7126.80  3.4858447E-02
   7127.00  3.6945116E-02
   7127.20  3.8533113E-02
   7127.40  3.9510358E-02
   7127.60  4.0014134E-02
   7127.80  4.0193955E-02
   7128.00  4.0054491E-02
   7128.20  3.9432161E-02
   7128.40  3.8621691E-02
   7128.60  3.7752366E-02
   7128.80  3.7179837E-02
   7129.00  3.7119674E-02
   7129.20  3.7513443E-02
   7129.40  3.8052900E-02
   7129.60  3.8336238E-02
   7129.80  3.8108047E-02
   7130.00  3.7405847E-02
   7130.20  3.6504003E-02
   7130.40  3.5750749E-02
   7130.60  3.5431253E-02
   7130.80  3.5701195E-02
   7131.00  3.6595603E-02
   7131.20  3.8075794E-02
   7131.40  4.0063312E-02
   7131.60  4.2438380E-02
   7131.80  4.5021874E-02
   7132.00  4.7615708E-02
   7132.20  4.9756979E-02
   7132.40  5.1095248E-02
   7132.60  5.1372322E-02
   7132.80  5.0809149E-02
   7133.00  5.0088901E-02
   7133.20  4.9842647E-02
   7133.40  5.0293073E-02
   7133.60  5.1342709E-02
   7133.80  5.2774944E-02
   7134.00  5.4364133E-02
   7134.20  5.5908385E-02
   7134.40  5.7241219E-02
   7134.60  5.8251526E-02
   7134.80  5.8903809E-02
   7135.00  5.9241697E-02
   7135.20  5.9366208E-02
   7135.40  5.9397509E-02
   7135.60  5.9440972E-02
   7135.80  5.9566337E-02
   7136.00  5.9801987E-02
   7136.20  6.0137948E-02
   7136.40  6.0533106E-02
   7136.60  6.0924712E-02
   7136.80  6.1236660E-02
   7137.00  6.1390110E-02
   7137.20  6.1314940E-02
   7137.40  6.0959780E-02
   7137.60  6.0299664E-02
   7137.80  5.9339711E-02
   7138.00  5.8112725E-02
   7138.20  5.6672070E-02
   7138.40  5.5082209E-02
   7138.60  5.3409601E-02
   7138.80  5.1714274E-02
   7139.00  5.0045149E-02
   7139.20  4.8438077E-02
   7139.40  4.6916951E-02
   7139.60  4.5494484E-02
   7139.80  4.4175028E-02
   7140.00  4.2956848E-02
   7140.20  4.1834501E-02
   7140.40  4.0800266E-02
   7140.60  3.9845366E-02
   7140.80  3.8961008E-02
   7141.00  3.8138907E-02
   7141.20  3.7371873E-02
   7141.40  3.6653899E-02
   7141.60  3.5980039E-02
   7141.80  3.5346464E-02
   7142.00  3.4750325E-02
   7142.20  3.4189539E-02
   7142.40  3.3662617E-02
   7142.60  3.3168552E-02
   7142.80  3.2706630E-02
   7143.00  3.2276251E-02
   7143.20  3.1876898E-02
   7143.40  3.1508087E-02
   7143.60  3.1169234E-02
   7143.80  3.0859857E-02
   7144.00  3.0581703E-02
   7144.20  3.0336086E-02
   7144.40  3.0116835E-02
   7144.60  2.9923411E-02
   7144.80  2.9755336E-02
   7145.00  2.9612192E-02
   7145.20  2.9493568E-02
   7145.40  2.9399112E-02
   7145.60  2.9328476E-02
   7145.80  2.9281376E-02
   7146.00  2.9257598E-02
   7146.20  2.9256959E-02
   7146.40  2.9279281E-02
   7146.60  2.9324424E-02
   7146.80  2.9391996E-02
   7147.00  2.9481425E-02
   7147.20  2.9591699E-02
   7147.40  2.9721209E-02
   7147.60  2.9871641E-02
   7147.80  3.0039919E-02
   7148.00  3.0204612E-02
   7148.20  3.0380564E-02
   7148.40  3.0537594E-02
   7148.60  3.0685995E-02
   7148.80  3.0800169E-02
   7149.00  3.0878076E-02
   7149.20  3.0913678E-02
   7149.40  3.0900253E-02
   7149.60  3.0834607E-02
   7149.80  3.0716495E-02
   7150.00  3.0548520E-02
   7150.20  3.0337222E-02
   7150.40  3.0086022E-02
   7150.60  2.9805213E-02
   7150.80  2.9504490E-02
   7151.00  2.9193575E-02
   7151.20  2.8883161E-02
   7151.40  2.8583628E-02
   7151.60  2.8305003E-02
   7151.80  2.8056516E-02
   7152.00  2.7846238E-02
   7152.20  2.7680852E-02
   7152.40  2.7564974E-02
   7152.60  2.7501535E-02
   7152.80  2.7489021E-02
   7153.00  2.7522879E-02
   7153.20  2.7599992E-02
   7153.40  2.7715800E-02
   7153.60  2.7864539E-02
   7153.80  2.8039695E-02
   7154.00  2.8234476E-02
   7154.20  2.8442264E-02
   7154.40  2.8656981E-02
   7154.60  2.8873192E-02
   7154.80  2.9085925E-02
   7155.00  2.9290824E-02
   7155.20  2.9483895E-02
   7155.40  2.9660667E-02
   7155.60  2.9816149E-02
   7155.80  2.9944574E-02
   7156.00  3.0039047E-02
   7156.20  3.0091612E-02
   7156.40  3.0093565E-02
   7156.60  3.0036296E-02
   7156.80  2.9911722E-02
   7157.00  2.9713621E-02
   7157.20  2.9438634E-02
   7157.40  2.9087053E-02
   7157.60  2.8663281E-02
   7157.80  2.8175605E-02
   7158.00  2.7635207E-02
   7158.20  2.7057640E-02
   7158.40  2.6458426E-02
   7158.60  2.5853224E-02
   7158.80  2.5257524E-02
   7159.00  2.4685520E-02
   7159.20  2.4143405E-02
   7159.40  2.3654701E-02
   7159.60  2.3221990E-02
   7159.80  2.2852549E-02
   7160.00  2.2552144E-02
   7160.20  2.2325215E-02
   7160.40  2.2175056E-02
   7160.60  2.2104075E-02
   7160.80  2.2113539E-02
   7161.00  2.2203790E-02
   7161.20  2.2374426E-02
   7161.40  2.2624174E-02
   7161.60  2.2951316E-02
   7161.80  2.3353170E-02
   7162.00  2.3826455E-02
   7162.20  2.4372170E-02
   7162.40  2.4986031E-02
   7162.60  2.5658553E-02
   7162.80  2.6384367E-02
   7163.00  2.7157325E-02
   7163.20  2.7970889E-02
   7163.40  2.8818034E-02
   7163.60  2.9691363E-02
   7163.80  3.0583158E-02
   7164.00  3.1485116E-02
   7164.20  3.2388654E-02
   7164.40  3.3284550E-02
   7164.60  3.4163507E-02
   7164.80  3.5016068E-02
   7165.00  3.5832741E-02
   7165.20  3.6604311E-02
   7165.40  3.7321496E-02
   7165.60  3.7975760E-02
   7165.80  3.8559487E-02
   7166.00  3.9066010E-02
   7166.20  3.9489445E-02
   7166.40  3.9824888E-02
   7166.60  4.0068553E-02
   7166.80  4.0218014E-02
   7167.00  4.0272229E-02
   7167.20  4.0231783E-02
   7167.40  4.0098681E-02
   7167.60  3.9876969E-02
   7167.80  3.9572999E-02
   7168.00  3.9193631E-02
   7168.20  3.8748092E-02
   7168.40  3.8246853E-02
   7168.60  3.7701394E-02
   7168.80  3.7123809E-02
   7169.00  3.6526141E-02
   7169.20  3.5920346E-02
   7169.40  3.5317792E-02
   7169.60  3.4729228E-02
   7169.80  3.4163995E-02
   7170.00  3.3630102E-02
   7170.20  3.3134671E-02
   7170.40  3.2683438E-02
   7170.60  3.2280846E-02
   7170.80  3.1930062E-02
   7171.00  3.1632822E-02
   7171.20  3.1389514E-02
   7171.40  3.1198938E-02
   7171.60  3.1058355E-02
   7171.80  3.0963918E-02
   7172.00  3.0910061E-02
