  7112.000   26  1  1  9.8434808E-03 -3.2662938E+00 -2.5625439E+00  1  1  7.2664405E+03  0.0000000E+00  0.0000000E+00  2.0353954E+00  1.0000000E+00  0.0000000E+00 = E_edge, Z, n_edge, j_edge, Abs_before_edge, VO_interstitial, E_cut, ninitl, ninit1, Epsii, UnitCell_Volume, Surface_ref, f0_forward, natomsym_f, abs_u_i
    Energy    <xanes>    
   7097.00  1.9682101E-05
   7097.20  1.9757591E-05
   7097.40  1.9850285E-05
   7097.60  1.9961682E-05
   7097.80  2.0094727E-05
   7098.00  2.0253958E-05
   7098.20  2.0446249E-05
   7098.40  2.0682610E-05
   7098.60  2.0982339E-05
   7098.80  2.1383414E-05
   7099.00  2.1974774E-05
   7099.20  2.3026578E-05
   7099.40  2.5812557E-05
   7099.60  4.7960947E-05
   7099.80  9.6363960E-05
   7100.00  2.9641941E-05
   7100.20  2.7427602E-05
   7100.40  2.8740384E-05
   7100.60  3.2561976E-05
   7100.80  4.2915877E-05
   7101.00  9.4949608E-05
   7101.20  2.4079570E-02
   7101.40  1.0009428E-04
   7101.60  6.3497199E-05
   7101.80  8.4736280E-05
   7102.00  2.4837352E-04
   7102.20  2.6664664E-02
   7102.40  2.6076827E-04
   7102.60  2.2291261E-02
   7102.80  1.2861197E-04
   7103.00  6.2990198E-05
   7103.20  5.4883010E-05
   7103.40  7.5617858E-05
   7103.60  4.8968314E-03
   7103.80  3.5365842E-04
   7104.00  6.9072799E-05
   7104.20  5.8301079E-05
   7104.40  7.6139334E-05
   7104.60  2.3491180E-04
   7104.80  1.8801099E-03
   7105.00  1.2709100E-04
   7105.20  3.6011538E-03
   7105.40  7.4706193E-05
   7105.60  6.5308405E-05
   7105.80  7.6673102E-05
   7106.00  1.5842506E-04
   7106.20  1.4930742E-04
   7106.40  3.5875254E-04
   7106.60  1.3639761E-02
   7106.80  1.0565756E-01
   7107.00  5.2750002E-04
   7107.20  1.7285824E-03
   7107.40  8.7777127E-04
   7107.60  9.9535107E-03
   7107.80  3.5766705E-04
   7108.00  4.1765580E-04
   7108.20  3.2080426E-03
   7108.40  1.7732920E-02
   7108.60  1.3462748E-03
   7108.80  1.3313026E-03
   7109.00  5.4363164E-02
   7109.20  5.0788994E-02
   7109.40  1.3750183E-02
   7109.60  1.3126995E-02
   7109.80  2.0390589E-02
   7110.00  6.9307741E-03
   7110.20  4.6683895E-03
   7110.40  5.8520121E-03
   7110.60  4.9597930E-03
   7110.80  1.7106441E-02
   7111.00  8.8137170E-03
   7111.20  9.9338339E-03
   7111.40  8.5489906E-03
   7111.60  8.4145516E-03
   7111.80  2.0626292E-02
   7112.00  3.1966863E-02
   7112.20  2.2777175E-02
   7112.40  2.9692560E-02
   7112.60  3.5614026E-02
   7112.80  3.9859075E-02
   7113.00  6.0795619E-02
   7113.20  9.8621090E-02
   7113.40  9.2835704E-02
   7113.60  6.1937222E-02
   7113.80  4.0049798E-02
   7114.00  2.8633907E-02
   7114.20  2.2608918E-02
   7114.40  1.9057171E-02
   7114.60  1.6642204E-02
   7114.80  1.4799796E-02
   7115.00  1.3361515E-02
   7115.20  1.2267171E-02
   7115.40  1.1469756E-02
   7115.60  1.0821028E-02
   7115.80  1.0534972E-02
   7116.00  1.0497299E-02
   7116.20  1.0747382E-02
   7116.40  1.1332194E-02
   7116.60  1.2194629E-02
   7116.80  1.2950639E-02
   7117.00  1.3015147E-02
   7117.20  1.2309552E-02
   7117.40  1.1249680E-02
   7117.60  1.0178391E-02
   7117.80  9.2354414E-03
   7118.00  8.4481825E-03
   7118.20  7.8073567E-03
   7118.40  7.3047380E-03
   7118.60  6.9304229E-03
   7118.80  6.6551768E-03
   7119.00  6.4403150E-03
   7119.20  6.2593622E-03
   7119.40  6.1043717E-03
   7119.60  5.9761345E-03
   7119.80  5.8697120E-03
   7120.00  5.7747750E-03
   7120.20  5.6843184E-03
   7120.40  5.5926325E-03
   7120.60  5.4922947E-03
   7120.80  5.3974398E-03
   7121.00  5.3646199E-03
   7121.20  5.4267768E-03
   7121.40  5.5513191E-03
   7121.60  5.6933075E-03
   7121.80  5.8302521E-03
   7122.00  5.9572080E-03
   7122.20  6.0765130E-03
   7122.40  6.1927225E-03
   7122.60  6.3112289E-03
   7122.80  6.4366418E-03
   7123.00  6.5726687E-03
   7123.20  6.7235994E-03
   7123.40  6.8937012E-03
   7123.60  7.0871736E-03
   7123.80  7.3077058E-03
   7124.00  7.5584211E-03
   7124.20  7.8386171E-03
   7124.40  8.1480216E-03
   7124.60  8.4809578E-03
   7124.80  8.8415266E-03
   7125.00  9.2355733E-03
   7125.20  9.6683594E-03
   7125.40  1.0154775E-02
   7125.60  1.0676077E-02
   7125.80  1.1288674E-02
   7126.00  1.1937296E-02
   7126.20  1.2674619E-02
   7126.40  1.3509683E-02
   7126.60  1.4436028E-02
   7126.80  1.5439264E-02
   7127.00  1.6504553E-02
   7127.20  1.7620153E-02
   7127.40  1.8778487E-02
   7127.60  1.9973767E-02
   7127.80  2.1190465E-02
   7128.00  2.2466212E-02
   7128.20  2.3650052E-02
   7128.40  2.4775329E-02
   7128.60  2.5847081E-02
   7128.80  2.6913062E-02
   7129.00  2.8064370E-02
   7129.20  2.9466491E-02
   7129.40  3.1282744E-02
   7129.60  3.3647165E-02
   7129.80  3.6647766E-02
   7130.00  4.0287137E-02
   7130.20  4.4428269E-02
   7130.40  4.8747344E-02
   7130.60  5.2801098E-02
   7130.80  5.6244505E-02
   7131.00  5.9016067E-02
   7131.20  6.1299629E-02
   7131.40  6.3348929E-02
   7131.60  6.5352342E-02
   7131.80  6.7392678E-02
   7132.00  6.9476756E-02
   7132.20  7.1581599E-02
   7132.40  7.3657034E-02
   7132.60  7.5594033E-02
   7132.80  7.7226426E-02
   7133.00  7.8389099E-02
   7133.20  7.8979267E-02
   7133.40  7.8951975E-02
   7133.60  7.8334566E-02
   7133.80  7.7174773E-02
   7134.00  7.5538372E-02
   7134.20  7.3502820E-02
   7134.40  7.1149033E-02
   7134.60  6.8554050E-02
   7134.80  6.5786365E-02
   7135.00  6.2904307E-02
   7135.20  5.9956629E-02
   7135.40  5.6984847E-02
   7135.60  5.4025546E-02
   7135.80  5.1111673E-02
   7136.00  4.8273664E-02
   7136.20  4.5539455E-02
   7136.40  4.2934199E-02
   7136.60  4.0479814E-02
   7136.80  3.8195818E-02
   7137.00  3.6098954E-02
   7137.20  3.4202712E-02
   7137.40  3.2518704E-02
   7137.60  3.1054891E-02
   7137.80  2.9816668E-02
   7138.00  2.8805177E-02
   7138.20  2.8017862E-02
   7138.40  2.7447396E-02
   7138.60  2.7081611E-02
   7138.80  2.6904003E-02
   7139.00  2.6893979E-02
   7139.20  2.7028178E-02
   7139.40  2.7281986E-02
   7139.60  2.7630903E-02
   7139.80  2.8051952E-02
   7140.00  2.8524546E-02
   7140.20  2.9031432E-02
   7140.40  2.9558580E-02
   7140.60  3.0095014E-02
   7140.80  3.0632551E-02
   7141.00  3.1165561E-02
   7141.20  3.1690098E-02
   7141.40  3.2203815E-02
   7141.60  3.2705524E-02
   7141.80  3.3194904E-02
   7142.00  3.3671781E-02
   7142.20  3.4135985E-02
   7142.40  3.4587219E-02
   7142.60  3.5024648E-02
   7142.80  3.5447031E-02
   7143.00  3.5852877E-02
   7143.20  3.6239966E-02
   7143.40  3.6605988E-02
   7143.60  3.6948597E-02
   7143.80  3.7265202E-02
   7144.00  3.7553656E-02
   7144.20  3.7811990E-02
   7144.40  3.8038541E-02
   7144.60  3.8232027E-02
   7144.80  3.8391667E-02
   7145.00  3.8516916E-02
   7145.20  3.8607695E-02
   7145.40  3.8664167E-02
   7145.60  3.8686896E-02
   7145.80  3.8676619E-02
   7146.00  3.8634229E-02
   7146.20  3.8560998E-02
   7146.40  3.8458398E-02
   7146.60  3.8328151E-02
   7146.80  3.8172289E-02
   7147.00  3.7994994E-02
   7147.20  3.7803396E-02
   7147.40  3.7594448E-02
   7147.60  3.7371063E-02
   7147.80  3.7136287E-02
   7148.00  3.6893206E-02
   7148.20  3.6644931E-02
   7148.40  3.6394587E-02
   7148.60  3.6145229E-02
   7148.80  3.5894149E-02
   7149.00  3.5655514E-02
   7149.20  3.5425681E-02
   7149.40  3.5208078E-02
   7149.60  3.5003237E-02
   7149.80  3.4815435E-02
   7150.00  3.4645039E-02
   7150.20  3.4493337E-02
   7150.40  3.4361738E-02
   7150.60  3.4250834E-02
   7150.80  3.4161133E-02
   7151.00  3.4094119E-02
   7151.20  3.4048166E-02
   7151.40  3.4023850E-02
   7151.60  3.4020791E-02
   7151.80  3.4038681E-02
   7152.00  3.4077006E-02
   7152.20  3.4134934E-02
   7152.40  3.4211790E-02
   7152.60  3.4306882E-02
   7152.80  3.4419679E-02
   7153.00  3.4549415E-02
   7153.20  3.4695490E-02
   7153.40  3.4857154E-02
   7153.60  3.5033849E-02
   7153.80  3.5225052E-02
   7154.00  3.5430186E-02
   7154.20  3.5648431E-02
   7154.40  3.5878696E-02
   7154.60  3.6119629E-02
   7154.80  3.6370259E-02
   7155.00  3.6627049E-02
   7155.20  3.6890224E-02
   7155.40  3.7153864E-02
   7155.60  3.7414256E-02
   7155.80  3.7667199E-02
   7156.00  3.7908883E-02
   7156.20  3.8134622E-02
   7156.40  3.8341059E-02
   7156.60  3.8525165E-02
   7156.80  3.8684450E-02
   7157.00  3.8817252E-02
   7157.20  3.8922775E-02
   7157.40  3.9000773E-02
   7157.60  3.9051858E-02
   7157.80  3.9076782E-02
   7158.00  3.9077167E-02
   7158.20  3.9055014E-02
   7158.40  3.9011984E-02
   7158.60  3.8950099E-02
   7158.80  3.8871383E-02
   7159.00  3.8777795E-02
   7159.20  3.8671180E-02
   7159.40  3.8553227E-02
   7159.60  3.8424306E-02
   7159.80  3.8287293E-02
   7160.00  3.8140894E-02
   7160.20  3.7991178E-02
   7160.40  3.7832893E-02
   7160.60  3.7672337E-02
   7160.80  3.7507378E-02
   7161.00  3.7337481E-02
   7161.20  3.7169623E-02
   7161.40  3.6990733E-02
   7161.60  3.6807338E-02
   7161.80  3.6619409E-02
   7162.00  3.6427131E-02
   7162.20  3.6230100E-02
   7162.40  3.6028242E-02
   7162.60  3.5821495E-02
   7162.80  3.5609834E-02
   7163.00  3.5393269E-02
   7163.20  3.5171836E-02
   7163.40  3.4945588E-02
   7163.60  3.4714708E-02
   7163.80  3.4479588E-02
   7164.00  3.4239798E-02
   7164.20  3.3995875E-02
   7164.40  3.3747759E-02
   7164.60  3.3495656E-02
   7164.80  3.3239088E-02
   7165.00  3.2978088E-02
   7165.20  3.2712707E-02
   7165.40  3.2443820E-02
   7165.60  3.2170756E-02
   7165.80  3.1893684E-02
   7166.00  3.1612908E-02
   7166.20  3.1328711E-02
   7166.40  3.1042108E-02
   7166.60  3.0753369E-02
   7166.80  3.0462660E-02
   7167.00  3.0170540E-02
   7167.20  2.9877688E-02
   7167.40  2.9585104E-02
   7167.60  2.9293891E-02
   7167.80  2.8998884E-02
   7168.00  2.8714834E-02
   7168.20  2.8434285E-02
   7168.40  2.8160730E-02
   7168.60  2.7893845E-02
   7168.80  2.7634668E-02
   7169.00  2.7384904E-02
   7169.20  2.7145015E-02
   7169.40  2.6916029E-02
   7169.60  2.6698309E-02
   7169.80  2.6492476E-02
   7170.00  2.6299109E-02
   7170.20  2.6118477E-02
   7170.40  2.5950758E-02
   7170.60  2.5796439E-02
   7170.80  2.5654977E-02
   7171.00  2.5526274E-02
   7171.20  2.5409962E-02
   7171.40  2.5305597E-02
   7171.60  2.5212744E-02
   7171.80  2.5130910E-02
   7172.00  2.5059521E-02
