  7112.000   26  1  1  3.3610564E-02 -6.7697983E-01 -3.0963448E+00  1  1  7.2670919E+03  0.0000000E+00  0.0000000E+00  2.1109524E+00  1.0000000E+00  0.0000000E+00 = E_edge, Z, n_edge, j_edge, Abs_before_edge, VO_interstitial, E_cut, ninitl, ninit1, Epsii, UnitCell_Volume, Surface_ref, f0_forward, natomsym_f, abs_u_i
    Energy    <xanes>    
   7097.00  2.0647144E-05
   7097.20  2.1008507E-05
   7097.40  2.1476166E-05
   7097.60  2.2096197E-05
   7097.80  2.2945814E-05
   7098.00  2.4162945E-05
   7098.20  2.6011019E-05
   7098.40  2.9073391E-05
   7098.60  3.4812998E-05
   7098.80  4.7912712E-05
   7099.00  9.0913245E-05
   7099.20  4.7051438E-04
   7099.40  1.4973204E-03
   7099.60  1.2645179E-04
   7099.80  5.9212933E-05
   7100.00  4.4088044E-05
   7100.20  4.0767888E-05
   7100.40  4.3975995E-05
   7100.60  5.7811196E-05
   7100.80  1.2360219E-04
   7101.00  2.5907522E-02
   7101.20  3.6240690E-04
   7101.40  1.1137281E-02
   7101.60  2.0884606E-04
   7101.80  7.5096419E-05
   7102.00  4.8755678E-05
   7102.20  3.9415423E-05
   7102.40  3.5522735E-05
   7102.60  3.4241408E-05
   7102.80  3.4997924E-05
   7103.00  3.8957606E-05
   7103.20  5.3833588E-05
   7103.40  1.9413084E-04
   7103.60  7.0837594E-04
   7103.80  7.3562524E-05
   7104.00  6.5688951E-04
   7104.20  4.3070671E-05
   7104.40  4.1848183E-05
   7104.60  4.4222175E-05
   7104.80  4.9133659E-05
   7105.00  5.7727604E-05
   7105.20  7.3674291E-05
   7105.40  1.0971623E-04
   7105.60  2.8529970E-04
   7105.80  6.0716368E-04
   7106.00  1.9914655E-02
   7106.20  9.6240733E-04
   7106.40  8.0758838E-04
   7106.60  4.2561197E-04
   7106.80  2.3780596E-04
   7107.00  1.1737332E-03
   7107.20  1.0602241E-03
   7107.40  4.6986227E-04
   7107.60  1.9735205E-04
   7107.80  3.9894605E-03
   7108.00  4.3312158E-04
   7108.20  4.7058841E-04
   7108.40  1.7907507E-02
   7108.60  4.4332427E-03
   7108.80  7.9145469E-04
   7109.00  2.2461921E-03
   7109.20  6.3564526E-04
   7109.40  1.0133456E-02
   7109.60  4.9125235E-04
   7109.80  1.0387230E-03
   7110.00  1.4879416E-02
   7110.20  2.6039423E-02
   7110.40  1.2759494E-03
   7110.60  3.0949834E-03
   7110.80  2.1275020E-02
   7111.00  1.6931923E-03
   7111.20  2.6472847E-03
   7111.40  3.6531177E-02
   7111.60  8.8493393E-04
   7111.80  3.1070114E-02
   7112.00  7.1883182E-03
   7112.20  1.7145476E-02
   7112.40  2.7411430E-02
   7112.60  9.4857900E-03
   7112.80  1.7828536E-02
   7113.00  8.7544064E-02
   7113.20  3.8749652E-02
   7113.40  4.4472631E-02
   7113.60  1.4752385E-01
   7113.80  2.6295361E-02
   7114.00  1.8348549E-02
   7114.20  1.5529005E-02
   7114.40  9.9317876E-03
   7114.60  6.8155358E-03
   7114.80  5.4783276E-03
   7115.00  4.9609179E-03
   7115.20  5.0128379E-03
   7115.40  5.6599961E-03
   7115.60  7.5892612E-03
   7115.80  1.3507578E-02
   7116.00  2.0742415E-02
   7116.20  1.0250452E-02
   7116.40  8.7821906E-03
   7116.60  1.4560822E-02
   7116.80  3.3336444E-02
   7117.00  3.3751546E-02
   7117.20  1.5487390E-02
   7117.40  8.5391704E-03
   7117.60  5.7774251E-03
   7117.80  4.6690841E-03
   7118.00  4.2059636E-03
   7118.20  4.0987833E-03
   7118.40  4.1171533E-03
   7118.60  4.3666324E-03
   7118.80  4.7259073E-03
   7119.00  4.9750018E-03
   7119.20  4.8709980E-03
   7119.40  4.5947274E-03
   7119.60  4.5022337E-03
   7119.80  4.6116399E-03
   7120.00  4.7338468E-03
   7120.20  4.9793614E-03
   7120.40  5.2673326E-03
   7120.60  5.4018642E-03
   7120.80  5.3675152E-03
   7121.00  5.4219783E-03
   7121.20  5.6675549E-03
   7121.40  5.9182710E-03
   7121.60  6.1100686E-03
   7121.80  6.3902843E-03
   7122.00  6.8007086E-03
   7122.20  7.2864779E-03
   7122.40  7.6346083E-03
   7122.60  7.5918460E-03
   7122.80  7.2197421E-03
   7123.00  7.1727461E-03
   7123.20  7.7787417E-03
   7123.40  8.8499289E-03
   7123.60  1.0155852E-02
   7123.80  1.1524850E-02
   7124.00  1.2859306E-02
   7124.20  1.4062146E-02
   7124.40  1.5167963E-02
   7124.60  1.6245831E-02
   7124.80  1.7397182E-02
   7125.00  1.8736846E-02
   7125.20  2.0379664E-02
   7125.40  2.2426531E-02
   7125.60  2.4938337E-02
   7125.80  2.7889702E-02
   7126.00  3.1102854E-02
   7126.20  3.4199090E-02
   7126.40  3.6641241E-02
   7126.60  3.7947616E-02
   7126.80  3.7956995E-02
   7127.00  3.6883547E-02
   7127.20  3.5244584E-02
   7127.40  3.3502741E-02
   7127.60  3.1767584E-02
   7127.80  3.0488087E-02
   7128.00  2.9452257E-02
   7128.20  2.8594667E-02
   7128.40  2.7964439E-02
   7128.60  2.7606512E-02
   7128.80  2.7553278E-02
   7129.00  2.7781446E-02
   7129.20  2.8230662E-02
   7129.40  2.8813586E-02
   7129.60  2.9424821E-02
   7129.80  3.0054731E-02
   7130.00  3.0484402E-02
   7130.20  3.0834575E-02
   7130.40  3.1057924E-02
   7130.60  3.1261248E-02
   7130.80  3.1499272E-02
   7131.00  3.1819535E-02
   7131.20  3.2264190E-02
   7131.40  3.2868473E-02
   7131.60  3.3658006E-02
   7131.80  3.4590373E-02
   7132.00  3.5788950E-02
   7132.20  3.7179357E-02
   7132.40  3.8737922E-02
   7132.60  4.0427018E-02
   7132.80  4.2229912E-02
   7133.00  4.4008422E-02
   7133.20  4.5730348E-02
   7133.40  4.7356084E-02
   7133.60  4.8878078E-02
   7133.80  5.0239543E-02
   7134.00  5.1302279E-02
   7134.20  5.1984855E-02
   7134.40  5.2314222E-02
   7134.60  5.2360433E-02
   7134.80  5.2191858E-02
   7135.00  5.1862360E-02
   7135.20  5.1409321E-02
   7135.40  5.0854367E-02
   7135.60  5.0270238E-02
   7135.80  4.9622035E-02
   7136.00  4.8873707E-02
   7136.20  4.8007963E-02
   7136.40  4.7010203E-02
   7136.60  4.5877747E-02
   7136.80  4.4628454E-02
   7137.00  4.3305880E-02
   7137.20  4.1976040E-02
   7137.40  4.0717412E-02
   7137.60  3.9606586E-02
   7137.80  3.8704393E-02
   7138.00  3.8047909E-02
   7138.20  3.7647656E-02
   7138.40  3.7490538E-02
   7138.60  3.7544749E-02
   7138.80  3.7769530E-02
   7139.00  3.8122144E-02
   7139.20  3.8563638E-02
   7139.40  3.9062043E-02
   7139.60  3.9593687E-02
   7139.80  4.0143793E-02
   7140.00  4.0705288E-02
   7140.20  4.1277656E-02
   7140.40  4.1864656E-02
   7140.60  4.2472938E-02
   7140.80  4.3110072E-02
   7141.00  4.3782731E-02
   7141.20  4.4494629E-02
   7141.40  4.5243535E-02
   7141.60  4.6020778E-02
   7141.80  4.6810169E-02
   7142.00  4.7588403E-02
   7142.20  4.8327979E-02
   7142.40  4.9000309E-02
   7142.60  4.9579225E-02
   7142.80  5.0045137E-02
   7143.00  5.0386692E-02
   7143.20  5.0600945E-02
   7143.40  5.0692902E-02
   7143.60  5.0673171E-02
   7143.80  5.0555778E-02
   7144.00  5.0356622E-02
   7144.20  5.0091647E-02
   7144.40  4.9775755E-02
   7144.60  4.9422553E-02
   7144.80  4.9043901E-02
   7145.00  4.8649888E-02
   7145.20  4.8248829E-02
   7145.40  4.7847509E-02
   7145.60  4.7451008E-02
   7145.80  4.7063143E-02
   7146.00  4.6686538E-02
   7146.20  4.6320283E-02
   7146.40  4.5966907E-02
   7146.60  4.5628056E-02
   7146.80  4.5303228E-02
   7147.00  4.4991276E-02
   7147.20  4.4690847E-02
   7147.40  4.4400305E-02
   7147.60  4.4117929E-02
   7147.80  4.3841974E-02
   7148.00  4.3570852E-02
   7148.20  4.3303161E-02
   7148.40  4.3037625E-02
   7148.60  4.2773278E-02
   7148.80  4.2509634E-02
   7149.00  4.2246838E-02
   7149.20  4.1984812E-02
   7149.40  4.1724449E-02
   7149.60  4.1467111E-02
   7149.80  4.1213602E-02
   7150.00  4.0965174E-02
   7150.20  4.0715896E-02
   7150.40  4.0482586E-02
   7150.60  4.0258895E-02
   7150.80  4.0046391E-02
   7151.00  3.9846084E-02
   7151.20  3.9659190E-02
   7151.40  3.9485743E-02
   7151.60  3.9325951E-02
   7151.80  3.9179661E-02
   7152.00  3.9046523E-02
   7152.20  3.8925895E-02
   7152.40  3.8816385E-02
   7152.60  3.8716827E-02
   7152.80  3.8625652E-02
   7153.00  3.8541454E-02
   7153.20  3.8463032E-02
   7153.40  3.8388650E-02
   7153.60  3.8316863E-02
   7153.80  3.8243955E-02
   7154.00  3.8173289E-02
   7154.20  3.8101610E-02
   7154.40  3.8028241E-02
   7154.60  3.7952490E-02
   7154.80  3.7873844E-02
   7155.00  3.7792114E-02
   7155.20  3.7707255E-02
   7155.40  3.7619548E-02
   7155.60  3.7529507E-02
   7155.80  3.7437984E-02
   7156.00  3.7346089E-02
   7156.20  3.7254759E-02
   7156.40  3.7165368E-02
   7156.60  3.7079674E-02
   7156.80  3.6999377E-02
   7157.00  3.6926456E-02
   7157.20  3.6862965E-02
   7157.40  3.6811065E-02
   7157.60  3.6772951E-02
   7157.80  3.6750166E-02
   7158.00  3.6744229E-02
   7158.20  3.6756188E-02
   7158.40  3.6786446E-02
   7158.60  3.6834624E-02
   7158.80  3.6899851E-02
   7159.00  3.6979408E-02
   7159.20  3.7069762E-02
   7159.40  3.7166389E-02
   7159.60  3.7263552E-02
   7159.80  3.7354991E-02
   7160.00  3.7433826E-02
   7160.20  3.7493188E-02
   7160.40  3.7526544E-02
   7160.60  3.7527908E-02
   7160.80  3.7492346E-02
   7161.00  3.7416177E-02
   7161.20  3.7297173E-02
   7161.40  3.7134705E-02
   7161.60  3.6926579E-02
   7161.80  3.6680222E-02
   7162.00  3.6394032E-02
   7162.20  3.6072669E-02
   7162.40  3.5720497E-02
   7162.60  3.5342395E-02
   7162.80  3.4943456E-02
   7163.00  3.4528836E-02
   7163.20  3.4103711E-02
   7163.40  3.3672857E-02
   7163.60  3.3241925E-02
   7163.80  3.2813634E-02
   7164.00  3.2392636E-02
   7164.20  3.1978466E-02
   7164.40  3.1575405E-02
   7164.60  3.1185600E-02
   7164.80  3.0808839E-02
   7165.00  3.0445453E-02
   7165.20  3.0095359E-02
   7165.40  2.9758185E-02
   7165.60  2.9433588E-02
   7165.80  2.9119925E-02
   7166.00  2.8816358E-02
   7166.20  2.8521444E-02
   7166.40  2.8233832E-02
   7166.60  2.7952485E-02
   7166.80  2.7676885E-02
   7167.00  2.7406165E-02
   7167.20  2.7139477E-02
   7167.40  2.6876436E-02
   7167.60  2.6616920E-02
   7167.80  2.6361001E-02
   7168.00  2.6108860E-02
   7168.20  2.5861096E-02
   7168.40  2.5618131E-02
   7168.60  2.5380254E-02
   7168.80  2.5148363E-02
   7169.00  2.4922695E-02
   7169.20  2.4703840E-02
   7169.40  2.4492417E-02
   7169.60  2.4289061E-02
   7169.80  2.4090808E-02
   7170.00  2.3905815E-02
   7170.20  2.3730284E-02
   7170.40  2.3565002E-02
   7170.60  2.3413529E-02
   7170.80  2.3268863E-02
   7171.00  2.3134883E-02
   7171.20  2.3011777E-02
   7171.40  2.2899784E-02
   7171.60  2.2799109E-02
   7171.80  2.2710136E-02
   7172.00  2.2632414E-02
