  7112.000   26  1  1  1.4833077E-02 -3.0789921E+00 -2.4464030E+00  1  1  7.2661597E+03  0.0000000E+00  0.0000000E+00  3.1423135E+00  1.0000000E+00  0.0000000E+00 = E_edge, Z, n_edge, j_edge, Abs_before_edge, VO_interstitial, E_cut, ninitl, ninit1, Epsii, UnitCell_Volume, Surface_ref, f0_forward, natomsym_f, abs_u_i
    Energy    <xanes>    
   7097.00  1.9440044E-05
   7097.20  1.9464640E-05
   7097.40  1.9510820E-05
   7097.60  1.9606745E-05
   7097.80  1.9992685E-05
   7098.00  5.6501554E-05
   7098.20  2.6651533E-05
   7098.40  1.9926784E-05
   7098.60  1.9858813E-05
   7098.80  1.9906999E-05
   7099.00  1.9987233E-05
   7099.20  2.0085753E-05
   7099.40  2.0199128E-05
   7099.60  2.0326676E-05
   7099.80  2.0468921E-05
   7100.00  2.0627091E-05
   7100.20  2.0803188E-05
   7100.40  2.1000482E-05
   7100.60  2.1224471E-05
   7100.80  2.1485947E-05
   7101.00  2.1810224E-05
   7101.20  2.2275597E-05
   7101.40  2.3269326E-05
   7101.60  3.2078874E-05
   7101.80  3.4838506E-04
   7102.00  3.0378769E-05
   7102.20  2.4495467E-05
   7102.40  2.6666873E-05
   7102.60  2.5154249E-05
   7102.80  2.5415797E-05
   7103.00  2.6283903E-05
   7103.20  2.7674118E-05
   7103.40  8.6118887E-05
   7103.60  3.0790140E-05
   7103.80  3.0826661E-05
   7104.00  3.4294322E-05
   7104.20  9.0382977E-04
   7104.40  6.0238928E-05
   7104.60  8.9467425E-05
   7104.80  9.0284165E-05
   7105.00  1.5111364E-03
   7105.20  3.5806612E-03
   7105.40  6.7704559E-05
   7105.60  2.9739041E-04
   7105.80  9.2156291E-05
   7106.00  7.0821547E-05
   7106.20  1.2143375E-04
   7106.40  1.4353617E-04
   7106.60  2.4819777E-04
   7106.80  7.0877211E-04
   7107.00  5.0963350E-02
   7107.20  3.1257343E-03
   7107.40  6.6031054E-03
   7107.60  2.2040292E-04
   7107.80  2.3744955E-04
   7108.00  9.3942195E-04
   7108.20  2.3318229E-02
   7108.40  7.4844888E-04
   7108.60  2.0288819E-03
   7108.80  2.5891517E-02
   7109.00  1.2277246E-03
   7109.20  8.8409013E-03
   7109.40  1.9236980E-02
   7109.60  8.1883920E-03
   7109.80  1.0604451E-02
   7110.00  1.4707021E-02
   7110.20  1.5549188E-02
   7110.40  7.1734372E-03
   7110.60  4.0357532E-03
   7110.80  7.8873564E-03
   7111.00  3.8850975E-03
   7111.20  3.8009418E-03
   7111.40  5.7944897E-03
   7111.60  8.7416957E-03
   7111.80  1.3125385E-02
   7112.00  2.6941144E-02
   7112.20  1.1329614E-01
   7112.40  1.0897187E-01
   7112.60  4.7288617E-02
   7112.80  4.0317264E-02
   7113.00  6.2102716E-02
   7113.20  1.1318130E-01
   7113.40  1.0550550E-01
   7113.60  7.0906310E-02
   7113.80  4.2861192E-02
   7114.00  2.8597274E-02
   7114.20  2.1143805E-02
   7114.40  1.6710256E-02
   7114.60  1.3805352E-02
   7114.80  1.1618288E-02
   7115.00  1.0185628E-02
   7115.20  9.1177294E-03
   7115.40  8.3016985E-03
   7115.60  7.6657531E-03
   7115.80  7.0760145E-03
   7116.00  6.6982470E-03
   7116.20  6.4229431E-03
   7116.40  6.2539198E-03
   7116.60  6.2146599E-03
   7116.80  6.3605777E-03
   7117.00  6.7966866E-03
   7117.20  7.6734695E-03
   7117.40  9.0718314E-03
   7117.60  1.0740811E-02
   7117.80  1.1998133E-02
   7118.00  1.2195003E-02
   7118.20  1.1519085E-02
   7118.40  1.0797750E-02
   7118.60  1.0409760E-02
   7118.80  1.0392467E-02
   7119.00  1.0522988E-02
   7119.20  1.0623202E-02
   7119.40  1.0502182E-02
   7119.60  9.9943003E-03
   7119.80  9.2201510E-03
   7120.00  8.5464925E-03
   7120.20  7.9584929E-03
   7120.40  7.4415536E-03
   7120.60  7.0404635E-03
   7120.80  6.8428304E-03
   7121.00  6.8909027E-03
   7121.20  7.0992421E-03
   7121.40  7.4099666E-03
   7121.60  7.7784123E-03
   7121.80  8.1770851E-03
   7122.00  8.6532227E-03
   7122.20  9.3168440E-03
   7122.40  1.0324851E-02
   7122.60  1.1774760E-02
   7122.80  1.3069866E-02
   7123.00  1.2511631E-02
   7123.20  1.0682617E-02
   7123.40  9.4478795E-03
   7123.60  8.9782137E-03
   7123.80  9.0024562E-03
   7124.00  9.3509939E-03
   7124.20  9.9147802E-03
   7124.40  1.0534757E-02
   7124.60  1.1133852E-02
   7124.80  1.1686564E-02
   7125.00  1.2195675E-02
   7125.20  1.2650658E-02
   7125.40  1.3033634E-02
   7125.60  1.3328122E-02
   7125.80  1.3580060E-02
   7126.00  1.3836960E-02
   7126.20  1.4097453E-02
   7126.40  1.4397224E-02
   7126.60  1.4748885E-02
   7126.80  1.5146602E-02
   7127.00  1.5574126E-02
   7127.20  1.6014413E-02
   7127.40  1.6451357E-02
   7127.60  1.6870856E-02
   7127.80  1.7359302E-02
   7128.00  1.7807614E-02
   7128.20  1.8331187E-02
   7128.40  1.8987978E-02
   7128.60  1.9806513E-02
   7128.80  2.0786107E-02
   7129.00  2.1904633E-02
   7129.20  2.3131784E-02
   7129.40  2.4448605E-02
   7129.60  2.5804204E-02
   7129.80  2.7179204E-02
   7130.00  2.8550394E-02
   7130.20  2.9902480E-02
   7130.40  3.1235017E-02
   7130.60  3.2574621E-02
   7130.80  3.3984667E-02
   7131.00  3.5570234E-02
   7131.20  3.7463872E-02
   7131.40  3.9766363E-02
   7131.60  4.2408272E-02
   7131.80  4.5022869E-02
   7132.00  4.7136671E-02
   7132.20  4.8646624E-02
   7132.40  4.9901326E-02
   7132.60  5.1322930E-02
   7132.80  5.3157746E-02
   7133.00  5.5468047E-02
   7133.20  5.8173746E-02
   7133.40  6.1058145E-02
   7133.60  6.3752856E-02
   7133.80  6.5767085E-02
   7134.00  6.6625073E-02
   7134.20  6.6096223E-02
   7134.40  6.4282593E-02
   7134.60  6.1508280E-02
   7134.80  5.8161888E-02
   7135.00  5.4584727E-02
   7135.20  5.1019185E-02
   7135.40  4.7604732E-02
   7135.60  4.4401731E-02
   7135.80  4.1422802E-02
   7136.00  3.8661680E-02
   7136.20  3.6114087E-02
   7136.40  3.3787570E-02
   7136.60  3.1695709E-02
   7136.80  2.9847165E-02
   7137.00  2.8240112E-02
   7137.20  2.6862660E-02
   7137.40  2.5695538E-02
   7137.60  2.4715484E-02
   7137.80  2.3899347E-02
   7138.00  2.3226917E-02
   7138.20  2.2683528E-02
   7138.40  2.2260342E-02
   7138.60  2.1953660E-02
   7138.80  2.1762950E-02
   7139.00  2.1688774E-02
   7139.20  2.1731033E-02
   7139.40  2.1887841E-02
   7139.60  2.2154958E-02
   7139.80  2.2526175E-02
   7140.00  2.2993986E-02
   7140.20  2.3549800E-02
   7140.40  2.4185432E-02
   7140.60  2.4889443E-02
   7140.80  2.5657357E-02
   7141.00  2.6483035E-02
   7141.20  2.7360636E-02
   7141.40  2.8284391E-02
   7141.60  2.9248126E-02
   7141.80  3.0244918E-02
   7142.00  3.1267667E-02
   7142.20  3.2309572E-02
   7142.40  3.3364825E-02
   7142.60  3.4429776E-02
   7142.80  3.5501705E-02
   7143.00  3.6580038E-02
   7143.20  3.7665348E-02
   7143.40  3.8757875E-02
   7143.60  3.9857423E-02
   7143.80  4.0961935E-02
   7144.00  4.2066679E-02
   7144.20  4.3164922E-02
   7144.40  4.4247925E-02
   7144.60  4.5304737E-02
   7144.80  4.6322630E-02
   7145.00  4.7287957E-02
   7145.20  4.8184746E-02
   7145.40  4.8996708E-02
   7145.60  4.9707647E-02
   7145.80  5.0302365E-02
   7146.00  5.0768004E-02
   7146.20  5.1095811E-02
   7146.40  5.1282954E-02
   7146.60  5.1332801E-02
   7146.80  5.1256753E-02
   7147.00  5.1072931E-02
   7147.20  5.0805112E-02
   7147.40  5.0480114E-02
   7147.60  5.0124991E-02
   7147.80  4.9764773E-02
   7148.00  4.9444311E-02
   7148.20  4.9149607E-02
   7148.40  4.8890252E-02
   7148.60  4.8671441E-02
   7148.80  4.8495371E-02
   7149.00  4.8359867E-02
   7149.20  4.8262488E-02
   7149.40  4.8198463E-02
   7149.60  4.8162437E-02
   7149.80  4.8130120E-02
   7150.00  4.8133136E-02
   7150.20  4.8147454E-02
   7150.40  4.8168472E-02
   7150.60  4.8192321E-02
   7150.80  4.8216308E-02
   7151.00  4.8237715E-02
   7151.20  4.8254766E-02
   7151.40  4.8265406E-02
   7151.60  4.8270839E-02
   7151.80  4.8269358E-02
   7152.00  4.8260370E-02
   7152.20  4.8243343E-02
   7152.40  4.8208437E-02
   7152.60  4.8172654E-02
   7152.80  4.8125869E-02
   7153.00  4.8066814E-02
   7153.20  4.7993697E-02
   7153.40  4.7905003E-02
   7153.60  4.7799252E-02
   7153.80  4.7675601E-02
   7154.00  4.7532828E-02
   7154.20  4.7370225E-02
   7154.40  4.7187680E-02
   7154.60  4.6985670E-02
   7154.80  4.6765147E-02
   7155.00  4.6529578E-02
   7155.20  4.6275654E-02
   7155.40  4.6007630E-02
   7155.60  4.5727414E-02
   7155.80  4.5436893E-02
   7156.00  4.5137807E-02
   7156.20  4.4831509E-02
   7156.40  4.4520178E-02
   7156.60  4.4205243E-02
   7156.80  4.3887925E-02
   7157.00  4.3569403E-02
   7157.20  4.3250621E-02
   7157.40  4.2932412E-02
   7157.60  4.2615854E-02
   7157.80  4.2300948E-02
   7158.00  4.1988137E-02
   7158.20  4.1677793E-02
   7158.40  4.1370239E-02
   7158.60  4.1065676E-02
   7158.80  4.0764222E-02
   7159.00  4.0466064E-02
   7159.20  4.0171363E-02
   7159.40  3.9879534E-02
   7159.60  3.9588754E-02
   7159.80  3.9298868E-02
   7160.00  3.9013947E-02
   7160.20  3.8730791E-02
   7160.40  3.8449021E-02
   7160.60  3.8168357E-02
   7160.80  3.7889839E-02
   7161.00  3.7610760E-02
   7161.20  3.7332197E-02
   7161.40  3.7053939E-02
   7161.60  3.6776296E-02
   7161.80  3.6498846E-02
   7162.00  3.6222019E-02
   7162.20  3.5946171E-02
   7162.40  3.5671677E-02
   7162.60  3.5398959E-02
   7162.80  3.5128774E-02
   7163.00  3.4861530E-02
   7163.20  3.4597383E-02
   7163.40  3.4336728E-02
   7163.60  3.4079906E-02
   7163.80  3.3827184E-02
   7164.00  3.3578761E-02
   7164.20  3.3334768E-02
   7164.40  3.3095162E-02
   7164.60  3.2859859E-02
   7164.80  3.2628674E-02
   7165.00  3.2401614E-02
   7165.20  3.2178331E-02
   7165.40  3.1958169E-02
   7165.60  3.1740652E-02
   7165.80  3.1525910E-02
   7166.00  3.1312743E-02
   7166.20  3.1100618E-02
   7166.40  3.0888941E-02
   7166.60  3.0679546E-02
   7166.80  3.0469097E-02
   7167.00  3.0260599E-02
   7167.20  3.0047514E-02
   7167.40  2.9829635E-02
   7167.60  2.9611104E-02
   7167.80  2.9387481E-02
   7168.00  2.9159754E-02
   7168.20  2.8927418E-02
   7168.40  2.8690052E-02
   7168.60  2.8447302E-02
   7168.80  2.8198944E-02
   7169.00  2.7944742E-02
   7169.20  2.7683873E-02
   7169.40  2.7415995E-02
   7169.60  2.7140631E-02
   7169.80  2.6857296E-02
   7170.00  2.6565519E-02
   7170.20  2.6265558E-02
   7170.40  2.5956737E-02
   7170.60  2.5638238E-02
   7170.80  2.5309789E-02
   7171.00  2.4971287E-02
   7171.20  2.4623006E-02
   7171.40  2.4265351E-02
   7171.60  2.3899177E-02
   7171.80  2.3526172E-02
   7172.00  2.3147989E-02
