  7112.000   26  1  1  1.2331003E-02 -3.5847876E+00 -6.7037686E-01  1  1  7.2651395E+03  0.0000000E+00  0.0000000E+00  4.3239851E+00  1.0000000E+00  0.0000000E+00 = E_edge, Z, n_edge, j_edge, Abs_before_edge, VO_interstitial, E_cut, ninitl, ninit1, Epsii, UnitCell_Volume, Surface_ref, f0_forward, natomsym_f, abs_u_i
    Energy    <xanes>    
   7097.00  2.7981402E-05
   7097.20  2.6494787E-05
   7097.40  2.5604385E-05
   7097.60  2.5169434E-05
   7097.80  2.5205319E-05
   7098.00  2.6006673E-05
   7098.20  2.9045002E-05
   7098.40  4.8735922E-05
   7098.60  6.4315360E-04
   7098.80  4.5079063E-05
   7099.00  1.5444981E-04
   7099.20  6.7779414E-05
   7099.40  3.1513849E-05
   7099.60  2.7377628E-05
   7099.80  2.6629093E-05
   7100.00  2.6901324E-05
   7100.20  2.7865790E-05
   7100.40  2.9702242E-05
   7100.60  3.3230730E-05
   7100.80  4.1723900E-05
   7101.00  8.1899521E-05
   7101.20  3.0994719E-03
   7101.40  3.0874017E-04
   7101.60  1.9409218E-04
   7101.80  8.4890096E-05
   7102.00  1.2393502E-04
   7102.20  4.5223657E-04
   7102.40  1.7503893E-02
   7102.60  2.7908343E-04
   7102.80  9.9494886E-05
   7103.00  6.2786180E-05
   7103.20  7.0952705E-05
   7103.40  5.0798153E-05
   7103.60  9.5268072E-04
   7103.80  1.3293060E-04
   7104.00  4.6907794E-05
   7104.20  4.8509048E-05
   7104.40  6.1462769E-05
   7104.60  3.2474017E-04
   7104.80  1.1950506E-04
   7105.00  1.2975977E-04
   7105.20  1.8094664E-03
   7105.40  2.5860475E-04
   7105.60  3.3292001E-04
   7105.80  1.1544071E-03
   7106.00  1.8279939E-04
   7106.20  1.9750134E-04
   7106.40  3.2588289E-04
   7106.60  1.1704344E-03
   7106.80  1.2259048E-02
   7107.00  2.1839586E-02
   7107.20  1.4106587E-03
   7107.40  1.0708819E-03
   7107.60  3.0658518E-03
   7107.80  5.9824957E-03
   7108.00  1.6548919E-03
   7108.20  4.6739578E-04
   7108.40  5.5070039E-03
   7108.60  2.2698198E-03
   7108.80  1.5006880E-04
   7109.00  6.7141303E-04
   7109.20  2.8497642E-03
   7109.40  6.0042950E-03
   7109.60  1.2288531E-02
   7109.80  2.1309159E-02
   7110.00  1.6415055E-02
   7110.20  2.2083658E-02
   7110.40  7.8455907E-02
   7110.60  1.7431815E-02
   7110.80  1.3180204E-02
   7111.00  2.4295511E-02
   7111.20  7.6069163E-02
   7111.40  3.0554084E-02
   7111.60  4.3528410E-02
   7111.80  2.7420131E-02
   7112.00  1.6770916E-02
   7112.20  1.4035616E-02
   7112.40  1.3469607E-02
   7112.60  1.3461001E-02
   7112.80  1.4337457E-02
   7113.00  1.6653647E-02
   7113.20  1.9077025E-02
   7113.40  1.8654384E-02
   7113.60  1.5498019E-02
   7113.80  1.1890702E-02
   7114.00  8.2278286E-03
   7114.20  4.4758782E-03
   7114.40  2.9600659E-03
   7114.60  2.2727775E-03
   7114.80  1.7757921E-03
   7115.00  1.6779824E-03
   7115.20  1.6971264E-03
   7115.40  1.8441441E-03
   7115.60  1.9412141E-03
   7115.80  1.7727880E-03
   7116.00  1.6193268E-03
   7116.20  1.5568573E-03
   7116.40  1.5532992E-03
   7116.60  1.5891010E-03
   7116.80  1.6577641E-03
   7117.00  1.7598442E-03
   7117.20  1.9006364E-03
   7117.40  2.0900840E-03
   7117.60  2.3440829E-03
   7117.80  2.6867921E-03
   7118.00  3.1533491E-03
   7118.20  3.7910179E-03
   7118.40  4.6551082E-03
   7118.60  5.7883265E-03
   7118.80  7.1599985E-03
   7119.00  8.5710175E-03
   7119.20  9.6396689E-03
   7119.40  1.0040938E-02
   7119.60  9.7983512E-03
   7119.80  9.1918019E-03
   7120.00  8.4546212E-03
   7120.20  7.6785457E-03
   7120.40  6.8940578E-03
   7120.60  6.1097715E-03
   7120.80  5.3337098E-03
   7121.00  4.6573458E-03
   7121.20  4.0946616E-03
   7121.40  3.7007984E-03
   7121.60  3.4034993E-03
   7121.80  3.1901717E-03
   7122.00  3.0719836E-03
   7122.20  3.0693580E-03
   7122.40  3.2205611E-03
   7122.60  3.6091989E-03
   7122.80  4.3593233E-03
   7123.00  5.6458003E-03
   7123.20  7.6493506E-03
   7123.40  1.0287961E-02
   7123.60  1.2763375E-02
   7123.80  1.4179864E-02
   7124.00  1.4775293E-02
   7124.20  1.5360447E-02
   7124.40  1.6276111E-02
   7124.60  1.7309639E-02
   7124.80  1.8051081E-02
   7125.00  1.8129715E-02
   7125.20  1.7467747E-02
   7125.40  1.6650694E-02
   7125.60  1.6208264E-02
   7125.80  1.6348366E-02
   7126.00  1.6941198E-02
   7126.20  1.7635666E-02
   7126.40  1.8026891E-02
   7126.60  1.8202105E-02
   7126.80  1.8493469E-02
   7127.00  1.9084896E-02
   7127.20  2.0083093E-02
   7127.40  2.1509723E-02
   7127.60  2.3342763E-02
   7127.80  2.5522873E-02
   7128.00  2.7952286E-02
   7128.20  3.0537383E-02
   7128.40  3.3011133E-02
   7128.60  3.5224266E-02
   7128.80  3.7026069E-02
   7129.00  3.8377050E-02
   7129.20  3.9386483E-02
   7129.40  4.0233058E-02
   7129.60  4.1046481E-02
   7129.80  4.1891118E-02
   7130.00  4.2846135E-02
   7130.20  4.4034703E-02
   7130.40  4.5554681E-02
   7130.60  4.7403258E-02
   7130.80  4.9474454E-02
   7131.00  5.1605637E-02
   7131.20  5.3627090E-02
   7131.40  5.5395389E-02
   7131.60  5.6822426E-02
   7131.80  5.7888584E-02
   7132.00  5.8626362E-02
   7132.20  5.9100317E-02
   7132.40  5.9412518E-02
   7132.60  5.9706396E-02
   7132.80  6.0133763E-02
   7133.00  6.0820989E-02
   7133.20  6.1843838E-02
   7133.40  6.3204333E-02
   7133.60  6.4813334E-02
   7133.80  6.6481216E-02
   7134.00  6.7950399E-02
   7134.20  6.8974339E-02
   7134.40  6.9401107E-02
   7134.60  6.9215239E-02
   7134.80  6.8519674E-02
   7135.00  6.7474212E-02
   7135.20  6.6234218E-02
   7135.40  6.4916809E-02
   7135.60  6.3590392E-02
   7135.80  6.2300061E-02
   7136.00  6.1068822E-02
   7136.20  5.9906751E-02
   7136.40  5.8821584E-02
   7136.60  5.7820267E-02
   7136.80  5.6908094E-02
   7137.00  5.6087868E-02
   7137.20  5.5359239E-02
   7137.40  5.4718168E-02
   7137.60  5.4157250E-02
   7137.80  5.3665058E-02
   7138.00  5.3224457E-02
   7138.20  5.2811040E-02
   7138.40  5.2388492E-02
   7138.60  5.1905532E-02
   7138.80  5.1295893E-02
   7139.00  5.0485233E-02
   7139.20  4.9409652E-02
   7139.40  4.8043454E-02
   7139.60  4.6415014E-02
   7139.80  4.4600533E-02
   7140.00  4.2695644E-02
   7140.20  4.0786973E-02
   7140.40  3.8934006E-02
   7140.60  3.7168773E-02
   7140.80  3.5503764E-02
   7141.00  3.3942466E-02
   7141.20  3.2486970E-02
   7141.40  3.1141547E-02
   7141.60  2.9913366E-02
   7141.80  2.8810557E-02
   7142.00  2.7839521E-02
   7142.20  2.7003474E-02
   7142.40  2.6301442E-02
   7142.60  2.5729000E-02
   7142.80  2.5285232E-02
   7143.00  2.4953796E-02
   7143.20  2.4724360E-02
   7143.40  2.4589110E-02
   7143.60  2.4540324E-02
   7143.80  2.4570709E-02
   7144.00  2.4673119E-02
   7144.20  2.4840837E-02
   7144.40  2.5067505E-02
   7144.60  2.5346997E-02
   7144.80  2.5673554E-02
   7145.00  2.6041703E-02
   7145.20  2.6469343E-02
   7145.40  2.6905443E-02
   7145.60  2.7368261E-02
   7145.80  2.7853464E-02
   7146.00  2.8363597E-02
   7146.20  2.8884715E-02
   7146.40  2.9411356E-02
   7146.60  2.9942810E-02
   7146.80  3.0474157E-02
   7147.00  3.1000220E-02
   7147.20  3.1515587E-02
   7147.40  3.2014356E-02
   7147.60  3.2490747E-02
   7147.80  3.2938974E-02
   7148.00  3.3358222E-02
   7148.20  3.3735106E-02
   7148.40  3.4070332E-02
   7148.60  3.4361433E-02
   7148.80  3.4613241E-02
   7149.00  3.4811624E-02
   7149.20  3.4983700E-02
   7149.40  3.5116348E-02
   7149.60  3.5195666E-02
   7149.80  3.5243021E-02
   7150.00  3.5263228E-02
   7150.20  3.5261505E-02
   7150.40  3.5242670E-02
   7150.60  3.5211484E-02
   7150.80  3.5174428E-02
   7151.00  3.5134011E-02
   7151.20  3.5091589E-02
   7151.40  3.5049277E-02
   7151.60  3.5008463E-02
   7151.80  3.4969812E-02
   7152.00  3.4933290E-02
   7152.20  3.4897817E-02
   7152.40  3.4861524E-02
   7152.60  3.4821970E-02
   7152.80  3.4776156E-02
   7153.00  3.4720908E-02
   7153.20  3.4653266E-02
   7153.40  3.4569907E-02
   7153.60  3.4468243E-02
   7153.80  3.4346229E-02
   7154.00  3.4202707E-02
   7154.20  3.4037441E-02
   7154.40  3.3851424E-02
   7154.60  3.3646539E-02
   7154.80  3.3425354E-02
   7155.00  3.3191337E-02
   7155.20  3.2948420E-02
   7155.40  3.2700374E-02
   7155.60  3.2450514E-02
   7155.80  3.2201170E-02
   7156.00  3.1953180E-02
   7156.20  3.1704848E-02
   7156.40  3.1452863E-02
   7156.60  3.1192200E-02
   7156.80  3.0916751E-02
   7157.00  3.0620198E-02
   7157.20  3.0296967E-02
   7157.40  2.9943065E-02
   7157.60  2.9557106E-02
   7157.80  2.9139351E-02
   7158.00  2.8692619E-02
   7158.20  2.8221582E-02
   7158.40  2.7731974E-02
   7158.60  2.7230067E-02
   7158.80  2.6722096E-02
   7159.00  2.6215599E-02
   7159.20  2.5712824E-02
   7159.40  2.5220608E-02
   7159.60  2.4742554E-02
   7159.80  2.4281043E-02
   7160.00  2.3842821E-02
   7160.20  2.3431728E-02
   7160.40  2.3051412E-02
   7160.60  2.2705441E-02
   7160.80  2.2397759E-02
   7161.00  2.2130319E-02
   7161.20  2.1909192E-02
   7161.40  2.1742448E-02
   7161.60  2.1632818E-02
   7161.80  2.1568513E-02
   7162.00  2.1562582E-02
   7162.20  2.1617663E-02
   7162.40  2.1736237E-02
   7162.60  2.1920328E-02
   7162.80  2.2171068E-02
   7163.00  2.2488802E-02
   7163.20  2.2872966E-02
   7163.40  2.3321854E-02
   7163.60  2.3832338E-02
   7163.80  2.4399336E-02
   7164.00  2.5016384E-02
   7164.20  2.5674791E-02
   7164.40  2.6363606E-02
   7164.60  2.7069616E-02
   7164.80  2.7777120E-02
   7165.00  2.8468540E-02
   7165.20  2.9125222E-02
   7165.40  2.9728284E-02
   7165.60  3.0259808E-02
   7165.80  3.0704183E-02
   7166.00  3.1049316E-02
   7166.20  3.1287478E-02
   7166.40  3.1416137E-02
   7166.60  3.1437992E-02
   7166.80  3.1360424E-02
   7167.00  3.1195068E-02
   7167.20  3.0956410E-02
   7167.40  3.0661324E-02
   7167.60  3.0326470E-02
   7167.80  2.9968855E-02
   7168.00  2.9604165E-02
   7168.20  2.9246458E-02
   7168.40  2.8907883E-02
   7168.60  2.8598324E-02
   7168.80  2.8325489E-02
   7169.00  2.8097855E-02
   7169.20  2.7914467E-02
   7169.40  2.7778701E-02
   7169.60  2.7691249E-02
   7169.80  2.7651022E-02
   7170.00  2.7655369E-02
   7170.20  2.7700471E-02
   7170.40  2.7781640E-02
   7170.60  2.7893282E-02
   7170.80  2.8029470E-02
   7171.00  2.8184019E-02
   7171.20  2.8350370E-02
   7171.40  2.8522527E-02
   7171.60  2.8694987E-02
   7171.80  2.8862852E-02
   7172.00  2.9022182E-02
