  7112.000   26  1  1  8.5493075E-03 -2.2797121E+00 -1.2891763E+00  1  1  7.2652364E+03  0.0000000E+00  0.0000000E+00  2.1520619E+00  1.0000000E+00  0.0000000E+00 = E_edge, Z, n_edge, j_edge, Abs_before_edge, VO_interstitial, E_cut, ninitl, ninit1, Epsii, UnitCell_Volume, Surface_ref, f0_forward, natomsym_f, abs_u_i
    Energy    <xanes>    
   7097.00  1.6946377E-04
   7097.20  4.4125748E-03
   7097.40  3.8431961E-04
   7097.60  9.0848628E-05
   7097.80  4.9878581E-05
   7098.00  3.7353062E-05
   7098.20  3.2768172E-05
   7098.40  3.2402675E-05
   7098.60  3.8952773E-05
   7098.80  1.0329680E-04
   7099.00  4.2989712E-04
   7099.20  4.9020878E-05
   7099.40  3.8798428E-05
   7099.60  9.1780770E-05
   7099.80  8.9801401E-05
   7100.00  6.6974501E-05
   7100.20  1.2489648E-03
   7100.40  1.1369294E-04
   7100.60  4.7692410E-05
   7100.80  3.1334981E-05
   7101.00  2.8211733E-05
   7101.20  2.7696028E-05
   7101.40  2.8895483E-05
   7101.60  3.2985857E-05
   7101.80  4.7656042E-05
   7102.00  1.8891699E-04
   7102.20  4.0168640E-04
   7102.40  5.7974090E-05
   7102.60  4.0741946E-05
   7102.80  4.3337219E-05
   7103.00  7.5734151E-05
   7103.20  2.8526166E-03
   7103.40  1.2902016E-04
   7103.60  9.7653689E-05
   7103.80  1.1524283E-04
   7104.00  7.0509891E-05
   7104.20  7.7300379E-05
   7104.40  9.1516924E-04
   7104.60  5.6869135E-05
   7104.80  4.2946089E-05
   7105.00  4.9311070E-05
   7105.20  1.1996837E-04
   7105.40  4.5809698E-04
   7105.60  7.2895095E-05
   7105.80  3.6619570E-04
   7106.00  8.1122043E-05
   7106.20  6.9735970E-05
   7106.40  1.8010409E-04
   7106.60  4.1810880E-04
   7106.80  9.5949682E-05
   7107.00  1.0830347E-04
   7107.20  5.1317571E-04
   7107.40  8.3834017E-04
   7107.60  5.1454002E-03
   7107.80  4.3533470E-03
   7108.00  1.1771567E-03
   7108.20  1.9689164E-03
   7108.40  5.1812005E-04
   7108.60  1.0599044E-02
   7108.80  1.2154672E-03
   7109.00  5.3479602E-04
   7109.20  2.4838872E-03
   7109.40  1.8137062E-03
   7109.60  8.1031050E-02
   7109.80  1.6988430E-02
   7110.00  1.5140109E-03
   7110.20  4.8634444E-02
   7110.40  2.7758274E-02
   7110.60  2.0603327E-02
   7110.80  1.1470395E-02
   7111.00  1.5907558E-02
   7111.20  9.0879531E-03
   7111.40  7.5580700E-03
   7111.60  7.8396404E-03
   7111.80  7.5694149E-03
   7112.00  1.7775745E-02
   7112.20  3.5192159E-02
   7112.40  1.6405020E-02
   7112.60  2.0524165E-02
   7112.80  1.8864905E-02
   7113.00  1.3172014E-02
   7113.20  2.1125952E-02
   7113.40  3.8790367E-02
   7113.60  4.1785524E-02
   7113.80  4.4092495E-02
   7114.00  7.8191323E-02
   7114.20  5.7134607E-02
   7114.40  3.4276647E-02
   7114.60  2.5654319E-02
   7114.80  2.0644429E-02
   7115.00  1.7035033E-02
   7115.20  1.4874432E-02
   7115.40  1.4387477E-02
   7115.60  1.5790399E-02
   7115.80  1.8760617E-02
   7116.00  2.0887114E-02
   7116.20  1.9737117E-02
   7116.40  1.7457684E-02
   7116.60  1.7751139E-02
   7116.80  1.8988791E-02
   7117.00  1.6267639E-02
   7117.20  1.3317435E-02
   7117.40  1.1369064E-02
   7117.60  1.0112383E-02
   7117.80  9.2358332E-03
   7118.00  8.6089906E-03
   7118.20  8.5156663E-03
   7118.40  8.6567209E-03
   7118.60  8.5710587E-03
   7118.80  8.3423757E-03
   7119.00  8.1084426E-03
   7119.20  7.9838707E-03
   7119.40  7.9930012E-03
   7119.60  8.0828216E-03
   7119.80  8.1693734E-03
   7120.00  8.1712238E-03
   7120.20  8.0391824E-03
   7120.40  7.7890416E-03
   7120.60  7.4831649E-03
   7120.80  7.1632122E-03
   7121.00  6.8382609E-03
   7121.20  6.5335052E-03
   7121.40  6.3201230E-03
   7121.60  6.3186800E-03
   7121.80  6.6178925E-03
   7122.00  7.0986735E-03
   7122.20  7.3456757E-03
   7122.40  7.2653738E-03
   7122.60  6.9514899E-03
   7122.80  6.7669518E-03
   7123.00  6.7730171E-03
   7123.20  6.8821385E-03
   7123.40  7.0593555E-03
   7123.60  7.3022303E-03
   7123.80  7.6186111E-03
   7124.00  7.9976102E-03
   7124.20  8.4499420E-03
   7124.40  8.9977529E-03
   7124.60  9.6224723E-03
   7124.80  1.0259926E-02
   7125.00  1.0874754E-02
   7125.20  1.1458699E-02
   7125.40  1.1991814E-02
   7125.60  1.2475159E-02
   7125.80  1.2950221E-02
   7126.00  1.3464132E-02
   7126.20  1.4045687E-02
   7126.40  1.4691550E-02
   7126.60  1.5426833E-02
   7126.80  1.6157353E-02
   7127.00  1.6810548E-02
   7127.20  1.7369408E-02
   7127.40  1.7876341E-02
   7127.60  1.8386691E-02
   7127.80  1.8936646E-02
   7128.00  1.9555251E-02
   7128.20  2.0277780E-02
   7128.40  2.1130312E-02
   7128.60  2.2100513E-02
   7128.80  2.3274587E-02
   7129.00  2.4399529E-02
   7129.20  2.5562496E-02
   7129.40  2.6764203E-02
   7129.60  2.8017301E-02
   7129.80  2.9343660E-02
   7130.00  3.0773604E-02
   7130.20  3.2375570E-02
   7130.40  3.4243996E-02
   7130.60  3.6468959E-02
   7130.80  3.9055970E-02
   7131.00  4.1878301E-02
   7131.20  4.4732548E-02
   7131.40  4.7436311E-02
   7131.60  4.9878851E-02
   7131.80  5.2014836E-02
   7132.00  5.3840416E-02
   7132.20  5.5375949E-02
   7132.40  5.6660928E-02
   7132.60  5.7757867E-02
   7132.80  5.8757454E-02
   7133.00  5.9785318E-02
   7133.20  6.0996479E-02
   7133.40  6.2520241E-02
   7133.60  6.4367249E-02
   7133.80  6.6524591E-02
   7134.00  6.9097750E-02
   7134.20  7.2077154E-02
   7134.40  7.5118880E-02
   7134.60  7.7534000E-02
   7134.80  7.8509629E-02
   7135.00  7.7535849E-02
   7135.20  7.4728111E-02
   7135.40  7.0708686E-02
   7135.60  6.6173758E-02
   7135.80  6.1588260E-02
   7136.00  5.7192760E-02
   7136.20  5.3112923E-02
   7136.40  4.9409591E-02
   7136.60  4.6095195E-02
   7136.80  4.3151015E-02
   7137.00  4.0543925E-02
   7137.20  3.8238383E-02
   7137.40  3.6201961E-02
   7137.60  3.4408048E-02
   7137.80  3.2836966E-02
   7138.00  3.1475224E-02
   7138.20  3.0313844E-02
   7138.40  2.9346843E-02
   7138.60  2.8567308E-02
   7138.80  2.7965314E-02
   7139.00  2.7524688E-02
   7139.20  2.7222808E-02
   7139.40  2.7032165E-02
   7139.60  2.6923604E-02
   7139.80  2.6870473E-02
   7140.00  2.6851432E-02
   7140.20  2.6851664E-02
   7140.40  2.6867580E-02
   7140.60  2.6894219E-02
   7140.80  2.6928543E-02
   7141.00  2.6972288E-02
   7141.20  2.7028548E-02
   7141.40  2.7101017E-02
   7141.60  2.7193658E-02
   7141.80  2.7310294E-02
   7142.00  2.7454453E-02
   7142.20  2.7629063E-02
   7142.40  2.7836212E-02
   7142.60  2.8075622E-02
   7142.80  2.8351527E-02
   7143.00  2.8661235E-02
   7143.20  2.9010388E-02
   7143.40  2.9383558E-02
   7143.60  2.9783714E-02
   7143.80  3.0205428E-02
   7144.00  3.0647192E-02
   7144.20  3.1102615E-02
   7144.40  3.1566613E-02
   7144.60  3.2034393E-02
   7144.80  3.2501346E-02
   7145.00  3.2963492E-02
   7145.20  3.3417720E-02
   7145.40  3.3861663E-02
   7145.60  3.4293579E-02
   7145.80  3.4712754E-02
   7146.00  3.5119018E-02
   7146.20  3.5512782E-02
   7146.40  3.5894823E-02
   7146.60  3.6266071E-02
   7146.80  3.6627714E-02
   7147.00  3.6980386E-02
   7147.20  3.7324647E-02
   7147.40  3.7660928E-02
   7147.60  3.7976325E-02
   7147.80  3.8284645E-02
   7148.00  3.8576987E-02
   7148.20  3.8869347E-02
   7148.40  3.9153434E-02
   7148.60  3.9436512E-02
   7148.80  3.9702858E-02
   7149.00  3.9959554E-02
   7149.20  4.0206238E-02
   7149.40  4.0442650E-02
   7149.60  4.0668580E-02
   7149.80  4.0883976E-02
   7150.00  4.1097445E-02
   7150.20  4.1292694E-02
   7150.40  4.1477390E-02
   7150.60  4.1651609E-02
   7150.80  4.1815602E-02
   7151.00  4.1969208E-02
   7151.20  4.2112543E-02
   7151.40  4.2245773E-02
   7151.60  4.2368652E-02
   7151.80  4.2481166E-02
   7152.00  4.2583398E-02
   7152.20  4.2675139E-02
   7152.40  4.2755948E-02
   7152.60  4.2825618E-02
   7152.80  4.2883875E-02
   7153.00  4.2930305E-02
   7153.20  4.2964473E-02
   7153.40  4.2986062E-02
   7153.60  4.2994782E-02
   7153.80  4.2990644E-02
   7154.00  4.2973312E-02
   7154.20  4.2942780E-02
   7154.40  4.2899117E-02
   7154.60  4.2842418E-02
   7154.80  4.2773198E-02
   7155.00  4.2692044E-02
   7155.20  4.2599398E-02
   7155.40  4.2495872E-02
   7155.60  4.2381480E-02
   7155.80  4.2258303E-02
   7156.00  4.2127452E-02
   7156.20  4.1990258E-02
   7156.40  4.1847461E-02
   7156.60  4.1700087E-02
   7156.80  4.1548993E-02
   7157.00  4.1394895E-02
   7157.20  4.1238388E-02
   7157.40  4.1080002E-02
   7157.60  4.0920507E-02
   7157.80  4.0759843E-02
   7158.00  4.0598199E-02
   7158.20  4.0435688E-02
   7158.40  4.0272415E-02
   7158.60  4.0108228E-02
   7158.80  3.9942991E-02
   7159.00  3.9776513E-02
   7159.20  3.9608985E-02
   7159.40  3.9439759E-02
   7159.60  3.9268585E-02
   7159.80  3.9095320E-02
   7160.00  3.8919920E-02
   7160.20  3.8742476E-02
   7160.40  3.8563229E-02
   7160.60  3.8380428E-02
   7160.80  3.8195997E-02
   7161.00  3.8013757E-02
   7161.20  3.7832621E-02
   7161.40  3.7652535E-02
   7161.60  3.7474176E-02
   7161.80  3.7297930E-02
   7162.00  3.7124140E-02
   7162.20  3.6952906E-02
   7162.40  3.6784038E-02
   7162.60  3.6617118E-02
   7162.80  3.6451480E-02
   7163.00  3.6286587E-02
   7163.20  3.6120996E-02
   7163.40  3.5953473E-02
   7163.60  3.5782733E-02
   7163.80  3.5607481E-02
   7164.00  3.5426504E-02
   7164.20  3.5238598E-02
   7164.40  3.5043010E-02
   7164.60  3.4839270E-02
   7164.80  3.4626600E-02
   7165.00  3.4404828E-02
   7165.20  3.4174460E-02
   7165.40  3.3935649E-02
   7165.60  3.3688126E-02
   7165.80  3.3432329E-02
   7166.00  3.3168805E-02
   7166.20  3.2898755E-02
   7166.40  3.2622329E-02
   7166.60  3.2339938E-02
   7166.80  3.2052181E-02
   7167.00  3.1759777E-02
   7167.20  3.1463698E-02
   7167.40  3.1164210E-02
   7167.60  3.0861722E-02
   7167.80  3.0556680E-02
   7168.00  3.0249368E-02
   7168.20  2.9943613E-02
   7168.40  2.9632040E-02
   7168.60  2.9322417E-02
   7168.80  2.9009035E-02
   7169.00  2.8700378E-02
   7169.20  2.8393060E-02
   7169.40  2.8087919E-02
   7169.60  2.7785747E-02
   7169.80  2.7487675E-02
   7170.00  2.7194451E-02
   7170.20  2.6906683E-02
   7170.40  2.6625501E-02
   7170.60  2.6351363E-02
   7170.80  2.6084955E-02
   7171.00  2.5827047E-02
   7171.20  2.5578282E-02
   7171.40  2.5339502E-02
   7171.60  2.5111091E-02
   7171.80  2.4893222E-02
   7172.00  2.4686300E-02
