  7112.000   26  1  1  1.5111282E-02 -3.2645449E+00 -1.4727975E+00  1  1  7.2654814E+03  0.0000000E+00  0.0000000E+00  2.9051056E+00  1.0000000E+00  0.0000000E+00 = E_edge, Z, n_edge, j_edge, Abs_before_edge, VO_interstitial, E_cut, ninitl, ninit1, Epsii, UnitCell_Volume, Surface_ref, f0_forward, natomsym_f, abs_u_i
    Energy    <xanes>    
   7097.00  4.4344584E-05
   7097.20  3.3670256E-05
   7097.40  2.9017674E-05
   7097.60  2.6577324E-05
   7097.80  2.5176514E-05
   7098.00  2.4361529E-05
   7098.20  2.3943827E-05
   7098.40  2.3873425E-05
   7098.60  2.4240282E-05
   7098.80  2.5467778E-05
   7099.00  2.9559329E-05
   7099.20  5.9243444E-05
   7099.40  2.4740801E-04
   7099.60  7.2744005E-04
   7099.80  4.3387885E-05
   7100.00  3.4748909E-05
   7100.20  3.0268614E-05
   7100.40  2.6799979E-05
   7100.60  2.7976131E-05
   7100.80  3.4444360E-05
   7101.00  1.4219050E-04
   7101.20  6.5569329E-05
   7101.40  3.9584291E-05
   7101.60  4.9790756E-05
   7101.80  1.2338210E-04
   7102.00  9.5814071E-03
   7102.20  1.0741802E-04
   7102.40  6.5993472E-05
   7102.60  3.8739869E-04
   7102.80  1.5325209E-04
   7103.00  1.9068451E-03
   7103.20  1.0326719E-04
   7103.40  2.2283750E-04
   7103.60  1.0269674E-02
   7103.80  9.6763431E-05
   7104.00  5.5011632E-05
   7104.20  5.3171316E-05
   7104.40  7.2434447E-05
   7104.60  7.7093178E-03
   7104.80  1.9243978E-04
   7105.00  7.2824371E-03
   7105.20  2.9846807E-04
   7105.40  1.3733238E-03
   7105.60  2.2500978E-04
   7105.80  1.7783103E-03
   7106.00  3.7307845E-04
   7106.20  9.9506259E-04
   7106.40  2.4541086E-04
   7106.60  2.0925148E-04
   7106.80  7.7433125E-03
   7107.00  1.2781409E-03
   7107.20  2.3803629E-02
   7107.40  1.4032406E-03
   7107.60  1.8590716E-02
   7107.80  1.2943761E-03
   7108.00  9.7668359E-03
   7108.20  1.1281652E-03
   7108.40  4.9174072E-04
   7108.60  4.2517484E-03
   7108.80  1.0548209E-02
   7109.00  2.6040723E-04
   7109.20  3.5382973E-03
   7109.40  5.9202937E-02
   7109.60  6.9839070E-03
   7109.80  1.6991651E-02
   7110.00  2.5567807E-02
   7110.20  1.4732788E-02
   7110.40  1.7582761E-02
   7110.60  1.4301799E-02
   7110.80  2.0410035E-02
   7111.00  1.4072260E-02
   7111.20  1.5865672E-02
   7111.40  1.6236457E-02
   7111.60  3.2029701E-02
   7111.80  8.2524004E-02
   7112.00  5.0720800E-02
   7112.20  4.8702263E-02
   7112.40  3.1344813E-02
   7112.60  1.7380369E-02
   7112.80  1.5451209E-02
   7113.00  1.6490574E-02
   7113.20  1.5788229E-02
   7113.40  1.3792390E-02
   7113.60  1.2795426E-02
   7113.80  1.5351803E-02
   7114.00  2.5702394E-02
   7114.20  4.7220397E-02
   7114.40  3.9822463E-02
   7114.60  1.9828379E-02
   7114.80  1.1158172E-02
   7115.00  7.6085300E-03
   7115.20  6.3077621E-03
   7115.40  6.9668718E-03
   7115.60  1.3276423E-02
   7115.80  2.2709232E-02
   7116.00  1.5309452E-02
   7116.20  1.0313509E-02
   7116.40  7.8206597E-03
   7116.60  6.4500991E-03
   7116.80  5.6931539E-03
   7117.00  5.3444428E-03
   7117.20  5.3452052E-03
   7117.40  5.7277591E-03
   7117.60  6.5456809E-03
   7117.80  7.8136227E-03
   7118.00  9.5678597E-03
   7118.20  1.1538015E-02
   7118.40  1.1808661E-02
   7118.60  1.0339814E-02
   7118.80  8.7968478E-03
   7119.00  7.6640895E-03
   7119.20  6.9199268E-03
   7119.40  6.5792559E-03
   7119.60  6.7090989E-03
   7119.80  7.1690184E-03
   7120.00  7.3551667E-03
   7120.20  7.0525813E-03
   7120.40  6.7018737E-03
   7120.60  6.4531598E-03
   7120.80  6.2621131E-03
   7121.00  6.2154356E-03
   7121.20  6.3278522E-03
   7121.40  6.4959505E-03
   7121.60  6.6366858E-03
   7121.80  6.7418428E-03
   7122.00  6.8287444E-03
   7122.20  6.9416065E-03
   7122.40  7.0942216E-03
   7122.60  7.2788198E-03
   7122.80  7.5091126E-03
   7123.00  7.8070583E-03
   7123.20  8.1741996E-03
   7123.40  8.6311666E-03
   7123.60  9.1198707E-03
   7123.80  9.5500877E-03
   7124.00  1.0017011E-02
   7124.20  1.0641483E-02
   7124.40  1.1325470E-02
   7124.60  1.1871395E-02
   7124.80  1.2235712E-02
   7125.00  1.2576612E-02
   7125.20  1.3049577E-02
   7125.40  1.3699398E-02
   7125.60  1.4471209E-02
   7125.80  1.5352662E-02
   7126.00  1.6351861E-02
   7126.20  1.7445733E-02
   7126.40  1.8557935E-02
   7126.60  1.9634008E-02
   7126.80  2.0593620E-02
   7127.00  2.1370697E-02
   7127.20  2.1996050E-02
   7127.40  2.2551687E-02
   7127.60  2.3170202E-02
   7127.80  2.3732957E-02
   7128.00  2.4313547E-02
   7128.20  2.4970419E-02
   7128.40  2.5742973E-02
   7128.60  2.6655289E-02
   7128.80  2.7701991E-02
   7129.00  2.8920640E-02
   7129.20  3.0116091E-02
   7129.40  3.1293498E-02
   7129.60  3.2396502E-02
   7129.80  3.3396815E-02
   7130.00  3.4303190E-02
   7130.20  3.5149084E-02
   7130.40  3.6004142E-02
   7130.60  3.6840355E-02
   7130.80  3.7715239E-02
   7131.00  3.8650068E-02
   7131.20  3.9661135E-02
   7131.40  4.0757700E-02
   7131.60  4.1941018E-02
   7131.80  4.3205580E-02
   7132.00  4.4542730E-02
   7132.20  4.5946470E-02
   7132.40  4.7415680E-02
   7132.60  4.8953218E-02
   7132.80  5.0559773E-02
   7133.00  5.2225097E-02
   7133.20  5.3920996E-02
   7133.40  5.5601301E-02
   7133.60  5.7210857E-02
   7133.80  5.8692709E-02
   7134.00  5.9967093E-02
   7134.20  6.0891719E-02
   7134.40  6.1288241E-02
   7134.60  6.1040130E-02
   7134.80  6.0172241E-02
   7135.00  5.8811592E-02
   7135.20  5.7118596E-02
   7135.40  5.5239310E-02
   7135.60  5.3283943E-02
   7135.80  5.1325196E-02
   7136.00  4.9405748E-02
   7136.20  4.7548510E-02
   7136.40  4.5765215E-02
   7136.60  4.4062662E-02
   7136.80  4.2446513E-02
   7137.00  4.0922670E-02
   7137.20  3.9497490E-02
   7137.40  3.8177395E-02
   7137.60  3.6967892E-02
   7137.80  3.5872657E-02
   7138.00  3.4892866E-02
   7138.20  3.4027149E-02
   7138.40  3.3271395E-02
   7138.60  3.2619552E-02
   7138.80  3.2064224E-02
   7139.00  3.1597727E-02
   7139.20  3.1212931E-02
   7139.40  3.0904360E-02
   7139.60  3.0668408E-02
   7139.80  3.0503717E-02
   7140.00  3.0410793E-02
   7140.20  3.0391415E-02
   7140.40  3.0448182E-02
   7140.60  3.0583333E-02
   7140.80  3.0797860E-02
   7141.00  3.1091424E-02
   7141.20  3.1461881E-02
   7141.40  3.1905682E-02
   7141.60  3.2414679E-02
   7141.80  3.2993477E-02
   7142.00  3.3611423E-02
   7142.20  3.4273537E-02
   7142.40  3.4973559E-02
   7142.60  3.5705238E-02
   7142.80  3.6462404E-02
   7143.00  3.7238216E-02
   7143.20  3.8024585E-02
   7143.40  3.8812420E-02
   7143.60  3.9591494E-02
   7143.80  4.0350923E-02
   7144.00  4.1080390E-02
   7144.20  4.1770888E-02
   7144.40  4.2415247E-02
   7144.60  4.3008981E-02
   7144.80  4.3550887E-02
   7145.00  4.4041619E-02
   7145.20  4.4484619E-02
   7145.40  4.4885126E-02
   7145.60  4.5249221E-02
   7145.80  4.5583344E-02
   7146.00  4.5893573E-02
   7146.20  4.6185205E-02
   7146.40  4.6461954E-02
   7146.60  4.6726189E-02
   7146.80  4.6978764E-02
   7147.00  4.7219205E-02
   7147.20  4.7445652E-02
   7147.40  4.7659939E-02
   7147.60  4.7848858E-02
   7147.80  4.8012607E-02
   7148.00  4.8144911E-02
   7148.20  4.8246279E-02
   7148.40  4.8301491E-02
   7148.60  4.8319121E-02
   7148.80  4.8290565E-02
   7149.00  4.8217122E-02
   7149.20  4.8099204E-02
   7149.40  4.7934271E-02
   7149.60  4.7724490E-02
   7149.80  4.7470882E-02
   7150.00  4.7176196E-02
   7150.20  4.6842686E-02
   7150.40  4.6473892E-02
   7150.60  4.6074024E-02
   7150.80  4.5641689E-02
   7151.00  4.5191728E-02
   7151.20  4.4718483E-02
   7151.40  4.4236224E-02
   7151.60  4.3744274E-02
   7151.80  4.3246507E-02
   7152.00  4.2746742E-02
   7152.20  4.2248103E-02
   7152.40  4.1752829E-02
   7152.60  4.1263042E-02
   7152.80  4.0780348E-02
   7153.00  4.0306292E-02
   7153.20  3.9841330E-02
   7153.40  3.9385723E-02
   7153.60  3.8939606E-02
   7153.80  3.8502903E-02
   7154.00  3.8075589E-02
   7154.20  3.7657758E-02
   7154.40  3.7248869E-02
   7154.60  3.6848813E-02
   7154.80  3.6457596E-02
   7155.00  3.6075380E-02
   7155.20  3.5702266E-02
   7155.40  3.5338916E-02
   7155.60  3.4984995E-02
   7155.80  3.4640734E-02
   7156.00  3.4306218E-02
   7156.20  3.3981465E-02
   7156.40  3.3666405E-02
   7156.60  3.3360907E-02
   7156.80  3.3065208E-02
   7157.00  3.2778888E-02
   7157.20  3.2501856E-02
   7157.40  3.2233590E-02
   7157.60  3.1974248E-02
   7157.80  3.1725143E-02
   7158.00  3.1486944E-02
   7158.20  3.1260387E-02
   7158.40  3.1046655E-02
   7158.60  3.0846541E-02
   7158.80  3.0661017E-02
   7159.00  3.0491043E-02
   7159.20  3.0337748E-02
   7159.40  3.0200399E-02
   7159.60  3.0081867E-02
   7159.80  2.9981460E-02
   7160.00  2.9900273E-02
   7160.20  2.9835725E-02
   7160.40  2.9788214E-02
   7160.60  2.9756645E-02
   7160.80  2.9739731E-02
   7161.00  2.9735907E-02
   7161.20  2.9743686E-02
   7161.40  2.9760859E-02
   7161.60  2.9789639E-02
   7161.80  2.9822628E-02
   7162.00  2.9858293E-02
   7162.20  2.9896881E-02
   7162.40  2.9936857E-02
   7162.60  2.9976758E-02
   7162.80  3.0015322E-02
   7163.00  3.0051381E-02
   7163.20  3.0083856E-02
   7163.40  3.0111742E-02
   7163.60  3.0134044E-02
   7163.80  3.0149851E-02
   7164.00  3.0158343E-02
   7164.20  3.0159099E-02
   7164.40  3.0151570E-02
   7164.60  3.0134816E-02
   7164.80  3.0108051E-02
   7165.00  3.0070694E-02
   7165.20  3.0022897E-02
   7165.40  2.9963732E-02
   7165.60  2.9892876E-02
   7165.80  2.9810079E-02
   7166.00  2.9715198E-02
   7166.20  2.9608680E-02
   7166.40  2.9490455E-02
   7166.60  2.9360825E-02
   7166.80  2.9212319E-02
   7167.00  2.9062168E-02
   7167.20  2.8899351E-02
   7167.40  2.8732014E-02
   7167.60  2.8557990E-02
   7167.80  2.8378372E-02
   7168.00  2.8194758E-02
   7168.20  2.8008783E-02
   7168.40  2.7821853E-02
   7168.60  2.7635429E-02
   7168.80  2.7451208E-02
   7169.00  2.7270334E-02
   7169.20  2.7093486E-02
   7169.40  2.6921392E-02
   7169.60  2.6754660E-02
   7169.80  2.6593824E-02
   7170.00  2.6438689E-02
   7170.20  2.6289225E-02
   7170.40  2.6145483E-02
   7170.60  2.6007187E-02
   7170.80  2.5873644E-02
   7171.00  2.5744465E-02
   7171.20  2.5619282E-02
   7171.40  2.5497715E-02
   7171.60  2.5379628E-02
   7171.80  2.5264749E-02
   7172.00  2.5153052E-02
