  7112.000   26  1  1  1.3177465E-02 -1.2611965E+00 -1.1335612E-01  1  1  7.2640988E+03  0.0000000E+00  0.0000000E+00  1.8979167E+00  1.0000000E+00  0.0000000E+00 = E_edge, Z, n_edge, j_edge, Abs_before_edge, VO_interstitial, E_cut, ninitl, ninit1, Epsii, UnitCell_Volume, Surface_ref, f0_forward, natomsym_f, abs_u_i
    Energy    <xanes>    
   7097.00  2.2751976E-05
   7097.20  2.4613403E-05
   7097.40  3.8539910E-05
   7097.60  7.9847083E-05
   7097.80  2.9637803E-05
   7098.00  3.0660959E-05
   7098.20  3.7525083E-05
   7098.40  5.7764046E-05
   7098.60  1.5575472E-04
   7098.80  1.0241504E-02
   7099.00  2.4317970E-04
   7099.20  6.8244450E-05
   7099.40  4.0472877E-05
   7099.60  3.1312510E-05
   7099.80  2.7284927E-05
   7100.00  2.5255866E-05
   7100.20  2.4198487E-05
   7100.40  2.3715044E-05
   7100.60  2.3655933E-05
   7100.80  2.4012875E-05
   7101.00  2.4925101E-05
   7101.20  2.6819501E-05
   7101.40  3.0977777E-05
   7101.60  4.2438538E-05
   7101.80  1.0027421E-04
   7102.00  9.3152160E-03
   7102.20  4.3642735E-04
   7102.40  6.0862910E-05
   7102.60  3.6575693E-05
   7102.80  3.0045213E-05
   7103.00  2.7684096E-05
   7103.20  2.6981683E-05
   7103.40  2.7333658E-05
   7103.60  2.8886072E-05
   7103.80  3.2905162E-05
   7104.00  4.6135155E-05
   7104.20  2.0763284E-04
   7104.40  3.8673873E-04
   7104.60  1.7981828E-03
   7104.80  6.6261889E-05
   7105.00  4.1827079E-05
   7105.20  3.9936705E-05
   7105.40  5.2297065E-05
   7105.60  2.8812048E-04
   7105.80  1.7427629E-03
   7106.00  6.1412077E-05
   7106.20  4.3159327E-05
   7106.40  4.1599639E-05
   7106.60  4.5629545E-05
   7106.80  6.7785791E-05
   7107.00  9.0502587E-05
   7107.20  2.4992672E-04
   7107.40  3.8566420E-03
   7107.60  1.5500355E-04
   7107.80  8.1639188E-04
   7108.00  1.0014204E-04
   7108.20  1.3027236E-04
   7108.40  3.4372038E-04
   7108.60  4.0907386E-02
   7108.80  2.3726389E-03
   7109.00  6.2918664E-04
   7109.20  4.0894028E-04
   7109.40  2.5035937E-03
   7109.60  7.4486797E-04
   7109.80  4.6641093E-03
   7110.00  2.6345610E-04
   7110.20  5.8786324E-04
   7110.40  5.1722349E-03
   7110.60  2.0165237E-02
   7110.80  2.2978204E-02
   7111.00  1.4680841E-01
   7111.20  3.9821904E-03
   7111.40  1.7275180E-03
   7111.60  6.2930605E-03
   7111.80  5.6687804E-03
   7112.00  1.2334288E-02
   7112.20  1.5460962E-02
   7112.40  1.5234653E-02
   7112.60  1.7396762E-02
   7112.80  7.4796435E-03
   7113.00  1.2751534E-02
   7113.20  1.0110753E-02
   7113.40  1.0155899E-02
   7113.60  6.8748818E-02
   7113.80  2.1906967E-02
   7114.00  1.4889839E-02
   7114.20  1.4948037E-02
   7114.40  3.3382449E-02
   7114.60  7.7480621E-02
   7114.80  2.2803861E-02
   7115.00  1.9269331E-02
   7115.20  1.2522341E-02
   7115.40  6.7300569E-03
   7115.60  4.5975273E-03
   7115.80  3.8869121E-03
   7116.00  3.9181629E-03
   7116.20  4.6554111E-03
   7116.40  6.4994341E-03
   7116.60  1.0479591E-02
   7116.80  1.7961465E-02
   7117.00  2.6461070E-02
   7117.20  3.0242756E-02
   7117.40  3.2098058E-02
   7117.60  3.1424253E-02
   7117.80  2.7066197E-02
   7118.00  2.1998651E-02
   7118.20  1.8168313E-02
   7118.40  1.5592791E-02
   7118.60  1.3893903E-02
   7118.80  1.2783637E-02
   7119.00  1.2063503E-02
   7119.20  1.1484034E-02
   7119.40  1.0765872E-02
   7119.60  9.9062576E-03
   7119.80  9.0909761E-03
   7120.00  8.3664699E-03
   7120.20  7.7282006E-03
   7120.40  7.2367449E-03
   7120.60  6.8696730E-03
   7120.80  6.5795085E-03
   7121.00  6.3793880E-03
   7121.20  6.3703793E-03
   7121.40  6.6861213E-03
   7121.60  7.1223591E-03
   7121.80  7.2655944E-03
   7122.00  7.1890145E-03
   7122.20  7.0948861E-03
   7122.40  7.0677729E-03
   7122.60  7.1263898E-03
   7122.80  7.2615299E-03
   7123.00  7.4495678E-03
   7123.20  7.6775340E-03
   7123.40  7.9626026E-03
   7123.60  8.2244988E-03
   7123.80  8.5404572E-03
   7124.00  8.9318715E-03
   7124.20  9.4160075E-03
   7124.40  1.0011228E-02
   7124.60  1.0741909E-02
   7124.80  1.1635224E-02
   7125.00  1.2727655E-02
   7125.20  1.4046441E-02
   7125.40  1.5584426E-02
   7125.60  1.7285294E-02
   7125.80  1.9060098E-02
   7126.00  2.0792200E-02
   7126.20  2.2305872E-02
   7126.40  2.3425153E-02
   7126.60  2.4124686E-02
   7126.80  2.4541799E-02
   7127.00  2.4823191E-02
   7127.20  2.5023762E-02
   7127.40  2.5115827E-02
   7127.60  2.5136743E-02
   7127.80  2.5124639E-02
   7128.00  2.5144157E-02
   7128.20  2.5276894E-02
   7128.40  2.5580005E-02
   7128.60  2.6094722E-02
   7128.80  2.6851793E-02
   7129.00  2.7874264E-02
   7129.20  2.9175654E-02
   7129.40  3.0761751E-02
   7129.60  3.2741940E-02
   7129.80  3.4831715E-02
   7130.00  3.7093112E-02
   7130.20  3.9450380E-02
   7130.40  4.1817509E-02
   7130.60  4.4112748E-02
   7130.80  4.6250700E-02
   7131.00  4.8336068E-02
   7131.20  5.0154229E-02
   7131.40  5.1805665E-02
   7131.60  5.3307283E-02
   7131.80  5.4660249E-02
   7132.00  5.5840341E-02
   7132.20  5.6804227E-02
   7132.40  5.7509273E-02
   7132.60  5.7928418E-02
   7132.80  5.8054381E-02
   7133.00  5.7895397E-02
   7133.20  5.7470348E-02
   7133.40  5.6808421E-02
   7133.60  5.5950483E-02
   7133.80  5.4950747E-02
   7134.00  5.3871797E-02
   7134.20  5.2777251E-02
   7134.40  5.1723739E-02
   7134.60  5.0754464E-02
   7134.80  4.9897159E-02
   7135.00  4.9160239E-02
   7135.20  4.8547922E-02
   7135.40  4.8057295E-02
   7135.60  4.7672317E-02
   7135.80  4.7368897E-02
   7136.00  4.7113869E-02
   7136.20  4.6864596E-02
   7136.40  4.6568431E-02
   7136.60  4.6164626E-02
   7136.80  4.5589562E-02
   7137.00  4.4787630E-02
   7137.20  4.3725372E-02
   7137.40  4.2403987E-02
   7137.60  4.0863622E-02
   7137.80  3.9175626E-02
   7138.00  3.7424526E-02
   7138.20  3.5691425E-02
   7138.40  3.4042228E-02
   7138.60  3.2526024E-02
   7138.80  3.1176568E-02
   7139.00  3.0016956E-02
   7139.20  2.9060751E-02
   7139.40  2.8312814E-02
   7139.60  2.7768324E-02
   7139.80  2.7412670E-02
   7140.00  2.7223012E-02
   7140.20  2.7171155E-02
   7140.40  2.7227109E-02
   7140.60  2.7362432E-02
   7140.80  2.7552505E-02
   7141.00  2.7777696E-02
   7141.20  2.8023240E-02
   7141.40  2.8280409E-02
   7141.60  2.8542739E-02
   7141.80  2.8803129E-02
   7142.00  2.9056440E-02
   7142.20  2.9297747E-02
   7142.40  2.9522175E-02
   7142.60  2.9725186E-02
   7142.80  2.9903517E-02
   7143.00  3.0055852E-02
   7143.20  3.0182999E-02
   7143.40  3.0287606E-02
   7143.60  3.0373401E-02
   7143.80  3.0444620E-02
   7144.00  3.0505266E-02
   7144.20  3.0558352E-02
   7144.40  3.0606008E-02
   7144.60  3.0649065E-02
   7144.80  3.0687230E-02
   7145.00  3.0719359E-02
   7145.20  3.0743613E-02
   7145.40  3.0757760E-02
   7145.60  3.0759581E-02
   7145.80  3.0747168E-02
   7146.00  3.0719450E-02
   7146.20  3.0676491E-02
   7146.40  3.0619938E-02
   7146.60  3.0553232E-02
   7146.80  3.0481584E-02
   7147.00  3.0411692E-02
   7147.20  3.0351374E-02
   7147.40  3.0308841E-02
   7147.60  3.0288727E-02
   7147.80  3.0305007E-02
   7148.00  3.0353308E-02
   7148.20  3.0441826E-02
   7148.40  3.0585362E-02
   7148.60  3.0769239E-02
   7148.80  3.0988876E-02
   7149.00  3.1243323E-02
   7149.20  3.1529247E-02
   7149.40  3.1843086E-02
   7149.60  3.2181281E-02
   7149.80  3.2540322E-02
   7150.00  3.2916907E-02
   7150.20  3.3308215E-02
   7150.40  3.3711715E-02
   7150.60  3.4125216E-02
   7150.80  3.4556794E-02
   7151.00  3.4985625E-02
   7151.20  3.5420188E-02
   7151.40  3.5859686E-02
   7151.60  3.6303604E-02
   7151.80  3.6751540E-02
   7152.00  3.7202996E-02
   7152.20  3.7657437E-02
   7152.40  3.8114006E-02
   7152.60  3.8571331E-02
   7152.80  3.9027934E-02
   7153.00  3.9481107E-02
   7153.20  3.9928055E-02
   7153.40  4.0365446E-02
   7153.60  4.0789895E-02
   7153.80  4.1197560E-02
   7154.00  4.1584936E-02
   7154.20  4.1948640E-02
   7154.40  4.2285719E-02
   7154.60  4.2593710E-02
   7154.80  4.2870750E-02
   7155.00  4.3115712E-02
   7155.20  4.3327492E-02
   7155.40  4.3505811E-02
   7155.60  4.3650832E-02
   7155.80  4.3763167E-02
   7156.00  4.3843589E-02
   7156.20  4.3893320E-02
   7156.40  4.3913592E-02
   7156.60  4.3905283E-02
   7156.80  4.3870077E-02
   7157.00  4.3809634E-02
   7157.20  4.3725677E-02
   7157.40  4.3619991E-02
   7157.60  4.3494281E-02
   7157.80  4.3349994E-02
   7158.00  4.3188607E-02
   7158.20  4.3011610E-02
   7158.40  4.2820401E-02
   7158.60  4.2616296E-02
   7158.80  4.2400531E-02
   7159.00  4.2174241E-02
   7159.20  4.1938663E-02
   7159.40  4.1694925E-02
   7159.60  4.1443654E-02
   7159.80  4.1185759E-02
   7160.00  4.0922100E-02
   7160.20  4.0653345E-02
   7160.40  4.0380249E-02
   7160.60  4.0103548E-02
   7160.80  3.9823969E-02
   7161.00  3.9542306E-02
   7161.20  3.9259549E-02
   7161.40  3.8976126E-02
   7161.60  3.8692794E-02
   7161.80  3.8412736E-02
   7162.00  3.8132163E-02
   7162.20  3.7854787E-02
   7162.40  3.7582107E-02
   7162.60  3.7313173E-02
   7162.80  3.7046484E-02
   7163.00  3.6784816E-02
   7163.20  3.6529039E-02
   7163.40  3.6279766E-02
   7163.60  3.6036828E-02
   7163.80  3.5800493E-02
   7164.00  3.5570916E-02
   7164.20  3.5348545E-02
   7164.40  3.5133273E-02
   7164.60  3.4924555E-02
   7164.80  3.4722130E-02
   7165.00  3.4525665E-02
   7165.20  3.4334984E-02
   7165.40  3.4150114E-02
   7165.60  3.3970068E-02
   7165.80  3.3794206E-02
   7166.00  3.3622129E-02
   7166.20  3.3453277E-02
   7166.40  3.3287593E-02
   7166.60  3.3124761E-02
   7166.80  3.2964161E-02
   7167.00  3.2805601E-02
   7167.20  3.2648945E-02
   7167.40  3.2494151E-02
   7167.60  3.2341204E-02
   7167.80  3.2190714E-02
   7168.00  3.2042499E-02
   7168.20  3.1896291E-02
   7168.40  3.1751995E-02
   7168.60  3.1609561E-02
   7168.80  3.1463798E-02
   7169.00  3.1329055E-02
   7169.20  3.1191739E-02
   7169.40  3.1055699E-02
   7169.60  3.0920314E-02
   7169.80  3.0785145E-02
   7170.00  3.0649774E-02
   7170.20  3.0513818E-02
   7170.40  3.0376979E-02
   7170.60  3.0238970E-02
   7170.80  3.0099821E-02
   7171.00  2.9959547E-02
   7171.20  2.9817571E-02
   7171.40  2.9673826E-02
   7171.60  2.9528354E-02
   7171.80  2.9381253E-02
   7172.00  2.9232747E-02
