  7112.000   26  1  1  1.8649705E-02 -3.0066952E+00 -2.0603399E+00  1  1  7.2660475E+03  0.0000000E+00  0.0000000E+00  3.0451272E+00  1.0000000E+00  0.0000000E+00 = E_edge, Z, n_edge, j_edge, Abs_before_edge, VO_interstitial, E_cut, ninitl, ninit1, Epsii, UnitCell_Volume, Surface_ref, f0_forward, natomsym_f, abs_u_i
    Energy    <xanes>    
   7097.00  2.0055147E-05
   7097.20  2.0185301E-05
   7097.40  2.0345014E-05
   7097.60  2.0541758E-05
   7097.80  2.0786530E-05
   7098.00  2.1096613E-05
   7098.20  2.1500665E-05
   7098.40  2.2049930E-05
   7098.60  2.2846561E-05
   7098.80  2.4124822E-05
   7099.00  2.6543262E-05
   7099.20  3.2676935E-05
   7099.40  6.2217037E-05
   7099.60  9.3152729E-03
   7099.80  7.2083877E-05
   7100.00  3.8175060E-05
   7100.20  3.5447189E-05
   7100.40  5.4331148E-05
   7100.60  7.2833392E-05
   7100.80  7.6758589E-05
   7101.00  6.5069677E-05
   7101.20  9.0592379E-05
   7101.40  2.4483303E-04
   7101.60  3.9423283E-03
   7101.80  6.8985589E-04
   7102.00  1.4620151E-04
   7102.20  9.6855511E-05
   7102.40  1.6798766E-04
   7102.60  8.5243538E-03
   7102.80  1.5699749E-04
   7103.00  7.7094893E-05
   7103.20  9.7513298E-05
   7103.40  3.5503822E-03
   7103.60  7.5157287E-04
   7103.80  4.6991260E-04
   7104.00  2.7460774E-04
   7104.20  7.9524171E-04
   7104.40  5.0206261E-03
   7104.60  7.1761481E-04
   7104.80  1.4226897E-04
   7105.00  9.0998254E-05
   7105.20  9.7555846E-05
   7105.40  3.1301971E-04
   7105.60  7.1818571E-04
   7105.80  1.2397171E-04
   7106.00  1.7068617E-04
   7106.20  1.0895733E-03
   7106.40  9.1628190E-04
   7106.60  3.9996823E-04
   7106.80  3.9488672E-02
   7107.00  3.8565936E-03
   7107.20  8.6318938E-03
   7107.40  2.5473327E-03
   7107.60  7.0869245E-03
   7107.80  1.2416738E-02
   7108.00  2.1164344E-04
   7108.20  5.7470566E-04
   7108.40  6.3244191E-04
   7108.60  3.5895878E-03
   7108.80  1.0440976E-02
   7109.00  2.5041542E-03
   7109.20  8.2705609E-04
   7109.40  1.4837530E-02
   7109.60  2.2736762E-02
   7109.80  6.0671745E-03
   7110.00  5.0055406E-03
   7110.20  9.8950535E-03
   7110.40  1.1349319E-02
   7110.60  4.8068044E-03
   7110.80  9.8397010E-03
   7111.00  2.0446857E-02
   7111.20  2.5334870E-02
   7111.40  2.1362861E-02
   7111.60  1.8657747E-02
   7111.80  1.8563835E-02
   7112.00  2.0116349E-02
   7112.20  1.5090501E-02
   7112.40  2.0836547E-02
   7112.60  2.1931253E-02
   7112.80  2.1432301E-02
   7113.00  2.2151365E-02
   7113.20  2.4645608E-02
   7113.40  3.0013482E-02
   7113.60  3.8310882E-02
   7113.80  4.1500615E-02
   7114.00  4.2760897E-02
   7114.20  4.2584557E-02
   7114.40  3.3489923E-02
   7114.60  2.4465703E-02
   7114.80  1.8699247E-02
   7115.00  1.5011993E-02
   7115.20  1.2902125E-02
   7115.40  1.1606592E-02
   7115.60  1.0886039E-02
   7115.80  1.0550260E-02
   7116.00  1.0576559E-02
   7116.20  1.0751995E-02
   7116.40  1.0891921E-02
   7116.60  1.0328546E-02
   7116.80  8.8533775E-03
   7117.00  7.3573643E-03
   7117.20  6.3166951E-03
   7117.40  5.6558738E-03
   7117.60  5.2368249E-03
   7117.80  4.9957046E-03
   7118.00  4.9310120E-03
   7118.20  5.0469418E-03
   7118.40  5.2426662E-03
   7118.60  5.4206485E-03
   7118.80  5.5538672E-03
   7119.00  5.5461460E-03
   7119.20  5.4414493E-03
   7119.40  5.4531570E-03
   7119.60  5.6841120E-03
   7119.80  6.1193279E-03
   7120.00  6.6592682E-03
   7120.20  7.2091602E-03
   7120.40  7.7581320E-03
   7120.60  8.2034602E-03
   7120.80  8.2528708E-03
   7121.00  7.8755194E-03
   7121.20  7.4057912E-03
   7121.40  7.0923640E-03
   7121.60  7.0174922E-03
   7121.80  7.1829628E-03
   7122.00  7.5775002E-03
   7122.20  8.2961372E-03
   7122.40  9.4906989E-03
   7122.60  1.1247004E-02
   7122.80  1.2895541E-02
   7123.00  1.3827187E-02
   7123.20  1.4862993E-02
   7123.40  1.6695765E-02
   7123.60  1.8349814E-02
   7123.80  1.8293102E-02
   7124.00  1.7241768E-02
   7124.20  1.6428658E-02
   7124.40  1.6167820E-02
   7124.60  1.6368015E-02
   7124.80  1.6909628E-02
   7125.00  1.7663005E-02
   7125.20  1.8634479E-02
   7125.40  1.9840740E-02
   7125.60  2.1209886E-02
   7125.80  2.2589751E-02
   7126.00  2.3881305E-02
   7126.20  2.5079307E-02
   7126.40  2.6212852E-02
   7126.60  2.7203077E-02
   7126.80  2.8156791E-02
   7127.00  2.9080866E-02
   7127.20  2.9995047E-02
   7127.40  3.0827180E-02
   7127.60  3.1465402E-02
   7127.80  3.1867708E-02
   7128.00  3.2135614E-02
   7128.20  3.2440967E-02
   7128.40  3.3036958E-02
   7128.60  3.4054057E-02
   7128.80  3.5490739E-02
   7129.00  3.7226728E-02
   7129.20  3.9062851E-02
   7129.40  4.0627556E-02
   7129.60  4.1654609E-02
   7129.80  4.2155182E-02
   7130.00  4.2588436E-02
   7130.20  4.3580988E-02
   7130.40  4.5493101E-02
   7130.60  4.8188823E-02
   7130.80  5.1097850E-02
   7131.00  5.3476314E-02
   7131.20  5.4723165E-02
   7131.40  5.4642131E-02
   7131.60  5.3497884E-02
   7131.80  5.1823269E-02
   7132.00  5.0155727E-02
   7132.20  4.8879210E-02
   7132.40  4.8185943E-02
   7132.60  4.8103103E-02
   7132.80  4.8542270E-02
   7133.00  4.9354037E-02
   7133.20  5.0370286E-02
   7133.40  5.1433454E-02
   7133.60  5.2448690E-02
   7133.80  5.3371845E-02
   7134.00  5.4074713E-02
   7134.20  5.4261501E-02
   7134.40  5.3730245E-02
   7134.60  5.2632966E-02
   7134.80  5.1272547E-02
   7135.00  4.9861673E-02
   7135.20  4.8530135E-02
   7135.40  4.7369872E-02
   7135.60  4.6427982E-02
   7135.80  4.5698851E-02
   7136.00  4.5142227E-02
   7136.20  4.4712938E-02
   7136.40  4.4378461E-02
   7136.60  4.4117105E-02
   7136.80  4.3907448E-02
   7137.00  4.3723318E-02
   7137.20  4.3534711E-02
   7137.40  4.3312339E-02
   7137.60  4.3032020E-02
   7137.80  4.2678350E-02
   7138.00  4.2246840E-02
   7138.20  4.1744779E-02
   7138.40  4.1189757E-02
   7138.60  4.0607229E-02
   7138.80  4.0026958E-02
   7139.00  3.9479203E-02
   7139.20  3.8990873E-02
   7139.40  3.8585653E-02
   7139.60  3.8284968E-02
   7139.80  3.8077913E-02
   7140.00  3.7963193E-02
   7140.20  3.7934668E-02
   7140.40  3.7983406E-02
   7140.60  3.8099559E-02
   7140.80  3.8274074E-02
   7141.00  3.8499459E-02
   7141.20  3.8770107E-02
   7141.40  3.9082189E-02
   7141.60  3.9431865E-02
   7141.80  3.9814391E-02
   7142.00  4.0222398E-02
   7142.20  4.0644463E-02
   7142.40  4.1064347E-02
   7142.60  4.1461597E-02
   7142.80  4.1812190E-02
   7143.00  4.2091660E-02
   7143.20  4.2278319E-02
   7143.40  4.2356204E-02
   7143.60  4.2317158E-02
   7143.80  4.2161862E-02
   7144.00  4.1899301E-02
   7144.20  4.1544439E-02
   7144.40  4.1115955E-02
   7144.60  4.0634053E-02
   7144.80  4.0118066E-02
   7145.00  3.9585012E-02
   7145.20  3.9048611E-02
   7145.40  3.8518897E-02
   7145.60  3.8002574E-02
   7145.80  3.7503351E-02
   7146.00  3.7022745E-02
   7146.20  3.6560872E-02
   7146.40  3.6117175E-02
   7146.60  3.5699001E-02
   7146.80  3.5302495E-02
   7147.00  3.4921274E-02
   7147.20  3.4556418E-02
   7147.40  3.4209418E-02
   7147.60  3.3877163E-02
   7147.80  3.3571325E-02
   7148.00  3.3285978E-02
   7148.20  3.3029774E-02
   7148.40  3.2798691E-02
   7148.60  3.2594136E-02
   7148.80  3.2416359E-02
   7149.00  3.2265447E-02
   7149.20  3.2140399E-02
   7149.40  3.2040108E-02
   7149.60  3.1963276E-02
   7149.80  3.1909570E-02
   7150.00  3.1875599E-02
   7150.20  3.1860013E-02
   7150.40  3.1861085E-02
   7150.60  3.1877046E-02
   7150.80  3.1906259E-02
   7151.00  3.1946899E-02
   7151.20  3.1997424E-02
   7151.40  3.2056450E-02
   7151.60  3.2122935E-02
   7151.80  3.2195871E-02
   7152.00  3.2274221E-02
   7152.20  3.2357281E-02
   7152.40  3.2444443E-02
   7152.60  3.2535241E-02
   7152.80  3.2629324E-02
   7153.00  3.2726465E-02
   7153.20  3.2826188E-02
   7153.40  3.2928091E-02
   7153.60  3.3031832E-02
   7153.80  3.3136807E-02
   7154.00  3.3242326E-02
   7154.20  3.3347761E-02
   7154.40  3.3452493E-02
   7154.60  3.3556163E-02
   7154.80  3.3656313E-02
   7155.00  3.3751501E-02
   7155.20  3.3840116E-02
   7155.40  3.3920446E-02
   7155.60  3.3990706E-02
   7155.80  3.4048958E-02
   7156.00  3.4093144E-02
   7156.20  3.4121430E-02
   7156.40  3.4132290E-02
   7156.60  3.4124374E-02
   7156.80  3.4096706E-02
   7157.00  3.4048807E-02
   7157.20  3.3980217E-02
   7157.40  3.3891612E-02
   7157.60  3.3783616E-02
   7157.80  3.3657521E-02
   7158.00  3.3515140E-02
   7158.20  3.3358413E-02
   7158.40  3.3189463E-02
   7158.60  3.3010550E-02
   7158.80  3.2823934E-02
   7159.00  3.2631721E-02
   7159.20  3.2436071E-02
   7159.40  3.2236935E-02
   7159.60  3.2039410E-02
   7159.80  3.1843049E-02
   7160.00  3.1648904E-02
   7160.20  3.1454988E-02
   7160.40  3.1267879E-02
   7160.60  3.1085184E-02
   7160.80  3.0907086E-02
   7161.00  3.0733641E-02
   7161.20  3.0564686E-02
   7161.40  3.0402644E-02
   7161.60  3.0237717E-02
   7161.80  3.0077874E-02
   7162.00  2.9921692E-02
   7162.20  2.9769517E-02
   7162.40  2.9625065E-02
   7162.60  2.9473673E-02
   7162.80  2.9321790E-02
   7163.00  2.9170760E-02
   7163.20  2.9021105E-02
   7163.40  2.8874114E-02
   7163.60  2.8730281E-02
   7163.80  2.8590466E-02
   7164.00  2.8455768E-02
   7164.20  2.8327133E-02
   7164.40  2.8205519E-02
   7164.60  2.8092130E-02
   7164.80  2.7987047E-02
   7165.00  2.7890681E-02
   7165.20  2.7803255E-02
   7165.40  2.7724850E-02
   7165.60  2.7655441E-02
   7165.80  2.7595114E-02
   7166.00  2.7543700E-02
   7166.20  2.7500667E-02
   7166.40  2.7465555E-02
   7166.60  2.7437915E-02
   7166.80  2.7417210E-02
   7167.00  2.7397900E-02
   7167.20  2.7389722E-02
   7167.40  2.7389198E-02
   7167.60  2.7391743E-02
   7167.80  2.7398381E-02
   7168.00  2.7408513E-02
   7168.20  2.7421553E-02
   7168.40  2.7436969E-02
   7168.60  2.7454325E-02
   7168.80  2.7473170E-02
   7169.00  2.7493376E-02
   7169.20  2.7514564E-02
   7169.40  2.7536334E-02
   7169.60  2.7558556E-02
   7169.80  2.7581129E-02
   7170.00  2.7604000E-02
   7170.20  2.7627235E-02
   7170.40  2.7650970E-02
   7170.60  2.7675310E-02
   7170.80  2.7700423E-02
   7171.00  2.7726923E-02
   7171.20  2.7754686E-02
   7171.40  2.7783986E-02
   7171.60  2.7815023E-02
   7171.80  2.7847998E-02
   7172.00  2.7883167E-02
