  7112.000   26  1  1  1.0547247E-02 -2.8694590E+00 -3.8953235E-01  1  1  7.2650598E+03  0.0000000E+00  0.0000000E+00  3.0800989E+00  1.0000000E+00  0.0000000E+00 = E_edge, Z, n_edge, j_edge, Abs_before_edge, VO_interstitial, E_cut, ninitl, ninit1, Epsii, UnitCell_Volume, Surface_ref, f0_forward, natomsym_f, abs_u_i
    Energy    <xanes>    
   7097.00  2.7488042E-05
   7097.20  2.7408884E-05
   7097.40  2.7547382E-05
   7097.60  2.7894505E-05
   7097.80  2.8462925E-05
   7098.00  2.9283150E-05
   7098.20  3.0413862E-05
   7098.40  3.1948823E-05
   7098.60  3.4042504E-05
   7098.80  3.6949422E-05
   7099.00  4.1117569E-05
   7099.20  4.7388034E-05
   7099.40  5.7518121E-05
   7099.60  7.5855472E-05
   7099.80  1.1611303E-04
   7100.00  2.5502442E-04
   7100.20  4.8594880E-03
   7100.40  8.8617265E-04
   7100.60  1.2059376E-02
   7100.80  2.5318902E-03
   7101.00  3.7263303E-04
   7101.20  1.6519536E-04
   7101.40  1.0454344E-04
   7101.60  8.0445187E-05
   7101.80  7.1109847E-05
   7102.00  7.1476279E-05
   7102.20  8.4950684E-05
   7102.40  1.3908279E-04
   7102.60  6.4372276E-04
   7102.80  1.4284975E-03
   7103.00  1.1723092E-03
   7103.20  4.4098106E-04
   7103.40  6.8024781E-04
   7103.60  1.1210974E-04
   7103.80  7.1791411E-05
   7104.00  6.0866272E-05
   7104.20  5.7781040E-05
   7104.40  5.8605543E-05
   7104.60  6.2868654E-05
   7104.80  7.3179782E-05
   7105.00  1.1398712E-04
   7105.20  5.7120174E-04
   7105.40  1.6587856E-04
   7105.60  1.1499400E-03
   7105.80  8.9311444E-04
   7106.00  8.7021841E-03
   7106.20  2.1216503E-02
   7106.40  3.6630727E-04
   7106.60  4.6840220E-04
   7106.80  1.1086574E-03
   7107.00  4.4147822E-03
   7107.20  1.5052431E-01
   7107.40  2.6999022E-03
   7107.60  6.8078905E-04
   7107.80  3.5141132E-04
   7108.00  2.5705777E-04
   7108.20  2.4311275E-03
   7108.40  3.0824141E-04
   7108.60  2.6491521E-03
   7108.80  2.7753826E-03
   7109.00  7.3915284E-03
   7109.20  6.0330859E-03
   7109.40  5.4819645E-05
   7109.60  5.5481780E-04
   7109.80  4.3492497E-03
   7110.00  8.6771708E-03
   7110.20  4.5551699E-02
   7110.40  4.2052324E-02
   7110.60  2.8917288E-02
   7110.80  6.4789076E-02
   7111.00  7.8116051E-02
   7111.20  7.6465280E-02
   7111.40  4.8741043E-02
   7111.60  1.8317168E-02
   7111.80  7.6062930E-03
   7112.00  5.0697734E-03
   7112.20  8.0812660E-03
   7112.40  6.3805328E-02
   7112.60  6.9378540E-03
   7112.80  3.1363357E-03
   7113.00  2.2709747E-03
   7113.20  2.0988191E-03
   7113.40  2.4059891E-03
   7113.60  1.3819100E-03
   7113.80  9.6417340E-04
   7114.00  8.1761553E-04
   7114.20  7.3925506E-04
   7114.40  7.0107533E-04
   7114.60  7.2982922E-04
   7114.80  1.0631199E-03
   7115.00  3.5813844E-03
   7115.20  2.0369931E-03
   7115.40  7.4434240E-04
   7115.60  5.6403694E-04
   7115.80  5.0607221E-04
   7116.00  4.8163679E-04
   7116.20  4.7186871E-04
   7116.40  4.7113179E-04
   7116.60  4.7764877E-04
   7116.80  4.9117314E-04
   7117.00  5.1226942E-04
   7117.20  5.4203349E-04
   7117.40  5.8190316E-04
   7117.60  6.3333464E-04
   7117.80  6.9706910E-04
   7118.00  7.7167622E-04
   7118.20  8.5138301E-04
   7118.40  9.2468407E-04
   7118.60  9.7678015E-04
   7118.80  9.9700700E-04
   7119.00  9.8577088E-04
   7119.20  9.5263244E-04
   7119.40  9.1168351E-04
   7119.60  8.7354180E-04
   7119.80  8.4468113E-04
   7120.00  8.2839719E-04
   7120.20  8.2622847E-04
   7120.40  8.3900669E-04
   7120.60  8.6746748E-04
   7120.80  9.1265022E-04
   7121.00  9.7640383E-04
   7121.20  1.0622680E-03
   7121.40  1.1768718E-03
   7121.60  1.3319025E-03
   7121.80  1.5467842E-03
   7122.00  1.8518968E-03
   7122.20  2.2885735E-03
   7122.40  2.8931790E-03
   7122.60  3.6457628E-03
   7122.80  4.4255758E-03
   7123.00  5.1456432E-03
   7123.20  5.9556057E-03
   7123.40  7.1402699E-03
   7123.60  8.9797235E-03
   7123.80  1.1628039E-02
   7124.00  1.5902246E-02
   7124.20  2.2087965E-02
   7124.40  2.9324725E-02
   7124.60  3.1734948E-02
   7124.80  2.8260673E-02
   7125.00  2.3795581E-02
   7125.20  1.9873129E-02
   7125.40  1.6501322E-02
   7125.60  1.3668020E-02
   7125.80  1.1475116E-02
   7126.00  9.8833952E-03
   7126.20  8.8449761E-03
   7126.40  8.3537739E-03
   7126.60  8.5034515E-03
   7126.80  9.4831300E-03
   7127.00  1.1003094E-02
   7127.20  1.2396362E-02
   7127.40  1.3656053E-02
   7127.60  1.5188570E-02
   7127.80  1.7274142E-02
   7128.00  2.0050215E-02
   7128.20  2.3571180E-02
   7128.40  2.7802657E-02
   7128.60  3.2593324E-02
   7128.80  3.7613027E-02
   7129.00  4.2391252E-02
   7129.20  4.6489000E-02
   7129.40  4.9759976E-02
   7129.60  5.2474912E-02
   7129.80  5.5152970E-02
   7130.00  5.8264172E-02
   7130.20  6.2008761E-02
   7130.40  6.6223725E-02
   7130.60  7.0434039E-02
   7130.80  7.4041076E-02
   7131.00  7.6512296E-02
   7131.20  7.7447520E-02
   7131.40  7.6705094E-02
   7131.60  7.4646661E-02
   7131.80  7.2095553E-02
   7132.00  6.9911202E-02
   7132.20  6.8619944E-02
   7132.40  6.8301620E-02
   7132.60  6.8684419E-02
   7132.80  6.9359281E-02
   7133.00  6.9948193E-02
   7133.20  7.0175579E-02
   7133.40  6.9909863E-02
   7133.60  6.9163916E-02
   7133.80  6.8041881E-02
   7134.00  6.6669984E-02
   7134.20  6.5150713E-02
   7134.40  6.3547755E-02
   7134.60  6.1886036E-02
   7134.80  6.0200257E-02
   7135.00  5.8506832E-02
   7135.20  5.6821325E-02
   7135.40  5.5157627E-02
   7135.60  5.3525902E-02
   7135.80  5.1931840E-02
   7136.00  5.0379098E-02
   7136.20  4.8873767E-02
   7136.40  4.7429068E-02
   7136.60  4.6067182E-02
   7136.80  4.4817555E-02
   7137.00  4.3711004E-02
   7137.20  4.2773083E-02
   7137.40  4.2018501E-02
   7137.60  4.1452899E-02
   7137.80  4.1070616E-02
   7138.00  4.0858081E-02
   7138.20  4.0815302E-02
   7138.40  4.0885343E-02
   7138.60  4.1067552E-02
   7138.80  4.1345455E-02
   7139.00  4.1705769E-02
   7139.20  4.2138549E-02
   7139.40  4.2636968E-02
   7139.60  4.3196829E-02
   7139.80  4.3815631E-02
   7140.00  4.4492205E-02
   7140.20  4.5225348E-02
   7140.40  4.6012846E-02
   7140.60  4.6849796E-02
   7140.80  4.7731159E-02
   7141.00  4.8644536E-02
   7141.20  4.9559033E-02
   7141.40  5.0454421E-02
   7141.60  5.1311109E-02
   7141.80  5.2094064E-02
   7142.00  5.2764402E-02
   7142.20  5.3281578E-02
   7142.40  5.3607475E-02
   7142.60  5.3711131E-02
   7142.80  5.3573207E-02
   7143.00  5.3188481E-02
   7143.20  5.2567026E-02
   7143.40  5.1732131E-02
   7143.60  5.0717686E-02
   7143.80  4.9562900E-02
   7144.00  4.8307941E-02
   7144.20  4.6990490E-02
   7144.40  4.5642914E-02
   7144.60  4.4291253E-02
   7144.80  4.2955394E-02
   7145.00  4.1649884E-02
   7145.20  4.0384193E-02
   7145.40  3.9164175E-02
   7145.60  3.7993230E-02
   7145.80  3.6873280E-02
   7146.00  3.5805143E-02
   7146.20  3.4789489E-02
   7146.40  3.3827325E-02
   7146.60  3.2919820E-02
   7146.80  3.2068218E-02
   7147.00  3.1274029E-02
   7147.20  3.0538750E-02
   7147.40  2.9863728E-02
   7147.60  2.9249726E-02
   7147.80  2.8696898E-02
   7148.00  2.8204742E-02
   7148.20  2.7771901E-02
   7148.40  2.7396162E-02
   7148.60  2.7074926E-02
   7148.80  2.6805113E-02
   7149.00  2.6577810E-02
   7149.20  2.6389642E-02
   7149.40  2.6236646E-02
   7149.60  2.6114508E-02
   7149.80  2.6019165E-02
   7150.00  2.5946770E-02
   7150.20  2.5893462E-02
   7150.40  2.5856044E-02
   7150.60  2.5831271E-02
   7150.80  2.5816099E-02
   7151.00  2.5807935E-02
   7151.20  2.5804224E-02
   7151.40  2.5802531E-02
   7151.60  2.5800723E-02
   7151.80  2.5797012E-02
   7152.00  2.5789528E-02
   7152.20  2.5777590E-02
   7152.40  2.5758217E-02
   7152.60  2.5730050E-02
   7152.80  2.5693474E-02
   7153.00  2.5647698E-02
   7153.20  2.5592265E-02
   7153.40  2.5526891E-02
   7153.60  2.5451432E-02
   7153.80  2.5366090E-02
   7154.00  2.5269786E-02
   7154.20  2.5164694E-02
   7154.40  2.5049082E-02
   7154.60  2.4923548E-02
   7154.80  2.4788189E-02
   7155.00  2.4643355E-02
   7155.20  2.4489032E-02
   7155.40  2.4325205E-02
   7155.60  2.4152047E-02
   7155.80  2.3969865E-02
   7156.00  2.3779147E-02
   7156.20  2.3580641E-02
   7156.40  2.3375692E-02
   7156.60  2.3165808E-02
   7156.80  2.2953269E-02
   7157.00  2.2741551E-02
   7157.20  2.2535276E-02
   7157.40  2.2341031E-02
   7157.60  2.2167991E-02
   7157.80  2.2028618E-02
   7158.00  2.1939610E-02
   7158.20  2.1921923E-02
   7158.40  2.2000428E-02
   7158.60  2.2201216E-02
   7158.80  2.2542127E-02
   7159.00  2.3015090E-02
   7159.20  2.3562729E-02
   7159.40  2.4063714E-02
   7159.60  2.4361685E-02
   7159.80  2.4332700E-02
   7160.00  2.3950468E-02
   7160.20  2.3286336E-02
   7160.40  2.2452046E-02
   7160.60  2.1551499E-02
   7160.80  2.0654802E-02
   7161.00  1.9801021E-02
   7161.20  1.9007875E-02
   7161.40  1.8280783E-02
   7161.60  1.7618921E-02
   7161.80  1.7019232E-02
   7162.00  1.6477210E-02
   7162.20  1.5988377E-02
   7162.40  1.5548808E-02
   7162.60  1.5156305E-02
   7162.80  1.4807676E-02
   7163.00  1.4499162E-02
   7163.20  1.4229349E-02
   7163.40  1.3995856E-02
   7163.60  1.3796821E-02
   7163.80  1.3623198E-02
   7164.00  1.3490375E-02
   7164.20  1.3388812E-02
   7164.40  1.3317674E-02
   7164.60  1.3276476E-02
   7164.80  1.3265073E-02
   7165.00  1.3282798E-02
   7165.20  1.3329390E-02
   7165.40  1.3404664E-02
   7165.60  1.3508478E-02
   7165.80  1.3640736E-02
   7166.00  1.3801505E-02
   7166.20  1.3991135E-02
   7166.40  1.4208588E-02
   7166.60  1.4453270E-02
   7166.80  1.4724812E-02
   7167.00  1.5022643E-02
   7167.20  1.5345943E-02
   7167.40  1.5693769E-02
   7167.60  1.6065082E-02
   7167.80  1.6458635E-02
   7168.00  1.6873235E-02
   7168.20  1.7307091E-02
   7168.40  1.7758634E-02
   7168.60  1.8226096E-02
   7168.80  1.8707631E-02
   7169.00  1.9201385E-02
   7169.20  1.9705534E-02
   7169.40  2.0217845E-02
   7169.60  2.0736929E-02
   7169.80  2.1260978E-02
   7170.00  2.1788620E-02
   7170.20  2.2318534E-02
   7170.40  2.2849430E-02
   7170.60  2.3380168E-02
   7170.80  2.3909807E-02
   7171.00  2.4437494E-02
   7171.20  2.4962504E-02
   7171.40  2.5484232E-02
   7171.60  2.6002179E-02
   7171.80  2.6515656E-02
   7172.00  2.7024074E-02
