  7112.000   26  1  1  9.1913538E-03 -3.0292164E+00 -5.6937026E-01  1  1  7.2655785E+03  0.0000000E+00  0.0000000E+00  2.1331530E+00  1.0000000E+00  0.0000000E+00 = E_edge, Z, n_edge, j_edge, Abs_before_edge, VO_interstitial, E_cut, ninitl, ninit1, Epsii, UnitCell_Volume, Surface_ref, f0_forward, natomsym_f, abs_u_i
    Energy    <xanes>    
   7097.00  8.2199087E-05
   7097.20  2.5344205E-04
   7097.40  6.5576966E-02
   7097.60  2.9440807E-04
   7097.80  2.5254702E-03
   7098.00  2.0721202E-04
   7098.20  6.7482104E-05
   7098.40  4.4145082E-05
   7098.60  3.5753266E-05
   7098.80  3.1823325E-05
   7099.00  2.9811021E-05
   7099.20  2.8878381E-05
   7099.40  2.8822399E-05
   7099.60  3.0209951E-05
   7099.80  4.0905652E-05
   7100.00  1.0712695E-04
   7100.20  5.4748529E-05
   7100.40  1.0259434E-03
   7100.60  4.4750066E-05
   7100.80  3.6468987E-05
   7101.00  3.7809874E-05
   7101.20  4.4064069E-05
   7101.40  6.3257402E-05
   7101.60  1.9751324E-04
   7101.80  1.0983629E-03
   7102.00  1.2482892E-04
   7102.20  2.2361071E-04
   7102.40  4.5768407E-03
   7102.60  2.5434234E-04
   7102.80  5.7118615E-04
   7103.00  2.0037885E-04
   7103.20  2.8246235E-04
   7103.40  7.3539000E-04
   7103.60  3.3705176E-02
   7103.80  3.6227484E-04
   7104.00  3.5859830E-04
   7104.20  1.3560524E-04
   7104.40  1.6024160E-04
   7104.60  3.3245920E-04
   7104.80  4.5773725E-03
   7105.00  3.3190473E-02
   7105.20  2.0155751E-03
   7105.40  5.5985167E-03
   7105.60  1.1657593E-02
   7105.80  4.4488215E-02
   7106.00  7.4668730E-03
   7106.20  8.4495757E-04
   7106.40  3.6940514E-04
   7106.60  2.5168265E-04
   7106.80  4.8032143E-04
   7107.00  1.0602747E-01
   7107.20  1.1403149E-03
   7107.40  9.0631904E-03
   7107.60  6.2383062E-02
   7107.80  1.9487254E-02
   7108.00  2.0507691E-03
   7108.20  2.1644818E-03
   7108.40  2.2129397E-02
   7108.60  2.7738422E-03
   7108.80  1.1188841E-03
   7109.00  1.5867267E-03
   7109.20  2.6196189E-02
   7109.40  2.6657037E-03
   7109.60  1.4554517E-02
   7109.80  2.2213867E-03
   7110.00  8.6781459E-03
   7110.20  1.7924419E-02
   7110.40  1.6283273E-02
   7110.60  1.9236571E-02
   7110.80  1.2527458E-02
   7111.00  2.8233110E-02
   7111.20  1.6531425E-02
   7111.40  1.6804830E-02
   7111.60  1.3708706E-02
   7111.80  1.1029500E-02
   7112.00  9.1355768E-03
   7112.20  1.0791033E-02
   7112.40  1.2626435E-02
   7112.60  9.0862681E-03
   7112.80  6.4727322E-03
   7113.00  5.6850824E-03
   7113.20  6.6520032E-03
   7113.40  8.5297492E-03
   7113.60  6.3620089E-03
   7113.80  5.0868060E-03
   7114.00  4.7021604E-03
   7114.20  4.5179188E-03
   7114.40  3.4392303E-03
   7114.60  2.4125842E-03
   7114.80  1.9332151E-03
   7115.00  1.7366967E-03
   7115.20  1.6194236E-03
   7115.40  1.5910316E-03
   7115.60  1.5841616E-03
   7115.80  1.5919112E-03
   7116.00  1.6086560E-03
   7116.20  1.6234833E-03
   7116.40  1.6227842E-03
   7116.60  1.5988216E-03
   7116.80  1.5562242E-03
   7117.00  1.5077227E-03
   7117.20  1.4613422E-03
   7117.40  1.4149248E-03
   7117.60  1.3656962E-03
   7117.80  1.3186049E-03
   7118.00  1.2833190E-03
   7118.20  1.2684374E-03
   7118.40  1.2788137E-03
   7118.60  1.3153507E-03
   7118.80  1.3753007E-03
   7119.00  1.4517562E-03
   7119.20  1.5335420E-03
   7119.40  1.6085032E-03
   7119.60  1.6704218E-03
   7119.80  1.7233019E-03
   7120.00  1.7793241E-03
   7120.20  1.8537184E-03
   7120.40  1.9593378E-03
   7120.60  2.1016805E-03
   7120.80  2.2758163E-03
   7121.00  2.4691976E-03
   7121.20  2.6731766E-03
   7121.40  2.8931891E-03
   7121.60  3.1448510E-03
   7121.80  3.4412692E-03
   7122.00  3.7813792E-03
   7122.20  4.1499608E-03
   7122.40  4.5364142E-03
   7122.60  4.9599567E-03
   7122.80  5.4515965E-03
   7123.00  6.0447951E-03
   7123.20  6.7438005E-03
   7123.40  7.5628356E-03
   7123.60  8.5067597E-03
   7123.80  9.6015252E-03
   7124.00  1.0815608E-02
   7124.20  1.2124975E-02
   7124.40  1.3519125E-02
   7124.60  1.4946284E-02
   7124.80  1.6323927E-02
   7125.00  1.7573268E-02
   7125.20  1.8650706E-02
   7125.40  1.9596494E-02
   7125.60  2.0510940E-02
   7125.80  2.1463297E-02
   7126.00  2.2506011E-02
   7126.20  2.3758748E-02
   7126.40  2.5443196E-02
   7126.60  2.7587187E-02
   7126.80  3.0082277E-02
   7127.00  3.2751065E-02
   7127.20  3.5441722E-02
   7127.40  3.8061777E-02
   7127.60  4.0554334E-02
   7127.80  4.2971592E-02
   7128.00  4.5432635E-02
   7128.20  4.8148780E-02
   7128.40  5.1288412E-02
   7128.60  5.4755415E-02
   7128.80  5.8027869E-02
   7129.00  6.0379334E-02
   7129.20  6.1477413E-02
   7129.40  6.1622028E-02
   7129.60  6.1344644E-02
   7129.80  6.0994730E-02
   7130.00  6.0653527E-02
   7130.20  6.0248852E-02
   7130.40  5.9677116E-02
   7130.60  5.8872175E-02
   7130.80  5.7836586E-02
   7131.00  5.6642295E-02
   7131.20  5.5398464E-02
   7131.40  5.4213825E-02
   7131.60  5.3176639E-02
   7131.80  5.2351060E-02
   7132.00  5.1777937E-02
   7132.20  5.1470058E-02
   7132.40  5.1402573E-02
   7132.60  5.1504752E-02
   7132.80  5.1665325E-02
   7133.00  5.1762178E-02
   7133.20  5.1734986E-02
   7133.40  5.1609818E-02
   7133.60  5.1468508E-02
   7133.80  5.1376130E-02
   7134.00  5.1330715E-02
   7134.20  5.1274377E-02
   7134.40  5.1154389E-02
   7134.60  5.0974426E-02
   7134.80  5.0785711E-02
   7135.00  5.0638345E-02
   7135.20  5.0551604E-02
   7135.40  5.0522563E-02
   7135.60  5.0545190E-02
   7135.80  5.0610267E-02
   7136.00  5.0693500E-02
   7136.20  5.0755278E-02
   7136.40  5.0756548E-02
   7136.60  5.0676912E-02
   7136.80  5.0520079E-02
   7137.00  5.0305974E-02
   7137.20  5.0060960E-02
   7137.40  4.9810081E-02
   7137.60  4.9573240E-02
   7137.80  4.9364550E-02
   7138.00  4.9192858E-02
   7138.20  4.9062911E-02
   7138.40  4.8976567E-02
   7138.60  4.8933182E-02
   7138.80  4.8930528E-02
   7139.00  4.8964933E-02
   7139.20  4.9031225E-02
   7139.40  4.9120638E-02
   7139.60  4.9226170E-02
   7139.80  4.9338977E-02
   7140.00  4.9448928E-02
   7140.20  4.9545111E-02
   7140.40  4.9616003E-02
   7140.60  4.9650692E-02
   7140.80  4.9639707E-02
   7141.00  4.9575887E-02
   7141.20  4.9454994E-02
   7141.40  4.9276116E-02
   7141.60  4.9041640E-02
   7141.80  4.8756769E-02
   7142.00  4.8428888E-02
   7142.20  4.8066666E-02
   7142.40  4.7678961E-02
   7142.60  4.7274520E-02
   7142.80  4.6861175E-02
   7143.00  4.6445457E-02
   7143.20  4.6032441E-02
   7143.40  4.5625687E-02
   7143.60  4.5227276E-02
   7143.80  4.4838024E-02
   7144.00  4.4457752E-02
   7144.20  4.4085378E-02
   7144.40  4.3719063E-02
   7144.60  4.3356477E-02
   7144.80  4.2995035E-02
   7145.00  4.2632032E-02
   7145.20  4.2264732E-02
   7145.40  4.1890734E-02
   7145.60  4.1507843E-02
   7145.80  4.1112988E-02
   7146.00  4.0707324E-02
   7146.20  4.0288721E-02
   7146.40  3.9864953E-02
   7146.60  3.9433819E-02
   7146.80  3.8991567E-02
   7147.00  3.8539253E-02
   7147.20  3.8078167E-02
   7147.40  3.7609869E-02
   7147.60  3.7136112E-02
   7147.80  3.6658790E-02
   7148.00  3.6180007E-02
   7148.20  3.5702175E-02
   7148.40  3.5226994E-02
   7148.60  3.4752862E-02
   7148.80  3.4287944E-02
   7149.00  3.3830220E-02
   7149.20  3.3381323E-02
   7149.40  3.2942047E-02
   7149.60  3.2513249E-02
   7149.80  3.2095959E-02
   7150.00  3.1690395E-02
   7150.20  3.1296832E-02
   7150.40  3.0915452E-02
   7150.60  3.0546449E-02
   7150.80  3.0189335E-02
   7151.00  2.9843730E-02
   7151.20  2.9509094E-02
   7151.40  2.9184075E-02
   7151.60  2.8869474E-02
   7151.80  2.8563424E-02
   7152.00  2.8264879E-02
   7152.20  2.7972764E-02
   7152.40  2.7686133E-02
   7152.60  2.7404203E-02
   7152.80  2.7125699E-02
   7153.00  2.6850605E-02
   7153.20  2.6578447E-02
   7153.40  2.6309356E-02
   7153.60  2.6041861E-02
   7153.80  2.5780933E-02
   7154.00  2.5524862E-02
   7154.20  2.5273870E-02
   7154.40  2.5028517E-02
   7154.60  2.4789646E-02
   7154.80  2.4556862E-02
   7155.00  2.4330087E-02
   7155.20  2.4109143E-02
   7155.40  2.3893100E-02
   7155.60  2.3681278E-02
   7155.80  2.3477760E-02
   7156.00  2.3272286E-02
   7156.20  2.3071638E-02
   7156.40  2.2870218E-02
   7156.60  2.2670002E-02
   7156.80  2.2470889E-02
   7157.00  2.2272286E-02
   7157.20  2.2069829E-02
   7157.40  2.1871555E-02
   7157.60  2.1672476E-02
   7157.80  2.1475639E-02
   7158.00  2.1277286E-02
   7158.20  2.1079199E-02
   7158.40  2.0881558E-02
   7158.60  2.0684856E-02
   7158.80  2.0489106E-02
   7159.00  2.0294540E-02
   7159.20  2.0101476E-02
   7159.40  1.9910317E-02
   7159.60  1.9721551E-02
   7159.80  1.9534554E-02
   7160.00  1.9352763E-02
   7160.20  1.9175185E-02
   7160.40  1.9003180E-02
   7160.60  1.8838148E-02
   7160.80  1.8683501E-02
   7161.00  1.8536643E-02
   7161.20  1.8403161E-02
   7161.40  1.8280784E-02
   7161.60  1.8172333E-02
   7161.80  1.8083113E-02
   7162.00  1.8009379E-02
   7162.20  1.7955036E-02
   7162.40  1.7920853E-02
   7162.60  1.7908017E-02
   7162.80  1.7917826E-02
   7163.00  1.7950889E-02
   7163.20  1.8007364E-02
   7163.40  1.8087202E-02
   7163.60  1.8190339E-02
   7163.80  1.8316697E-02
   7164.00  1.8465937E-02
   7164.20  1.8637863E-02
   7164.40  1.8831491E-02
   7164.60  1.9046023E-02
   7164.80  1.9280498E-02
   7165.00  1.9533803E-02
   7165.20  1.9804721E-02
   7165.40  2.0091727E-02
   7165.60  2.0393214E-02
   7165.80  2.0707581E-02
   7166.00  2.1033002E-02
   7166.20  2.1367666E-02
   7166.40  2.1709660E-02
   7166.60  2.2057094E-02
   7166.80  2.2408022E-02
   7167.00  2.2760586E-02
   7167.20  2.3113052E-02
   7167.40  2.3463555E-02
   7167.60  2.3810501E-02
   7167.80  2.4152440E-02
   7168.00  2.4487887E-02
   7168.20  2.4815360E-02
   7168.40  2.5134060E-02
   7168.60  2.5443086E-02
   7168.80  2.5741678E-02
   7169.00  2.6029223E-02
   7169.20  2.6305299E-02
   7169.40  2.6569584E-02
   7169.60  2.6821947E-02
   7169.80  2.7062313E-02
   7170.00  2.7290737E-02
   7170.20  2.7507330E-02
   7170.40  2.7712303E-02
   7170.60  2.7906032E-02
   7170.80  2.8088990E-02
   7171.00  2.8261442E-02
   7171.20  2.8423638E-02
   7171.40  2.8576292E-02
   7171.60  2.8720063E-02
   7171.80  2.8855401E-02
   7172.00  2.8982915E-02
