  7112.000   26  1  1  1.4117394E-02 -2.9833759E+00 -1.0091237E+00  1  1  7.2651953E+03  0.0000000E+00  0.0000000E+00  3.4762418E+00  1.0000000E+00  0.0000000E+00 = E_edge, Z, n_edge, j_edge, Abs_before_edge, VO_interstitial, E_cut, ninitl, ninit1, Epsii, UnitCell_Volume, Surface_ref, f0_forward, natomsym_f, abs_u_i
    Energy    <xanes>    
   7097.00  4.0345454E-05
   7097.20  1.0777771E-04
   7097.40  2.8582696E-05
   7097.60  2.8445566E-05
   7097.80  3.2914488E-05
   7098.00  4.5727603E-05
   7098.20  1.0256522E-04
   7098.40  2.5595684E-03
   7098.60  2.1208256E-04
   7098.80  6.0232751E-05
   7099.00  3.9432830E-05
   7099.20  3.3906734E-05
   7099.40  3.3118057E-05
   7099.60  3.5490790E-05
   7099.80  4.2636398E-05
   7100.00  6.3481421E-05
   7100.20  1.6794851E-04
   7100.40  5.0097252E-02
   7100.60  3.2877091E-03
   7100.80  5.0337565E-04
   7101.00  7.7673361E-05
   7101.20  1.1594195E-04
   7101.40  1.1092364E-04
   7101.60  5.3604693E-05
   7101.80  2.0185740E-04
   7102.00  6.7557706E-05
   7102.20  6.0547254E-04
   7102.40  1.1761451E-03
   7102.60  9.2614748E-05
   7102.80  1.1122109E-04
   7103.00  6.2247082E-04
   7103.20  1.4473418E-04
   7103.40  5.2641940E-04
   7103.60  6.6809861E-03
   7103.80  2.4550784E-04
   7104.00  3.0043689E-04
   7104.20  1.2572603E-03
   7104.40  8.3856826E-04
   7104.60  1.6957218E-04
   7104.80  2.7998915E-03
   7105.00  4.7886933E-04
   7105.20  1.1221342E-04
   7105.40  1.2337115E-03
   7105.60  1.9616774E-04
   7105.80  4.2433362E-03
   7106.00  2.9257722E-03
   7106.20  2.0828389E-04
   7106.40  3.6839160E-02
   7106.60  2.0449721E-04
   7106.80  8.5383891E-05
   7107.00  7.2936735E-05
   7107.20  8.1549517E-05
   7107.40  1.2254671E-04
   7107.60  5.5147433E-04
   7107.80  1.6589685E-03
   7108.00  7.7811330E-04
   7108.20  1.4987603E-03
   7108.40  4.5565218E-04
   7108.60  8.1269043E-04
   7108.80  5.4631118E-04
   7109.00  4.6359631E-03
   7109.20  5.8890399E-03
   7109.40  2.2491629E-03
   7109.60  1.7056223E-02
   7109.80  1.7218648E-02
   7110.00  1.6707819E-02
   7110.20  3.7469092E-02
   7110.40  3.2734189E-02
   7110.60  1.5328072E-02
   7110.80  1.7809561E-02
   7111.00  1.2981594E-02
   7111.20  1.2878722E-02
   7111.40  2.6605603E-02
   7111.60  2.2744557E-02
   7111.80  2.0084246E-02
   7112.00  3.9894062E-02
   7112.20  3.9442785E-02
   7112.40  1.9129607E-02
   7112.60  1.8577882E-02
   7112.80  1.7275547E-02
   7113.00  1.4083987E-02
   7113.20  1.4973768E-02
   7113.40  2.1776870E-02
   7113.60  3.5367311E-02
   7113.80  3.2302389E-02
   7114.00  2.5739990E-02
   7114.20  3.0254925E-02
   7114.40  2.0218814E-02
   7114.60  1.3665689E-02
   7114.80  1.4467721E-02
   7115.00  2.6254422E-02
   7115.20  4.0093538E-02
   7115.40  1.3178360E-02
   7115.60  5.2932964E-03
   7115.80  3.0735729E-03
   7116.00  2.2211818E-03
   7116.20  1.8296659E-03
   7116.40  1.6431191E-03
   7116.60  1.5786393E-03
   7116.80  1.6200043E-03
   7117.00  1.7977457E-03
   7117.20  2.2044580E-03
   7117.40  2.9843522E-03
   7117.60  3.8547466E-03
   7117.80  3.7300701E-03
   7118.00  3.3634327E-03
   7118.20  3.6907646E-03
   7118.40  4.5493381E-03
   7118.60  5.5328086E-03
   7118.80  6.2957732E-03
   7119.00  6.6515613E-03
   7119.20  6.5972800E-03
   7119.40  6.3691970E-03
   7119.60  6.2440859E-03
   7119.80  6.3897391E-03
   7120.00  6.9109958E-03
   7120.20  7.8811521E-03
   7120.40  9.3017692E-03
   7120.60  1.1025950E-02
   7120.80  1.2729267E-02
   7121.00  1.4048849E-02
   7121.20  1.4834893E-02
   7121.40  1.5213827E-02
   7121.60  1.5387888E-02
   7121.80  1.5477367E-02
   7122.00  1.5542146E-02
   7122.20  1.5606012E-02
   7122.40  1.5678262E-02
   7122.60  1.5761530E-02
   7122.80  1.5834516E-02
   7123.00  1.5880498E-02
   7123.20  1.5904017E-02
   7123.40  1.5922271E-02
   7123.60  1.5985110E-02
   7123.80  1.6303280E-02
   7124.00  1.6978017E-02
   7124.20  1.8000820E-02
   7124.40  1.9297897E-02
   7124.60  2.0812171E-02
   7124.80  2.2387306E-02
   7125.00  2.3721759E-02
   7125.20  2.4747364E-02
   7125.40  2.5543599E-02
   7125.60  2.6052714E-02
   7125.80  2.6404396E-02
   7126.00  2.6981451E-02
   7126.20  2.8065229E-02
   7126.40  2.9626920E-02
   7126.60  3.1424312E-02
   7126.80  3.3248008E-02
   7127.00  3.4885562E-02
   7127.20  3.6225829E-02
   7127.40  3.7225637E-02
   7127.60  3.7972711E-02
   7127.80  3.8630999E-02
   7128.00  3.9239210E-02
   7128.20  3.9744312E-02
   7128.40  4.0061045E-02
   7128.60  4.0146016E-02
   7128.80  4.0023055E-02
   7129.00  3.9752298E-02
   7129.20  3.9381943E-02
   7129.40  3.8929832E-02
   7129.60  3.8401198E-02
   7129.80  3.7827703E-02
   7130.00  3.7308491E-02
   7130.20  3.7021357E-02
   7130.40  3.7145584E-02
   7130.60  3.7639256E-02
   7130.80  3.8075045E-02
   7131.00  3.8162201E-02
   7131.20  3.8178662E-02
   7131.40  3.8385898E-02
   7131.60  3.8802952E-02
   7131.80  3.9392308E-02
   7132.00  4.0135408E-02
   7132.20  4.1024028E-02
   7132.40  4.2039689E-02
   7132.60  4.3133165E-02
   7132.80  4.4204704E-02
   7133.00  4.5096703E-02
   7133.20  4.5631015E-02
   7133.40  4.5704331E-02
   7133.60  4.5396811E-02
   7133.80  4.4991725E-02
   7134.00  4.4779950E-02
   7134.20  4.4803217E-02
   7134.40  4.4939570E-02
   7134.60  4.5090166E-02
   7134.80  4.5212004E-02
   7135.00  4.5290326E-02
   7135.20  4.5320363E-02
   7135.40  4.5300958E-02
   7135.60  4.5232759E-02
   7135.80  4.5118520E-02
   7136.00  4.4962641E-02
   7136.20  4.4770231E-02
   7136.40  4.4546940E-02
   7136.60  4.4298540E-02
   7136.80  4.4031011E-02
   7137.00  4.3750937E-02
   7137.20  4.3465563E-02
   7137.40  4.3182842E-02
   7137.60  4.2911233E-02
   7137.80  4.2658854E-02
   7138.00  4.2432777E-02
   7138.20  4.2238252E-02
   7138.40  4.2078477E-02
   7138.60  4.1954623E-02
   7138.80  4.1865779E-02
   7139.00  4.1809394E-02
   7139.20  4.1781741E-02
   7139.40  4.1778299E-02
   7139.60  4.1793965E-02
   7139.80  4.1823453E-02
   7140.00  4.1861446E-02
   7140.20  4.1904297E-02
   7140.40  4.1946622E-02
   7140.60  4.1984740E-02
   7140.80  4.2015837E-02
   7141.00  4.2037224E-02
   7141.20  4.2046376E-02
   7141.40  4.2040690E-02
   7141.60  4.2017445E-02
   7141.80  4.1973874E-02
   7142.00  4.1907050E-02
   7142.20  4.1814155E-02
   7142.40  4.1692650E-02
   7142.60  4.1540301E-02
   7142.80  4.1355549E-02
   7143.00  4.1137513E-02
   7143.20  4.0885941E-02
   7143.40  4.0605205E-02
   7143.60  4.0287961E-02
   7143.80  3.9940111E-02
   7144.00  3.9564201E-02
   7144.20  3.9163828E-02
   7144.40  3.8744120E-02
   7144.60  3.8311331E-02
   7144.80  3.7872414E-02
   7145.00  3.7435203E-02
   7145.20  3.7006929E-02
   7145.40  3.6594786E-02
   7145.60  3.6204495E-02
   7145.80  3.5840910E-02
   7146.00  3.5508144E-02
   7146.20  3.5209199E-02
   7146.40  3.4946933E-02
   7146.60  3.4724012E-02
   7146.80  3.4542347E-02
   7147.00  3.4403639E-02
   7147.20  3.4309271E-02
   7147.40  3.4259787E-02
   7147.60  3.4244313E-02
   7147.80  3.4263626E-02
   7148.00  3.4320208E-02
   7148.20  3.4406232E-02
   7148.40  3.4513995E-02
   7148.60  3.4633597E-02
   7148.80  3.4753280E-02
   7149.00  3.4858752E-02
   7149.20  3.4944681E-02
   7149.40  3.5000458E-02
   7149.60  3.5023464E-02
   7149.80  3.5014520E-02
   7150.00  3.4968692E-02
   7150.20  3.4896102E-02
   7150.40  3.4799620E-02
   7150.60  3.4683974E-02
   7150.80  3.4552280E-02
   7151.00  3.4406773E-02
   7151.20  3.4248894E-02
   7151.40  3.4079639E-02
   7151.60  3.3899104E-02
   7151.80  3.3707298E-02
   7152.00  3.3500983E-02
   7152.20  3.3286500E-02
   7152.40  3.3057471E-02
   7152.60  3.2820223E-02
   7152.80  3.2570223E-02
   7153.00  3.2312218E-02
   7153.20  3.2044924E-02
   7153.40  3.1766929E-02
   7153.60  3.1484992E-02
   7153.80  3.1198168E-02
   7154.00  3.0908550E-02
   7154.20  3.0618516E-02
   7154.40  3.0330868E-02
   7154.60  3.0048148E-02
   7154.80  2.9773283E-02
   7155.00  2.9509086E-02
   7155.20  2.9258302E-02
   7155.40  2.9023134E-02
   7155.60  2.8805760E-02
   7155.80  2.8608413E-02
   7156.00  2.8432339E-02
   7156.20  2.8278117E-02
   7156.40  2.8145110E-02
   7156.60  2.8032840E-02
   7156.80  2.7939141E-02
   7157.00  2.7862169E-02
   7157.20  2.7799556E-02
   7157.40  2.7748128E-02
   7157.60  2.7704986E-02
   7157.80  2.7667812E-02
   7158.00  2.7633369E-02
   7158.20  2.7599006E-02
   7158.40  2.7562641E-02
   7158.60  2.7523646E-02
   7158.80  2.7479560E-02
   7159.00  2.7430215E-02
   7159.20  2.7375560E-02
   7159.40  2.7316231E-02
   7159.60  2.7253050E-02
   7159.80  2.7186576E-02
   7160.00  2.7112291E-02
   7160.20  2.7045333E-02
   7160.40  2.6975648E-02
   7160.60  2.6908836E-02
   7160.80  2.6844777E-02
   7161.00  2.6783734E-02
   7161.20  2.6726885E-02
   7161.40  2.6675012E-02
   7161.60  2.6628923E-02
   7161.80  2.6589451E-02
   7162.00  2.6557047E-02
   7162.20  2.6532079E-02
   7162.40  2.6515023E-02
   7162.60  2.6506290E-02
   7162.80  2.6506070E-02
   7163.00  2.6514571E-02
   7163.20  2.6532253E-02
   7163.40  2.6558961E-02
   7163.60  2.6594478E-02
   7163.80  2.6638671E-02
   7164.00  2.6691340E-02
   7164.20  2.6752403E-02
   7164.40  2.6821954E-02
   7164.60  2.6898565E-02
   7164.80  2.6981785E-02
   7165.00  2.7070643E-02
   7165.20  2.7166242E-02
   7165.40  2.7263013E-02
   7165.60  2.7362152E-02
   7165.80  2.7462441E-02
   7166.00  2.7562591E-02
   7166.20  2.7661274E-02
   7166.40  2.7757121E-02
   7166.60  2.7849021E-02
   7166.80  2.7935526E-02
   7167.00  2.8015256E-02
   7167.20  2.8087038E-02
   7167.40  2.8149864E-02
   7167.60  2.8202754E-02
   7167.80  2.8244994E-02
   7168.00  2.8276098E-02
   7168.20  2.8295841E-02
   7168.40  2.8304171E-02
   7168.60  2.8301516E-02
   7168.80  2.8288250E-02
   7169.00  2.8264937E-02
   7169.20  2.8232481E-02
   7169.40  2.8191810E-02
   7169.60  2.8143963E-02
   7169.80  2.8090161E-02
   7170.00  2.8031460E-02
   7170.20  2.7968854E-02
   7170.40  2.7903338E-02
   7170.60  2.7835967E-02
   7170.80  2.7767615E-02
   7171.00  2.7699031E-02
   7171.20  2.7630612E-02
   7171.40  2.7562874E-02
   7171.60  2.7496474E-02
   7171.80  2.7431674E-02
   7172.00  2.7368848E-02
