  7112.000   26  1  1  1.4113706E-02 -9.2347973E-01  0.0000000E+00  1  1  7.2643261E+03  0.0000000E+00  0.0000000E+00  2.3720100E+00  1.0000000E+00  0.0000000E+00 = E_edge, Z, n_edge, j_edge, Abs_before_edge, VO_interstitial, E_cut, ninitl, ninit1, Epsii, UnitCell_Volume, Surface_ref, f0_forward, natomsym_f, abs_u_i
    Energy    <xanes>    
   7097.00  1.5353736E-04
   7097.20  7.0141833E-05
   7097.40  2.6625007E-05
   7097.60  2.5619154E-05
   7097.80  2.5311375E-05
   7098.00  2.5335414E-05
   7098.20  2.5599465E-05
   7098.40  2.6090351E-05
   7098.60  2.6858903E-05
   7098.80  2.8109951E-05
   7099.00  3.1234159E-05
   7099.20  4.5485107E-04
   7099.40  3.6519368E-05
   7099.60  4.3694222E-05
   7099.80  8.4231121E-05
   7100.00  1.8786257E-02
   7100.20  8.7489156E-05
   7100.40  5.5393349E-05
   7100.60  6.2969704E-05
   7100.80  8.0982174E-05
   7101.00  7.3481379E-05
   7101.20  9.2956022E-05
   7101.40  1.3400565E-04
   7101.60  2.3016354E-04
   7101.80  9.5098674E-04
   7102.00  2.4954449E-03
   7102.20  3.3660894E-02
   7102.40  1.0867351E-03
   7102.60  3.4680350E-04
   7102.80  1.8169041E-04
   7103.00  1.2175202E-04
   7103.20  9.9447182E-05
   7103.40  1.0423877E-04
   7103.60  1.0334826E-04
   7103.80  3.5456981E-04
   7104.00  4.6791840E-04
   7104.20  2.0230740E-04
   7104.40  1.7437238E-02
   7104.60  2.1990220E-04
   7104.80  9.5874753E-05
   7105.00  9.8912342E-05
   7105.20  1.2375666E-04
   7105.40  2.0629894E-04
   7105.60  4.5529063E-04
   7105.80  1.2418093E-03
   7106.00  7.2882706E-03
   7106.20  5.3732765E-02
   7106.40  8.1556392E-04
   7106.60  5.2693269E-04
   7106.80  1.9495218E-04
   7107.00  1.8847653E-04
   7107.20  1.1981081E-02
   7107.40  3.7799675E-04
   7107.60  3.7535370E-04
   7107.80  4.6138030E-04
   7108.00  1.8987602E-03
   7108.20  4.7697777E-02
   7108.40  1.0039361E-02
   7108.60  7.4518314E-03
   7108.80  9.5637250E-03
   7109.00  4.9753871E-03
   7109.20  6.9262164E-04
   7109.40  2.8472500E-04
   7109.60  3.3284169E-04
   7109.80  1.8075167E-02
   7110.00  3.3289875E-03
   7110.20  2.9491118E-04
   7110.40  1.0385528E-03
   7110.60  1.8119879E-04
   7110.80  1.2615336E-03
   7111.00  1.4693278E-03
   7111.20  1.0592632E-03
   7111.40  1.2428584E-04
   7111.60  8.7051588E-05
   7111.80  2.0622228E-03
   7112.00  3.9807787E-03
   7112.20  1.7942373E-03
   7112.40  5.4783022E-03
   7112.60  2.5161842E-02
   7112.80  1.7604087E-02
   7113.00  2.2406794E-02
   7113.20  8.8913057E-02
   7113.40  1.4021893E-02
   7113.60  5.0905868E-03
   7113.80  3.2284074E-03
   7114.00  2.5395236E-03
   7114.20  2.2479345E-03
   7114.40  2.1688437E-03
   7114.60  2.2842967E-03
   7114.80  2.7312688E-03
   7115.00  4.1580017E-03
   7115.20  9.7280406E-03
   7115.40  1.2910129E-02
   7115.60  9.3630189E-03
   7115.80  1.0144414E-02
   7116.00  1.2725966E-02
   7116.20  1.7174212E-02
   7116.40  9.5981914E-03
   7116.60  9.0926884E-03
   7116.80  1.3059699E-02
   7117.00  1.4260860E-02
   7117.20  6.8984006E-03
   7117.40  4.9215410E-03
   7117.60  5.5143941E-03
   7117.80  6.2532748E-03
   7118.00  4.8666170E-03
   7118.20  2.9739953E-03
   7118.40  2.1224825E-03
   7118.60  1.7676283E-03
   7118.80  1.5895579E-03
   7119.00  1.5066564E-03
   7119.20  1.4869439E-03
   7119.40  1.5140802E-03
   7119.60  1.6007667E-03
   7119.80  1.6060190E-03
   7120.00  1.5456585E-03
   7120.20  1.6096300E-03
   7120.40  1.8097453E-03
   7120.60  2.1443813E-03
   7120.80  2.6241961E-03
   7121.00  3.0787706E-03
   7121.20  3.2692392E-03
   7121.40  3.3042618E-03
   7121.60  3.2948352E-03
   7121.80  3.3078380E-03
   7122.00  3.3832667E-03
   7122.20  3.5930887E-03
   7122.40  3.9239820E-03
   7122.60  4.4480443E-03
   7122.80  5.0726007E-03
   7123.00  5.6856669E-03
   7123.20  6.1432865E-03
   7123.40  6.4192345E-03
   7123.60  6.6007649E-03
   7123.80  6.7992948E-03
   7124.00  7.0963825E-03
   7124.20  7.5174161E-03
   7124.40  8.0575966E-03
   7124.60  8.7122656E-03
   7124.80  9.5150252E-03
   7125.00  1.0477826E-02
   7125.20  1.1609259E-02
   7125.40  1.2869449E-02
   7125.60  1.4077644E-02
   7125.80  1.5031452E-02
   7126.00  1.5709620E-02
   7126.20  1.6342059E-02
   7126.40  1.7198443E-02
   7126.60  1.8330187E-02
   7126.80  1.9628495E-02
   7127.00  2.0977876E-02
   7127.20  2.2191516E-02
   7127.40  2.3049196E-02
   7127.60  2.3612175E-02
   7127.80  2.4138173E-02
   7128.00  2.4833362E-02
   7128.20  2.5800895E-02
   7128.40  2.7073124E-02
   7128.60  2.8650664E-02
   7128.80  3.0511733E-02
   7129.00  3.2618032E-02
   7129.20  3.4893205E-02
   7129.40  3.7209765E-02
   7129.60  3.9401516E-02
   7129.80  4.1304690E-02
   7130.00  4.2808112E-02
   7130.20  4.3883699E-02
   7130.40  4.4570436E-02
   7130.60  4.4922848E-02
   7130.80  4.4957141E-02
   7131.00  4.4627695E-02
   7131.20  4.3865862E-02
   7131.40  4.2703803E-02
   7131.60  4.1398604E-02
   7131.80  4.0330256E-02
   7132.00  3.9703353E-02
   7132.20  3.9489894E-02
   7132.40  3.9645584E-02
   7132.60  4.0183410E-02
   7132.80  4.0994230E-02
   7133.00  4.1778981E-02
   7133.20  4.2258020E-02
   7133.40  4.2329970E-02
   7133.60  4.2034733E-02
   7133.80  4.1461113E-02
   7134.00  4.0686555E-02
   7134.20  3.9810878E-02
   7134.40  3.8877860E-02
   7134.60  3.7922679E-02
   7134.80  3.6969039E-02
   7135.00  3.6034090E-02
   7135.20  3.5131821E-02
   7135.40  3.4289510E-02
   7135.60  3.3493770E-02
   7135.80  3.2761389E-02
   7136.00  3.2097464E-02
   7136.20  3.1503837E-02
   7136.40  3.0979100E-02
   7136.60  3.0519486E-02
   7136.80  3.0119825E-02
   7137.00  2.9774753E-02
   7137.20  2.9479262E-02
   7137.40  2.9229463E-02
   7137.60  2.9022732E-02
   7137.80  2.8857519E-02
   7138.00  2.8733142E-02
   7138.20  2.8649253E-02
   7138.40  2.8605514E-02
   7138.60  2.8601555E-02
   7138.80  2.8630103E-02
   7139.00  2.8703675E-02
   7139.20  2.8813187E-02
   7139.40  2.8956734E-02
   7139.60  2.9130926E-02
   7139.80  2.9332693E-02
   7140.00  2.9568755E-02
   7140.20  2.9845577E-02
   7140.40  3.0136574E-02
   7140.60  3.0445289E-02
   7140.80  3.0775037E-02
   7141.00  3.1122607E-02
   7141.20  3.1490123E-02
   7141.40  3.1865809E-02
   7141.60  3.2251214E-02
   7141.80  3.2641977E-02
   7142.00  3.3033314E-02
   7142.20  3.3419286E-02
   7142.40  3.3793791E-02
   7142.60  3.4150615E-02
   7142.80  3.4484321E-02
   7143.00  3.4790020E-02
   7143.20  3.5064992E-02
   7143.40  3.5309884E-02
   7143.60  3.5525848E-02
   7143.80  3.5735363E-02
   7144.00  3.5910412E-02
   7144.20  3.6075506E-02
   7144.40  3.6237705E-02
   7144.60  3.6403081E-02
   7144.80  3.6576262E-02
   7145.00  3.6760071E-02
   7145.20  3.6970578E-02
   7145.40  3.7177317E-02
   7145.60  3.7393945E-02
   7145.80  3.7618472E-02
   7146.00  3.7848760E-02
   7146.20  3.8082674E-02
   7146.40  3.8317715E-02
   7146.60  3.8560716E-02
   7146.80  3.8803771E-02
   7147.00  3.9043208E-02
   7147.20  3.9278132E-02
   7147.40  3.9507789E-02
   7147.60  3.9731858E-02
   7147.80  3.9949504E-02
   7148.00  4.0160184E-02
   7148.20  4.0363531E-02
   7148.40  4.0559195E-02
   7148.60  4.0746850E-02
   7148.80  4.0926371E-02
   7149.00  4.1097792E-02
   7149.20  4.1261616E-02
   7149.40  4.1417990E-02
   7149.60  4.1567455E-02
   7149.80  4.1710710E-02
   7150.00  4.1848508E-02
   7150.20  4.1981636E-02
   7150.40  4.2110892E-02
   7150.60  4.2237044E-02
   7150.80  4.2360886E-02
   7151.00  4.2483163E-02
   7151.20  4.2604132E-02
   7151.40  4.2724366E-02
   7151.60  4.2844458E-02
   7151.80  4.2965031E-02
   7152.00  4.3068166E-02
   7152.20  4.3191604E-02
   7152.40  4.3318134E-02
   7152.60  4.3448710E-02
   7152.80  4.3584350E-02
   7153.00  4.3726510E-02
   7153.20  4.3874218E-02
   7153.40  4.4029282E-02
   7153.60  4.4191928E-02
   7153.80  4.4362129E-02
   7154.00  4.4539028E-02
   7154.20  4.4722272E-02
   7154.40  4.4911053E-02
   7154.60  4.5103991E-02
   7154.80  4.5299318E-02
   7155.00  4.5495234E-02
   7155.20  4.5689602E-02
   7155.40  4.5879895E-02
   7155.60  4.6063862E-02
   7155.80  4.6239176E-02
   7156.00  4.6403460E-02
   7156.20  4.6554654E-02
   7156.40  4.6690675E-02
   7156.60  4.6809749E-02
   7156.80  4.6910435E-02
   7157.00  4.6991707E-02
   7157.20  4.7052565E-02
   7157.40  4.7092651E-02
   7157.60  4.7111785E-02
   7157.80  4.7109985E-02
   7158.00  4.7087655E-02
   7158.20  4.7045473E-02
   7158.40  4.6984535E-02
   7158.60  4.6905545E-02
   7158.80  4.6809481E-02
   7159.00  4.6697313E-02
   7159.20  4.6570006E-02
   7159.40  4.6428273E-02
   7159.60  4.6272740E-02
   7159.80  4.6103974E-02
   7160.00  4.5922695E-02
   7160.20  4.5728800E-02
   7160.40  4.5522377E-02
   7160.60  4.5303511E-02
   7160.80  4.5072254E-02
   7161.00  4.4828648E-02
   7161.20  4.4570816E-02
   7161.40  4.4302834E-02
   7161.60  4.4023026E-02
   7161.80  4.3732011E-02
   7162.00  4.3429829E-02
   7162.20  4.3115135E-02
   7162.40  4.2790405E-02
   7162.60  4.2456356E-02
   7162.80  4.2113810E-02
   7163.00  4.1763611E-02
   7163.20  4.1406658E-02
   7163.40  4.1043932E-02
   7163.60  4.0676555E-02
   7163.80  4.0305912E-02
   7164.00  3.9932585E-02
   7164.20  3.9557581E-02
   7164.40  3.9181958E-02
   7164.60  3.8806678E-02
   7164.80  3.8432714E-02
   7165.00  3.8060959E-02
   7165.20  3.7692303E-02
   7165.40  3.7327593E-02
   7165.60  3.6967525E-02
   7165.80  3.6612918E-02
   7166.00  3.6264798E-02
   7166.20  3.5923269E-02
   7166.40  3.5588830E-02
   7166.60  3.5261953E-02
   7166.80  3.4943063E-02
   7167.00  3.4632452E-02
   7167.20  3.4330470E-02
   7167.40  3.4037294E-02
   7167.60  3.3753195E-02
   7167.80  3.3478327E-02
   7168.00  3.3212727E-02
   7168.20  3.2956477E-02
   7168.40  3.2709936E-02
   7168.60  3.2472771E-02
   7168.80  3.2244808E-02
   7169.00  3.2025929E-02
   7169.20  3.1816007E-02
   7169.40  3.1614891E-02
   7169.60  3.1422278E-02
   7169.80  3.1237907E-02
   7170.00  3.1061527E-02
   7170.20  3.0892831E-02
   7170.40  3.0731495E-02
   7170.60  3.0577172E-02
   7170.80  3.0429533E-02
   7171.00  3.0288299E-02
   7171.20  3.0153337E-02
   7171.40  3.0023999E-02
   7171.60  2.9899898E-02
   7171.80  2.9780721E-02
   7172.00  2.9666188E-02
