  7112.000   26  1  1  1.0692582E-02 -3.9127395E+00 -1.0871527E+00  1  1  7.2654150E+03  0.0000000E+00  0.0000000E+00  3.6714866E+00  1.0000000E+00  0.0000000E+00 = E_edge, Z, n_edge, j_edge, Abs_before_edge, VO_interstitial, E_cut, ninitl, ninit1, Epsii, UnitCell_Volume, Surface_ref, f0_forward, natomsym_f, abs_u_i
    Energy    <xanes>    
   7097.00  3.4295368E-05
   7097.20  4.3361815E-05
   7097.40  6.8828108E-05
   7097.60  1.8947489E-04
   7097.80  6.7498812E-03
   7098.00  3.3582800E-04
   7098.20  8.8825662E-05
   7098.40  5.3015719E-05
   7098.60  4.3207772E-05
   7098.80  4.1754019E-05
   7099.00  4.6316814E-05
   7099.20  6.1260619E-05
   7099.40  1.1190232E-04
   7099.60  4.8492525E-04
   7099.80  5.7687793E-03
   7100.00  2.1188777E-04
   7100.20  8.9065393E-05
   7100.40  9.5706511E-05
   7100.60  5.9460429E-04
   7100.80  9.7307999E-05
   7101.00  5.1594733E-05
   7101.20  6.0711348E-05
   7101.40  2.1872224E-04
   7101.60  6.0275868E-04
   7101.80  4.9254366E-04
   7102.00  8.4451146E-05
   7102.20  5.8736201E-05
   7102.40  7.4273624E-05
   7102.60  9.1378140E-04
   7102.80  1.2307085E-03
   7103.00  2.6791310E-04
   7103.20  7.0921126E-05
   7103.40  3.3682372E-04
   7103.60  1.3062389E-04
   7103.80  8.3759277E-05
   7104.00  1.3729983E-04
   7104.20  7.1433386E-05
   7104.40  4.4057245E-05
   7104.60  4.7403612E-05
   7104.80  6.3202905E-05
   7105.00  1.8679216E-04
   7105.20  1.1639450E-03
   7105.40  1.5032046E-03
   7105.60  4.2151730E-04
   7105.80  8.2167814E-03
   7106.00  2.3290029E-04
   7106.20  1.0163640E-04
   7106.40  7.5201691E-05
   7106.60  7.6597242E-05
   7106.80  1.1209198E-04
   7107.00  1.1496892E-03
   7107.20  1.2174361E-03
   7107.40  5.6718514E-04
   7107.60  9.3866310E-04
   7107.80  3.2357448E-04
   7108.00  2.1959341E-03
   7108.20  2.4699658E-03
   7108.40  6.5973903E-04
   7108.60  1.9791563E-03
   7108.80  1.8136119E-03
   7109.00  4.0676550E-03
   7109.20  5.5476243E-03
   7109.40  1.0158647E-02
   7109.60  7.1652775E-03
   7109.80  3.1412509E-02
   7110.00  2.0376841E-02
   7110.20  1.3981583E-02
   7110.40  9.8947513E-03
   7110.60  9.2971678E-03
   7110.80  1.9664831E-02
   7111.00  1.0069713E-02
   7111.20  6.4882369E-03
   7111.40  6.4441180E-03
   7111.60  9.2980791E-03
   7111.80  1.7875505E-02
   7112.00  4.5812849E-02
   7112.20  5.3717027E-02
   7112.40  3.0223260E-02
   7112.60  3.3056107E-02
   7112.80  2.4275380E-02
   7113.00  1.1633002E-02
   7113.20  7.5226304E-03
   7113.40  6.2782324E-03
   7113.60  7.1081600E-03
   7113.80  7.5014116E-03
   7114.00  4.2214622E-03
   7114.20  2.8614362E-03
   7114.40  2.2604745E-03
   7114.60  1.9229071E-03
   7114.80  1.7186786E-03
   7115.00  1.6026104E-03
   7115.20  1.5568252E-03
   7115.40  1.5761777E-03
   7115.60  1.6656576E-03
   7115.80  1.8411130E-03
   7116.00  2.1299087E-03
   7116.20  2.5612735E-03
   7116.40  3.1110249E-03
   7116.60  3.5820191E-03
   7116.80  3.7837751E-03
   7117.00  4.0520635E-03
   7117.20  4.6099046E-03
   7117.40  5.1311496E-03
   7117.60  5.3791165E-03
   7117.80  5.5236080E-03
   7118.00  5.9126692E-03
   7118.20  6.8887864E-03
   7118.40  8.8048012E-03
   7118.60  1.2051661E-02
   7118.80  1.6857665E-02
   7119.00  2.2685010E-02
   7119.20  2.7787163E-02
   7119.40  3.0478269E-02
   7119.60  3.0997152E-02
   7119.80  3.0891295E-02
   7120.00  3.1413985E-02
   7120.20  3.2894901E-02
   7120.40  3.4653017E-02
   7120.60  3.5519323E-02
   7120.80  3.5076678E-02
   7121.00  3.3929166E-02
   7121.20  3.2415617E-02
   7121.40  3.0848146E-02
   7121.60  2.9455862E-02
   7121.80  2.8297400E-02
   7122.00  2.7590002E-02
   7122.20  2.7345643E-02
   7122.40  2.7534754E-02
   7122.60  2.8104484E-02
   7122.80  2.9008703E-02
   7123.00  3.0035407E-02
   7123.20  3.1010917E-02
   7123.40  3.1617722E-02
   7123.60  3.1562416E-02
   7123.80  3.0791189E-02
   7124.00  2.9588444E-02
   7124.20  2.8376226E-02
   7124.40  2.7434191E-02
   7124.60  2.6842968E-02
   7124.80  2.6588927E-02
   7125.00  2.6609464E-02
   7125.20  2.6759566E-02
   7125.40  2.6833687E-02
   7125.60  2.6925085E-02
   7125.80  2.7230347E-02
   7126.00  2.7841290E-02
   7126.20  2.8793026E-02
   7126.40  2.9971103E-02
   7126.60  3.1406858E-02
   7126.80  3.3034339E-02
   7127.00  3.4564299E-02
   7127.20  3.5464685E-02
   7127.40  3.5418312E-02
   7127.60  3.4684652E-02
   7127.80  3.3737678E-02
   7128.00  3.2866753E-02
   7128.20  3.2167110E-02
   7128.40  3.1671065E-02
   7128.60  3.1395161E-02
   7128.80  3.1332040E-02
   7129.00  3.1432223E-02
   7129.20  3.1606839E-02
   7129.40  3.1775618E-02
   7129.60  3.1976952E-02
   7129.80  3.2359026E-02
   7130.00  3.2996704E-02
   7130.20  3.3801803E-02
   7130.40  3.4586449E-02
   7130.60  3.5171944E-02
   7130.80  3.5470108E-02
   7131.00  3.5486147E-02
   7131.20  3.5277361E-02
   7131.40  3.4916986E-02
   7131.60  3.4473599E-02
   7131.80  3.4003331E-02
   7132.00  3.3547206E-02
   7132.20  3.3129767E-02
   7132.40  3.2759487E-02
   7132.60  3.2432542E-02
   7132.80  3.2141014E-02
   7133.00  3.1896279E-02
   7133.20  3.1765125E-02
   7133.40  3.1839597E-02
   7133.60  3.2112646E-02
   7133.80  3.2489826E-02
   7134.00  3.2896393E-02
   7134.20  3.3286899E-02
   7134.40  3.3622959E-02
   7134.60  3.3874942E-02
   7134.80  3.4032054E-02
   7135.00  3.4106864E-02
   7135.20  3.4130585E-02
   7135.40  3.4141780E-02
   7135.60  3.4176698E-02
   7135.80  3.4263645E-02
   7136.00  3.4421384E-02
   7136.20  3.4659684E-02
   7136.40  3.4981497E-02
   7136.60  3.5384516E-02
   7136.80  3.5862999E-02
   7137.00  3.6408261E-02
   7137.20  3.7009291E-02
   7137.40  3.7652200E-02
   7137.60  3.8319717E-02
   7137.80  3.8989572E-02
   7138.00  3.9634826E-02
   7138.20  4.0223746E-02
   7138.40  4.0721811E-02
   7138.60  4.1095158E-02
   7138.80  4.1314474E-02
   7139.00  4.1360865E-02
   7139.20  4.1230572E-02
   7139.40  4.0937373E-02
   7139.60  4.0512050E-02
   7139.80  3.9998319E-02
   7140.00  3.9445929E-02
   7140.20  3.8904452E-02
   7140.40  3.8417662E-02
   7140.60  3.8020038E-02
   7140.80  3.7731714E-02
   7141.00  3.7572867E-02
   7141.20  3.7538931E-02
   7141.40  3.7616836E-02
   7141.60  3.7793148E-02
   7141.80  3.8049298E-02
   7142.00  3.8363376E-02
   7142.20  3.8712860E-02
   7142.40  3.9077129E-02
   7142.60  3.9438238E-02
   7142.80  3.9782142E-02
   7143.00  4.0097916E-02
   7143.20  4.0377499E-02
   7143.40  4.0614220E-02
   7143.60  4.0802561E-02
   7143.80  4.0938205E-02
   7144.00  4.1017758E-02
   7144.20  4.1038745E-02
   7144.40  4.1000520E-02
   7144.60  4.0903688E-02
   7144.80  4.0749815E-02
   7145.00  4.0541224E-02
   7145.20  4.0280890E-02
   7145.40  3.9971873E-02
   7145.60  3.9617588E-02
   7145.80  3.9222230E-02
   7146.00  3.8791054E-02
   7146.20  3.8331049E-02
   7146.40  3.7853910E-02
   7146.60  3.7361401E-02
   7146.80  3.6867839E-02
   7147.00  3.6383781E-02
   7147.20  3.5919528E-02
   7147.40  3.5483864E-02
   7147.60  3.5084299E-02
   7147.80  3.4726301E-02
   7148.00  3.4415008E-02
   7148.20  3.4152758E-02
   7148.40  3.3937071E-02
   7148.60  3.3768948E-02
   7148.80  3.3647949E-02
   7149.00  3.3564527E-02
   7149.20  3.3515080E-02
   7149.40  3.3496679E-02
   7149.60  3.3500734E-02
   7149.80  3.3523184E-02
   7150.00  3.3557615E-02
   7150.20  3.3597438E-02
   7150.40  3.3636010E-02
   7150.60  3.3666861E-02
   7150.80  3.3684032E-02
   7151.00  3.3682428E-02
   7151.20  3.3658114E-02
   7151.40  3.3608362E-02
   7151.60  3.3532010E-02
   7151.80  3.3429543E-02
   7152.00  3.3302885E-02
   7152.20  3.3159091E-02
   7152.40  3.2996730E-02
   7152.60  3.2820779E-02
   7152.80  3.2638155E-02
   7153.00  3.2453567E-02
   7153.20  3.2270982E-02
   7153.40  3.2094953E-02
   7153.60  3.1927963E-02
   7153.80  3.1772320E-02
   7154.00  3.1630244E-02
   7154.20  3.1502488E-02
   7154.40  3.1389407E-02
   7154.60  3.1290854E-02
   7154.80  3.1206878E-02
   7155.00  3.1136114E-02
   7155.20  3.1077439E-02
   7155.40  3.1029715E-02
   7155.60  3.0992027E-02
   7155.80  3.0963214E-02
   7156.00  3.0941724E-02
   7156.20  3.0926400E-02
   7156.40  3.0916134E-02
   7156.60  3.0910158E-02
   7156.80  3.0907773E-02
   7157.00  3.0907687E-02
   7157.20  3.0909295E-02
   7157.40  3.0913523E-02
   7157.60  3.0917912E-02
   7157.80  3.0922013E-02
   7158.00  3.0925352E-02
   7158.20  3.0926817E-02
   7158.40  3.0925693E-02
   7158.60  3.0921262E-02
   7158.80  3.0918610E-02
   7159.00  3.0909292E-02
   7159.20  3.0890676E-02
   7159.40  3.0867186E-02
   7159.60  3.0834868E-02
   7159.80  3.0795581E-02
   7160.00  3.0747262E-02
   7160.20  3.0688544E-02
   7160.40  3.0619416E-02
   7160.60  3.0539791E-02
   7160.80  3.0450772E-02
   7161.00  3.0351256E-02
   7161.20  3.0241562E-02
   7161.40  3.0121970E-02
   7161.60  2.9993064E-02
   7161.80  2.9855591E-02
   7162.00  2.9710432E-02
   7162.20  2.9558578E-02
   7162.40  2.9401454E-02
   7162.60  2.9240033E-02
   7162.80  2.9075257E-02
   7163.00  2.8908285E-02
   7163.20  2.8740341E-02
   7163.40  2.8572482E-02
   7163.60  2.8413618E-02
   7163.80  2.8249157E-02
   7164.00  2.8087995E-02
   7164.20  2.7931146E-02
   7164.40  2.7779990E-02
   7164.60  2.7634666E-02
   7164.80  2.7495877E-02
   7165.00  2.7364462E-02
   7165.20  2.7240763E-02
   7165.40  2.7125059E-02
   7165.60  2.7017619E-02
   7165.80  2.6918836E-02
   7166.00  2.6828425E-02
   7166.20  2.6746248E-02
   7166.40  2.6672358E-02
   7166.60  2.6606790E-02
   7166.80  2.6549057E-02
   7167.00  2.6498149E-02
   7167.20  2.6453514E-02
   7167.40  2.6414627E-02
   7167.60  2.6381003E-02
   7167.80  2.6352283E-02
   7168.00  2.6327725E-02
   7168.20  2.6306884E-02
   7168.40  2.6289411E-02
   7168.60  2.6275033E-02
   7168.80  2.6263778E-02
   7169.00  2.6255526E-02
   7169.20  2.6250014E-02
   7169.40  2.6247306E-02
   7169.60  2.6247495E-02
   7169.80  2.6250758E-02
   7170.00  2.6257319E-02
   7170.20  2.6267531E-02
   7170.40  2.6281805E-02
   7170.60  2.6300252E-02
   7170.80  2.6323122E-02
   7171.00  2.6350642E-02
   7171.20  2.6383122E-02
   7171.40  2.6420881E-02
   7171.60  2.6463933E-02
   7171.80  2.6512357E-02
   7172.00  2.6566432E-02
