  7112.000   26  1  1  1.0953647E-02 -1.7151160E+00 -6.8548517E-01  1  1  7.2654138E+03  0.0000000E+00  0.0000000E+00  2.4110131E+00  1.0000000E+00  0.0000000E+00 = E_edge, Z, n_edge, j_edge, Abs_before_edge, VO_interstitial, E_cut, ninitl, ninit1, Epsii, UnitCell_Volume, Surface_ref, f0_forward, natomsym_f, abs_u_i
    Energy    <xanes>    
   7097.00  4.4885587E-05
   7097.20  5.4038927E-05
   7097.40  7.4781412E-05
   7097.60  1.3059861E-04
   7097.80  3.7173255E-04
   7098.00  8.1782430E-03
   7098.20  1.0100397E-03
   7098.40  2.0226870E-04
   7098.60  9.4447743E-05
   7098.80  6.0604095E-05
   7099.00  4.5838172E-05
   7099.20  3.8167544E-05
   7099.40  3.3765959E-05
   7099.60  3.1125861E-05
   7099.80  2.9606019E-05
   7100.00  2.9028719E-05
   7100.20  2.9840055E-05
   7100.40  3.5555973E-05
   7100.60  1.3646575E-04
   7100.80  8.2501161E-05
   7101.00  3.3367532E-05
   7101.20  2.8809597E-05
   7101.40  2.7854331E-05
   7101.60  2.7960465E-05
   7101.80  2.8776621E-05
   7102.00  3.0669935E-05
   7102.20  3.6282463E-05
   7102.40  1.0351443E-04
   7102.60  8.1149168E-05
   7102.80  4.2821924E-05
   7103.00  4.5360907E-05
   7103.20  5.8015198E-05
   7103.40  1.0059235E-04
   7103.60  4.9065843E-04
   7103.80  7.4512695E-03
   7104.00  1.5990160E-04
   7104.20  8.3680466E-05
   7104.40  7.3695893E-05
   7104.60  8.1837523E-05
   7104.80  1.0952534E-04
   7105.00  1.9277191E-04
   7105.20  6.7762296E-04
   7105.40  1.4651853E-02
   7105.60  1.0630120E-03
   7105.80  1.5534105E-02
   7106.00  6.7001729E-04
   7106.20  3.2909473E-02
   7106.40  7.6289626E-04
   7106.60  2.2606550E-02
   7106.80  4.3174387E-04
   7107.00  1.9981708E-04
   7107.20  1.7743337E-04
   7107.40  2.3525361E-04
   7107.60  5.3942036E-04
   7107.80  9.7785839E-02
   7108.00  1.8962457E-02
   7108.20  1.8909890E-03
   7108.40  1.5960863E-03
   7108.60  2.5621946E-02
   7108.80  4.3512282E-04
   7109.00  7.8190054E-03
   7109.20  1.0144702E-02
   7109.40  1.7600281E-03
   7109.60  2.9175405E-02
   7109.80  4.9109092E-04
   7110.00  1.1993783E-03
   7110.20  8.0697510E-04
   7110.40  1.9086497E-03
   7110.60  1.3541124E-02
   7110.80  5.2332550E-03
   7111.00  1.3639421E-02
   7111.20  1.0843560E-02
   7111.40  1.6366063E-02
   7111.60  7.9851137E-02
   7111.80  2.5027290E-02
   7112.00  2.5789476E-02
   7112.20  3.8632248E-02
   7112.40  1.3822988E-02
   7112.60  7.5515009E-03
   7112.80  1.1089462E-02
   7113.00  9.4187608E-03
   7113.20  6.9699334E-03
   7113.40  5.7433501E-03
   7113.60  5.6180133E-03
   7113.80  4.6680996E-03
   7114.00  3.2491129E-03
   7114.20  2.5542781E-03
   7114.40  2.3724135E-03
   7114.60  2.7130654E-03
   7114.80  2.5124635E-03
   7115.00  2.0595640E-03
   7115.20  1.6783594E-03
   7115.40  1.3747602E-03
   7115.60  1.1564844E-03
   7115.80  9.6512776E-04
   7116.00  8.7340908E-04
   7116.20  8.1542896E-04
   7116.40  7.8258362E-04
   7116.60  7.7027606E-04
   7116.80  7.7655539E-04
   7117.00  8.0081058E-04
   7117.20  8.4139489E-04
   7117.40  8.9119821E-04
   7117.60  9.3588581E-04
   7117.80  9.6812277E-04
   7118.00  1.0053820E-03
   7118.20  1.0778132E-03
   7118.40  1.2125479E-03
   7118.60  1.4335145E-03
   7118.80  1.7500534E-03
   7119.00  2.1249811E-03
   7119.20  2.4761739E-03
   7119.40  2.7184981E-03
   7119.60  2.8048177E-03
   7119.80  2.7620905E-03
   7120.00  2.6716255E-03
   7120.20  2.6112483E-03
   7120.40  2.6274721E-03
   7120.60  2.7415084E-03
   7120.80  2.9630833E-03
   7121.00  3.3006114E-03
   7121.20  3.7671770E-03
   7121.40  4.3842081E-03
   7121.60  5.1836227E-03
   7121.80  6.2057480E-03
   7122.00  7.4809166E-03
   7122.20  8.9724656E-03
   7122.40  1.0431763E-02
   7122.60  1.1526471E-02
   7122.80  1.2319901E-02
   7123.00  1.3244592E-02
   7123.20  1.4559578E-02
   7123.40  1.6272680E-02
   7123.60  1.8312035E-02
   7123.80  2.0538337E-02
   7124.00  2.2834556E-02
   7124.20  2.5032367E-02
   7124.40  2.6919230E-02
   7124.60  2.8292145E-02
   7124.80  2.9124662E-02
   7125.00  2.9682045E-02
   7125.20  3.0418800E-02
   7125.40  3.1450247E-02
   7125.60  3.2857349E-02
   7125.80  3.4614112E-02
   7126.00  3.6563494E-02
   7126.20  3.8715224E-02
   7126.40  4.0983216E-02
   7126.60  4.3994488E-02
   7126.80  4.7514057E-02
   7127.00  5.1505165E-02
   7127.20  5.5779280E-02
   7127.40  5.9979996E-02
   7127.60  6.3732011E-02
   7127.80  6.6919075E-02
   7128.00  6.9413593E-02
   7128.20  7.1214988E-02
   7128.40  7.2368135E-02
   7128.60  7.2847363E-02
   7128.80  7.2503128E-02
   7129.00  7.1112750E-02
   7129.20  6.8493101E-02
   7129.40  6.4710510E-02
   7129.60  6.0304974E-02
   7129.80  5.6050219E-02
   7130.00  5.2452598E-02
   7130.20  4.9689209E-02
   7130.40  4.7677971E-02
   7130.60  4.6256985E-02
   7130.80  4.5269347E-02
   7131.00  4.4603545E-02
   7131.20  4.4190287E-02
   7131.40  4.4009360E-02
   7131.60  4.4067288E-02
   7131.80  4.4371039E-02
   7132.00  4.4913624E-02
   7132.20  4.5645926E-02
   7132.40  4.6451616E-02
   7132.60  4.7155596E-02
   7132.80  4.7584395E-02
   7133.00  4.7643806E-02
   7133.20  4.7342505E-02
   7133.40  4.6758747E-02
   7133.60  4.6003704E-02
   7133.80  4.5200256E-02
   7134.00  4.4456755E-02
   7134.20  4.3844457E-02
   7134.40  4.3405417E-02
   7134.60  4.3171960E-02
   7134.80  4.3151365E-02
   7135.00  4.3282712E-02
   7135.20  4.3435906E-02
   7135.40  4.3478707E-02
   7135.60  4.3345464E-02
   7135.80  4.3046806E-02
   7136.00  4.2634669E-02
   7136.20  4.2166367E-02
   7136.40  4.1687813E-02
   7136.60  4.1229954E-02
   7136.80  4.0817996E-02
   7137.00  4.0453649E-02
   7137.20  4.0140155E-02
   7137.40  3.9878473E-02
   7137.60  3.9667438E-02
   7137.80  3.9504612E-02
   7138.00  3.9386870E-02
   7138.20  3.9310828E-02
   7138.40  3.9273048E-02
   7138.60  3.9270017E-02
   7138.80  3.9298475E-02
   7139.00  3.9355164E-02
   7139.20  3.9436923E-02
   7139.40  3.9540431E-02
   7139.60  3.9662110E-02
   7139.80  3.9797906E-02
   7140.00  3.9943180E-02
   7140.20  4.0092715E-02
   7140.40  4.0240674E-02
   7140.60  4.0381158E-02
   7140.80  4.0508588E-02
   7141.00  4.0618148E-02
   7141.20  4.0706488E-02
   7141.40  4.0771970E-02
   7141.60  4.0814864E-02
   7141.80  4.0837063E-02
   7142.00  4.0841642E-02
   7142.20  4.0832120E-02
   7142.40  4.0811844E-02
   7142.60  4.0772004E-02
   7142.80  4.0738964E-02
   7143.00  4.0692732E-02
   7143.20  4.0641339E-02
   7143.40  4.0584597E-02
   7143.60  4.0521725E-02
   7143.80  4.0451700E-02
   7144.00  4.0373379E-02
   7144.20  4.0285668E-02
   7144.40  4.0187427E-02
   7144.60  4.0077657E-02
   7144.80  3.9955526E-02
   7145.00  3.9820338E-02
   7145.20  3.9671580E-02
   7145.40  3.9508883E-02
   7145.60  3.9331994E-02
   7145.80  3.9141679E-02
   7146.00  3.8937536E-02
   7146.20  3.8719166E-02
   7146.40  3.8486274E-02
   7146.60  3.8239093E-02
   7146.80  3.7977043E-02
   7147.00  3.7700160E-02
   7147.20  3.7408064E-02
   7147.40  3.7100266E-02
   7147.60  3.6776543E-02
   7147.80  3.6436305E-02
   7148.00  3.6078834E-02
   7148.20  3.5703502E-02
   7148.40  3.5310059E-02
   7148.60  3.4897623E-02
   7148.80  3.4465739E-02
   7149.00  3.4014167E-02
   7149.20  3.3543059E-02
   7149.40  3.3052576E-02
   7149.60  3.2543238E-02
   7149.80  3.2014286E-02
   7150.00  3.1468610E-02
   7150.20  3.0907513E-02
   7150.40  3.0336659E-02
   7150.60  2.9757623E-02
   7150.80  2.9174100E-02
   7151.00  2.8590118E-02
   7151.20  2.8009891E-02
   7151.40  2.7438071E-02
   7151.60  2.6878393E-02
   7151.80  2.6334710E-02
   7152.00  2.5810430E-02
   7152.20  2.5308495E-02
   7152.40  2.4831248E-02
   7152.60  2.4380473E-02
   7152.80  2.3957710E-02
   7153.00  2.3563295E-02
   7153.20  2.3197431E-02
   7153.40  2.2859919E-02
   7153.60  2.2550270E-02
   7153.80  2.2267733E-02
   7154.00  2.2011383E-02
   7154.20  2.1780291E-02
   7154.40  2.1573258E-02
   7154.60  2.1388964E-02
   7154.80  2.1226111E-02
   7155.00  2.1083408E-02
   7155.20  2.0959528E-02
   7155.40  2.0853146E-02
   7155.60  2.0762927E-02
   7155.80  2.0692087E-02
   7156.00  2.0630655E-02
   7156.20  2.0581274E-02
   7156.40  2.0542615E-02
   7156.60  2.0513381E-02
   7156.80  2.0492331E-02
   7157.00  2.0478300E-02
   7157.20  2.0470877E-02
   7157.40  2.0469349E-02
   7157.60  2.0485202E-02
   7157.80  2.0491613E-02
   7158.00  2.0502271E-02
   7158.20  2.0516077E-02
   7158.40  2.0533561E-02
   7158.60  2.0554291E-02
   7158.80  2.0578989E-02
   7159.00  2.0607840E-02
   7159.20  2.0641315E-02
   7159.40  2.0680398E-02
   7159.60  2.0725429E-02
   7159.80  2.0776926E-02
   7160.00  2.0834651E-02
   7160.20  2.0901400E-02
   7160.40  2.0976015E-02
   7160.60  2.1058728E-02
   7160.80  2.1149605E-02
   7161.00  2.1248675E-02
   7161.20  2.1355824E-02
   7161.40  2.1470435E-02
   7161.60  2.1592028E-02
   7161.80  2.1720010E-02
   7162.00  2.1853694E-02
   7162.20  2.1995139E-02
   7162.40  2.2138404E-02
   7162.60  2.2284952E-02
   7162.80  2.2436627E-02
   7163.00  2.2587252E-02
   7163.20  2.2738303E-02
   7163.40  2.2890099E-02
   7163.60  2.3041817E-02
   7163.80  2.3192713E-02
   7164.00  2.3342420E-02
   7164.20  2.3490803E-02
   7164.40  2.3637751E-02
   7164.60  2.3783315E-02
   7164.80  2.3927638E-02
   7165.00  2.4071299E-02
   7165.20  2.4214471E-02
   7165.40  2.4357950E-02
   7165.60  2.4501811E-02
   7165.80  2.4646336E-02
   7166.00  2.4791854E-02
   7166.20  2.4938555E-02
   7166.40  2.5086577E-02
   7166.60  2.5235965E-02
   7166.80  2.5386601E-02
   7167.00  2.5538196E-02
   7167.20  2.5690230E-02
   7167.40  2.5842171E-02
   7167.60  2.5993323E-02
   7167.80  2.6143113E-02
   7168.00  2.6290902E-02
   7168.20  2.6435972E-02
   7168.40  2.6577694E-02
   7168.60  2.6715604E-02
   7168.80  2.6849116E-02
   7169.00  2.6977736E-02
   7169.20  2.7101157E-02
   7169.40  2.7219167E-02
   7169.60  2.7331662E-02
   7169.80  2.7438645E-02
   7170.00  2.7540190E-02
   7170.20  2.7636452E-02
   7170.40  2.7727689E-02
   7170.60  2.7814293E-02
   7170.80  2.7896559E-02
   7171.00  2.7974885E-02
   7171.20  2.8044463E-02
   7171.40  2.8116056E-02
   7171.60  2.8185162E-02
   7171.80  2.8252110E-02
   7172.00  2.8317124E-02
