  7112.000   26  1  1  9.2014354E-03 -2.1833487E+00 -1.9002040E+00  1  1  7.2658029E+03  0.0000000E+00  0.0000000E+00  1.9558794E+00  1.0000000E+00  0.0000000E+00 = E_edge, Z, n_edge, j_edge, Abs_before_edge, VO_interstitial, E_cut, ninitl, ninit1, Epsii, UnitCell_Volume, Surface_ref, f0_forward, natomsym_f, abs_u_i
    Energy    <xanes>    
   7097.00  2.2346025E-05
   7097.20  2.3242539E-05
   7097.40  2.4586977E-05
   7097.60  2.6726201E-05
   7097.80  3.0437322E-05
   7098.00  3.7767907E-05
   7098.20  5.5692768E-05
   7098.40  1.2229618E-04
   7098.60  1.0628603E-03
   7098.80  7.3718612E-04
   7099.00  1.1105294E-04
   7099.20  5.4505377E-05
   7099.40  3.9009765E-05
   7099.60  3.3331944E-05
   7099.80  3.1826111E-05
   7100.00  3.4199136E-05
   7100.20  4.7734074E-05
   7100.40  2.0973586E-04
   7100.60  2.7278351E-04
   7100.80  5.0519936E-05
   7101.00  3.5726071E-05
   7101.20  3.4629140E-05
   7101.40  4.2045782E-05
   7101.60  8.8383469E-05
   7101.80  2.0734373E-02
   7102.00  9.7089739E-05
   7102.20  5.0993613E-05
   7102.40  3.7846950E-04
   7102.60  5.3174728E-05
   7102.80  6.8735392E-05
   7103.00  2.2494653E-03
   7103.20  6.5291888E-05
   7103.40  9.2313170E-05
   7103.60  1.1029489E-02
   7103.80  9.8827523E-04
   7104.00  8.8450644E-05
   7104.20  5.7643915E-05
   7104.40  4.1019468E-05
   7104.60  4.5611834E-05
   7104.80  1.1960976E-04
   7105.00  4.2725313E-03
   7105.20  6.0698406E-05
   7105.40  5.9495591E-05
   7105.60  1.1770017E-04
   7105.80  2.1558364E-02
   7106.00  1.1529601E-04
   7106.20  7.2481197E-05
   7106.40  1.0895060E-04
   7106.60  1.6746016E-04
   7106.80  2.3824865E-04
   7107.00  2.8914796E-04
   7107.20  3.3123493E-04
   7107.40  3.1472605E-02
   7107.60  3.3193193E-02
   7107.80  5.1546047E-04
   7108.00  3.2965287E-04
   7108.20  1.4465850E-02
   7108.40  1.6323794E-03
   7108.60  1.1275071E-03
   7108.80  1.0008115E-02
   7109.00  2.4499223E-03
   7109.20  1.3589792E-02
   7109.40  2.3037932E-03
   7109.60  1.7696295E-02
   7109.80  3.3030611E-03
   7110.00  2.7070710E-03
   7110.20  1.6777651E-02
   7110.40  4.3438772E-03
   7110.60  1.2394358E-02
   7110.80  1.0549250E-02
   7111.00  6.7468325E-03
   7111.20  1.3636209E-02
   7111.40  4.0358356E-03
   7111.60  5.4613950E-03
   7111.80  1.8672385E-02
   7112.00  1.0457937E-02
   7112.20  1.8526845E-02
   7112.40  4.4478451E-02
   7112.60  2.1158170E-02
   7112.80  1.7088952E-02
   7113.00  2.6382604E-02
   7113.20  4.0216366E-02
   7113.40  3.7611447E-02
   7113.60  3.9259122E-02
   7113.80  5.2650180E-02
   7114.00  1.0489820E-01
   7114.20  7.9308731E-02
   7114.40  2.9942706E-02
   7114.60  1.5923419E-02
   7114.80  1.0579226E-02
   7115.00  8.0674218E-03
   7115.20  6.8355958E-03
   7115.40  6.4402384E-03
   7115.60  6.9209492E-03
   7115.80  8.7277806E-03
   7116.00  1.2604689E-02
   7116.20  1.7896468E-02
   7116.40  2.0503769E-02
   7116.60  1.9329947E-02
   7116.80  1.8281326E-02
   7117.00  1.8474088E-02
   7117.20  1.7172514E-02
   7117.40  1.4233702E-02
   7117.60  1.1931703E-02
   7117.80  1.0619993E-02
   7118.00  9.9261157E-03
   7118.20  9.4233913E-03
   7118.40  8.9137621E-03
   7118.60  8.4162407E-03
   7118.80  7.9661549E-03
   7119.00  7.5816324E-03
   7119.20  7.2762057E-03
   7119.40  7.0489709E-03
   7119.60  6.8812708E-03
   7119.80  6.7345038E-03
   7120.00  6.5540067E-03
   7120.20  6.3111907E-03
   7120.40  6.0408037E-03
   7120.60  5.7948249E-03
   7120.80  5.5981317E-03
   7121.00  5.4834211E-03
   7121.20  5.4714878E-03
   7121.40  5.5093009E-03
   7121.60  5.5427189E-03
   7121.80  5.5804474E-03
   7122.00  5.6485500E-03
   7122.20  5.7391483E-03
   7122.40  5.8440601E-03
   7122.60  5.9763913E-03
   7122.80  6.1095275E-03
   7123.00  6.2642809E-03
   7123.20  6.4579552E-03
   7123.40  6.7056977E-03
   7123.60  7.0468310E-03
   7123.80  7.3336350E-03
   7124.00  7.4307982E-03
   7124.20  7.4712470E-03
   7124.40  7.7511437E-03
   7124.60  8.2795919E-03
   7124.80  8.8367418E-03
   7125.00  9.3340120E-03
   7125.20  9.8033106E-03
   7125.40  1.0283981E-02
   7125.60  1.0808035E-02
   7125.80  1.1387193E-02
   7126.00  1.1980742E-02
   7126.20  1.2543763E-02
   7126.40  1.3094955E-02
   7126.60  1.3673138E-02
   7126.80  1.4302479E-02
   7127.00  1.5044617E-02
   7127.20  1.6033044E-02
   7127.40  1.7445096E-02
   7127.60  1.9381028E-02
   7127.80  2.1660810E-02
   7128.00  2.3668035E-02
   7128.20  2.4577490E-02
   7128.40  2.4219171E-02
   7128.60  2.3384803E-02
   7128.80  2.2880997E-02
   7129.00  2.3061978E-02
   7129.20  2.3783279E-02
   7129.40  2.5001265E-02
   7129.60  2.6623502E-02
   7129.80  2.8475125E-02
   7130.00  3.0415781E-02
   7130.20  3.2174717E-02
   7130.40  3.3783059E-02
   7130.60  3.5502009E-02
   7130.80  3.7652186E-02
   7131.00  4.0485421E-02
   7131.20  4.4114287E-02
   7131.40  4.8501367E-02
   7131.60  5.3483832E-02
   7131.80  5.8822568E-02
   7132.00  6.4267155E-02
   7132.20  6.9609634E-02
   7132.40  7.4710436E-02
   7132.60  7.9482375E-02
   7132.80  8.3836703E-02
   7133.00  8.7613653E-02
   7133.20  9.0487175E-02
   7133.40  9.2074926E-02
   7133.60  9.2109965E-02
   7133.80  9.0640285E-02
   7134.00  8.8042712E-02
   7134.20  8.4825680E-02
   7134.40  8.1381045E-02
   7134.60  7.7860996E-02
   7134.80  7.4259272E-02
   7135.00  7.0576161E-02
   7135.20  6.6866209E-02
   7135.40  6.3196895E-02
   7135.60  5.9625067E-02
   7135.80  5.6193647E-02
   7136.00  5.2931382E-02
   7136.20  4.9854287E-02
   7136.40  4.6969126E-02
   7136.60  4.4277625E-02
   7136.80  4.1779657E-02
   7137.00  3.9474695E-02
   7137.20  3.7364094E-02
   7137.40  3.5451141E-02
   7137.60  3.3740472E-02
   7137.80  3.2238428E-02
   7138.00  3.0950688E-02
   7138.20  2.9881924E-02
   7138.40  2.9031986E-02
   7138.60  2.8394334E-02
   7138.80  2.7953673E-02
   7139.00  2.7686362E-02
   7139.20  2.7559297E-02
   7139.40  2.7533785E-02
   7139.60  2.7573356E-02
   7139.80  2.7645863E-02
   7140.00  2.7726665E-02
   7140.20  2.7799881E-02
   7140.40  2.7857890E-02
   7140.60  2.7899437E-02
   7140.80  2.7927625E-02
   7141.00  2.7948144E-02
   7141.20  2.7967764E-02
   7141.40  2.7993397E-02
   7141.60  2.8031698E-02
   7141.80  2.8088423E-02
   7142.00  2.8168395E-02
   7142.20  2.8275451E-02
   7142.40  2.8412258E-02
   7142.60  2.8579999E-02
   7142.80  2.8778580E-02
   7143.00  2.9006738E-02
   7143.20  2.9262166E-02
   7143.40  2.9542343E-02
   7143.60  2.9844728E-02
   7143.80  3.0167248E-02
   7144.00  3.0508486E-02
   7144.20  3.0867607E-02
   7144.40  3.1243791E-02
   7144.60  3.1636443E-02
   7144.80  3.2044486E-02
   7145.00  3.2471370E-02
   7145.20  3.2904367E-02
   7145.40  3.3346167E-02
   7145.60  3.3793405E-02
   7145.80  3.4238540E-02
   7146.00  3.4671337E-02
   7146.20  3.5097411E-02
   7146.40  3.5513324E-02
   7146.60  3.5915956E-02
   7146.80  3.6302401E-02
   7147.00  3.6669969E-02
   7147.20  3.7016259E-02
   7147.40  3.7339241E-02
   7147.60  3.7637273E-02
   7147.80  3.7903257E-02
   7148.00  3.8146995E-02
   7148.20  3.8362231E-02
   7148.40  3.8548187E-02
   7148.60  3.8704271E-02
   7148.80  3.8830028E-02
   7149.00  3.8925187E-02
   7149.20  3.8989774E-02
   7149.40  3.9024197E-02
   7149.60  3.9029432E-02
   7149.80  3.9005342E-02
   7150.00  3.8951767E-02
   7150.20  3.8877598E-02
   7150.40  3.8782304E-02
   7150.60  3.8669546E-02
   7150.80  3.8543408E-02
   7151.00  3.8410992E-02
   7151.20  3.8271427E-02
   7151.40  3.8128545E-02
   7151.60  3.7994746E-02
   7151.80  3.7870465E-02
   7152.00  3.7759910E-02
   7152.20  3.7666819E-02
   7152.40  3.7593978E-02
   7152.60  3.7543626E-02
   7152.80  3.7517253E-02
   7153.00  3.7515628E-02
   7153.20  3.7538909E-02
   7153.40  3.7586120E-02
   7153.60  3.7656148E-02
   7153.80  3.7747039E-02
   7154.00  3.7856154E-02
   7154.20  3.7980858E-02
   7154.40  3.8117835E-02
   7154.60  3.8263737E-02
   7154.80  3.8415477E-02
   7155.00  3.8569904E-02
   7155.20  3.8724129E-02
   7155.40  3.8875611E-02
   7155.60  3.9022128E-02
   7155.80  3.9161661E-02
   7156.00  3.9292715E-02
   7156.20  3.9413958E-02
   7156.40  3.9524429E-02
   7156.60  3.9623525E-02
   7156.80  3.9711026E-02
   7157.00  3.9787042E-02
   7157.20  3.9851612E-02
   7157.40  3.9905068E-02
   7157.60  3.9947839E-02
   7157.80  3.9980496E-02
   7158.00  4.0003412E-02
   7158.20  4.0017003E-02
   7158.40  4.0021656E-02
   7158.60  4.0017844E-02
   7158.80  4.0005460E-02
   7159.00  3.9984432E-02
   7159.20  3.9956224E-02
   7159.40  3.9917562E-02
   7159.60  3.9869506E-02
   7159.80  3.9811615E-02
   7160.00  3.9743363E-02
   7160.20  3.9664215E-02
   7160.40  3.9573723E-02
   7160.60  3.9470973E-02
   7160.80  3.9354675E-02
   7161.00  3.9222968E-02
   7161.20  3.9079236E-02
   7161.40  3.8920368E-02
   7161.60  3.8745518E-02
   7161.80  3.8553614E-02
   7162.00  3.8344555E-02
   7162.20  3.8117538E-02
   7162.40  3.7872769E-02
   7162.60  3.7609926E-02
   7162.80  3.7327264E-02
   7163.00  3.7027992E-02
   7163.20  3.6711441E-02
   7163.40  3.6378506E-02
   7163.60  3.6030400E-02
   7163.80  3.5668975E-02
   7164.00  3.5295911E-02
   7164.20  3.4913044E-02
   7164.40  3.4522659E-02
   7164.60  3.4128102E-02
   7164.80  3.3730835E-02
   7165.00  3.3332801E-02
   7165.20  3.2935988E-02
   7165.40  3.2542332E-02
   7165.60  3.2153803E-02
   7165.80  3.1770891E-02
   7166.00  3.1394494E-02
   7166.20  3.1025309E-02
   7166.40  3.0663920E-02
   7166.60  3.0311756E-02
   7166.80  2.9968269E-02
   7167.00  2.9633981E-02
   7167.20  2.9309165E-02
   7167.40  2.8993916E-02
   7167.60  2.8688660E-02
   7167.80  2.8394409E-02
   7168.00  2.8110948E-02
   7168.20  2.7838068E-02
   7168.40  2.7576936E-02
   7168.60  2.7327380E-02
   7168.80  2.7090312E-02
   7169.00  2.6866388E-02
   7169.20  2.6651843E-02
   7169.40  2.6452424E-02
   7169.60  2.6267562E-02
   7169.80  2.6093607E-02
   7170.00  2.5931934E-02
   7170.20  2.5782463E-02
   7170.40  2.5645102E-02
   7170.60  2.5519914E-02
   7170.80  2.5407306E-02
   7171.00  2.5306375E-02
   7171.20  2.5216885E-02
   7171.40  2.5138624E-02
   7171.60  2.5071390E-02
   7171.80  2.5014837E-02
   7172.00  2.4968579E-02
