  7112.000   26  1  1  2.5006855E-02 -1.9771939E+00 -1.2805808E+00  1  1  7.2658949E+03  0.0000000E+00  0.0000000E+00  2.0791466E+00  1.0000000E+00  0.0000000E+00 = E_edge, Z, n_edge, j_edge, Abs_before_edge, VO_interstitial, E_cut, ninitl, ninit1, Epsii, UnitCell_Volume, Surface_ref, f0_forward, natomsym_f, abs_u_i
    Energy    <xanes>    
   7097.00  3.2181899E-04
   7097.20  3.9245803E-02
   7097.40  1.9510309E-04
   7097.60  1.1086723E-04
   7097.80  1.1032305E-04
   7098.00  1.5592224E-04
   7098.20  3.5650075E-04
   7098.40  3.9829600E-03
   7098.60  2.7172042E-03
   7098.80  3.3689065E-04
   7099.00  1.4004695E-04
   7099.20  8.5397898E-05
   7099.40  6.3141689E-05
   7099.60  5.2713284E-05
   7099.80  4.8665407E-05
   7100.00  5.1483150E-05
   7100.20  7.7568024E-05
   7100.40  7.6012949E-04
   7100.60  1.8785272E-04
   7100.80  5.7414038E-05
   7101.00  4.1544259E-05
   7101.20  3.7018474E-05
   7101.40  3.5754808E-05
   7101.60  3.6304318E-05
   7101.80  3.9010125E-05
   7102.00  5.1929462E-05
   7102.20  6.7640750E-05
   7102.40  9.3668155E-05
   7102.60  5.0006665E-04
   7102.80  7.5355686E-04
   7103.00  1.2839691E-04
   7103.20  2.0574970E-04
   7103.40  5.8686522E-03
   7103.60  1.0963785E-04
   7103.80  6.2603707E-05
   7104.00  5.4283180E-05
   7104.20  5.4633582E-05
   7104.40  6.0685075E-05
   7104.60  7.7216920E-05
   7104.80  1.2855008E-03
   7105.00  4.7441350E-04
   7105.20  9.8624449E-04
   7105.40  1.8170023E-02
   7105.60  3.4631860E-04
   7105.80  1.9230504E-03
   7106.00  1.2572195E-02
   7106.20  3.4540447E-04
   7106.40  6.2110107E-04
   7106.60  6.6848561E-03
   7106.80  4.4610375E-04
   7107.00  2.3493227E-04
   7107.20  4.7234165E-04
   7107.40  1.6981635E-03
   7107.60  6.9030468E-04
   7107.80  9.8565368E-04
   7108.00  1.6927663E-01
   7108.20  6.4668834E-02
   7108.40  2.5891888E-02
   7108.60  2.3829810E-02
   7108.80  3.1063413E-03
   7109.00  1.0830633E-02
   7109.20  5.3873715E-03
   7109.40  1.5937510E-03
   7109.60  1.0852649E-02
   7109.80  3.8300329E-02
   7110.00  1.3228693E-02
   7110.20  1.0967655E-02
   7110.40  6.7028279E-03
   7110.60  3.7842354E-03
   7110.80  3.2305939E-02
   7111.00  4.0770140E-02
   7111.20  1.3094737E-02
   7111.40  6.7094981E-03
   7111.60  5.9251391E-03
   7111.80  8.5647598E-03
   7112.00  2.3487949E-02
   7112.20  3.5399807E-02
   7112.40  4.4608061E-02
   7112.60  1.8774679E-02
   7112.80  5.4802404E-03
   7113.00  3.1327979E-03
   7113.20  2.3492450E-03
   7113.40  2.1619498E-03
   7113.60  2.5319513E-03
   7113.80  3.7501536E-03
   7114.00  4.0608013E-03
   7114.20  3.1120198E-03
   7114.40  3.1263312E-03
   7114.60  8.5974284E-03
   7114.80  1.0214157E-02
   7115.00  3.8406339E-03
   7115.20  2.6553510E-03
   7115.40  2.2677971E-03
   7115.60  2.1089839E-03
   7115.80  2.0376287E-03
   7116.00  2.0002324E-03
   7116.20  1.9496760E-03
   7116.40  1.9154884E-03
   7116.60  1.8452745E-03
   7116.80  1.7384718E-03
   7117.00  1.6234524E-03
   7117.20  1.5366410E-03
   7117.40  1.4961234E-03
   7117.60  1.5011011E-03
   7117.80  1.5441440E-03
   7118.00  1.6192693E-03
   7118.20  1.7237312E-03
   7118.40  1.8561875E-03
   7118.60  2.0135466E-03
   7118.80  2.1905888E-03
   7119.00  2.3818451E-03
   7119.20  2.5825738E-03
   7119.40  2.7904262E-03
   7119.60  3.0074912E-03
   7119.80  3.2423212E-03
   7120.00  3.5125455E-03
   7120.20  3.8456310E-03
   7120.40  4.2738288E-03
   7120.60  4.8235136E-03
   7120.80  5.5032051E-03
   7121.00  6.2943078E-03
   7121.20  7.1497564E-03
   7121.40  8.0067387E-03
   7121.60  8.8095022E-03
   7121.80  9.5265501E-03
   7122.00  1.0145011E-02
   7122.20  1.0673444E-02
   7122.40  1.1136393E-02
   7122.60  1.1572206E-02
   7122.80  1.2024529E-02
   7123.00  1.2524159E-02
   7123.20  1.3073284E-02
   7123.40  1.3667852E-02
   7123.60  1.4289584E-02
   7123.80  1.4955327E-02
   7124.00  1.5761178E-02
   7124.20  1.6851706E-02
   7124.40  1.8275150E-02
   7124.60  1.9999139E-02
   7124.80  2.1953586E-02
   7125.00  2.4161948E-02
   7125.20  2.6712002E-02
   7125.40  2.9340805E-02
   7125.60  3.2447485E-02
   7125.80  3.6470138E-02
   7126.00  4.0796675E-02
   7126.20  4.4363010E-02
   7126.40  4.6415031E-02
   7126.60  4.7176117E-02
   7126.80  4.7363329E-02
   7127.00  4.7286411E-02
   7127.20  4.6773099E-02
   7127.40  4.5791533E-02
   7127.60  4.4218335E-02
   7127.80  4.2212815E-02
   7128.00  3.9997614E-02
   7128.20  3.7744231E-02
   7128.40  3.5674315E-02
   7128.60  3.3848798E-02
   7128.80  3.2311064E-02
   7129.00  3.1084932E-02
   7129.20  3.0164171E-02
   7129.40  2.9507506E-02
   7129.60  2.9062400E-02
   7129.80  2.8787807E-02
   7130.00  2.8659596E-02
   7130.20  2.8661402E-02
   7130.40  2.8776292E-02
   7130.60  2.8986876E-02
   7130.80  2.9282289E-02
   7131.00  2.9652049E-02
   7131.20  3.0090311E-02
   7131.40  3.0599124E-02
   7131.60  3.1189244E-02
   7131.80  3.1883543E-02
   7132.00  3.2717766E-02
   7132.20  3.3730068E-02
   7132.40  3.4939846E-02
   7132.60  3.6329912E-02
   7132.80  3.7844237E-02
   7133.00  3.9395508E-02
   7133.20  4.0876508E-02
   7133.40  4.2181218E-02
   7133.60  4.3256810E-02
   7133.80  4.4151803E-02
   7134.00  4.4986283E-02
   7134.20  4.5939681E-02
   7134.40  4.7296588E-02
   7134.60  4.9342264E-02
   7134.80  5.2198564E-02
   7135.00  5.5796372E-02
   7135.20  5.9949326E-02
   7135.40  6.4420827E-02
   7135.60  6.8922441E-02
   7135.80  7.3085688E-02
   7136.00  7.6493275E-02
   7136.20  7.8787997E-02
   7136.40  7.9800722E-02
   7136.60  7.9542466E-02
   7136.80  7.8212453E-02
   7137.00  7.6097253E-02
   7137.20  7.3487140E-02
   7137.40  7.0622954E-02
   7137.60  6.7679129E-02
   7137.80  6.4770277E-02
   7138.00  6.1968382E-02
   7138.20  5.9313520E-02
   7138.40  5.6827857E-02
   7138.60  5.4519940E-02
   7138.80  5.2390947E-02
   7139.00  5.0437321E-02
   7139.20  4.8651968E-02
   7139.40  4.7026361E-02
   7139.60  4.5551320E-02
   7139.80  4.4216990E-02
   7140.00  4.3013213E-02
   7140.20  4.1930868E-02
   7140.40  4.0960871E-02
   7140.60  4.0094826E-02
   7140.80  3.9324900E-02
   7141.00  3.8644269E-02
   7141.20  3.8046755E-02
   7141.40  3.7526831E-02
   7141.60  3.7079556E-02
   7141.80  3.6700478E-02
   7142.00  3.6385832E-02
   7142.20  3.6132109E-02
   7142.40  3.5939979E-02
   7142.60  3.5800954E-02
   7142.80  3.5707960E-02
   7143.00  3.5658325E-02
   7143.20  3.5649448E-02
   7143.40  3.5678669E-02
   7143.60  3.5743335E-02
   7143.80  3.5840785E-02
   7144.00  3.5968215E-02
   7144.20  3.6122898E-02
   7144.40  3.6301930E-02
   7144.60  3.6502397E-02
   7144.80  3.6721422E-02
   7145.00  3.6956212E-02
   7145.20  3.7203973E-02
   7145.40  3.7461988E-02
   7145.60  3.7727628E-02
   7145.80  3.7998081E-02
   7146.00  3.8270452E-02
   7146.20  3.8541634E-02
   7146.40  3.8820468E-02
   7146.60  3.9079937E-02
   7146.80  3.9325824E-02
   7147.00  3.9552750E-02
   7147.20  3.9754545E-02
   7147.40  3.9924217E-02
   7147.60  4.0054508E-02
   7147.80  4.0138053E-02
   7148.00  4.0167948E-02
   7148.20  4.0138515E-02
   7148.40  4.0046092E-02
   7148.60  3.9890192E-02
   7148.80  3.9673192E-02
   7149.00  3.9401322E-02
   7149.20  3.9083890E-02
   7149.40  3.8731497E-02
   7149.60  3.8358081E-02
   7149.80  3.7969635E-02
   7150.00  3.7578914E-02
   7150.20  3.7193629E-02
   7150.40  3.6819457E-02
   7150.60  3.6459792E-02
   7150.80  3.6116962E-02
   7151.00  3.5792148E-02
   7151.20  3.5485123E-02
   7151.40  3.5192731E-02
   7151.60  3.4916903E-02
   7151.80  3.4658890E-02
   7152.00  3.4414478E-02
   7152.20  3.4182113E-02
   7152.40  3.3960300E-02
   7152.60  3.3747697E-02
   7152.80  3.3542419E-02
   7153.00  3.3342917E-02
   7153.20  3.3147682E-02
   7153.40  3.2955204E-02
   7153.60  3.2764464E-02
   7153.80  3.2573713E-02
   7154.00  3.2381575E-02
   7154.20  3.2186831E-02
   7154.40  3.1988331E-02
   7154.60  3.1785037E-02
   7154.80  3.1582901E-02
   7155.00  3.1367478E-02
   7155.20  3.1144810E-02
   7155.40  3.0914420E-02
   7155.60  3.0675979E-02
   7155.80  3.0429207E-02
   7156.00  3.0174097E-02
   7156.20  2.9911160E-02
   7156.40  2.9640460E-02
   7156.60  2.9363560E-02
   7156.80  2.9078885E-02
   7157.00  2.8788933E-02
   7157.20  2.8495058E-02
   7157.40  2.8198937E-02
   7157.60  2.7902438E-02
   7157.80  2.7607669E-02
   7158.00  2.7316194E-02
   7158.20  2.7029805E-02
   7158.40  2.6750139E-02
   7158.60  2.6478329E-02
   7158.80  2.6214818E-02
   7159.00  2.5959439E-02
   7159.20  2.5711385E-02
   7159.40  2.5469383E-02
   7159.60  2.5231812E-02
   7159.80  2.4996154E-02
   7160.00  2.4760323E-02
   7160.20  2.4522522E-02
   7160.40  2.4281391E-02
   7160.60  2.4036303E-02
   7160.80  2.3786705E-02
   7161.00  2.3532824E-02
   7161.20  2.3275281E-02
   7161.40  2.3015084E-02
   7161.60  2.2753546E-02
   7161.80  2.2491481E-02
   7162.00  2.2229968E-02
   7162.20  2.1970172E-02
   7162.40  2.1713228E-02
   7162.60  2.1460228E-02
   7162.80  2.1212368E-02
   7163.00  2.0970944E-02
   7163.20  2.0742161E-02
   7163.40  2.0516540E-02
   7163.60  2.0300401E-02
   7163.80  2.0097432E-02
   7164.00  1.9905886E-02
   7164.20  1.9724764E-02
   7164.40  1.9557041E-02
   7164.60  1.9403718E-02
   7164.80  1.9265961E-02
   7165.00  1.9144763E-02
   7165.20  1.9040180E-02
   7165.40  1.8952458E-02
   7165.60  1.8881671E-02
   7165.80  1.8827885E-02
   7166.00  1.8790579E-02
   7166.20  1.8769050E-02
   7166.40  1.8762511E-02
   7166.60  1.8770092E-02
   7166.80  1.8790953E-02
   7167.00  1.8824518E-02
   7167.20  1.8869700E-02
   7167.40  1.8925835E-02
   7167.60  1.8992177E-02
   7167.80  1.9068105E-02
   7168.00  1.9153047E-02
   7168.20  1.9246638E-02
   7168.40  1.9348420E-02
   7168.60  1.9457871E-02
   7168.80  1.9574681E-02
   7169.00  1.9698490E-02
   7169.20  1.9829068E-02
   7169.40  1.9966131E-02
   7169.60  2.0109418E-02
   7169.80  2.0258777E-02
   7170.00  2.0413784E-02
   7170.20  2.0574154E-02
   7170.40  2.0739618E-02
   7170.60  2.0909932E-02
   7170.80  2.1084903E-02
   7171.00  2.1264286E-02
   7171.20  2.1447825E-02
   7171.40  2.1635366E-02
   7171.60  2.1826759E-02
   7171.80  2.2021715E-02
   7172.00  2.2219976E-02
