  7112.000   26  1  1  2.4423925E-02 -2.2863783E+00 -1.0788894E+00  1  1  7.2659022E+03  0.0000000E+00  0.0000000E+00  1.8419955E+00  1.0000000E+00  0.0000000E+00 = E_edge, Z, n_edge, j_edge, Abs_before_edge, VO_interstitial, E_cut, ninitl, ninit1, Epsii, UnitCell_Volume, Surface_ref, f0_forward, natomsym_f, abs_u_i
    Energy    <xanes>    
   7097.00  4.9868986E-05
   7097.20  6.0340640E-05
   7097.40  7.9733661E-05
   7097.60  1.2081752E-04
   7097.80  2.3791728E-04
   7098.00  1.2207780E-02
   7098.20  9.8227626E-03
   7098.40  2.2405593E-03
   7098.60  3.8788646E-04
   7098.80  1.7423969E-04
   7099.00  1.2331702E-04
   7099.20  2.1112365E-04
   7099.40  1.0303943E-03
   7099.60  9.6105985E-05
   7099.80  6.3599107E-05
   7100.00  6.6956599E-05
   7100.20  1.6683785E-04
   7100.40  1.2932043E-03
   7100.60  8.1926731E-05
   7100.80  4.7534920E-05
   7101.00  4.1963610E-05
   7101.20  1.0422243E-04
   7101.40  5.0147030E-05
   7101.60  3.5476235E-05
   7101.80  3.4622666E-05
   7102.00  3.7246248E-05
   7102.20  5.5946489E-05
   7102.40  3.0895329E-04
   7102.60  5.2141557E-05
   7102.80  6.5845185E-05
   7103.00  5.3776033E-04
   7103.20  8.0803506E-04
   7103.40  1.3006555E-04
   7103.60  8.6790528E-03
   7103.80  1.4150184E-04
   7104.00  1.3502195E-04
   7104.20  8.7575543E-04
   7104.40  5.4965810E-04
   7104.60  3.5404596E-04
   7104.80  1.3615275E-04
   7105.00  9.6182773E-05
   7105.20  1.3245118E-04
   7105.40  5.6266497E-04
   7105.60  1.3101095E-02
   7105.80  2.8280852E-04
   7106.00  2.2659054E-04
   7106.20  3.8949868E-03
   7106.40  3.9987573E-04
   7106.60  1.1769622E-02
   7106.80  6.6834879E-04
   7107.00  4.4124020E-04
   7107.20  3.2649868E-03
   7107.40  1.4044754E-02
   7107.60  2.2306618E-03
   7107.80  3.8210613E-03
   7108.00  6.2128852E-04
   7108.20  5.6537252E-02
   7108.40  7.1271820E-04
   7108.60  1.4937370E-03
   7108.80  5.8473287E-03
   7109.00  2.0212886E-01
   7109.20  4.0736646E-03
   7109.40  1.8846029E-02
   7109.60  1.8612942E-02
   7109.80  6.4773015E-02
   7110.00  7.8883876E-04
   7110.20  2.9148888E-03
   7110.40  1.4792130E-03
   7110.60  4.0466972E-03
   7110.80  4.5743640E-03
   7111.00  6.2751688E-03
   7111.20  1.9037142E-02
   7111.40  7.1121881E-03
   7111.60  6.4280386E-03
   7111.80  5.2015759E-03
   7112.00  6.0277235E-03
   7112.20  1.0545152E-02
   7112.40  2.2610417E-02
   7112.60  5.1632767E-02
   7112.80  7.3403024E-02
   7113.00  2.1006535E-02
   7113.20  8.6816459E-03
   7113.40  5.3591979E-03
   7113.60  4.0460490E-03
   7113.80  3.3645513E-03
   7114.00  2.9112697E-03
   7114.20  2.5637891E-03
   7114.40  2.3036786E-03
   7114.60  2.1288793E-03
   7114.80  2.0274682E-03
   7115.00  1.9991649E-03
   7115.20  2.0288546E-03
   7115.40  2.1046447E-03
   7115.60  2.2673843E-03
   7115.80  2.4906276E-03
   7116.00  2.6192350E-03
   7116.20  2.5728444E-03
   7116.40  2.6230911E-03
   7116.60  2.8137965E-03
   7116.80  3.1039676E-03
   7117.00  3.4778679E-03
   7117.20  3.9298380E-03
   7117.40  4.4510392E-03
   7117.60  5.0485486E-03
   7117.80  5.7298581E-03
   7118.00  6.4638679E-03
   7118.20  7.2296652E-03
   7118.40  8.0599650E-03
   7118.60  8.9736244E-03
   7118.80  9.9599775E-03
   7119.00  1.1000024E-02
   7119.20  1.2074670E-02
   7119.40  1.3164983E-02
   7119.60  1.4250552E-02
   7119.80  1.5307386E-02
   7120.00  1.6306093E-02
   7120.20  1.7212527E-02
   7120.40  1.7993089E-02
   7120.60  1.8622957E-02
   7120.80  1.9089897E-02
   7121.00  1.9392961E-02
   7121.20  1.9543300E-02
   7121.40  1.9564376E-02
   7121.60  1.9483937E-02
   7121.80  1.9325086E-02
   7122.00  1.9096994E-02
   7122.20  1.8770294E-02
   7122.40  1.8275459E-02
   7122.60  1.7542521E-02
   7122.80  1.7083412E-02
   7123.00  1.7536283E-02
   7123.20  1.8435353E-02
   7123.40  1.9371651E-02
   7123.60  2.0408268E-02
   7123.80  2.1627177E-02
   7124.00  2.2980878E-02
   7124.20  2.4583416E-02
   7124.40  2.6496215E-02
   7124.60  2.8707803E-02
   7124.80  3.1282513E-02
   7125.00  3.3921777E-02
   7125.20  3.6300519E-02
   7125.40  3.8164061E-02
   7125.60  3.9594949E-02
   7125.80  4.0649870E-02
   7126.00  4.1208048E-02
   7126.20  4.1224260E-02
   7126.40  4.0815738E-02
   7126.60  4.0103735E-02
   7126.80  3.9123913E-02
   7127.00  3.8026700E-02
   7127.20  3.7035926E-02
   7127.40  3.6274990E-02
   7127.60  3.5774857E-02
   7127.80  3.5487464E-02
   7128.00  3.5346506E-02
   7128.20  3.5301495E-02
   7128.40  3.5319405E-02
   7128.60  3.5380284E-02
   7128.80  3.5477542E-02
   7129.00  3.5616660E-02
   7129.20  3.5805066E-02
   7129.40  3.6030755E-02
   7129.60  3.6238264E-02
   7129.80  3.6324477E-02
   7130.00  3.6188555E-02
   7130.20  3.5830041E-02
   7130.40  3.5381339E-02
   7130.60  3.5005123E-02
   7130.80  3.4789876E-02
   7131.00  3.4747450E-02
   7131.20  3.4853940E-02
   7131.40  3.5080535E-02
   7131.60  3.5411813E-02
   7131.80  3.5847149E-02
   7132.00  3.6383240E-02
   7132.20  3.6988511E-02
   7132.40  3.7608924E-02
   7132.60  3.8207100E-02
   7132.80  3.8768910E-02
   7133.00  3.9282026E-02
   7133.20  3.9732717E-02
   7133.40  4.0119802E-02
   7133.60  4.0468901E-02
   7133.80  4.0838100E-02
   7134.00  4.1297785E-02
   7134.20  4.1870956E-02
   7134.40  4.2482620E-02
   7134.60  4.3010929E-02
   7134.80  4.3397404E-02
   7135.00  4.3668872E-02
   7135.20  4.3874299E-02
   7135.40  4.4039158E-02
   7135.60  4.4165143E-02
   7135.80  4.4245042E-02
   7136.00  4.4273751E-02
   7136.20  4.4251322E-02
   7136.40  4.4188362E-02
   7136.60  4.4091664E-02
   7136.80  4.3965144E-02
   7137.00  4.3818201E-02
   7137.20  4.3659383E-02
   7137.40  4.3495893E-02
   7137.60  4.3333438E-02
   7137.80  4.3176225E-02
   7138.00  4.3027083E-02
   7138.20  4.2887362E-02
   7138.40  4.2757471E-02
   7138.60  4.2636971E-02
   7138.80  4.2524555E-02
   7139.00  4.2418520E-02
   7139.20  4.2316886E-02
   7139.40  4.2217593E-02
   7139.60  4.2118691E-02
   7139.80  4.2018544E-02
   7140.00  4.1915778E-02
   7140.20  4.1809719E-02
   7140.40  4.1700313E-02
   7140.60  4.1588263E-02
   7140.80  4.1474807E-02
   7141.00  4.1361822E-02
   7141.20  4.1251588E-02
   7141.40  4.1146585E-02
   7141.60  4.1049244E-02
   7141.80  4.0961826E-02
   7142.00  4.0885810E-02
   7142.20  4.0822122E-02
   7142.40  4.0770839E-02
   7142.60  4.0732032E-02
   7142.80  4.0703789E-02
   7143.00  4.0681691E-02
   7143.20  4.0653880E-02
   7143.40  4.0636054E-02
   7143.60  4.0615511E-02
   7143.80  4.0588988E-02
   7144.00  4.0553313E-02
   7144.20  4.0505600E-02
   7144.40  4.0443477E-02
   7144.60  4.0365203E-02
   7144.80  4.0269544E-02
   7145.00  4.0155915E-02
   7145.20  4.0024369E-02
   7145.40  3.9875677E-02
   7145.60  3.9711397E-02
   7145.80  3.9532699E-02
   7146.00  3.9341104E-02
   7146.20  3.9138681E-02
   7146.40  3.8927173E-02
   7146.60  3.8708738E-02
   7146.80  3.8485216E-02
   7147.00  3.8258941E-02
   7147.20  3.8031635E-02
   7147.40  3.7805137E-02
   7147.60  3.7581520E-02
   7147.80  3.7362300E-02
   7148.00  3.7149000E-02
   7148.20  3.6943049E-02
   7148.40  3.6746034E-02
   7148.60  3.6556719E-02
   7148.80  3.6380409E-02
   7149.00  3.6212679E-02
   7149.20  3.6060302E-02
   7149.40  3.5920467E-02
   7149.60  3.5793677E-02
   7149.80  3.5679499E-02
   7150.00  3.5577385E-02
   7150.20  3.5486665E-02
   7150.40  3.5405813E-02
   7150.60  3.5333946E-02
   7150.80  3.5268874E-02
   7151.00  3.5209781E-02
   7151.20  3.5154423E-02
   7151.40  3.5101114E-02
   7151.60  3.5048317E-02
   7151.80  3.4993080E-02
   7152.00  3.4933823E-02
   7152.20  3.4865472E-02
   7152.40  3.4792195E-02
   7152.60  3.4709269E-02
   7152.80  3.4615088E-02
   7153.00  3.4508467E-02
   7153.20  3.4387867E-02
   7153.40  3.4252021E-02
   7153.60  3.4099903E-02
   7153.80  3.3930279E-02
   7154.00  3.3742306E-02
   7154.20  3.3536028E-02
   7154.40  3.3309326E-02
   7154.60  3.3062555E-02
   7154.80  3.2795563E-02
   7155.00  3.2508438E-02
   7155.20  3.2201557E-02
   7155.40  3.1875743E-02
   7155.60  3.1531882E-02
   7155.80  3.1171254E-02
   7156.00  3.0795617E-02
   7156.20  3.0406424E-02
   7156.40  3.0005702E-02
   7156.60  2.9595615E-02
   7156.80  2.9178501E-02
   7157.00  2.8756732E-02
   7157.20  2.8332786E-02
   7157.40  2.7909243E-02
   7157.60  2.7488139E-02
   7157.80  2.7072583E-02
   7158.00  2.6663925E-02
   7158.20  2.6263124E-02
   7158.40  2.5872032E-02
   7158.60  2.5491055E-02
   7158.80  2.5121290E-02
   7159.00  2.4763726E-02
   7159.20  2.4418643E-02
   7159.40  2.4087023E-02
   7159.60  2.3769965E-02
   7159.80  2.3467563E-02
   7160.00  2.3180782E-02
   7160.20  2.2910476E-02
   7160.40  2.2657959E-02
   7160.60  2.2423521E-02
   7160.80  2.2208167E-02
   7161.00  2.2012224E-02
   7161.20  2.1837364E-02
   7161.40  2.1683728E-02
   7161.60  2.1551005E-02
   7161.80  2.1440190E-02
   7162.00  2.1348079E-02
   7162.20  2.1275444E-02
   7162.40  2.1221679E-02
   7162.60  2.1185315E-02
   7162.80  2.1168876E-02
   7163.00  2.1163285E-02
   7163.20  2.1171218E-02
   7163.40  2.1191378E-02
   7163.60  2.1222623E-02
   7163.80  2.1264230E-02
   7164.00  2.1314216E-02
   7164.20  2.1371848E-02
   7164.40  2.1436212E-02
   7164.60  2.1506502E-02
   7164.80  2.1582050E-02
   7165.00  2.1662199E-02
   7165.20  2.1746735E-02
   7165.40  2.1835363E-02
   7165.60  2.1927149E-02
   7165.80  2.2021768E-02
   7166.00  2.2118975E-02
   7166.20  2.2218518E-02
   7166.40  2.2320174E-02
   7166.60  2.2423792E-02
   7166.80  2.2529348E-02
   7167.00  2.2636613E-02
   7167.20  2.2745193E-02
   7167.40  2.2854853E-02
   7167.60  2.2965197E-02
   7167.80  2.3075856E-02
   7168.00  2.3186426E-02
   7168.20  2.3296449E-02
   7168.40  2.3405409E-02
   7168.60  2.3512821E-02
   7168.80  2.3618434E-02
   7169.00  2.3721751E-02
   7169.20  2.3822428E-02
   7169.40  2.3920291E-02
   7169.60  2.4015291E-02
   7169.80  2.4107568E-02
   7170.00  2.4197383E-02
   7170.20  2.4285157E-02
   7170.40  2.4371468E-02
   7170.60  2.4456767E-02
   7170.80  2.4541648E-02
   7171.00  2.4626934E-02
   7171.20  2.4713101E-02
   7171.40  2.4800594E-02
   7171.60  2.4889852E-02
   7171.80  2.4981061E-02
   7172.00  2.5074386E-02
