  7112.000   26  1  1  7.2062821E-03 -5.5546485E+00 -2.7304026E+00  1  1  7.2665419E+03  0.0000000E+00  0.0000000E+00  1.0865387E+00  1.0000000E+00  0.0000000E+00 = E_edge, Z, n_edge, j_edge, Abs_before_edge, VO_interstitial, E_cut, ninitl, ninit1, Epsii, UnitCell_Volume, Surface_ref, f0_forward, natomsym_f, abs_u_i
    Energy    <xanes>    
   7097.00  2.0672069E-05
   7097.20  2.0847411E-05
   7097.40  2.1055509E-05
   7097.60  2.1303574E-05
   7097.80  2.1601494E-05
   7098.00  2.1963152E-05
   7098.20  2.2408548E-05
   7098.40  2.2967451E-05
   7098.60  2.3685970E-05
   7098.80  2.4638601E-05
   7099.00  2.5952847E-05
   7099.20  2.7862883E-05
   7099.40  3.0837992E-05
   7099.60  3.5938447E-05
   7099.80  4.6007658E-05
   7100.00  7.1017968E-05
   7100.20  1.6885487E-04
   7100.40  2.0219531E-03
   7100.60  7.0103475E-04
   7100.80  1.2653483E-04
   7101.00  6.4207210E-05
   7101.20  4.6329226E-05
   7101.40  3.9416115E-05
   7101.60  3.6704620E-05
   7101.80  3.6290456E-05
   7102.00  3.7836969E-05
   7102.20  4.2245870E-05
   7102.40  5.3605131E-05
   7102.60  9.4868649E-05
   7102.80  6.6812691E-04
   7103.00  4.6079030E-04
   7103.20  1.0664429E-04
   7103.40  1.1868934E-04
   7103.60  1.1411976E-03
   7103.80  2.8871164E-04
   7104.00  8.4813897E-05
   7104.20  6.3018357E-05
   7104.40  6.0374003E-05
   7104.60  6.5160828E-05
   7104.80  7.7638229E-05
   7105.00  1.0608636E-04
   7105.20  1.9317231E-04
   7105.40  1.5890823E-03
   7105.60  3.4521441E-03
   7105.80  6.1343047E-03
   7106.00  9.5739229E-04
   7106.20  2.6295954E-03
   7106.40  2.2999482E-04
   7106.60  1.6649901E-04
   7106.80  3.6499698E-04
   7107.00  1.4198378E-03
   7107.20  3.6563115E-03
   7107.40  1.1381214E-02
   7107.60  2.2034863E-02
   7107.80  2.2401175E-02
   7108.00  3.2064980E-02
   7108.20  9.8730688E-03
   7108.40  1.1918021E-02
   7108.60  1.5062794E-02
   7108.80  1.1323064E-02
   7109.00  9.9258361E-03
   7109.20  8.3424488E-03
   7109.40  7.4880461E-03
   7109.60  8.4114539E-03
   7109.80  1.1513451E-02
   7110.00  1.4058971E-02
   7110.20  1.8037153E-02
   7110.40  2.3607665E-02
   7110.60  2.9305844E-02
   7110.80  3.4102003E-02
   7111.00  3.7693074E-02
   7111.20  4.0652046E-02
   7111.40  4.3110466E-02
   7111.60  4.4883423E-02
   7111.80  4.3786461E-02
   7112.00  3.9260859E-02
   7112.20  3.3759283E-02
   7112.40  2.9109014E-02
   7112.60  2.5524624E-02
   7112.80  2.2450379E-02
   7113.00  1.9960593E-02
   7113.20  1.7995609E-02
   7113.40  1.6623259E-02
   7113.60  1.5596927E-02
   7113.80  1.4845033E-02
   7114.00  1.4330458E-02
   7114.20  1.4040881E-02
   7114.40  1.3976500E-02
   7114.60  1.4146623E-02
   7114.80  1.4543236E-02
   7115.00  1.5097887E-02
   7115.20  1.5633882E-02
   7115.40  1.5880889E-02
   7115.60  1.5621758E-02
   7115.80  1.4871637E-02
   7116.00  1.3852647E-02
   7116.20  1.2798668E-02
   7116.40  1.1843083E-02
   7116.60  1.1032006E-02
   7116.80  1.0366831E-02
   7117.00  9.8311293E-03
   7117.20  9.4021483E-03
   7117.40  9.0553341E-03
   7117.60  8.7666172E-03
   7117.80  8.5136038E-03
   7118.00  8.2761666E-03
   7118.20  8.0369253E-03
   7118.40  7.7824232E-03
   7118.60  7.5067460E-03
   7118.80  7.2233974E-03
   7119.00  6.9819329E-03
   7119.20  6.8462900E-03
   7119.40  6.8372164E-03
   7119.60  6.9272203E-03
   7119.80  7.0760941E-03
   7120.00  7.2486746E-03
   7120.20  7.4177347E-03
   7120.40  7.5661167E-03
   7120.60  7.6875280E-03
   7120.80  7.7839339E-03
   7121.00  7.8616406E-03
   7121.20  7.9281988E-03
   7121.40  7.9908521E-03
   7121.60  8.0560511E-03
   7121.80  8.1295543E-03
   7122.00  8.2166701E-03
   7122.20  8.3227042E-03
   7122.40  8.4532296E-03
   7122.60  8.6147515E-03
   7122.80  8.8139223E-03
   7123.00  9.0591822E-03
   7123.20  9.3604826E-03
   7123.40  9.7297887E-03
   7123.60  1.0184607E-02
   7123.80  1.0779536E-02
   7124.00  1.1465673E-02
   7124.20  1.2297122E-02
   7124.40  1.3297246E-02
   7124.60  1.4486415E-02
   7124.80  1.5888197E-02
   7125.00  1.7468118E-02
   7125.20  1.9198086E-02
   7125.40  2.1000409E-02
   7125.60  2.2764768E-02
   7125.80  2.4451569E-02
   7126.00  2.5818536E-02
   7126.20  2.6930793E-02
   7126.40  2.7776363E-02
   7126.60  2.8442378E-02
   7126.80  2.9004960E-02
   7127.00  2.9533881E-02
   7127.20  3.0090240E-02
   7127.40  3.0727308E-02
   7127.60  3.1490467E-02
   7127.80  3.2416823E-02
   7128.00  3.3533634E-02
   7128.20  3.4854832E-02
   7128.40  3.6378533E-02
   7128.60  3.8084930E-02
   7128.80  3.9935523E-02
   7129.00  4.1877527E-02
   7129.20  4.3853510E-02
   7129.40  4.5813810E-02
   7129.60  4.7723721E-02
   7129.80  4.9569677E-02
   7130.00  5.1337709E-02
   7130.20  5.3029657E-02
   7130.40  5.4660476E-02
   7130.60  5.6265383E-02
   7130.80  5.7904999E-02
   7131.00  5.9662746E-02
   7131.20  6.1631239E-02
   7131.40  6.3880756E-02
   7131.60  6.6407450E-02
   7131.80  6.9063305E-02
   7132.00  7.1506691E-02
   7132.20  7.3243496E-02
   7132.40  7.3803747E-02
   7132.60  7.2973682E-02
   7132.80  7.0893495E-02
   7133.00  6.7945225E-02
   7133.20  6.4554307E-02
   7133.40  6.1055164E-02
   7133.60  5.7655521E-02
   7133.80  5.4459375E-02
   7134.00  5.1503977E-02
   7134.20  4.8790596E-02
   7134.40  4.6304306E-02
   7134.60  4.4024505E-02
   7134.80  4.1930258E-02
   7135.00  4.0001746E-02
   7135.20  3.8221056E-02
   7135.40  3.6572396E-02
   7135.60  3.5042469E-02
   7135.80  3.3620756E-02
   7136.00  3.2299783E-02
   7136.20  3.1075083E-02
   7136.40  2.9944888E-02
   7136.60  2.8909885E-02
   7136.80  2.7971549E-02
   7137.00  2.7132832E-02
   7137.20  2.6397120E-02
   7137.40  2.5766788E-02
   7137.60  2.5242655E-02
   7137.80  2.4824225E-02
   7138.00  2.4509099E-02
   7138.20  2.4293056E-02
   7138.40  2.4170550E-02
   7138.60  2.4134820E-02
   7138.80  2.4178388E-02
   7139.00  2.4293558E-02
   7139.20  2.4472787E-02
   7139.40  2.4709086E-02
   7139.60  2.4996390E-02
   7139.80  2.5329472E-02
   7140.00  2.5703966E-02
   7140.20  2.6116528E-02
   7140.40  2.6564682E-02
   7140.60  2.7046457E-02
   7140.80  2.7560276E-02
   7141.00  2.8104722E-02
   7141.20  2.8677953E-02
   7141.40  2.9277791E-02
   7141.60  2.9901206E-02
   7141.80  3.0544052E-02
   7142.00  3.1200974E-02
   7142.20  3.1865542E-02
   7142.40  3.2529788E-02
   7142.60  3.3184820E-02
   7142.80  3.3820463E-02
   7143.00  3.4426188E-02
   7143.20  3.4991396E-02
   7143.40  3.5506091E-02
   7143.60  3.5961197E-02
   7143.80  3.6349479E-02
   7144.00  3.6665567E-02
   7144.20  3.6906518E-02
   7144.40  3.7072150E-02
   7144.60  3.7164881E-02
   7144.80  3.7191758E-02
   7145.00  3.7164085E-02
   7145.20  3.7083768E-02
   7145.40  3.6959390E-02
   7145.60  3.6799752E-02
   7145.80  3.6607935E-02
   7146.00  3.6404102E-02
   7146.20  3.6190843E-02
   7146.40  3.5975403E-02
   7146.60  3.5764173E-02
   7146.80  3.5562621E-02
   7147.00  3.5375336E-02
   7147.20  3.5205915E-02
   7147.40  3.5057240E-02
   7147.60  3.4931414E-02
   7147.80  3.4829895E-02
   7148.00  3.4753556E-02
   7148.20  3.4702800E-02
   7148.40  3.4677622E-02
   7148.60  3.4677965E-02
   7148.80  3.4702901E-02
   7149.00  3.4751433E-02
   7149.20  3.4822546E-02
   7149.40  3.4914754E-02
   7149.60  3.5026685E-02
   7149.80  3.5156947E-02
   7150.00  3.5303767E-02
   7150.20  3.5465469E-02
   7150.40  3.5640466E-02
   7150.60  3.5826951E-02
   7150.80  3.6023076E-02
   7151.00  3.6226846E-02
   7151.20  3.6436507E-02
   7151.40  3.6649961E-02
   7151.60  3.6865128E-02
   7151.80  3.7080013E-02
   7152.00  3.7292641E-02
   7152.20  3.7501149E-02
   7152.40  3.7703636E-02
   7152.60  3.7898327E-02
   7152.80  3.8083618E-02
   7153.00  3.8257998E-02
   7153.20  3.8420081E-02
   7153.40  3.8568904E-02
   7153.60  3.8703562E-02
   7153.80  3.8822625E-02
   7154.00  3.8925744E-02
   7154.20  3.9014515E-02
   7154.40  3.9088986E-02
   7154.60  3.9149548E-02
   7154.80  3.9196472E-02
   7155.00  3.9230673E-02
   7155.20  3.9252036E-02
   7155.40  3.9261673E-02
   7155.60  3.9260286E-02
   7155.80  3.9248681E-02
   7156.00  3.9227838E-02
   7156.20  3.9198486E-02
   7156.40  3.9161361E-02
   7156.60  3.9117301E-02
   7156.80  3.9067048E-02
   7157.00  3.9011375E-02
   7157.20  3.8950860E-02
   7157.40  3.8886061E-02
   7157.60  3.8817650E-02
   7157.80  3.8746068E-02
   7158.00  3.8671568E-02
   7158.20  3.8594392E-02
   7158.40  3.8518192E-02
   7158.60  3.8436338E-02
   7158.80  3.8357801E-02
   7159.00  3.8271416E-02
   7159.20  3.8182753E-02
   7159.40  3.8091857E-02
   7159.60  3.7998498E-02
   7159.80  3.7902362E-02
   7160.00  3.7803182E-02
   7160.20  3.7700722E-02
   7160.40  3.7594587E-02
   7160.60  3.7484424E-02
   7160.80  3.7369853E-02
   7161.00  3.7250408E-02
   7161.20  3.7125671E-02
   7161.40  3.6995387E-02
   7161.60  3.6859144E-02
   7161.80  3.6716426E-02
   7162.00  3.6566862E-02
   7162.20  3.6412132E-02
   7162.40  3.6247955E-02
   7162.60  3.6076034E-02
   7162.80  3.5896831E-02
   7163.00  3.5709586E-02
   7163.20  3.5514179E-02
   7163.40  3.5310587E-02
   7163.60  3.5099818E-02
   7163.80  3.4881121E-02
   7164.00  3.4654416E-02
   7164.20  3.4420050E-02
   7164.40  3.4178676E-02
   7164.60  3.3930872E-02
   7164.80  3.3676640E-02
   7165.00  3.3416546E-02
   7165.20  3.3149504E-02
   7165.40  3.2879964E-02
   7165.60  3.2599044E-02
   7165.80  3.2323790E-02
   7166.00  3.2046468E-02
   7166.20  3.1768176E-02
   7166.40  3.1487898E-02
   7166.60  3.1209868E-02
   7166.80  3.0933789E-02
   7167.00  3.0659780E-02
   7167.20  3.0388661E-02
   7167.40  3.0121241E-02
   7167.60  2.9858297E-02
   7167.80  2.9600512E-02
   7168.00  2.9348580E-02
   7168.20  2.9103863E-02
   7168.40  2.8866389E-02
   7168.60  2.8636583E-02
   7168.80  2.8415026E-02
   7169.00  2.8202326E-02
   7169.20  2.7998594E-02
   7169.40  2.7804061E-02
   7169.60  2.7618948E-02
   7169.80  2.7443915E-02
   7170.00  2.7278659E-02
   7170.20  2.7123056E-02
   7170.40  2.6977069E-02
   7170.60  2.6840616E-02
   7170.80  2.6713585E-02
   7171.00  2.6595805E-02
   7171.20  2.6486959E-02
   7171.40  2.6386780E-02
   7171.60  2.6295262E-02
   7171.80  2.6211929E-02
   7172.00  2.6136395E-02
