  7112.000   26  1  1  1.1162922E-02 -4.1411022E+00 -7.9710231E-01  1  1  7.2652968E+03  0.0000000E+00  0.0000000E+00  3.8495805E+00  1.0000000E+00  0.0000000E+00 = E_edge, Z, n_edge, j_edge, Abs_before_edge, VO_interstitial, E_cut, ninitl, ninit1, Epsii, UnitCell_Volume, Surface_ref, f0_forward, natomsym_f, abs_u_i
    Energy    <xanes>    
   7097.00  4.2930762E-05
   7097.20  3.8232970E-05
   7097.40  3.5353155E-05
   7097.60  3.3712357E-05
   7097.80  3.3128350E-05
   7098.00  3.3785670E-05
   7098.20  3.6629139E-05
   7098.40  4.5586928E-05
   7098.60  9.1425476E-05
   7098.80  3.6424262E-03
   7099.00  7.3594817E-04
   7099.20  2.0307857E-04
   7099.40  5.7982010E-05
   7099.60  4.1541550E-05
   7099.80  3.8263625E-05
   7100.00  4.1783282E-05
   7100.20  7.2354772E-05
   7100.40  4.6339520E-03
   7100.60  7.9563273E-05
   7100.80  6.3803813E-05
   7101.00  1.3516655E-04
   7101.20  1.6906340E-03
   7101.40  3.9238937E-03
   7101.60  3.4409696E-03
   7101.80  4.0379720E-04
   7102.00  2.5948944E-04
   7102.20  2.8454892E-02
   7102.40  3.6610370E-04
   7102.60  1.7357848E-04
   7102.80  1.4739793E-04
   7103.00  3.0774867E-04
   7103.20  1.0762941E-04
   7103.40  2.9066696E-04
   7103.60  2.6820614E-04
   7103.80  9.8268579E-05
   7104.00  2.2964355E-04
   7104.20  1.1996956E-04
   7104.40  3.4497552E-03
   7104.60  3.2545722E-04
   7104.80  2.1876700E-02
   7105.00  2.9378542E-03
   7105.20  1.7352732E-03
   7105.40  6.2752605E-04
   7105.60  6.9444503E-04
   7105.80  1.2133097E-03
   7106.00  7.5949500E-04
   7106.20  1.1649047E-03
   7106.40  1.4520675E-02
   7106.60  8.3725878E-04
   7106.80  1.3330835E-03
   7107.00  1.4743403E-03
   7107.20  8.1435437E-02
   7107.40  2.8452699E-02
   7107.60  1.6879098E-03
   7107.80  1.6879130E-03
   7108.00  1.1884903E-02
   7108.20  1.1380378E-03
   7108.40  1.5144678E-02
   7108.60  8.5839505E-03
   7108.80  1.6673637E-02
   7109.00  1.1165253E-02
   7109.20  9.9211717E-03
   7109.40  1.9652848E-02
   7109.60  8.5656054E-03
   7109.80  6.0934982E-03
   7110.00  9.0468226E-03
   7110.20  1.3205955E-02
   7110.40  1.2532261E-02
   7110.60  1.6674612E-02
   7110.80  1.1615088E-02
   7111.00  1.2607265E-02
   7111.20  1.0030470E-02
   7111.40  1.5057239E-02
   7111.60  2.8363661E-02
   7111.80  3.3862991E-02
   7112.00  4.3694606E-02
   7112.20  2.9489149E-02
   7112.40  1.8982543E-02
   7112.60  1.4427092E-02
   7112.80  1.1078145E-02
   7113.00  8.2090046E-03
   7113.20  6.6116824E-03
   7113.40  6.2851527E-03
   7113.60  7.5187935E-03
   7113.80  1.3005416E-02
   7114.00  2.7954549E-02
   7114.20  2.0311613E-02
   7114.40  7.3710008E-03
   7114.60  4.9239427E-03
   7114.80  5.5574510E-03
   7115.00  6.2719669E-03
   7115.20  5.6654708E-03
   7115.40  5.2811183E-03
   7115.60  6.1839328E-03
   7115.80  9.5620926E-03
   7116.00  1.6225442E-02
   7116.20  1.5661964E-02
   7116.40  9.0458408E-03
   7116.60  5.5118238E-03
   7116.80  4.0169557E-03
   7117.00  3.5799403E-03
   7117.20  3.6994773E-03
   7117.40  3.9881207E-03
   7117.60  4.2677730E-03
   7117.80  4.5170128E-03
   7118.00  4.7186179E-03
   7118.20  4.8945642E-03
   7118.40  5.1229556E-03
   7118.60  5.4670402E-03
   7118.80  5.9620719E-03
   7119.00  6.6098537E-03
   7119.20  7.3461688E-03
   7119.40  8.0159066E-03
   7119.60  8.4278678E-03
   7119.80  8.4992088E-03
   7120.00  8.3200183E-03
   7120.20  8.0530280E-03
   7120.40  7.8193792E-03
   7120.60  7.6725808E-03
   7120.80  7.6233297E-03
   7121.00  7.6686993E-03
   7121.20  7.7662226E-03
   7121.40  7.8982273E-03
   7121.60  8.0403616E-03
   7121.80  8.2004317E-03
   7122.00  8.4212584E-03
   7122.20  8.7304327E-03
   7122.40  9.1607705E-03
   7122.60  9.7285499E-03
   7122.80  1.0449818E-02
   7123.00  1.1356726E-02
   7123.20  1.2374298E-02
   7123.40  1.3255291E-02
   7123.60  1.3829062E-02
   7123.80  1.4189301E-02
   7124.00  1.4382169E-02
   7124.20  1.4384293E-02
   7124.40  1.4439972E-02
   7124.60  1.4861672E-02
   7124.80  1.5708676E-02
   7125.00  1.6871151E-02
   7125.20  1.8226969E-02
   7125.40  1.9596804E-02
   7125.60  2.0937463E-02
   7125.80  2.2246082E-02
   7126.00  2.3559472E-02
   7126.20  2.4735149E-02
   7126.40  2.5564298E-02
   7126.60  2.5959873E-02
   7126.80  2.5985316E-02
   7127.00  2.5921232E-02
   7127.20  2.5989847E-02
   7127.40  2.6334288E-02
   7127.60  2.6982489E-02
   7127.80  2.7862318E-02
   7128.00  2.8864754E-02
   7128.20  2.9899138E-02
   7128.40  3.0913677E-02
   7128.60  3.1889384E-02
   7128.80  3.2813268E-02
   7129.00  3.3670765E-02
   7129.20  3.4481983E-02
   7129.40  3.5332797E-02
   7129.60  3.6338112E-02
   7129.80  3.7576417E-02
   7130.00  3.9048522E-02
   7130.20  4.0675506E-02
   7130.40  4.2319033E-02
   7130.60  4.3813753E-02
   7130.80  4.5021303E-02
   7131.00  4.5905620E-02
   7131.20  4.6559458E-02
   7131.40  4.7149077E-02
   7131.60  4.7832046E-02
   7131.80  4.8711685E-02
   7132.00  4.9832027E-02
   7132.20  5.1184511E-02
   7132.40  5.2712000E-02
   7132.60  5.4308469E-02
   7132.80  5.5827086E-02
   7133.00  5.7104925E-02
   7133.20  5.8008801E-02
   7133.40  5.8497372E-02
   7133.60  5.8663102E-02
   7133.80  5.8694768E-02
   7134.00  5.8742849E-02
   7134.20  5.8762072E-02
   7134.40  5.8529384E-02
   7134.60  5.7913084E-02
   7134.80  5.7006220E-02
   7135.00  5.5966017E-02
   7135.20  5.4884018E-02
   7135.40  5.3783927E-02
   7135.60  5.2671178E-02
   7135.80  5.1555888E-02
   7136.00  5.0460922E-02
   7136.20  4.9417822E-02
   7136.40  4.8454423E-02
   7136.60  4.7589161E-02
   7136.80  4.6829916E-02
   7137.00  4.6174173E-02
   7137.20  4.5611526E-02
   7137.40  4.5125957E-02
   7137.60  4.4699563E-02
   7137.80  4.4315730E-02
   7138.00  4.3962674E-02
   7138.20  4.3634876E-02
   7138.40  4.3332059E-02
   7138.60  4.3056961E-02
   7138.80  4.2812468E-02
   7139.00  4.2599630E-02
   7139.20  4.2417402E-02
   7139.40  4.2262720E-02
   7139.60  4.2131156E-02
   7139.80  4.2017876E-02
   7140.00  4.1918239E-02
   7140.20  4.1828200E-02
   7140.40  4.1744338E-02
   7140.60  4.1663788E-02
   7140.80  4.1583755E-02
   7141.00  4.1501781E-02
   7141.20  4.1415980E-02
   7141.40  4.1325473E-02
   7141.60  4.1230785E-02
   7141.80  4.1134141E-02
   7142.00  4.1039374E-02
   7142.20  4.0951561E-02
   7142.40  4.0876379E-02
   7142.60  4.0818755E-02
   7142.80  4.0780585E-02
   7143.00  4.0749215E-02
   7143.20  4.0753889E-02
   7143.40  4.0777831E-02
   7143.60  4.0817483E-02
   7143.80  4.0868299E-02
   7144.00  4.0925312E-02
   7144.20  4.0983674E-02
   7144.40  4.1038694E-02
   7144.60  4.1086206E-02
   7144.80  4.1122238E-02
   7145.00  4.1143073E-02
   7145.20  4.1145239E-02
   7145.40  4.1125634E-02
   7145.60  4.1081842E-02
   7145.80  4.1012311E-02
   7146.00  4.0916767E-02
   7146.20  4.0796265E-02
   7146.40  4.0653201E-02
   7146.60  4.0494953E-02
   7146.80  4.0317479E-02
   7147.00  4.0129573E-02
   7147.20  3.9935618E-02
   7147.40  3.9740306E-02
   7147.60  3.9545954E-02
   7147.80  3.9361332E-02
   7148.00  3.9184807E-02
   7148.20  3.9018059E-02
   7148.40  3.8859668E-02
   7148.60  3.8709046E-02
   7148.80  3.8563967E-02
   7149.00  3.8421333E-02
   7149.20  3.8278468E-02
   7149.40  3.8131454E-02
   7149.60  3.7976407E-02
   7149.80  3.7809597E-02
   7150.00  3.7625093E-02
   7150.20  3.7427234E-02
   7150.40  3.7211991E-02
   7150.60  3.6979898E-02
   7150.80  3.6731061E-02
   7151.00  3.6474599E-02
   7151.20  3.6202018E-02
   7151.40  3.5929837E-02
   7151.60  3.5654740E-02
   7151.80  3.5378733E-02
   7152.00  3.5103679E-02
   7152.20  3.4829645E-02
   7152.40  3.4555521E-02
   7152.60  3.4278686E-02
   7152.80  3.3995008E-02
   7153.00  3.3699463E-02
   7153.20  3.3385257E-02
   7153.40  3.3045691E-02
   7153.60  3.2674602E-02
   7153.80  3.2267213E-02
   7154.00  3.1821035E-02
   7154.20  3.1336766E-02
   7154.40  3.0817640E-02
   7154.60  3.0269518E-02
   7154.80  2.9700405E-02
   7155.00  2.9119160E-02
   7155.20  2.8534540E-02
   7155.40  2.7954402E-02
   7155.60  2.7385557E-02
   7155.80  2.6833113E-02
   7156.00  2.6300252E-02
   7156.20  2.5789116E-02
   7156.40  2.5300929E-02
   7156.60  2.4836650E-02
   7156.80  2.4396244E-02
   7157.00  2.3979397E-02
   7157.20  2.3586128E-02
   7157.40  2.3216551E-02
   7157.60  2.2870391E-02
   7157.80  2.2546305E-02
   7158.00  2.2247339E-02
   7158.20  2.1972172E-02
   7158.40  2.1721717E-02
   7158.60  2.1494742E-02
   7158.80  2.1291227E-02
   7159.00  2.1111399E-02
   7159.20  2.0954909E-02
   7159.40  2.0821762E-02
   7159.60  2.0711063E-02
   7159.80  2.0621660E-02
   7160.00  2.0554805E-02
   7160.20  2.0508699E-02
   7160.40  2.0482583E-02
   7160.60  2.0475215E-02
   7160.80  2.0482236E-02
   7161.00  2.0504424E-02
   7161.20  2.0540431E-02
   7161.40  2.0588246E-02
   7161.60  2.0646615E-02
   7161.80  2.0713762E-02
   7162.00  2.0788632E-02
   7162.20  2.0870032E-02
   7162.40  2.0956848E-02
   7162.60  2.1048403E-02
   7162.80  2.1144312E-02
   7163.00  2.1243940E-02
   7163.20  2.1347123E-02
   7163.40  2.1453857E-02
   7163.60  2.1564522E-02
   7163.80  2.1679006E-02
   7164.00  2.1797559E-02
   7164.20  2.1920505E-02
   7164.40  2.2048012E-02
   7164.60  2.2180361E-02
   7164.80  2.2317007E-02
   7165.00  2.2458465E-02
   7165.20  2.2602143E-02
   7165.40  2.2748201E-02
   7165.60  2.2895566E-02
   7165.80  2.3043260E-02
   7166.00  2.3189643E-02
   7166.20  2.3333417E-02
   7166.40  2.3473343E-02
   7166.60  2.3608401E-02
   7166.80  2.3737758E-02
   7167.00  2.3860838E-02
   7167.20  2.3977631E-02
   7167.40  2.4087872E-02
   7167.60  2.4191980E-02
   7167.80  2.4290396E-02
   7168.00  2.4383870E-02
   7168.20  2.4473320E-02
   7168.40  2.4559653E-02
   7168.60  2.4643850E-02
   7168.80  2.4727059E-02
   7169.00  2.4809941E-02
   7169.20  2.4893187E-02
   7169.40  2.4977343E-02
   7169.60  2.5063089E-02
   7169.80  2.5150916E-02
   7170.00  2.5240338E-02
   7170.20  2.5331317E-02
   7170.40  2.5423720E-02
   7170.60  2.5517523E-02
   7170.80  2.5612381E-02
   7171.00  2.5708038E-02
   7171.20  2.5804416E-02
   7171.40  2.5901177E-02
   7171.60  2.5998131E-02
   7171.80  2.6095062E-02
   7172.00  2.6191966E-02
