  7112.000   26  1  1  1.1282173E-02 -4.7299808E+00 -5.5367084E-01  1  1  7.2651800E+03  0.0000000E+00  0.0000000E+00  4.1648493E+00  1.0000000E+00  0.0000000E+00 = E_edge, Z, n_edge, j_edge, Abs_before_edge, VO_interstitial, E_cut, ninitl, ninit1, Epsii, UnitCell_Volume, Surface_ref, f0_forward, natomsym_f, abs_u_i
    Energy    <xanes>    
   7097.00  4.2693907E-05
   7097.20  5.8178514E-05
   7097.40  1.2271460E-04
   7097.60  1.8747604E-03
   7097.80  3.3270993E-04
   7098.00  9.8026564E-05
   7098.20  8.7554367E-05
   7098.40  1.4968016E-04
   7098.60  1.2963629E-02
   7098.80  1.7128249E-02
   7099.00  2.7271335E-04
   7099.20  1.6508725E-04
   7099.40  5.9180255E-04
   7099.60  1.9311871E-04
   7099.80  3.3375255E-03
   7100.00  3.7932267E-04
   7100.20  1.1378786E-03
   7100.40  4.9032816E-04
   7100.60  7.0418889E-05
   7100.80  4.6580919E-05
   7101.00  4.1827876E-05
   7101.20  5.7212381E-05
   7101.40  8.5480561E-05
   7101.60  1.5869337E-04
   7101.80  5.6554272E-05
   7102.00  6.8365432E-04
   7102.20  1.5778500E-04
   7102.40  8.1620381E-05
   7102.60  8.7239742E-04
   7102.80  3.6140914E-04
   7103.00  5.3488091E-04
   7103.20  2.0259295E-04
   7103.40  1.3807993E-04
   7103.60  6.3759504E-05
   7103.80  1.7437646E-04
   7104.00  4.5933076E-03
   7104.20  1.9522355E-04
   7104.40  2.0418311E-04
   7104.60  3.0712925E-03
   7104.80  1.9582140E-03
   7105.00  3.6059062E-04
   7105.20  4.0113630E-04
   7105.40  1.3039578E-03
   7105.60  3.5127747E-04
   7105.80  1.6548075E-04
   7106.00  2.8981432E-03
   7106.20  6.3697946E-04
   7106.40  4.8978530E-04
   7106.60  3.7753142E-03
   7106.80  2.4904764E-03
   7107.00  1.2220426E-02
   7107.20  2.9746568E-03
   7107.40  6.2616283E-03
   7107.60  2.7326884E-03
   7107.80  3.0301228E-03
   7108.00  3.1907477E-03
   7108.20  4.8096426E-03
   7108.40  5.9505482E-03
   7108.60  1.4181270E-02
   7108.80  5.4209290E-03
   7109.00  1.0958107E-02
   7109.20  1.1841132E-02
   7109.40  7.5200706E-03
   7109.60  1.3620396E-02
   7109.80  1.4348960E-02
   7110.00  2.1475811E-02
   7110.20  2.5640825E-02
   7110.40  2.3947622E-02
   7110.60  2.3053811E-02
   7110.80  1.7837045E-02
   7111.00  1.8939475E-02
   7111.20  2.6910166E-02
   7111.40  2.8649199E-02
   7111.60  1.7079821E-02
   7111.80  1.4445983E-02
   7112.00  1.4415655E-02
   7112.20  1.5274181E-02
   7112.40  1.7525832E-02
   7112.60  1.4896378E-02
   7112.80  1.3958822E-02
   7113.00  1.5415666E-02
   7113.20  1.9524500E-02
   7113.40  1.4695277E-02
   7113.60  8.3414197E-03
   7113.80  6.0275283E-03
   7114.00  4.9027338E-03
   7114.20  3.8318243E-03
   7114.40  2.7576051E-03
   7114.60  2.0567075E-03
   7114.80  1.6782328E-03
   7115.00  1.4814886E-03
   7115.20  1.3935733E-03
   7115.40  1.3889804E-03
   7115.60  1.4682394E-03
   7115.80  1.6524935E-03
   7116.00  1.9885913E-03
   7116.20  2.5570963E-03
   7116.40  3.4404005E-03
   7116.60  4.5339703E-03
   7116.80  5.5343544E-03
   7117.00  6.5203613E-03
   7117.20  7.6861736E-03
   7117.40  9.0325212E-03
   7117.60  1.0245667E-02
   7117.80  1.0839630E-02
   7118.00  1.0764232E-02
   7118.20  1.0366614E-02
   7118.40  9.9735217E-03
   7118.60  9.7498112E-03
   7118.80  9.7596400E-03
   7119.00  1.0031011E-02
   7119.20  1.0582274E-02
   7119.40  1.1416764E-02
   7119.60  1.2519922E-02
   7119.80  1.3855415E-02
   7120.00  1.5339364E-02
   7120.20  1.6814647E-02
   7120.40  1.8004830E-02
   7120.60  1.8758599E-02
   7120.80  1.9100141E-02
   7121.00  1.9270368E-02
   7121.20  1.9500932E-02
   7121.40  1.9910931E-02
   7121.60  2.0489568E-02
   7121.80  2.1109483E-02
   7122.00  2.1662437E-02
   7122.20  2.1990676E-02
   7122.40  2.2188618E-02
   7122.60  2.2237458E-02
   7122.80  2.1937355E-02
   7123.00  2.1232185E-02
   7123.20  2.0468266E-02
   7123.40  2.0002065E-02
   7123.60  1.9917824E-02
   7123.80  2.0072099E-02
   7124.00  2.0252017E-02
   7124.20  2.0301431E-02
   7124.40  2.0283563E-02
   7124.60  2.0302411E-02
   7124.80  2.0460109E-02
   7125.00  2.0818669E-02
   7125.20  2.1391166E-02
   7125.40  2.2153306E-02
   7125.60  2.3081731E-02
   7125.80  2.4079880E-02
   7126.00  2.5096816E-02
   7126.20  2.6239748E-02
   7126.40  2.7603232E-02
   7126.60  2.9043600E-02
   7126.80  3.0396612E-02
   7127.00  3.1518205E-02
   7127.20  3.2231004E-02
   7127.40  3.2463758E-02
   7127.60  3.2384610E-02
   7127.80  3.2282668E-02
   7128.00  3.2380040E-02
   7128.20  3.2752181E-02
   7128.40  3.3347832E-02
   7128.60  3.4038741E-02
   7128.80  3.4641181E-02
   7129.00  3.4916757E-02
   7129.20  3.4673378E-02
   7129.40  3.3996917E-02
   7129.60  3.3224733E-02
   7129.80  3.2628014E-02
   7130.00  3.2255778E-02
   7130.20  3.2052854E-02
   7130.40  3.1978028E-02
   7130.60  3.2053265E-02
   7130.80  3.2342871E-02
   7131.00  3.2899874E-02
   7131.20  3.3732436E-02
   7131.40  3.4799795E-02
   7131.60  3.6024361E-02
   7131.80  3.7308278E-02
   7132.00  3.8551179E-02
   7132.20  3.9670584E-02
   7132.40  4.0616169E-02
   7132.60  4.1372915E-02
   7132.80  4.1953939E-02
   7133.00  4.2389647E-02
   7133.20  4.2715371E-02
   7133.40  4.2952603E-02
   7133.60  4.3088330E-02
   7133.80  4.3079120E-02
   7134.00  4.2898218E-02
   7134.20  4.2584868E-02
   7134.40  4.2233936E-02
   7134.60  4.1935380E-02
   7134.80  4.1733874E-02
   7135.00  4.1639178E-02
   7135.20  4.1649307E-02
   7135.40  4.1759727E-02
   7135.60  4.1962174E-02
   7135.80  4.2243432E-02
   7136.00  4.2587876E-02
   7136.20  4.2981751E-02
   7136.40  4.3415962E-02
   7136.60  4.3886717E-02
   7136.80  4.4390829E-02
   7137.00  4.4921202E-02
   7137.20  4.5460391E-02
   7137.40  4.5979020E-02
   7137.60  4.6438474E-02
   7137.80  4.6798379E-02
   7138.00  4.7028113E-02
   7138.20  4.7116284E-02
   7138.40  4.7073306E-02
   7138.60  4.6925633E-02
   7138.80  4.6704672E-02
   7139.00  4.6435269E-02
   7139.20  4.6128077E-02
   7139.40  4.5777668E-02
   7139.60  4.5366864E-02
   7139.80  4.4873741E-02
   7140.00  4.4280166E-02
   7140.20  4.3578754E-02
   7140.40  4.2775351E-02
   7140.60  4.1893337E-02
   7140.80  4.0963385E-02
   7141.00  4.0022946E-02
   7141.20  3.9110310E-02
   7141.40  3.8260614E-02
   7141.60  3.7502954E-02
   7141.80  3.6858357E-02
   7142.00  3.6338379E-02
   7142.20  3.5944589E-02
   7142.40  3.5668003E-02
   7142.60  3.5489783E-02
   7142.80  3.5383384E-02
   7143.00  3.5317763E-02
   7143.20  3.5261440E-02
   7143.40  3.5186634E-02
   7143.60  3.5072947E-02
   7143.80  3.4909516E-02
   7144.00  3.4705956E-02
   7144.20  3.4465086E-02
   7144.40  3.4192374E-02
   7144.60  3.3901359E-02
   7144.80  3.3607029E-02
   7145.00  3.3319226E-02
   7145.20  3.3049366E-02
   7145.40  3.2804199E-02
   7145.60  3.2582659E-02
   7145.80  3.2396372E-02
   7146.00  3.2238111E-02
   7146.20  3.2104923E-02
   7146.40  3.1995182E-02
   7146.60  3.1900264E-02
   7146.80  3.1819220E-02
   7147.00  3.1743520E-02
   7147.20  3.1673650E-02
   7147.40  3.1605823E-02
   7147.60  3.1538538E-02
   7147.80  3.1470548E-02
   7148.00  3.1405441E-02
   7148.20  3.1344248E-02
   7148.40  3.1290343E-02
   7148.60  3.1248099E-02
   7148.80  3.1222482E-02
   7149.00  3.1218277E-02
   7149.20  3.1240079E-02
   7149.40  3.1291743E-02
   7149.60  3.1375774E-02
   7149.80  3.1493036E-02
   7150.00  3.1642167E-02
   7150.20  3.1819546E-02
   7150.40  3.2019088E-02
   7150.60  3.2232448E-02
   7150.80  3.2449390E-02
   7151.00  3.2661268E-02
   7151.20  3.2852907E-02
   7151.40  3.3014973E-02
   7151.60  3.3131805E-02
   7151.80  3.3201140E-02
   7152.00  3.3219631E-02
   7152.20  3.3186967E-02
   7152.40  3.3106192E-02
   7152.60  3.2987343E-02
   7152.80  3.2837607E-02
   7153.00  3.2663543E-02
   7153.20  3.2473467E-02
   7153.40  3.2275769E-02
   7153.60  3.2078504E-02
   7153.80  3.1889230E-02
   7154.00  3.1714751E-02
   7154.20  3.1560928E-02
   7154.40  3.1432601E-02
   7154.60  3.1333681E-02
   7154.80  3.1267294E-02
   7155.00  3.1235260E-02
   7155.20  3.1238748E-02
   7155.40  3.1278296E-02
   7155.60  3.1353433E-02
   7155.80  3.1463050E-02
   7156.00  3.1605300E-02
   7156.20  3.1777557E-02
   7156.40  3.1982318E-02
   7156.60  3.2204256E-02
   7156.80  3.2443741E-02
   7157.00  3.2695986E-02
   7157.20  3.2954999E-02
   7157.40  3.3214868E-02
   7157.60  3.3472029E-02
   7157.80  3.3715571E-02
   7158.00  3.3945071E-02
   7158.20  3.4153393E-02
   7158.40  3.4338674E-02
   7158.60  3.4498208E-02
   7158.80  3.4630424E-02
   7159.00  3.4737163E-02
   7159.20  3.4815995E-02
   7159.40  3.4869539E-02
   7159.60  3.4898044E-02
   7159.80  3.4908564E-02
   7160.00  3.4901665E-02
   7160.20  3.4880261E-02
   7160.40  3.4847381E-02
   7160.60  3.4806341E-02
   7160.80  3.4759404E-02
   7161.00  3.4708692E-02
   7161.20  3.4656090E-02
   7161.40  3.4603121E-02
   7161.60  3.4551580E-02
   7161.80  3.4501710E-02
   7162.00  3.4453846E-02
   7162.20  3.4407987E-02
   7162.40  3.4362689E-02
   7162.60  3.4316275E-02
   7162.80  3.4271483E-02
   7163.00  3.4215722E-02
   7163.20  3.4150413E-02
   7163.40  3.4072503E-02
   7163.60  3.3979298E-02
   7163.80  3.3870527E-02
   7164.00  3.3741610E-02
   7164.20  3.3593853E-02
   7164.40  3.3427381E-02
   7164.60  3.3243425E-02
   7164.80  3.3042059E-02
   7165.00  3.2829444E-02
   7165.20  3.2606446E-02
   7165.40  3.2376253E-02
   7165.60  3.2142449E-02
   7165.80  3.1907522E-02
   7166.00  3.1674430E-02
   7166.20  3.1446013E-02
   7166.40  3.1224901E-02
   7166.60  3.1013475E-02
   7166.80  3.0813830E-02
   7167.00  3.0627768E-02
   7167.20  3.0456953E-02
   7167.40  3.0302676E-02
   7167.60  3.0165169E-02
   7167.80  3.0044724E-02
   7168.00  2.9941211E-02
   7168.20  2.9854217E-02
   7168.40  2.9782664E-02
   7168.60  2.9725267E-02
   7168.80  2.9680460E-02
   7169.00  2.9646430E-02
   7169.20  2.9621477E-02
   7169.40  2.9603352E-02
   7169.60  2.9589827E-02
   7169.80  2.9578829E-02
   7170.00  2.9568380E-02
   7170.20  2.9556729E-02
   7170.40  2.9542313E-02
   7170.60  2.9523825E-02
   7170.80  2.9500270E-02
   7171.00  2.9471049E-02
   7171.20  2.9435750E-02
   7171.40  2.9394468E-02
   7171.60  2.9347105E-02
   7171.80  2.9293978E-02
   7172.00  2.9235659E-02
