  7112.000   26  1  1  1.7539641E-02 -7.6432582E-01  0.0000000E+00  1  1  7.2635671E+03  0.0000000E+00  0.0000000E+00  4.3266129E+00  1.0000000E+00  0.0000000E+00 = E_edge, Z, n_edge, j_edge, Abs_before_edge, VO_interstitial, E_cut, ninitl, ninit1, Epsii, UnitCell_Volume, Surface_ref, f0_forward, natomsym_f, abs_u_i
    Energy    <xanes>    
   7097.00  3.4483368E-05
   7097.20  2.9241906E-05
   7097.40  2.6179088E-05
   7097.60  2.5539781E-05
   7097.80  2.5505870E-05
   7098.00  2.5925397E-05
   7098.20  2.6922260E-05
   7098.40  2.9160824E-05
   7098.60  3.6532844E-05
   7098.80  1.1283322E-03
   7099.00  3.3230813E-04
   7099.20  6.7157534E-05
   7099.40  3.5423184E-04
   7099.60  1.5951159E-04
   7099.80  7.1023796E-05
   7100.00  1.4712363E-04
   7100.20  1.1115467E-04
   7100.40  1.7734893E-03
   7100.60  8.7645216E-04
   7100.80  7.0894101E-05
   7101.00  1.7775625E-04
   7101.20  3.2752356E-03
   7101.40  2.1439908E-04
   7101.60  1.0824438E-03
   7101.80  7.6901238E-05
   7102.00  3.6197942E-04
   7102.20  1.8300399E-02
   7102.40  5.5106621E-04
   7102.60  1.9306379E-04
   7102.80  2.2032877E-04
   7103.00  2.7384473E-04
   7103.20  4.7400757E-04
   7103.40  6.1057041E-03
   7103.60  7.0960373E-03
   7103.80  1.2148610E-02
   7104.00  1.1538636E-03
   7104.20  4.2836578E-04
   7104.40  2.4117808E-04
   7104.60  1.7887232E-04
   7104.80  2.1880101E-04
   7105.00  1.0431539E-03
   7105.20  3.5703508E-03
   7105.40  1.9266813E-04
   7105.60  2.3258207E-03
   7105.80  4.2672292E-03
   7106.00  2.0761085E-04
   7106.20  4.5227630E-03
   7106.40  1.5150990E-03
   7106.60  2.9015671E-03
   7106.80  9.0374964E-04
   7107.00  2.4405423E-03
   7107.20  5.3553616E-04
   7107.40  3.4420826E-04
   7107.60  1.1536421E-03
   7107.80  6.7850999E-04
   7108.00  8.3301691E-04
   7108.20  5.3735493E-03
   7108.40  4.1647982E-03
   7108.60  1.0254471E-03
   7108.80  8.3319901E-04
   7109.00  5.0253499E-03
   7109.20  4.2069795E-03
   7109.40  4.3002479E-04
   7109.60  1.0992115E-03
   7109.80  3.5650663E-02
   7110.00  2.1230051E-03
   7110.20  2.3838697E-02
   7110.40  5.2962457E-02
   7110.60  4.8000830E-03
   7110.80  1.4365355E-03
   7111.00  1.2928085E-01
   7111.20  9.8386904E-03
   7111.40  7.2647088E-03
   7111.60  3.9619235E-04
   7111.80  9.9982648E-04
   7112.00  6.0654115E-04
   7112.20  1.6377489E-03
   7112.40  2.8865426E-02
   7112.60  1.1017767E-02
   7112.80  1.6073344E-02
   7113.00  3.1177055E-02
   7113.20  6.1414300E-03
   7113.40  7.4868045E-03
   7113.60  1.2384179E-01
   7113.80  1.2970397E-02
   7114.00  3.3265122E-03
   7114.20  1.7084470E-03
   7114.40  1.1445589E-03
   7114.60  8.7598687E-04
   7114.80  7.4303576E-04
   7115.00  6.9262754E-04
   7115.20  6.9242907E-04
   7115.40  7.7463696E-04
   7115.60  1.0802529E-03
   7115.80  2.5381369E-03
   7116.00  6.0221573E-03
   7116.20  1.8321278E-03
   7116.40  1.8218250E-03
   7116.60  1.5735211E-03
   7116.80  2.3713630E-03
   7117.00  6.0440528E-03
   7117.20  5.9183363E-03
   7117.40  3.8107305E-03
   7117.60  3.0078354E-03
   7117.80  2.6175644E-03
   7118.00  2.1124838E-03
   7118.20  1.5886376E-03
   7118.40  1.3742110E-03
   7118.60  1.1439256E-03
   7118.80  1.0337142E-03
   7119.00  9.6956403E-04
   7119.20  9.3319748E-04
   7119.40  9.1548882E-04
   7119.60  9.1583081E-04
   7119.80  9.3499608E-04
   7120.00  9.7793283E-04
   7120.20  1.0583676E-03
   7120.40  1.3098770E-03
   7120.60  1.2934706E-03
   7120.80  1.2545523E-03
   7121.00  1.4020536E-03
   7121.20  1.6691628E-03
   7121.40  2.0273133E-03
   7121.60  2.4101639E-03
   7121.80  2.7521777E-03
   7122.00  3.0556442E-03
   7122.20  3.3098309E-03
   7122.40  3.5588006E-03
   7122.60  3.8341019E-03
   7122.80  4.2185580E-03
   7123.00  4.7817999E-03
   7123.20  5.4865882E-03
   7123.40  6.0108039E-03
   7123.60  6.0420290E-03
   7123.80  5.7792014E-03
   7124.00  5.5422652E-03
   7124.20  5.4323985E-03
   7124.40  5.4423005E-03
   7124.60  5.5416283E-03
   7124.80  5.7043039E-03
   7125.00  5.9244037E-03
   7125.20  6.1967739E-03
   7125.40  6.4788944E-03
   7125.60  6.7126418E-03
   7125.80  6.8711639E-03
   7126.00  6.9794703E-03
   7126.20  7.0805254E-03
   7126.40  7.1916438E-03
   7126.60  7.3184606E-03
   7126.80  7.4804588E-03
   7127.00  7.7156686E-03
   7127.20  8.0675894E-03
   7127.40  8.5690044E-03
   7127.60  9.2353170E-03
   7127.80  1.0060110E-02
   7128.00  1.1008704E-02
   7128.20  1.2023862E-02
   7128.40  1.3049566E-02
   7128.60  1.4045216E-02
   7128.80  1.4967409E-02
   7129.00  1.5746886E-02
   7129.20  1.6306274E-02
   7129.40  1.6617265E-02
   7129.60  1.6735992E-02
   7129.80  1.6763316E-02
   7130.00  1.6766401E-02
   7130.20  1.6752676E-02
   7130.40  1.6714148E-02
   7130.60  1.6675495E-02
   7130.80  1.6700687E-02
   7131.00  1.6875049E-02
   7131.20  1.7296972E-02
   7131.40  1.8079067E-02
   7131.60  1.9349736E-02
   7131.80  2.1243691E-02
   7132.00  2.3864555E-02
   7132.20  2.7207180E-02
   7132.40  3.1074093E-02
   7132.60  3.5126194E-02
   7132.80  3.9131595E-02
   7133.00  4.3001688E-02
   7133.20  4.6391282E-02
   7133.40  4.8938986E-02
   7133.60  5.0919768E-02
   7133.80  5.2923062E-02
   7134.00  5.5083901E-02
   7134.20  5.7356663E-02
   7134.40  5.9497753E-02
   7134.60  6.1215343E-02
   7134.80  6.2362823E-02
   7135.00  6.2971395E-02
   7135.20  6.3192852E-02
   7135.40  6.3193211E-02
   7135.60  6.3080082E-02
   7135.80  6.2899937E-02
   7136.00  6.2672033E-02
   7136.20  6.2434652E-02
   7136.40  6.2240344E-02
   7136.60  6.2108320E-02
   7136.80  6.1987652E-02
   7137.00  6.1743836E-02
   7137.20  6.1189390E-02
   7137.40  6.0147832E-02
   7137.60  5.8518421E-02
   7137.80  5.6311271E-02
   7138.00  5.3650104E-02
   7138.20  5.0653622E-02
   7138.40  4.7757690E-02
   7138.60  4.5178004E-02
   7138.80  4.3028691E-02
   7139.00  4.1345707E-02
   7139.20  4.0035836E-02
   7139.40  3.9186763E-02
   7139.60  3.8764101E-02
   7139.80  3.8604353E-02
   7140.00  3.8698783E-02
   7140.20  3.8906937E-02
   7140.40  3.9268766E-02
   7140.60  3.9723593E-02
   7140.80  4.0239462E-02
   7141.00  4.0785654E-02
   7141.20  4.1332623E-02
   7141.40  4.1851666E-02
   7141.60  4.2318159E-02
   7141.80  4.2713225E-02
   7142.00  4.3026074E-02
   7142.20  4.3255725E-02
   7142.40  4.3410302E-02
   7142.60  4.3509712E-02
   7142.80  4.3568102E-02
   7143.00  4.3599241E-02
   7143.20  4.3611463E-02
   7143.40  4.3623979E-02
   7143.60  4.3632797E-02
   7143.80  4.3636732E-02
   7144.00  4.3630994E-02
   7144.20  4.3608827E-02
   7144.40  4.3563842E-02
   7144.60  4.3492082E-02
   7144.80  4.3393737E-02
   7145.00  4.3272997E-02
   7145.20  4.3137942E-02
   7145.40  4.2999117E-02
   7145.60  4.2867733E-02
   7145.80  4.2753967E-02
   7146.00  4.2665689E-02
   7146.20  4.2607373E-02
   7146.40  4.2580046E-02
   7146.60  4.2581294E-02
   7146.80  4.2605749E-02
   7147.00  4.2645661E-02
   7147.20  4.2691919E-02
   7147.40  4.2734929E-02
   7147.60  4.2757960E-02
   7147.80  4.2767082E-02
   7148.00  4.2749668E-02
   7148.20  4.2701506E-02
   7148.40  4.2620541E-02
   7148.60  4.2506698E-02
   7148.80  4.2361484E-02
   7149.00  4.2187695E-02
   7149.20  4.1988994E-02
   7149.40  4.1769284E-02
   7149.60  4.1532672E-02
   7149.80  4.1287117E-02
   7150.00  4.1054372E-02
   7150.20  4.0814635E-02
   7150.40  4.0570634E-02
   7150.60  4.0324925E-02
   7150.80  4.0079638E-02
   7151.00  3.9836843E-02
   7151.20  3.9598085E-02
   7151.40  3.9364673E-02
   7151.60  3.9137733E-02
   7151.80  3.8917792E-02
   7152.00  3.8705450E-02
   7152.20  3.8500794E-02
   7152.40  3.8303866E-02
   7152.60  3.8114636E-02
   7152.80  3.7932739E-02
   7153.00  3.7757780E-02
   7153.20  3.7589141E-02
   7153.40  3.7426102E-02
   7153.60  3.7267803E-02
   7153.80  3.7113232E-02
   7154.00  3.6961365E-02
   7154.20  3.6811095E-02
   7154.40  3.6661344E-02
   7154.60  3.6511121E-02
   7154.80  3.6359913E-02
   7155.00  3.6207668E-02
   7155.20  3.6054920E-02
   7155.40  3.5902662E-02
   7155.60  3.5752836E-02
   7155.80  3.5608045E-02
   7156.00  3.5471744E-02
   7156.20  3.5346831E-02
   7156.40  3.5236188E-02
   7156.60  3.5142106E-02
   7156.80  3.5065853E-02
   7157.00  3.5007856E-02
   7157.20  3.4966891E-02
   7157.40  3.4940524E-02
   7157.60  3.4925789E-02
   7157.80  3.4919304E-02
   7158.00  3.4917554E-02
   7158.20  3.4917115E-02
   7158.40  3.4916568E-02
   7158.60  3.4913745E-02
   7158.80  3.4908096E-02
   7159.00  3.4900042E-02
   7159.20  3.4890834E-02
   7159.40  3.4882284E-02
   7159.60  3.4876688E-02
   7159.80  3.4875954E-02
   7160.00  3.4881790E-02
   7160.20  3.4895359E-02
   7160.40  3.4917017E-02
   7160.60  3.4946283E-02
   7160.80  3.4981847E-02
   7161.00  3.5021645E-02
   7161.20  3.5063049E-02
   7161.40  3.5102555E-02
   7161.60  3.5136601E-02
   7161.80  3.5161586E-02
   7162.00  3.5174132E-02
   7162.20  3.5171231E-02
   7162.40  3.5150420E-02
   7162.60  3.5110007E-02
   7162.80  3.5049067E-02
   7163.00  3.4967665E-02
   7163.20  3.4866110E-02
   7163.40  3.4745580E-02
   7163.60  3.4607802E-02
   7163.80  3.4455057E-02
   7164.00  3.4289855E-02
   7164.20  3.4114912E-02
   7164.40  3.3933117E-02
   7164.60  3.3747428E-02
   7164.80  3.3560837E-02
   7165.00  3.3376405E-02
   7165.20  3.3196591E-02
   7165.40  3.3023946E-02
   7165.60  3.2860826E-02
   7165.80  3.2709349E-02
   7166.00  3.2571284E-02
   7166.20  3.2447971E-02
   7166.40  3.2340318E-02
   7166.60  3.2248964E-02
   7166.80  3.2173843E-02
   7167.00  3.2114590E-02
   7167.20  3.2070603E-02
   7167.40  3.2040254E-02
   7167.60  3.2021698E-02
   7167.80  3.2012595E-02
   7168.00  3.2010383E-02
   7168.20  3.2012086E-02
   7168.40  3.2014903E-02
   7168.60  3.2015942E-02
   7168.80  3.2012593E-02
   7169.00  3.2002424E-02
   7169.20  3.1983464E-02
   7169.40  3.1954236E-02
   7169.60  3.1914029E-02
   7169.80  3.1862040E-02
   7170.00  3.1798300E-02
   7170.20  3.1723316E-02
   7170.40  3.1637781E-02
   7170.60  3.1542625E-02
   7170.80  3.1439256E-02
   7171.00  3.1329029E-02
   7171.20  3.1212843E-02
   7171.40  3.1091914E-02
   7171.60  3.0967323E-02
   7171.80  3.0840066E-02
   7172.00  3.0710867E-02
