  7112.000   26  1  1  4.0059924E-02 -1.8103066E+00 -1.2997016E+00  1  1  7.2655909E+03  0.0000000E+00  0.0000000E+00  3.0465064E+00  1.0000000E+00  0.0000000E+00 = E_edge, Z, n_edge, j_edge, Abs_before_edge, VO_interstitial, E_cut, ninitl, ninit1, Epsii, UnitCell_Volume, Surface_ref, f0_forward, natomsym_f, abs_u_i
    Energy    <xanes>    
   7097.00  2.1087104E-04
   7097.20  3.2023498E-05
   7097.40  2.5026186E-05
   7097.60  2.4626090E-05
   7097.80  2.5058932E-05
   7098.00  2.5925065E-05
   7098.20  2.7224674E-05
   7098.40  2.9104612E-05
   7098.60  3.1879528E-05
   7098.80  3.6197666E-05
   7099.00  4.3619696E-05
   7099.20  6.1037129E-05
   7099.40  5.1094882E-04
   7099.60  1.4562045E-04
   7099.80  4.4672919E-04
   7100.00  6.5851697E-03
   7100.20  1.1638470E-03
   7100.40  2.2165963E-04
   7100.60  1.0278076E-04
   7100.80  6.6587053E-05
   7101.00  5.2259163E-05
   7101.20  5.4233456E-05
   7101.40  9.0168034E-05
   7101.60  4.4646722E-05
   7101.80  1.2347726E-04
   7102.00  2.0661500E-04
   7102.20  4.9261574E-05
   7102.40  5.6550807E-05
   7102.60  9.8950622E-05
   7102.80  6.1873795E-03
   7103.00  7.0845129E-03
   7103.20  4.5833726E-03
   7103.40  7.2525807E-04
   7103.60  9.5737966E-05
   7103.80  5.8020654E-05
   7104.00  4.8923381E-05
   7104.20  1.0286971E-04
   7104.40  6.4595040E-05
   7104.60  4.1329477E-05
   7104.80  4.1157760E-05
   7105.00  4.5696577E-05
   7105.20  1.1645103E-04
   7105.40  2.3102426E-04
   7105.60  6.8664447E-04
   7105.80  1.4265478E-04
   7106.00  8.9036907E-05
   7106.20  8.1236441E-05
   7106.40  1.3104413E-04
   7106.60  1.3760283E-03
   7106.80  1.9854927E-03
   7107.00  4.8295471E-04
   7107.20  9.9638846E-04
   7107.40  2.2470878E-03
   7107.60  8.1272588E-04
   7107.80  2.7183096E-04
   7108.00  9.4522434E-04
   7108.20  2.3060581E-04
   7108.40  4.7284773E-04
   7108.60  2.2950713E-04
   7108.80  4.6094418E-04
   7109.00  2.5243303E-03
   7109.20  2.1554408E-03
   7109.40  9.1265743E-03
   7109.60  2.5181203E-02
   7109.80  1.0102819E-02
   7110.00  5.7761321E-03
   7110.20  2.1327172E-02
   7110.40  7.0332465E-03
   7110.60  2.4891007E-03
   7110.80  1.0134791E-01
   7111.00  3.8533169E-02
   7111.20  1.7814608E-02
   7111.40  2.6329716E-02
   7111.60  2.0861030E-02
   7111.80  1.1807502E-02
   7112.00  1.1481080E-02
   7112.20  6.7838431E-03
   7112.40  6.1990249E-03
   7112.60  7.1403876E-03
   7112.80  8.6665515E-03
   7113.00  9.4111221E-03
   7113.20  1.8821146E-02
   7113.40  3.6183061E-02
   7113.60  4.8630395E-02
   7113.80  4.5475837E-02
   7114.00  1.5020689E-01
   7114.20  1.9292265E-02
   7114.40  8.7862954E-03
   7114.60  6.2535769E-03
   7114.80  5.1495454E-03
   7115.00  4.5419145E-03
   7115.20  4.1741448E-03
   7115.40  3.8739164E-03
   7115.60  3.7665704E-03
   7115.80  3.7348345E-03
   7116.00  3.7711684E-03
   7116.20  3.8755819E-03
   7116.40  4.0547495E-03
   7116.60  4.3225636E-03
   7116.80  4.7020499E-03
   7117.00  5.2271095E-03
   7117.20  5.9310353E-03
   7117.40  6.7869906E-03
   7117.60  7.7087388E-03
   7117.80  8.7283635E-03
   7118.00  9.7237251E-03
   7118.20  1.0209242E-02
   7118.40  1.0308089E-02
   7118.60  1.0572086E-02
   7118.80  1.1087605E-02
   7119.00  1.1726637E-02
   7119.20  1.2359214E-02
   7119.40  1.2901510E-02
   7119.60  1.3318218E-02
   7119.80  1.3613354E-02
   7120.00  1.3818708E-02
   7120.20  1.3982310E-02
   7120.40  1.4157842E-02
   7120.60  1.4394935E-02
   7120.80  1.4728737E-02
   7121.00  1.5166973E-02
   7121.20  1.5678732E-02
   7121.40  1.6208969E-02
   7121.60  1.6729454E-02
   7121.80  1.7235729E-02
   7122.00  1.7690822E-02
   7122.20  1.8057960E-02
   7122.40  1.8372854E-02
   7122.60  1.8660175E-02
   7122.80  1.8961930E-02
   7123.00  1.9367611E-02
   7123.20  2.0013261E-02
   7123.40  2.0921245E-02
   7123.60  2.2119694E-02
   7123.80  2.3384237E-02
   7124.00  2.4645503E-02
   7124.20  2.5850843E-02
   7124.40  2.6928208E-02
   7124.60  2.7756916E-02
   7124.80  2.8391237E-02
   7125.00  2.8824788E-02
   7125.20  2.9156177E-02
   7125.40  2.9587079E-02
   7125.60  3.0195122E-02
   7125.80  3.1058633E-02
   7126.00  3.2089390E-02
   7126.20  3.3189865E-02
   7126.40  3.4373510E-02
   7126.60  3.5643984E-02
   7126.80  3.6890046E-02
   7127.00  3.7954404E-02
   7127.20  3.8739566E-02
   7127.40  3.9218662E-02
   7127.60  3.9458556E-02
   7127.80  3.9562056E-02
   7128.00  3.9649453E-02
   7128.20  3.9741114E-02
   7128.40  3.9885884E-02
   7128.60  4.0055389E-02
   7128.80  4.0192670E-02
   7129.00  4.0253809E-02
   7129.20  4.0221415E-02
   7129.40  4.0091463E-02
   7129.60  3.9864715E-02
   7129.80  3.9545785E-02
   7130.00  3.9150291E-02
   7130.20  3.8722645E-02
   7130.40  3.8347272E-02
   7130.60  3.8126859E-02
   7130.80  3.8134036E-02
   7131.00  3.8388318E-02
   7131.20  3.8849075E-02
   7131.40  3.9459586E-02
   7131.60  4.0165519E-02
   7131.80  4.0919660E-02
   7132.00  4.1683628E-02
   7132.20  4.2428605E-02
   7132.40  4.3133066E-02
   7132.60  4.3781791E-02
   7132.80  4.4364091E-02
   7133.00  4.4870587E-02
   7133.20  4.5291404E-02
   7133.40  4.5616830E-02
   7133.60  4.5840375E-02
   7133.80  4.5964870E-02
   7134.00  4.6048807E-02
   7134.20  4.6077288E-02
   7134.40  4.6087025E-02
   7134.60  4.6099299E-02
   7134.80  4.6053466E-02
   7135.00  4.5969097E-02
   7135.20  4.5840409E-02
   7135.40  4.5663007E-02
   7135.60  4.5434183E-02
   7135.80  4.5153417E-02
   7136.00  4.4822735E-02
   7136.20  4.4446655E-02
   7136.40  4.4037250E-02
   7136.60  4.3605087E-02
   7136.80  4.3152854E-02
   7137.00  4.2690375E-02
   7137.20  4.2226989E-02
   7137.40  4.1770851E-02
   7137.60  4.1328465E-02
   7137.80  4.0904536E-02
   7138.00  4.0502107E-02
   7138.20  4.0122767E-02
   7138.40  3.9767028E-02
   7138.60  3.9434746E-02
   7138.80  3.9125418E-02
   7139.00  3.8838379E-02
   7139.20  3.8572926E-02
   7139.40  3.8328329E-02
   7139.60  3.8103619E-02
   7139.80  3.7897320E-02
   7140.00  3.7707079E-02
   7140.20  3.7529656E-02
   7140.40  3.7361470E-02
   7140.60  3.7199166E-02
   7140.80  3.7041269E-02
   7141.00  3.6888377E-02
   7141.20  3.6742825E-02
   7141.40  3.6607401E-02
   7141.60  3.6483954E-02
   7141.80  3.6372621E-02
   7142.00  3.6271724E-02
   7142.20  3.6177816E-02
   7142.40  3.6086202E-02
   7142.60  3.5988498E-02
   7142.80  3.5882613E-02
   7143.00  3.5765880E-02
   7143.20  3.5634818E-02
   7143.40  3.5487277E-02
   7143.60  3.5321271E-02
   7143.80  3.5135992E-02
   7144.00  3.4931201E-02
   7144.20  3.4706887E-02
   7144.40  3.4463761E-02
   7144.60  3.4202592E-02
   7144.80  3.3924257E-02
   7145.00  3.3629982E-02
   7145.20  3.3321345E-02
   7145.40  3.2999742E-02
   7145.60  3.2667088E-02
   7145.80  3.2325842E-02
   7146.00  3.1978598E-02
   7146.20  3.1627908E-02
   7146.40  3.1276816E-02
   7146.60  3.0928384E-02
   7146.80  3.0585994E-02
   7147.00  3.0252614E-02
   7147.20  2.9931265E-02
   7147.40  2.9624800E-02
   7147.60  2.9335887E-02
   7147.80  2.9067219E-02
   7148.00  2.8820966E-02
   7148.20  2.8598997E-02
   7148.40  2.8402983E-02
   7148.60  2.8234222E-02
   7148.80  2.8093698E-02
   7149.00  2.7981823E-02
   7149.20  2.7903100E-02
   7149.40  2.7848948E-02
   7149.60  2.7821687E-02
   7149.80  2.7819402E-02
   7150.00  2.7842623E-02
   7150.20  2.7883498E-02
   7150.40  2.7940096E-02
   7150.60  2.8011306E-02
   7150.80  2.8096637E-02
   7151.00  2.8188935E-02
   7151.20  2.8287159E-02
   7151.40  2.8388945E-02
   7151.60  2.8492206E-02
   7151.80  2.8595133E-02
   7152.00  2.8696167E-02
   7152.20  2.8793989E-02
   7152.40  2.8887389E-02
   7152.60  2.8975450E-02
   7152.80  2.9057881E-02
   7153.00  2.9133965E-02
   7153.20  2.9203100E-02
   7153.40  2.9265022E-02
   7153.60  2.9318724E-02
   7153.80  2.9364002E-02
   7154.00  2.9400039E-02
   7154.20  2.9423281E-02
   7154.40  2.9437774E-02
   7154.60  2.9440610E-02
   7154.80  2.9430864E-02
   7155.00  2.9408099E-02
   7155.20  2.9371160E-02
   7155.40  2.9318761E-02
   7155.60  2.9250119E-02
   7155.80  2.9164897E-02
   7156.00  2.9062067E-02
   7156.20  2.8941016E-02
   7156.40  2.8801622E-02
   7156.60  2.8644223E-02
   7156.80  2.8469891E-02
   7157.00  2.8278668E-02
   7157.20  2.8071910E-02
   7157.40  2.7851494E-02
   7157.60  2.7619722E-02
   7157.80  2.7379703E-02
   7158.00  2.7133779E-02
   7158.20  2.6885013E-02
   7158.40  2.6636509E-02
   7158.60  2.6391299E-02
   7158.80  2.6152427E-02
   7159.00  2.5922748E-02
   7159.20  2.5704234E-02
   7159.40  2.5498793E-02
   7159.60  2.5308055E-02
   7159.80  2.5133414E-02
   7160.00  2.4975939E-02
   7160.20  2.4836853E-02
   7160.40  2.4716396E-02
   7160.60  2.4614733E-02
   7160.80  2.4531837E-02
   7161.00  2.4467543E-02
   7161.20  2.4421561E-02
   7161.40  2.4393352E-02
   7161.60  2.4380313E-02
   7161.80  2.4386204E-02
   7162.00  2.4407701E-02
   7162.20  2.4443895E-02
   7162.40  2.4492333E-02
   7162.60  2.4554982E-02
   7162.80  2.4629347E-02
   7163.00  2.4714399E-02
   7163.20  2.4812107E-02
   7163.40  2.4915985E-02
   7163.60  2.5027648E-02
   7163.80  2.5146227E-02
   7164.00  2.5270933E-02
   7164.20  2.5400839E-02
   7164.40  2.5535284E-02
   7164.60  2.5673638E-02
   7164.80  2.5815549E-02
   7165.00  2.5961446E-02
   7165.20  2.6109225E-02
   7165.40  2.6258780E-02
   7165.60  2.6409798E-02
   7165.80  2.6562157E-02
   7166.00  2.6715485E-02
   7166.20  2.6869471E-02
   7166.40  2.7023958E-02
   7166.60  2.7178554E-02
   7166.80  2.7332890E-02
   7167.00  2.7486426E-02
   7167.20  2.7638802E-02
   7167.40  2.7789625E-02
   7167.60  2.7938247E-02
   7167.80  2.8084027E-02
   7168.00  2.8226536E-02
   7168.20  2.8365310E-02
   7168.40  2.8499707E-02
   7168.60  2.8629271E-02
   7168.80  2.8753641E-02
   7169.00  2.8872561E-02
   7169.20  2.8986082E-02
   7169.40  2.9093913E-02
   7169.60  2.9196252E-02
   7169.80  2.9293190E-02
   7170.00  2.9384941E-02
   7170.20  2.9471862E-02
   7170.40  2.9554789E-02
   7170.60  2.9634062E-02
   7170.80  2.9710223E-02
   7171.00  2.9783858E-02
   7171.20  2.9855566E-02
   7171.40  2.9925938E-02
   7171.60  2.9995544E-02
   7171.80  3.0065017E-02
   7172.00  3.0134652E-02
