  7112.000   26  1  1  1.7403278E-02 -2.4242438E+00 -2.7585613E-01  1  1  7.2652066E+03  0.0000000E+00  0.0000000E+00  1.3871912E+00  1.0000000E+00  0.0000000E+00 = E_edge, Z, n_edge, j_edge, Abs_before_edge, VO_interstitial, E_cut, ninitl, ninit1, Epsii, UnitCell_Volume, Surface_ref, f0_forward, natomsym_f, abs_u_i
    Energy    <xanes>    
   7097.00  2.6975739E-05
   7097.20  2.7721240E-05
   7097.40  2.8586748E-05
   7097.60  2.9597991E-05
   7097.80  3.0788845E-05
   7098.00  3.2204767E-05
   7098.20  3.3909595E-05
   7098.40  3.5997075E-05
   7098.60  3.8616712E-05
   7098.80  4.2043975E-05
   7099.00  4.6943551E-05
   7099.20  5.6051162E-05
   7099.40  1.1542727E-04
   7099.60  1.4823496E-04
   7099.80  8.3409854E-05
   7100.00  9.6047341E-05
   7100.20  1.2413795E-04
   7100.40  1.9439843E-04
   7100.60  3.3985241E-04
   7100.80  5.8503243E-04
   7101.00  5.2453775E-03
   7101.20  2.6817917E-03
   7101.40  9.4069156E-03
   7101.60  1.2571551E-02
   7101.80  1.3317083E-03
   7102.00  5.0307887E-04
   7102.20  2.7657394E-04
   7102.40  1.8394978E-04
   7102.60  1.3802627E-04
   7102.80  1.1293469E-04
   7103.00  9.8876716E-05
   7103.20  9.1608598E-05
   7103.40  8.9249147E-05
   7103.60  9.1180266E-05
   7103.80  9.7737152E-05
   7104.00  1.1039689E-04
   7104.20  1.3271192E-04
   7104.40  1.7334539E-04
   7104.60  2.5846118E-04
   7104.80  5.2364706E-04
   7105.00  8.9912766E-03
   7105.20  1.7836818E-03
   7105.40  8.8952260E-03
   7105.60  1.5991653E-02
   7105.80  1.8055568E-03
   7106.00  7.6376248E-02
   7106.20  1.5361061E-03
   7106.40  3.8381437E-04
   7106.60  2.6276218E-04
   7106.80  2.9590848E-04
   7107.00  1.7154844E-02
   7107.20  1.2433623E-03
   7107.40  3.4017525E-03
   7107.60  1.6328446E-02
   7107.80  1.1025916E-03
   7108.00  9.9934797E-03
   7108.20  3.8574086E-04
   7108.40  1.4590304E-04
   7108.60  1.0281764E-04
   7108.80  8.6353711E-05
   7109.00  7.8769381E-05
   7109.20  7.6128603E-05
   7109.40  7.7470006E-05
   7109.60  8.3900962E-05
   7109.80  1.0444928E-04
   7110.00  1.9919498E-04
   7110.20  3.0551993E-03
   7110.40  3.4103596E-03
   7110.60  2.9678155E-02
   7110.80  1.6897317E-02
   7111.00  2.5463911E-03
   7111.20  2.5069622E-03
   7111.40  2.7782265E-03
   7111.60  7.5880110E-03
   7111.80  5.9365845E-02
   7112.00  2.5488231E-02
   7112.20  8.1196545E-03
   7112.40  5.4242670E-03
   7112.60  5.4425858E-03
   7112.80  7.3816772E-03
   7113.00  1.3273955E-02
   7113.20  3.2643139E-02
   7113.40  7.7679910E-02
   7113.60  8.0098528E-02
   7113.80  3.6950082E-02
   7114.00  1.7309546E-02
   7114.20  1.0235415E-02
   7114.40  7.0289546E-03
   7114.60  5.3165677E-03
   7114.80  4.3110390E-03
   7115.00  3.7123193E-03
   7115.20  3.4555382E-03
   7115.40  3.9127575E-03
   7115.60  4.6769693E-03
   7115.80  5.9410519E-03
   7116.00  1.0127082E-02
   7116.20  4.9549612E-03
   7116.40  2.6815565E-03
   7116.60  1.9543932E-03
   7116.80  1.6204210E-03
   7117.00  1.4238934E-03
   7117.20  1.2905657E-03
   7117.40  1.1938491E-03
   7117.60  1.1233103E-03
   7117.80  1.0693417E-03
   7118.00  1.0235071E-03
   7118.20  1.0253077E-03
   7118.40  1.0506443E-03
   7118.60  1.0999889E-03
   7118.80  1.1736307E-03
   7119.00  1.2722171E-03
   7119.20  1.3975500E-03
   7119.40  1.5533819E-03
   7119.60  1.7453673E-03
   7119.80  1.9806014E-03
   7120.00  2.2789185E-03
   7120.20  2.6221107E-03
   7120.40  3.0134999E-03
   7120.60  3.4317388E-03
   7120.80  3.8381882E-03
   7121.00  4.1872318E-03
   7121.20  4.4491870E-03
   7121.40  4.6285404E-03
   7121.60  4.8220816E-03
   7121.80  4.9506086E-03
   7122.00  5.1135612E-03
   7122.20  5.3394354E-03
   7122.40  5.6486840E-03
   7122.60  6.0559555E-03
   7122.80  6.5688375E-03
   7123.00  7.1807279E-03
   7123.20  7.8652007E-03
   7123.40  8.5697507E-03
   7123.60  9.2574351E-03
   7123.80  9.9427459E-03
   7124.00  1.0635896E-02
   7124.20  1.1376394E-02
   7124.40  1.2183582E-02
   7124.60  1.3065359E-02
   7124.80  1.4016759E-02
   7125.00  1.5018040E-02
   7125.20  1.6037428E-02
   7125.40  1.7045033E-02
   7125.60  1.8036084E-02
   7125.80  1.9045225E-02
   7126.00  2.0135651E-02
   7126.20  2.1372405E-02
   7126.40  2.2803364E-02
   7126.60  2.4455744E-02
   7126.80  2.6340940E-02
   7127.00  2.8459585E-02
   7127.20  3.0804021E-02
   7127.40  3.3359121E-02
   7127.60  3.6103481E-02
   7127.80  3.9012666E-02
   7128.00  4.2067568E-02
   7128.20  4.5257691E-02
   7128.40  4.8579091E-02
   7128.60  5.1992091E-02
   7128.80  5.5286189E-02
   7129.00  5.7862164E-02
   7129.20  5.8692971E-02
   7129.40  5.6921782E-02
   7129.60  5.2781247E-02
   7129.80  4.7516148E-02
   7130.00  4.2366007E-02
   7130.20  3.7971345E-02
   7130.40  3.4474017E-02
   7130.60  3.1785329E-02
   7130.80  2.9754791E-02
   7131.00  2.8239027E-02
   7131.20  2.7120821E-02
   7131.40  2.6309161E-02
   7131.60  2.5734294E-02
   7131.80  2.5342912E-02
   7132.00  2.5093800E-02
   7132.20  2.4954825E-02
   7132.40  2.4900239E-02
   7132.60  2.4909256E-02
   7132.80  2.4964879E-02
   7133.00  2.5053096E-02
   7133.20  2.5162423E-02
   7133.40  2.5283397E-02
   7133.60  2.5408089E-02
   7133.80  2.5551986E-02
   7134.00  2.5740040E-02
   7134.20  2.5848499E-02
   7134.40  2.5946620E-02
   7134.60  2.6034023E-02
   7134.80  2.6111063E-02
   7135.00  2.6178523E-02
   7135.20  2.6237453E-02
   7135.40  2.6289149E-02
   7135.60  2.6334640E-02
   7135.80  2.6375004E-02
   7136.00  2.6411394E-02
   7136.20  2.6445035E-02
   7136.40  2.6477240E-02
   7136.60  2.6509650E-02
   7136.80  2.6543977E-02
   7137.00  2.6582139E-02
   7137.20  2.6626186E-02
   7137.40  2.6678248E-02
   7137.60  2.6740361E-02
   7137.80  2.6814402E-02
   7138.00  2.6902024E-02
   7138.20  2.7004503E-02
   7138.40  2.7122711E-02
   7138.60  2.7257217E-02
   7138.80  2.7408330E-02
   7139.00  2.7576086E-02
   7139.20  2.7760385E-02
   7139.40  2.7960999E-02
   7139.60  2.8177693E-02
   7139.80  2.8410365E-02
   7140.00  2.8661510E-02
   7140.20  2.8929605E-02
   7140.40  2.9226451E-02
   7140.60  2.9524789E-02
   7140.80  2.9835769E-02
   7141.00  3.0158611E-02
   7141.20  3.0492417E-02
   7141.40  3.0836315E-02
   7141.60  3.1189163E-02
   7141.80  3.1549456E-02
   7142.00  3.1915803E-02
   7142.20  3.2286958E-02
   7142.40  3.2661351E-02
   7142.60  3.3037475E-02
   7142.80  3.3414033E-02
   7143.00  3.3790117E-02
   7143.20  3.4164882E-02
   7143.40  3.4537742E-02
   7143.60  3.4908256E-02
   7143.80  3.5276436E-02
   7144.00  3.5642846E-02
   7144.20  3.6007752E-02
   7144.40  3.6371748E-02
   7144.60  3.6735543E-02
   7144.80  3.7158125E-02
   7145.00  3.7526205E-02
   7145.20  3.7896327E-02
   7145.40  3.8268935E-02
   7145.60  3.8644292E-02
   7145.80  3.9022567E-02
   7146.00  3.9403776E-02
   7146.20  3.9787937E-02
   7146.40  4.0174748E-02
   7146.60  4.0563549E-02
   7146.80  4.0953729E-02
   7147.00  4.1344597E-02
   7147.20  4.1735293E-02
   7147.40  4.2125132E-02
   7147.60  4.2513772E-02
   7147.80  4.2900391E-02
   7148.00  4.3284005E-02
   7148.20  4.3663877E-02
   7148.40  4.4039254E-02
   7148.60  4.4409416E-02
   7148.80  4.4773701E-02
   7149.00  4.5131401E-02
   7149.20  4.5482191E-02
   7149.40  4.5825043E-02
   7149.60  4.6159302E-02
   7149.80  4.6484316E-02
   7150.00  4.6799493E-02
   7150.20  4.7104355E-02
   7150.40  4.7398092E-02
   7150.60  4.7680084E-02
   7150.80  4.7949866E-02
   7151.00  4.8206935E-02
   7151.20  4.8450458E-02
   7151.40  4.8679824E-02
   7151.60  4.8894473E-02
   7151.80  4.9093885E-02
   7152.00  4.9277526E-02
   7152.20  4.9444970E-02
   7152.40  4.9595847E-02
   7152.60  4.9717312E-02
   7152.80  4.9833012E-02
   7153.00  4.9931535E-02
   7153.20  5.0012790E-02
   7153.40  5.0076838E-02
   7153.60  5.0123853E-02
   7153.80  5.0154030E-02
   7154.00  5.0167794E-02
   7154.20  5.0165542E-02
   7154.40  5.0147879E-02
   7154.60  5.0115396E-02
   7154.80  5.0068928E-02
   7155.00  5.0006429E-02
   7155.20  4.9930291E-02
   7155.40  4.9842513E-02
   7155.60  4.9744239E-02
   7155.80  4.9636188E-02
   7156.00  4.9519206E-02
   7156.20  4.9394210E-02
   7156.40  4.9262122E-02
   7156.60  4.9124216E-02
   7156.80  4.8980868E-02
   7157.00  4.8832903E-02
   7157.20  4.8680980E-02
   7157.40  4.8525639E-02
   7157.60  4.8367316E-02
   7157.80  4.8206852E-02
   7158.00  4.8044220E-02
   7158.20  4.7879638E-02
   7158.40  4.7713162E-02
   7158.60  4.7545000E-02
   7158.80  4.7374889E-02
   7159.00  4.7202731E-02
   7159.20  4.7028664E-02
   7159.40  4.6851937E-02
   7159.60  4.6672139E-02
   7159.80  4.6484891E-02
   7160.00  4.6297571E-02
   7160.20  4.6105744E-02
   7160.40  4.5908938E-02
   7160.60  4.5706900E-02
   7160.80  4.5499076E-02
   7161.00  4.5284784E-02
   7161.20  4.5063636E-02
   7161.40  4.4835167E-02
   7161.60  4.4599021E-02
   7161.80  4.4354932E-02
   7162.00  4.4102520E-02
   7162.20  4.3841580E-02
   7162.40  4.3572369E-02
   7162.60  4.3294230E-02
   7162.80  4.3006966E-02
   7163.00  4.2710472E-02
   7163.20  4.2404688E-02
   7163.40  4.2089591E-02
   7163.60  4.1764116E-02
   7163.80  4.1428992E-02
   7164.00  4.1084870E-02
   7164.20  4.0732416E-02
   7164.40  4.0371831E-02
   7164.60  4.0003187E-02
   7164.80  3.9626960E-02
   7165.00  3.9243677E-02
   7165.20  3.8854007E-02
   7165.40  3.8458596E-02
   7165.60  3.8058154E-02
   7165.80  3.7653508E-02
   7166.00  3.7245525E-02
   7166.20  3.6835039E-02
   7166.40  3.6423628E-02
   7166.60  3.6011664E-02
   7166.80  3.5600081E-02
   7167.00  3.5189833E-02
   7167.20  3.4781826E-02
   7167.40  3.4376857E-02
   7167.60  3.3975847E-02
   7167.80  3.3579704E-02
   7168.00  3.3189151E-02
   7168.20  3.2804900E-02
   7168.40  3.2427579E-02
   7168.60  3.2057761E-02
   7168.80  3.1696766E-02
   7169.00  3.1344456E-02
   7169.20  3.1001280E-02
   7169.40  3.0667638E-02
   7169.60  3.0343833E-02
   7169.80  3.0030223E-02
   7170.00  2.9727117E-02
   7170.20  2.9434712E-02
   7170.40  2.9153146E-02
   7170.60  2.8882577E-02
   7170.80  2.8623008E-02
   7171.00  2.8374506E-02
   7171.20  2.8137072E-02
   7171.40  2.7911009E-02
   7171.60  2.7695955E-02
   7171.80  2.7491617E-02
   7172.00  2.7297880E-02
