  7112.000   26  1  1  7.6687611E-03 -2.1001772E+00 -1.5976618E+00  1  1  7.2655863E+03  0.0000000E+00  0.0000000E+00  1.7372832E+00  1.0000000E+00  0.0000000E+00 = E_edge, Z, n_edge, j_edge, Abs_before_edge, VO_interstitial, E_cut, ninitl, ninit1, Epsii, UnitCell_Volume, Surface_ref, f0_forward, natomsym_f, abs_u_i
    Energy    <xanes>    
   7097.00  2.8556650E-05
   7097.20  3.3886798E-05
   7097.40  4.5520921E-05
   7097.60  7.9465350E-05
   7097.80  2.7452049E-04
   7098.00  3.7130565E-02
   7098.20  2.2107103E-04
   7098.40  7.3328144E-05
   7098.60  4.4376266E-05
   7098.80  3.4228328E-05
   7099.00  2.9751550E-05
   7099.20  2.7691483E-05
   7099.40  2.7075460E-05
   7099.60  2.7926739E-05
   7099.80  3.1898703E-05
   7100.00  5.1380102E-05
   7100.20  1.0158437E-03
   7100.40  8.5136883E-05
   7100.60  3.7805682E-05
   7100.80  3.3141613E-05
   7101.00  3.6818235E-05
   7101.20  5.9814866E-05
   7101.40  9.8909104E-04
   7101.60  1.1710462E-04
   7101.80  1.1355281E-04
   7102.00  1.8383841E-03
   7102.20  6.9055004E-05
   7102.40  4.3205231E-05
   7102.60  4.2872181E-05
   7102.80  6.9543061E-05
   7103.00  2.0820376E-03
   7103.20  9.0297219E-05
   7103.40  9.9903835E-05
   7103.60  1.6146753E-04
   7103.80  2.2416660E-03
   7104.00  3.3107006E-03
   7104.20  7.5740853E-04
   7104.40  1.2861331E-04
   7104.60  5.8328918E-04
   7104.80  6.2288765E-05
   7105.00  4.6947140E-05
   7105.20  4.9998499E-05
   7105.40  2.1394559E-04
   7105.60  8.3614998E-05
   7105.80  4.6362069E-05
   7106.00  5.0837377E-05
   7106.20  5.9707248E-05
   7106.40  9.1518346E-05
   7106.60  6.4242220E-05
   7106.80  1.4843013E-04
   7107.00  2.2932372E-04
   7107.20  1.8027936E-04
   7107.40  1.1094327E-03
   7107.60  1.8835166E-03
   7107.80  1.2262530E-02
   7108.00  2.4269019E-04
   7108.20  7.6096674E-04
   7108.40  2.5377280E-04
   7108.60  1.1925078E-03
   7108.80  4.5606173E-04
   7109.00  1.8323279E-03
   7109.20  2.5706620E-02
   7109.40  5.6364102E-03
   7109.60  8.4545685E-03
   7109.80  6.8567305E-03
   7110.00  1.2085542E-03
   7110.20  3.3906163E-04
   7110.40  4.6884521E-02
   7110.60  4.9666694E-03
   7110.80  4.3860925E-03
   7111.00  9.9333656E-03
   7111.20  8.0219022E-03
   7111.40  3.8571793E-03
   7111.60  8.5770401E-03
   7111.80  2.3383947E-02
   7112.00  6.0526085E-02
   7112.20  2.6499856E-02
   7112.40  1.1947363E-02
   7112.60  1.0674138E-02
   7112.80  1.4323659E-02
   7113.00  1.5771198E-02
   7113.20  1.5663946E-02
   7113.40  1.7277684E-02
   7113.60  3.0214101E-02
   7113.80  5.9669332E-02
   7114.00  4.1659304E-02
   7114.20  3.0921727E-02
   7114.40  1.8562924E-02
   7114.60  1.0879475E-02
   7114.80  7.6267911E-03
   7115.00  6.4039593E-03
   7115.20  6.3276638E-03
   7115.40  7.3145139E-03
   7115.60  9.8465645E-03
   7115.80  1.5049385E-02
   7116.00  2.3938753E-02
   7116.20  3.3356134E-02
   7116.40  3.7649138E-02
   7116.60  3.4859815E-02
   7116.80  2.6917913E-02
   7117.00  2.0607856E-02
   7117.20  1.6431585E-02
   7117.40  1.3752872E-02
   7117.60  1.2012591E-02
   7117.80  1.0877373E-02
   7118.00  1.0158951E-02
   7118.20  9.7336451E-03
   7118.40  9.4657342E-03
   7118.60  9.2100789E-03
   7118.80  8.9532806E-03
   7119.00  8.7240753E-03
   7119.20  8.4515997E-03
   7119.40  8.0819254E-03
   7119.60  7.6687136E-03
   7119.80  7.2888910E-03
   7120.00  6.9846409E-03
   7120.20  6.7609068E-03
   7120.40  6.5897001E-03
   7120.60  6.4356075E-03
   7120.80  6.2796656E-03
   7121.00  6.1171389E-03
   7121.20  5.9489421E-03
   7121.40  5.7799033E-03
   7121.60  5.6216434E-03
   7121.80  5.4949613E-03
   7122.00  5.4271644E-03
   7122.20  5.4426123E-03
   7122.40  5.5700156E-03
   7122.60  5.7646484E-03
   7122.80  6.0319716E-03
   7123.00  6.3367580E-03
   7123.20  6.6779237E-03
   7123.40  7.0595429E-03
   7123.60  7.4933972E-03
   7123.80  7.9951793E-03
   7124.00  8.5851553E-03
   7124.20  9.2911713E-03
   7124.40  1.0150594E-02
   7124.60  1.1201554E-02
   7124.80  1.2455189E-02
   7125.00  1.3865906E-02
   7125.20  1.5333055E-02
   7125.40  1.6741874E-02
   7125.60  1.7985738E-02
   7125.80  1.9013586E-02
   7126.00  1.9974363E-02
   7126.20  2.1061191E-02
   7126.40  2.2291230E-02
   7126.60  2.3479594E-02
   7126.80  2.4464386E-02
   7127.00  2.5172692E-02
   7127.20  2.5659536E-02
   7127.40  2.5991159E-02
   7127.60  2.6278514E-02
   7127.80  2.6588069E-02
   7128.00  2.6948340E-02
   7128.20  2.7351298E-02
   7128.40  2.7768909E-02
   7128.60  2.8190117E-02
   7128.80  2.8654194E-02
   7129.00  2.9335953E-02
   7129.20  3.0125308E-02
   7129.40  3.1151761E-02
   7129.60  3.2403379E-02
   7129.80  3.3826635E-02
   7130.00  3.5356815E-02
   7130.20  3.6950173E-02
   7130.40  3.8625591E-02
   7130.60  4.0401957E-02
   7130.80  4.2281338E-02
   7131.00  4.4208031E-02
   7131.20  4.6080699E-02
   7131.40  4.7818972E-02
   7131.60  4.9409268E-02
   7131.80  5.0875210E-02
   7132.00  5.2237125E-02
   7132.20  5.3501933E-02
   7132.40  5.4669135E-02
   7132.60  5.5739112E-02
   7132.80  5.6719134E-02
   7133.00  5.7625411E-02
   7133.20  5.8481813E-02
   7133.40  5.9319371E-02
   7133.60  6.0178920E-02
   7133.80  6.1115021E-02
   7134.00  6.2204560E-02
   7134.20  6.3557310E-02
   7134.40  6.5311695E-02
   7134.60  6.7559249E-02
   7134.80  7.0158919E-02
   7135.00  7.2606133E-02
   7135.20  7.4262550E-02
   7135.40  7.4734756E-02
   7135.60  7.3953849E-02
   7135.80  7.2055262E-02
   7136.00  6.9280742E-02
   7136.20  6.5920228E-02
   7136.40  6.2259720E-02
   7136.60  5.8539507E-02
   7136.80  5.4934967E-02
   7137.00  5.1556451E-02
   7137.20  4.8463678E-02
   7137.40  4.5681626E-02
   7137.60  4.3214669E-02
   7137.80  4.1055334E-02
   7138.00  3.9190907E-02
   7138.20  3.7604935E-02
   7138.40  3.6278582E-02
   7138.60  3.5200780E-02
   7138.80  3.4324112E-02
   7139.00  3.3619371E-02
   7139.20  3.3057180E-02
   7139.40  3.2610358E-02
   7139.60  3.2256060E-02
   7139.80  3.1977269E-02
   7140.00  3.1762222E-02
   7140.20  3.1603429E-02
   7140.40  3.1496323E-02
   7140.60  3.1438120E-02
   7140.80  3.1426394E-02
   7141.00  3.1458496E-02
   7141.20  3.1530966E-02
   7141.40  3.1639153E-02
   7141.60  3.1777035E-02
   7141.80  3.1937194E-02
   7142.00  3.2110523E-02
   7142.20  3.2286943E-02
   7142.40  3.2455714E-02
   7142.60  3.2606167E-02
   7142.80  3.2728286E-02
   7143.00  3.2813704E-02
   7143.20  3.2855979E-02
   7143.40  3.2851300E-02
   7143.60  3.2798425E-02
   7143.80  3.2698648E-02
   7144.00  3.2555420E-02
   7144.20  3.2373912E-02
   7144.40  3.2160380E-02
   7144.60  3.1921811E-02
   7144.80  3.1665453E-02
   7145.00  3.1398394E-02
   7145.20  3.1139247E-02
   7145.40  3.0887271E-02
   7145.60  3.0641722E-02
   7145.80  3.0407352E-02
   7146.00  3.0188342E-02
   7146.20  2.9988321E-02
   7146.40  2.9810266E-02
   7146.60  2.9656626E-02
   7146.80  2.9529331E-02
   7147.00  2.9415978E-02
   7147.20  2.9341624E-02
   7147.40  2.9301998E-02
   7147.60  2.9290775E-02
   7147.80  2.9307341E-02
   7148.00  2.9350415E-02
   7148.20  2.9418501E-02
   7148.40  2.9509889E-02
   7148.60  2.9620868E-02
   7148.80  2.9754259E-02
   7149.00  2.9905571E-02
   7149.20  3.0073342E-02
   7149.40  3.0256471E-02
   7149.60  3.0454341E-02
   7149.80  3.0668290E-02
   7150.00  3.0894017E-02
   7150.20  3.1133696E-02
   7150.40  3.1387668E-02
   7150.60  3.1655925E-02
   7150.80  3.1938562E-02
   7151.00  3.2245725E-02
   7151.20  3.2556610E-02
   7151.40  3.2880124E-02
   7151.60  3.3214848E-02
   7151.80  3.3558671E-02
   7152.00  3.3909143E-02
   7152.20  3.4263390E-02
   7152.40  3.4617949E-02
   7152.60  3.4971036E-02
   7152.80  3.5317751E-02
   7153.00  3.5653877E-02
   7153.20  3.5975783E-02
   7153.40  3.6280215E-02
   7153.60  3.6564432E-02
   7153.80  3.6826183E-02
   7154.00  3.7063569E-02
   7154.20  3.7275419E-02
   7154.40  3.7461185E-02
   7154.60  3.7620763E-02
   7154.80  3.7754478E-02
   7155.00  3.7863314E-02
   7155.20  3.7948529E-02
   7155.40  3.8011808E-02
   7155.60  3.8054827E-02
   7155.80  3.8079512E-02
   7156.00  3.8087905E-02
   7156.20  3.8082041E-02
   7156.40  3.8063770E-02
   7156.60  3.8034961E-02
   7156.80  3.7997532E-02
   7157.00  3.7952888E-02
   7157.20  3.7902496E-02
   7157.40  3.7847670E-02
   7157.60  3.7789557E-02
   7157.80  3.7729170E-02
   7158.00  3.7667422E-02
   7158.20  3.7604922E-02
   7158.40  3.7542461E-02
   7158.60  3.7480294E-02
   7158.80  3.7418765E-02
   7159.00  3.7357968E-02
   7159.20  3.7295634E-02
   7159.40  3.7236286E-02
   7159.60  3.7177633E-02
   7159.80  3.7119483E-02
   7160.00  3.7061576E-02
   7160.20  3.7003780E-02
   7160.40  3.6945559E-02
   7160.60  3.6886424E-02
   7160.80  3.6825909E-02
   7161.00  3.6763143E-02
   7161.20  3.6698617E-02
   7161.40  3.6633094E-02
   7161.60  3.6562644E-02
   7161.80  3.6488290E-02
   7162.00  3.6409590E-02
   7162.20  3.6326323E-02
   7162.40  3.6238086E-02
   7162.60  3.6144559E-02
   7162.80  3.6046009E-02
   7163.00  3.5940928E-02
   7163.20  3.5829222E-02
   7163.40  3.5713776E-02
   7163.60  3.5593137E-02
   7163.80  3.5467589E-02
   7164.00  3.5338029E-02
   7164.20  3.5204581E-02
   7164.40  3.5067579E-02
   7164.60  3.4927691E-02
   7164.80  3.4785201E-02
   7165.00  3.4641170E-02
   7165.20  3.4495673E-02
   7165.40  3.4349082E-02
   7165.60  3.4201847E-02
   7165.80  3.4054351E-02
   7166.00  3.3907135E-02
   7166.20  3.3760767E-02
   7166.40  3.3615023E-02
   7166.60  3.3470148E-02
   7166.80  3.3326300E-02
   7167.00  3.3183770E-02
   7167.20  3.3042395E-02
   7167.40  3.2902787E-02
   7167.60  3.2764328E-02
   7167.80  3.2627027E-02
   7168.00  3.2490937E-02
   7168.20  3.2356008E-02
   7168.40  3.2222167E-02
   7168.60  3.2086186E-02
   7168.80  3.1954618E-02
   7169.00  3.1826124E-02
   7169.20  3.1697112E-02
   7169.40  3.1568874E-02
   7169.60  3.1441419E-02
   7169.80  3.1314741E-02
   7170.00  3.1188623E-02
   7170.20  3.1062967E-02
   7170.40  3.0938085E-02
   7170.60  3.0813671E-02
   7170.80  3.0689669E-02
   7171.00  3.0566027E-02
   7171.20  3.0442766E-02
   7171.40  3.0319930E-02
   7171.60  3.0197700E-02
   7171.80  3.0076224E-02
   7172.00  2.9955642E-02
