  7112.000   26  1  1  2.3080140E-02 -2.2873148E+00 -1.2798413E+00  1  1  7.2651956E+03  0.0000000E+00  0.0000000E+00  3.3433909E+00  1.0000000E+00  0.0000000E+00 = E_edge, Z, n_edge, j_edge, Abs_before_edge, VO_interstitial, E_cut, ninitl, ninit1, Epsii, UnitCell_Volume, Surface_ref, f0_forward, natomsym_f, abs_u_i
    Energy    <xanes>    
   7097.00  1.9507652E-05
   7097.20  1.9492625E-05
   7097.40  1.9493644E-05
   7097.60  1.9509679E-05
   7097.80  1.9540500E-05
   7098.00  1.9586612E-05
   7098.20  1.9649121E-05
   7098.40  1.9729797E-05
   7098.60  1.9831297E-05
   7098.80  1.9957605E-05
   7099.00  2.0114978E-05
   7099.20  2.0314632E-05
   7099.40  2.0582214E-05
   7099.60  2.1008530E-05
   7099.80  2.2410848E-05
   7100.00  5.4258375E-05
   7100.20  2.2691396E-05
   7100.40  2.2893082E-05
   7100.60  2.3775466E-05
   7100.80  2.5258469E-05
   7101.00  2.8010552E-05
   7101.20  3.5773464E-05
   7101.40  2.3249132E-04
   7101.60  9.3831239E-05
   7101.80  2.5776353E-04
   7102.00  9.6229543E-05
   7102.20  3.0449506E-04
   7102.40  5.6264160E-02
   7102.60  2.3406998E-04
   7102.80  8.2561803E-05
   7103.00  6.5787064E-05
   7103.20  1.6554289E-04
   7103.40  1.1687159E-04
   7103.60  1.8523983E-04
   7103.80  6.3200211E-05
   7104.00  5.9913749E-05
   7104.20  2.2670354E-04
   7104.40  1.0797395E-04
   7104.60  1.2078619E-03
   7104.80  1.0846500E-04
   7105.00  3.4509569E-04
   7105.20  5.9601499E-03
   7105.40  2.5872622E-04
   7105.60  5.1917677E-03
   7105.80  1.0451849E-04
   7106.00  9.3926469E-04
   7106.20  2.0106801E-04
   7106.40  5.2749905E-02
   7106.60  2.5788939E-04
   7106.80  1.3294766E-03
   7107.00  1.2170368E-04
   7107.20  6.6757245E-04
   7107.40  4.9982034E-04
   7107.60  3.1663172E-03
   7107.80  2.0925710E-03
   7108.00  2.0877755E-03
   7108.20  1.2955230E-03
   7108.40  1.9991389E-03
   7108.60  8.3247898E-04
   7108.80  3.0015121E-04
   7109.00  1.1167854E-03
   7109.20  4.9996704E-04
   7109.40  1.4162916E-03
   7109.60  4.7466769E-03
   7109.80  1.3856018E-03
   7110.00  1.1736017E-04
   7110.20  3.9212397E-03
   7110.40  9.7933072E-03
   7110.60  2.5940091E-02
   7110.80  5.7474738E-03
   7111.00  7.7089441E-03
   7111.20  4.7219068E-03
   7111.40  8.7314005E-03
   7111.60  9.2891450E-03
   7111.80  1.1565900E-02
   7112.00  1.5329239E-02
   7112.20  1.4176925E-02
   7112.40  1.1516741E-02
   7112.60  1.2547031E-02
   7112.80  1.7101581E-02
   7113.00  2.5553557E-02
   7113.20  2.9175415E-02
   7113.40  2.2197874E-02
   7113.60  1.9992183E-02
   7113.80  2.4257695E-02
   7114.00  3.8485430E-02
   7114.20  4.7475877E-02
   7114.40  3.6828259E-02
   7114.60  2.5053717E-02
   7114.80  1.9323110E-02
   7115.00  1.8166375E-02
   7115.20  1.9760607E-02
   7115.40  2.1157072E-02
   7115.60  1.9944435E-02
   7115.80  1.7465176E-02
   7116.00  1.5447331E-02
   7116.20  1.4311568E-02
   7116.40  1.3998218E-02
   7116.60  1.4296163E-02
   7116.80  1.4932716E-02
   7117.00  1.5573976E-02
   7117.20  1.6912633E-02
   7117.40  2.0166809E-02
   7117.60  2.4064635E-02
   7117.80  2.3344464E-02
   7118.00  1.9665498E-02
   7118.20  1.7062724E-02
   7118.40  1.5008412E-02
   7118.60  1.2839551E-02
   7118.80  1.1098093E-02
   7119.00  1.0194103E-02
   7119.20  9.9224424E-03
   7119.40  9.4113887E-03
   7119.60  8.3168940E-03
   7119.80  7.4430548E-03
   7120.00  6.9878820E-03
   7120.20  6.7686497E-03
   7120.40  6.6276836E-03
   7120.60  6.4819446E-03
   7120.80  6.3901436E-03
   7121.00  6.4475445E-03
   7121.20  6.6531413E-03
   7121.40  6.9308669E-03
   7121.60  7.1790486E-03
   7121.80  7.3159087E-03
   7122.00  7.3168439E-03
   7122.20  7.2880093E-03
   7122.40  7.3834150E-03
   7122.60  7.6389117E-03
   7122.80  8.0376840E-03
   7123.00  8.4961161E-03
   7123.20  8.9384918E-03
   7123.40  9.0325515E-03
   7123.60  9.0112537E-03
   7123.80  9.2186386E-03
   7124.00  9.9191066E-03
   7124.20  1.1213598E-02
   7124.40  1.2926391E-02
   7124.60  1.4544298E-02
   7124.80  1.5768431E-02
   7125.00  1.6692367E-02
   7125.20  1.7444838E-02
   7125.40  1.8041618E-02
   7125.60  1.8429770E-02
   7125.80  1.8626637E-02
   7126.00  1.8790280E-02
   7126.20  1.9164414E-02
   7126.40  1.9977382E-02
   7126.60  2.1292252E-02
   7126.80  2.2914822E-02
   7127.00  2.4505986E-02
   7127.20  2.5772988E-02
   7127.40  2.6687972E-02
   7127.60  2.7555858E-02
   7127.80  2.8525290E-02
   7128.00  2.9728999E-02
   7128.20  3.1208661E-02
   7128.40  3.2946543E-02
   7128.60  3.4844936E-02
   7128.80  3.6703562E-02
   7129.00  3.8231962E-02
   7129.20  3.9456381E-02
   7129.40  4.0419113E-02
   7129.60  4.1159650E-02
   7129.80  4.1673427E-02
   7130.00  4.2115602E-02
   7130.20  4.2527066E-02
   7130.40  4.2959703E-02
   7130.60  4.3433588E-02
   7130.80  4.3979119E-02
   7131.00  4.4658858E-02
   7131.20  4.5519884E-02
   7131.40  4.6539729E-02
   7131.60  4.7638065E-02
   7131.80  4.8716992E-02
   7132.00  4.9688105E-02
   7132.20  5.0485315E-02
   7132.40  5.1073028E-02
   7132.60  5.1448502E-02
   7132.80  5.1633322E-02
   7133.00  5.1663726E-02
   7133.20  5.1588424E-02
   7133.40  5.1466924E-02
   7133.60  5.1391896E-02
   7133.80  5.1348773E-02
   7134.00  5.1395590E-02
   7134.20  5.1529860E-02
   7134.40  5.1725646E-02
   7134.60  5.1936714E-02
   7134.80  5.2136764E-02
   7135.00  5.2365448E-02
   7135.20  5.2716014E-02
   7135.40  5.3226308E-02
   7135.60  5.3797301E-02
   7135.80  5.4224509E-02
   7136.00  5.4279447E-02
   7136.20  5.3781297E-02
   7136.40  5.2653424E-02
   7136.60  5.0955280E-02
   7136.80  4.8863955E-02
   7137.00  4.6601610E-02
   7137.20  4.4362501E-02
   7137.40  4.2275370E-02
   7137.60  4.0406517E-02
   7137.80  3.8778950E-02
   7138.00  3.7390915E-02
   7138.20  3.6229505E-02
   7138.40  3.5276759E-02
   7138.60  3.4512906E-02
   7138.80  3.3918489E-02
   7139.00  3.3474946E-02
   7139.20  3.3165401E-02
   7139.40  3.2975108E-02
   7139.60  3.2891648E-02
   7139.80  3.2904818E-02
   7140.00  3.3006847E-02
   7140.20  3.3192980E-02
   7140.40  3.3462872E-02
   7140.60  3.3820473E-02
   7140.80  3.4273425E-02
   7141.00  3.4829771E-02
   7141.20  3.5492596E-02
   7141.40  3.6255567E-02
   7141.60  3.7099649E-02
   7141.80  3.7990347E-02
   7142.00  3.8878009E-02
   7142.20  3.9700452E-02
   7142.40  4.0390691E-02
   7142.60  4.0889244E-02
   7142.80  4.1155772E-02
   7143.00  4.1177296E-02
   7143.20  4.0968985E-02
   7143.40  4.0568376E-02
   7143.60  4.0025365E-02
   7143.80  3.9392446E-02
   7144.00  3.8717347E-02
   7144.20  3.8038878E-02
   7144.40  3.7385530E-02
   7144.60  3.6775703E-02
   7144.80  3.6219166E-02
   7145.00  3.5718441E-02
   7145.20  3.5270558E-02
   7145.40  3.4868887E-02
   7145.60  3.4504728E-02
   7145.80  3.4168622E-02
   7146.00  3.3851516E-02
   7146.20  3.3545718E-02
   7146.40  3.3245524E-02
   7146.60  3.2947675E-02
   7146.80  3.2651427E-02
   7147.00  3.2358296E-02
   7147.20  3.2071627E-02
   7147.40  3.1795723E-02
   7147.60  3.1538730E-02
   7147.80  3.1311233E-02
   7148.00  3.1104045E-02
   7148.20  3.0919201E-02
   7148.40  3.0758468E-02
   7148.60  3.0616975E-02
   7148.80  3.0501498E-02
   7149.00  3.0407477E-02
   7149.20  3.0332957E-02
   7149.40  3.0276513E-02
   7149.60  3.0236490E-02
   7149.80  3.0212997E-02
   7150.00  3.0205278E-02
   7150.20  3.0216907E-02
   7150.40  3.0242464E-02
   7150.60  3.0288452E-02
   7150.80  3.0353304E-02
   7151.00  3.0439385E-02
   7151.20  3.0548056E-02
   7151.40  3.0680640E-02
   7151.60  3.0837008E-02
   7151.80  3.1017550E-02
   7152.00  3.1221851E-02
   7152.20  3.1448961E-02
   7152.40  3.1697210E-02
   7152.60  3.1965338E-02
   7152.80  3.2248182E-02
   7153.00  3.2543233E-02
   7153.20  3.2846639E-02
   7153.40  3.3154425E-02
   7153.60  3.3462678E-02
   7153.80  3.3767799E-02
   7154.00  3.4066510E-02
   7154.20  3.4356258E-02
   7154.40  3.4634914E-02
   7154.60  3.4901068E-02
   7154.80  3.5154094E-02
   7155.00  3.5393798E-02
   7155.20  3.5620559E-02
   7155.40  3.5834866E-02
   7155.60  3.6038538E-02
   7155.80  3.6232348E-02
   7156.00  3.6416237E-02
   7156.20  3.6591174E-02
   7156.40  3.6757684E-02
   7156.60  3.6916215E-02
   7156.80  3.7066996E-02
   7157.00  3.7210040E-02
   7157.20  3.7345163E-02
   7157.40  3.7471883E-02
   7157.60  3.7589609E-02
   7157.80  3.7697586E-02
   7158.00  3.7795085E-02
   7158.20  3.7881335E-02
   7158.40  3.7955553E-02
   7158.60  3.8017232E-02
   7158.80  3.8066125E-02
   7159.00  3.8101948E-02
   7159.20  3.8124716E-02
   7159.40  3.8134598E-02
   7159.60  3.8131896E-02
   7159.80  3.8117107E-02
   7160.00  3.8090386E-02
   7160.20  3.8051974E-02
   7160.40  3.8002031E-02
   7160.60  3.7940027E-02
   7160.80  3.7864075E-02
   7161.00  3.7779445E-02
   7161.20  3.7682599E-02
   7161.40  3.7573195E-02
   7161.60  3.7450799E-02
   7161.80  3.7315002E-02
   7162.00  3.7165368E-02
   7162.20  3.7001247E-02
   7162.40  3.6825220E-02
   7162.60  3.6632248E-02
   7162.80  3.6428914E-02
   7163.00  3.6210771E-02
   7163.20  3.5976061E-02
   7163.40  3.5731210E-02
   7163.60  3.5475463E-02
   7163.80  3.5210838E-02
   7164.00  3.4938062E-02
   7164.20  3.4659001E-02
   7164.40  3.4371322E-02
   7164.60  3.4083469E-02
   7164.80  3.3794540E-02
   7165.00  3.3506663E-02
   7165.20  3.3220916E-02
   7165.40  3.2938910E-02
   7165.60  3.2662178E-02
   7165.80  3.2392138E-02
   7166.00  3.2130076E-02
   7166.20  3.1877612E-02
   7166.40  3.1635677E-02
   7166.60  3.1404965E-02
   7166.80  3.1186213E-02
   7167.00  3.0979915E-02
   7167.20  3.0786452E-02
   7167.40  3.0605984E-02
   7167.60  3.0438633E-02
   7167.80  3.0284898E-02
   7168.00  3.0139888E-02
   7168.20  3.0011689E-02
   7168.40  2.9896971E-02
   7168.60  2.9791975E-02
   7168.80  2.9697342E-02
   7169.00  2.9612179E-02
   7169.20  2.9535597E-02
   7169.40  2.9467074E-02
   7169.60  2.9405531E-02
   7169.80  2.9349620E-02
   7170.00  2.9298377E-02
   7170.20  2.9250896E-02
   7170.40  2.9206260E-02
   7170.60  2.9163603E-02
   7170.80  2.9122143E-02
   7171.00  2.9081227E-02
   7171.20  2.9040225E-02
   7171.40  2.8998972E-02
   7171.60  2.8956613E-02
   7171.80  2.8912746E-02
   7172.00  2.8867038E-02
