  7112.000   26  1  1  1.1786655E-02 -1.7432345E+00  0.0000000E+00  1  1  7.2631521E+03  0.0000000E+00  0.0000000E+00  3.7320449E+00  1.0000000E+00  0.0000000E+00 = E_edge, Z, n_edge, j_edge, Abs_before_edge, VO_interstitial, E_cut, ninitl, ninit1, Epsii, UnitCell_Volume, Surface_ref, f0_forward, natomsym_f, abs_u_i
    Energy    <xanes>    
   7097.00  4.1869063E-04
   7097.20  6.1863185E-05
   7097.40  3.7679072E-05
   7097.60  3.1337856E-05
   7097.80  2.9217102E-05
   7098.00  3.1017709E-05
   7098.20  3.0281458E-05
   7098.40  3.5170060E-05
   7098.60  6.8905225E-05
   7098.80  4.3208925E-04
   7099.00  4.3730813E-05
   7099.20  3.4146466E-05
   7099.40  3.5273536E-05
   7099.60  6.9837790E-05
   7099.80  7.1067613E-05
   7100.00  3.8369982E-05
   7100.20  3.9360978E-05
   7100.40  4.2435086E-05
   7100.60  5.2888723E-05
   7100.80  1.2125991E-04
   7101.00  3.2700402E-04
   7101.20  8.9136626E-05
   7101.40  1.2947645E-04
   7101.60  3.7885831E-03
   7101.80  2.6560579E-04
   7102.00  2.0781567E-04
   7102.20  3.4735906E-04
   7102.40  1.9398791E-03
   7102.60  1.3706906E-02
   7102.80  4.4098999E-03
   7103.00  6.5557145E-04
   7103.20  2.7342555E-04
   7103.40  1.6499083E-04
   7103.60  1.2609623E-04
   7103.80  1.2394753E-04
   7104.00  2.1505377E-04
   7104.20  2.4679705E-02
   7104.40  2.8862382E-04
   7104.60  1.1389257E-04
   7104.80  1.0788243E-04
   7105.00  2.6841106E-04
   7105.20  3.9004129E-04
   7105.40  8.2650138E-04
   7105.60  2.0292819E-04
   7105.80  2.5087309E-04
   7106.00  6.2406856E-04
   7106.20  1.7736440E-03
   7106.40  5.0558665E-01
   7106.60  1.6123854E-03
   7106.80  4.8649630E-04
   7107.00  4.3670969E-04
   7107.20  9.7648735E-04
   7107.40  5.8486321E-04
   7107.60  6.5575684E-04
   7107.80  6.8639788E-03
   7108.00  5.1631727E-04
   7108.20  2.1491247E-03
   7108.40  2.3640011E-03
   7108.60  3.3298411E-03
   7108.80  1.3994323E-03
   7109.00  4.3116001E-04
   7109.20  8.0503670E-03
   7109.40  1.3270023E-03
   7109.60  2.2663597E-02
   7109.80  4.1041557E-03
   7110.00  1.3425142E-02
   7110.20  2.6503750E-03
   7110.40  2.1604697E-03
   7110.60  1.3208715E-04
   7110.80  4.1058604E-04
   7111.00  1.2753714E-03
   7111.20  6.3697863E-03
   7111.40  1.9195961E-02
   7111.60  1.5889993E-02
   7111.80  1.3158506E-02
   7112.00  2.3526345E-02
   7112.20  2.7014488E-02
   7112.40  5.6623092E-03
   7112.60  4.5278556E-03
   7112.80  7.9130655E-03
   7113.00  9.6492175E-03
   7113.20  1.0900949E-02
   7113.40  9.3699293E-03
   7113.60  2.9148538E-03
   7113.80  1.5326381E-03
   7114.00  1.0457094E-03
   7114.20  8.3815747E-04
   7114.40  7.4766485E-04
   7114.60  7.2129969E-04
   7114.80  7.6659012E-04
   7115.00  1.5866965E-03
   7115.20  1.1062307E-03
   7115.40  9.6801058E-04
   7115.60  1.1734762E-03
   7115.80  1.8033133E-03
   7116.00  3.1936393E-03
   7116.20  2.1814556E-03
   7116.40  2.5973933E-03
   7116.60  4.0549368E-03
   7116.80  5.3918137E-03
   7117.00  8.3605975E-03
   7117.20  1.3137161E-02
   7117.40  7.1818732E-03
   7117.60  3.4390064E-03
   7117.80  2.0740760E-03
   7118.00  1.4256433E-03
   7118.20  1.0891883E-03
   7118.40  9.0591417E-04
   7118.60  8.1313607E-04
   7118.80  7.9263040E-04
   7119.00  6.9741013E-04
   7119.20  6.4671525E-04
   7119.40  6.3718963E-04
   7119.60  6.5511128E-04
   7119.80  7.0369898E-04
   7120.00  8.0928471E-04
   7120.20  9.0371959E-04
   7120.40  9.0153735E-04
   7120.60  7.7865529E-04
   7120.80  6.9595766E-04
   7121.00  6.6082205E-04
   7121.20  6.7463232E-04
   7121.40  7.2590923E-04
   7121.60  8.2907684E-04
   7121.80  1.0079557E-03
   7122.00  1.3118959E-03
   7122.20  1.8162604E-03
   7122.40  2.5521900E-03
   7122.60  3.1117681E-03
   7122.80  2.9407820E-03
   7123.00  2.4600895E-03
   7123.20  2.1623325E-03
   7123.40  2.2202760E-03
   7123.60  2.8925258E-03
   7123.80  4.5426572E-03
   7124.00  6.4641485E-03
   7124.20  7.0803747E-03
   7124.40  6.7018585E-03
   7124.60  6.1004019E-03
   7124.80  5.6450759E-03
   7125.00  5.4568880E-03
   7125.20  5.5408569E-03
   7125.40  5.8263253E-03
   7125.60  6.1728772E-03
   7125.80  6.4308150E-03
   7126.00  6.5700139E-03
   7126.20  6.7290531E-03
   7126.40  7.1036081E-03
   7126.60  7.7692719E-03
   7126.80  8.5892731E-03
   7127.00  9.5045792E-03
   7127.20  1.0564464E-02
   7127.40  1.1717121E-02
   7127.60  1.2857716E-02
   7127.80  1.3946769E-02
   7128.00  1.5034998E-02
   7128.20  1.6196461E-02
   7128.40  1.7471812E-02
   7128.60  1.8861557E-02
   7128.80  2.0348641E-02
   7129.00  2.1922231E-02
   7129.20  2.3581992E-02
   7129.40  2.5331237E-02
   7129.60  2.7157380E-02
   7129.80  2.9004271E-02
   7130.00  3.0777727E-02
   7130.20  3.2426860E-02
   7130.40  3.4036403E-02
   7130.60  3.5774417E-02
   7130.80  3.7719089E-02
   7131.00  3.9727926E-02
   7131.20  4.1484596E-02
   7131.40  4.2668448E-02
   7131.60  4.3038312E-02
   7131.80  4.2454319E-02
   7132.00  4.0956310E-02
   7132.20  3.8807527E-02
   7132.40  3.6404946E-02
   7132.60  3.4084998E-02
   7132.80  3.2005655E-02
   7133.00  3.0265982E-02
   7133.20  2.9061848E-02
   7133.40  2.8586598E-02
   7133.60  2.8904149E-02
   7133.80  2.9952653E-02
   7134.00  3.1579318E-02
   7134.20  3.3561928E-02
   7134.40  3.5648395E-02
   7134.60  3.7624701E-02
   7134.80  3.9371426E-02
   7135.00  4.0869554E-02
   7135.20  4.2162524E-02
   7135.40  4.3314140E-02
   7135.60  4.4386462E-02
   7135.80  4.5439992E-02
   7136.00  4.6510234E-02
   7136.20  4.7641549E-02
   7136.40  4.8868196E-02
   7136.60  5.0215864E-02
   7136.80  5.1698197E-02
   7137.00  5.3310884E-02
   7137.20  5.5027859E-02
   7137.40  5.6798340E-02
   7137.60  5.8548854E-02
   7137.80  6.0189608E-02
   7138.00  6.1624045E-02
   7138.20  6.2758924E-02
   7138.40  6.3503053E-02
   7138.60  6.3779947E-02
   7138.80  6.3534148E-02
   7139.00  6.2592732E-02
   7139.20  6.1303912E-02
   7139.40  5.9575336E-02
   7139.60  5.7426102E-02
   7139.80  5.5183698E-02
   7140.00  5.2905377E-02
   7140.20  5.0649451E-02
   7140.40  4.8346479E-02
   7140.60  4.6451608E-02
   7140.80  4.4732761E-02
   7141.00  4.3190664E-02
   7141.20  4.1819197E-02
   7141.40  4.0608556E-02
   7141.60  3.9547633E-02
   7141.80  3.8625512E-02
   7142.00  3.7838626E-02
   7142.20  3.7162153E-02
   7142.40  3.6595291E-02
   7142.60  3.6129563E-02
   7142.80  3.5756720E-02
   7143.00  3.5468845E-02
   7143.20  3.5257868E-02
   7143.40  3.5115481E-02
   7143.60  3.5060551E-02
   7143.80  3.5032952E-02
   7144.00  3.5047445E-02
   7144.20  3.5095252E-02
   7144.40  3.5167690E-02
   7144.60  3.5262466E-02
   7144.80  3.5359524E-02
   7145.00  3.5457938E-02
   7145.20  3.5551414E-02
   7145.40  3.5634987E-02
   7145.60  3.5712120E-02
   7145.80  3.5777718E-02
   7146.00  3.5832645E-02
   7146.20  3.5880929E-02
   7146.40  3.5928774E-02
   7146.60  3.5983246E-02
   7146.80  3.6050312E-02
   7147.00  3.6132968E-02
   7147.20  3.6229588E-02
   7147.40  3.6333322E-02
   7147.60  3.6433265E-02
   7147.80  3.6516047E-02
   7148.00  3.6568168E-02
   7148.20  3.6578228E-02
   7148.40  3.6538513E-02
   7148.60  3.6445890E-02
   7148.80  3.6301347E-02
   7149.00  3.6109604E-02
   7149.20  3.5877730E-02
   7149.40  3.5614240E-02
   7149.60  3.5327826E-02
   7149.80  3.5026680E-02
   7150.00  3.4718215E-02
   7150.20  3.4408569E-02
   7150.40  3.4102442E-02
   7150.60  3.3803387E-02
   7150.80  3.3513651E-02
   7151.00  3.3234407E-02
   7151.20  3.2965774E-02
   7151.40  3.2707007E-02
   7151.60  3.2456656E-02
   7151.80  3.2212738E-02
   7152.00  3.1977102E-02
   7152.20  3.1738016E-02
   7152.40  3.1496979E-02
   7152.60  3.1251369E-02
   7152.80  3.0998959E-02
   7153.00  3.0738428E-02
   7153.20  3.0469495E-02
   7153.40  3.0193331E-02
   7153.60  2.9912621E-02
   7153.80  2.9639770E-02
   7154.00  2.9375925E-02
   7154.20  2.9123246E-02
   7154.40  2.8888658E-02
   7154.60  2.8679458E-02
   7154.80  2.8502522E-02
   7155.00  2.8364193E-02
   7155.20  2.8269538E-02
   7155.40  2.8222109E-02
   7155.60  2.8223605E-02
   7155.80  2.8273628E-02
   7156.00  2.8369660E-02
   7156.20  2.8506727E-02
   7156.40  2.8677671E-02
   7156.60  2.8873925E-02
   7156.80  2.9085679E-02
   7157.00  2.9302522E-02
   7157.20  2.9513830E-02
   7157.40  2.9709237E-02
   7157.60  2.9879549E-02
   7157.80  3.0017135E-02
   7158.00  3.0116065E-02
   7158.20  3.0172579E-02
   7158.40  3.0185363E-02
   7158.60  3.0155155E-02
   7158.80  3.0084997E-02
   7159.00  2.9979688E-02
   7159.20  2.9845485E-02
   7159.40  2.9689518E-02
   7159.60  2.9519561E-02
   7159.80  2.9343993E-02
   7160.00  2.9171309E-02
   7160.20  2.9010005E-02
   7160.40  2.8868336E-02
   7160.60  2.8754241E-02
   7160.80  2.8675402E-02
   7161.00  2.8639181E-02
   7161.20  2.8652237E-02
   7161.40  2.8720839E-02
   7161.60  2.8850700E-02
   7161.80  2.9046950E-02
   7162.00  2.9314083E-02
   7162.20  2.9656624E-02
   7162.40  3.0075777E-02
   7162.60  3.0573875E-02
   7162.80  3.1151783E-02
   7163.00  3.1812027E-02
   7163.20  3.2550030E-02
   7163.40  3.3360960E-02
   7163.60  3.4237465E-02
   7163.80  3.5169258E-02
   7164.00  3.6142252E-02
   7164.20  3.7138604E-02
   7164.40  3.8136492E-02
   7164.60  3.9110057E-02
   7164.80  4.0031999E-02
   7165.00  4.0874198E-02
   7165.20  4.1610594E-02
   7165.40  4.2220069E-02
   7165.60  4.2688645E-02
   7165.80  4.3011065E-02
   7166.00  4.3191074E-02
   7166.20  4.3240731E-02
   7166.40  4.3177496E-02
   7166.60  4.3022556E-02
   7166.80  4.2797781E-02
   7167.00  4.2524225E-02
   7167.20  4.2220604E-02
   7167.40  4.1901718E-02
   7167.60  4.1579420E-02
   7167.80  4.1262524E-02
   7168.00  4.0957387E-02
   7168.20  4.0667742E-02
   7168.40  4.0395433E-02
   7168.60  4.0141370E-02
   7168.80  3.9905615E-02
   7169.00  3.9687606E-02
   7169.20  3.9486050E-02
   7169.40  3.9299585E-02
   7169.60  3.9126800E-02
   7169.80  3.8966265E-02
   7170.00  3.8816365E-02
   7170.20  3.8675554E-02
   7170.40  3.8542390E-02
   7170.60  3.8415413E-02
   7170.80  3.8293196E-02
   7171.00  3.8174302E-02
   7171.20  3.8057527E-02
   7171.40  3.7941747E-02
   7171.60  3.7825916E-02
   7171.80  3.7708926E-02
   7172.00  3.7590081E-02
