  7112.000   26  1  1  1.8078323E-02 -1.5628707E+00 -1.7057203E+00  1  1  7.2658795E+03  0.0000000E+00  0.0000000E+00  3.4986122E+00  1.0000000E+00  0.0000000E+00 = E_edge, Z, n_edge, j_edge, Abs_before_edge, VO_interstitial, E_cut, ninitl, ninit1, Epsii, UnitCell_Volume, Surface_ref, f0_forward, natomsym_f, abs_u_i
    Energy    <xanes>    
   7097.00  1.0142697E-04
   7097.20  3.8900423E-04
   7097.40  1.9019038E-02
   7097.60  2.5498621E-04
   7097.80  8.5591264E-05
   7098.00  5.0672436E-05
   7098.20  3.8169463E-05
   7098.40  3.2544940E-05
   7098.60  2.9828780E-05
   7098.80  2.8731232E-05
   7099.00  2.8985915E-05
   7099.20  3.1535441E-05
   7099.40  4.5555753E-05
   7099.60  6.8550667E-03
   7099.80  5.1142001E-05
   7100.00  4.3975159E-05
   7100.20  5.7659947E-05
   7100.40  1.2012432E-04
   7100.60  1.1598408E-03
   7100.80  3.6223756E-03
   7101.00  1.5748101E-04
   7101.20  2.1725973E-04
   7101.40  1.6538879E-03
   7101.60  9.4766260E-05
   7101.80  4.9318285E-05
   7102.00  3.8451759E-05
   7102.20  3.4835591E-05
   7102.40  3.4376534E-05
   7102.60  3.6858724E-05
   7102.80  4.5993613E-05
   7103.00  9.7107048E-05
   7103.20  6.4012583E-03
   7103.40  1.1164695E-04
   7103.60  5.9536443E-04
   7103.80  1.0027112E-03
   7104.00  1.4814416E-04
   7104.20  1.4866532E-04
   7104.40  2.0885541E-03
   7104.60  2.7463838E-04
   7104.80  1.0143000E-04
   7105.00  4.6038116E-05
   7105.20  4.1205779E-05
   7105.40  5.3896331E-05
   7105.60  4.1704046E-05
   7105.80  4.4320060E-05
   7106.00  5.0345743E-05
   7106.20  6.3915402E-05
   7106.40  1.4298221E-04
   7106.60  8.9025010E-04
   7106.80  9.0921334E-04
   7107.00  7.8601100E-04
   7107.20  1.8739558E-04
   7107.40  1.1538669E-03
   7107.60  2.9136136E-02
   7107.80  2.6780788E-04
   7108.00  2.0438926E-04
   7108.20  8.2031181E-04
   7108.40  1.0235808E-03
   7108.60  1.1499632E-02
   7108.80  3.6440832E-02
   7109.00  1.5397332E-02
   7109.20  1.8947882E-03
   7109.40  4.8116130E-02
   7109.60  1.6432707E-03
   7109.80  1.1894852E-02
   7110.00  3.7833260E-03
   7110.20  1.2133303E-03
   7110.40  8.6855505E-04
   7110.60  9.2337658E-03
   7110.80  5.7981033E-03
   7111.00  2.3084875E-03
   7111.20  7.4012247E-02
   7111.40  1.0177288E-01
   7111.60  9.5353342E-03
   7111.80  9.0239743E-03
   7112.00  1.6815831E-02
   7112.20  1.4266512E-02
   7112.40  1.4217203E-02
   7112.60  3.2441858E-02
   7112.80  1.7847694E-02
   7113.00  1.1622841E-02
   7113.20  1.6081913E-02
   7113.40  7.5261484E-02
   7113.60  7.8803048E-02
   7113.80  2.2151601E-02
   7114.00  9.5676280E-03
   7114.20  4.6786163E-03
   7114.40  2.9032929E-03
   7114.60  2.2872439E-03
   7114.80  2.1630859E-03
   7115.00  2.4255886E-03
   7115.20  3.2311064E-03
   7115.40  5.2939900E-03
   7115.60  1.1431084E-02
   7115.80  3.0397686E-02
   7116.00  3.2096080E-02
   7116.20  2.6497138E-02
   7116.40  4.4752128E-02
   7116.60  4.0516336E-02
   7116.80  2.1110054E-02
   7117.00  1.2835983E-02
   7117.20  9.2247218E-03
   7117.40  7.0895506E-03
   7117.60  6.1617995E-03
   7117.80  5.6773492E-03
   7118.00  5.5240359E-03
   7118.20  5.6919684E-03
   7118.40  6.0685047E-03
   7118.60  5.9849623E-03
   7118.80  5.6399607E-03
   7119.00  5.7196290E-03
   7119.20  6.0062397E-03
   7119.40  6.1683024E-03
   7119.60  6.0860232E-03
   7119.80  5.7933569E-03
   7120.00  5.3923883E-03
   7120.20  4.9919272E-03
   7120.40  4.6602973E-03
   7120.60  4.4400340E-03
   7120.80  4.3295341E-03
   7121.00  4.2959572E-03
   7121.20  4.3511140E-03
   7121.40  4.4961539E-03
   7121.60  4.6859341E-03
   7121.80  4.8584725E-03
   7122.00  4.9793642E-03
   7122.20  5.0504262E-03
   7122.40  5.0981815E-03
   7122.60  5.1504869E-03
   7122.80  5.2223774E-03
   7123.00  5.3615416E-03
   7123.20  5.4808995E-03
   7123.40  5.6195776E-03
   7123.60  5.7924751E-03
   7123.80  6.0060495E-03
   7124.00  6.2718042E-03
   7124.20  6.5959259E-03
   7124.40  6.9819425E-03
   7124.60  7.4305155E-03
   7124.80  7.9429892E-03
   7125.00  8.5281919E-03
   7125.20  9.2043295E-03
   7125.40  9.9938546E-03
   7125.60  1.0929148E-02
   7125.80  1.2050332E-02
   7126.00  1.3370291E-02
   7126.20  1.4843447E-02
   7126.40  1.6392097E-02
   7126.60  1.7968771E-02
   7126.80  1.9580129E-02
   7127.00  2.1226195E-02
   7127.20  2.2955635E-02
   7127.40  2.4681493E-02
   7127.60  2.6238062E-02
   7127.80  2.7367823E-02
   7128.00  2.7839851E-02
   7128.20  2.7566100E-02
   7128.40  2.6656235E-02
   7128.60  2.5440209E-02
   7128.80  2.4270128E-02
   7129.00  2.3406133E-02
   7129.20  2.2985245E-02
   7129.40  2.3098841E-02
   7129.60  2.3668810E-02
   7129.80  2.4711588E-02
   7130.00  2.6153759E-02
   7130.20  2.7918437E-02
   7130.40  2.9988913E-02
   7130.60  3.2387674E-02
   7130.80  3.5121225E-02
   7131.00  3.8145325E-02
   7131.20  4.1369932E-02
   7131.40  4.4739524E-02
   7131.60  4.8232424E-02
   7131.80  5.1869240E-02
   7132.00  5.5694576E-02
   7132.20  5.9723458E-02
   7132.40  6.3874926E-02
   7132.60  6.7925445E-02
   7132.80  7.1530023E-02
   7133.00  7.4320806E-02
   7133.20  7.6042735E-02
   7133.40  7.6659420E-02
   7133.60  7.6377506E-02
   7133.80  7.5592955E-02
   7134.00  7.4797974E-02
   7134.20  7.4463834E-02
   7134.40  7.4863055E-02
   7134.60  7.5869998E-02
   7134.80  7.6947494E-02
   7135.00  7.7419399E-02
   7135.20  7.6800658E-02
   7135.40  7.4974033E-02
   7135.60  7.2174779E-02
   7135.80  6.8815987E-02
   7136.00  6.5287266E-02
   7136.20  6.1888942E-02
   7136.40  5.8726121E-02
   7136.60  5.5829922E-02
   7136.80  5.3209857E-02
   7137.00  5.0856180E-02
   7137.20  4.8752156E-02
   7137.40  4.6880053E-02
   7137.60  4.5221268E-02
   7137.80  4.3758073E-02
   7138.00  4.2471616E-02
   7138.20  4.1344467E-02
   7138.40  4.0359766E-02
   7138.60  3.9503377E-02
   7138.80  3.8763490E-02
   7139.00  3.8130283E-02
   7139.20  3.7596343E-02
   7139.40  3.7155293E-02
   7139.60  3.6801317E-02
   7139.80  3.6529222E-02
   7140.00  3.6333754E-02
   7140.20  3.6209459E-02
   7140.40  3.6150328E-02
   7140.60  3.6149872E-02
   7140.80  3.6200909E-02
   7141.00  3.6295749E-02
   7141.20  3.6426329E-02
   7141.40  3.6584538E-02
   7141.60  3.6762111E-02
   7141.80  3.6950615E-02
   7142.00  3.7141548E-02
   7142.20  3.7331572E-02
   7142.40  3.7512294E-02
   7142.60  3.7672374E-02
   7142.80  3.7803792E-02
   7143.00  3.7898726E-02
   7143.20  3.7950453E-02
   7143.40  3.7953514E-02
   7143.60  3.7904244E-02
   7143.80  3.7801162E-02
   7144.00  3.7645002E-02
   7144.20  3.7438359E-02
   7144.40  3.7185592E-02
   7144.60  3.6891842E-02
   7144.80  3.6562637E-02
   7145.00  3.6203452E-02
   7145.20  3.5819307E-02
   7145.40  3.5414894E-02
   7145.60  3.4994614E-02
   7145.80  3.4562822E-02
   7146.00  3.4124409E-02
   7146.20  3.3684992E-02
   7146.40  3.3251419E-02
   7146.60  3.2831452E-02
   7146.80  3.2433482E-02
   7147.00  3.2065703E-02
   7147.20  3.1735510E-02
   7147.40  3.1448878E-02
   7147.60  3.1209742E-02
   7147.80  3.1019718E-02
   7148.00  3.0865253E-02
   7148.20  3.0758818E-02
   7148.40  3.0703540E-02
   7148.60  3.0690097E-02
   7148.80  3.0706242E-02
   7149.00  3.0746077E-02
   7149.20  3.0803733E-02
   7149.40  3.0880007E-02
   7149.60  3.0957663E-02
   7149.80  3.1039015E-02
   7150.00  3.1121366E-02
   7150.20  3.1202967E-02
   7150.40  3.1283048E-02
   7150.60  3.1362240E-02
   7150.80  3.1441953E-02
   7151.00  3.1524459E-02
   7151.20  3.1612197E-02
   7151.40  3.1708612E-02
   7151.60  3.1816591E-02
   7151.80  3.1938613E-02
   7152.00  3.2076802E-02
   7152.20  3.2232250E-02
   7152.40  3.2411033E-02
   7152.60  3.2600536E-02
   7152.80  3.2804592E-02
   7153.00  3.3020602E-02
   7153.20  3.3245378E-02
   7153.40  3.3475140E-02
   7153.60  3.3706229E-02
   7153.80  3.3934772E-02
   7154.00  3.4157221E-02
   7154.20  3.4370645E-02
   7154.40  3.4572005E-02
   7154.60  3.4759027E-02
   7154.80  3.4930214E-02
   7155.00  3.5084534E-02
   7155.20  3.5221580E-02
   7155.40  3.5341504E-02
   7155.60  3.5444879E-02
   7155.80  3.5532467E-02
   7156.00  3.5605521E-02
   7156.20  3.5665348E-02
   7156.40  3.5713416E-02
   7156.60  3.5751495E-02
   7156.80  3.5781508E-02
   7157.00  3.5805509E-02
   7157.20  3.5825313E-02
   7157.40  3.5842877E-02
   7157.60  3.5860168E-02
   7157.80  3.5879094E-02
   7158.00  3.5901340E-02
   7158.20  3.5928517E-02
   7158.40  3.5961989E-02
   7158.60  3.6003007E-02
   7158.80  3.6052049E-02
   7159.00  3.6109428E-02
   7159.20  3.6175059E-02
   7159.40  3.6248410E-02
   7159.60  3.6328512E-02
   7159.80  3.6413984E-02
   7160.00  3.6503074E-02
   7160.20  3.6593788E-02
   7160.40  3.6683448E-02
   7160.60  3.6770567E-02
   7160.80  3.6852190E-02
   7161.00  3.6926010E-02
   7161.20  3.6989756E-02
   7161.40  3.7041545E-02
   7161.60  3.7075220E-02
   7161.80  3.7095780E-02
   7162.00  3.7102418E-02
   7162.20  3.7092434E-02
   7162.40  3.7065634E-02
   7162.60  3.7021810E-02
   7162.80  3.6961186E-02
   7163.00  3.6884199E-02
   7163.20  3.6806056E-02
   7163.40  3.6703256E-02
   7163.60  3.6581920E-02
   7163.80  3.6446293E-02
   7164.00  3.6297845E-02
   7164.20  3.6137351E-02
   7164.40  3.5965823E-02
   7164.60  3.5784622E-02
   7164.80  3.5594034E-02
   7165.00  3.5392693E-02
   7165.20  3.5185050E-02
   7165.40  3.4970051E-02
   7165.60  3.4748998E-02
   7165.80  3.4522059E-02
   7166.00  3.4290032E-02
   7166.20  3.4053761E-02
   7166.40  3.3814127E-02
   7166.60  3.3572508E-02
   7166.80  3.3329301E-02
   7167.00  3.3085434E-02
   7167.20  3.2841462E-02
   7167.40  3.2594279E-02
   7167.60  3.2352179E-02
   7167.80  3.2112403E-02
   7168.00  3.1875160E-02
   7168.20  3.1640679E-02
   7168.40  3.1409323E-02
   7168.60  3.1181445E-02
   7168.80  3.0957378E-02
   7169.00  3.0737516E-02
   7169.20  3.0517201E-02
   7169.40  3.0307485E-02
   7169.60  3.0102893E-02
   7169.80  2.9904046E-02
   7170.00  2.9711028E-02
   7170.20  2.9524116E-02
   7170.40  2.9343619E-02
   7170.60  2.9169905E-02
   7170.80  2.9003694E-02
   7171.00  2.8844811E-02
   7171.20  2.8693324E-02
   7171.40  2.8549446E-02
   7171.60  2.8413324E-02
   7171.80  2.8284933E-02
   7172.00  2.8164193E-02
