  7112.000   26  1  1  2.4261668E-02 -3.4223717E+00 -2.9106722E+00  1  1  7.2674330E+03  0.0000000E+00  0.0000000E+00  2.6923943E+00  1.0000000E+00  0.0000000E+00 = E_edge, Z, n_edge, j_edge, Abs_before_edge, VO_interstitial, E_cut, ninitl, ninit1, Epsii, UnitCell_Volume, Surface_ref, f0_forward, natomsym_f, abs_u_i
    Energy    <xanes>    
   7097.00  1.3907522E-04
   7097.20  4.6179626E-02
   7097.40  1.4184022E-04
   7097.60  5.3047069E-05
   7097.80  3.7885138E-05
   7098.00  3.4467282E-05
   7098.20  3.6458463E-05
   7098.40  4.7547935E-05
   7098.60  1.2199219E-04
   7098.80  1.5953311E-03
   7099.00  1.1615453E-04
   7099.20  2.7990383E-03
   7099.40  1.2360887E-04
   7099.60  7.6530514E-05
   7099.80  1.2805628E-04
   7100.00  3.7981515E-03
   7100.20  1.9865377E-03
   7100.40  3.7037056E-04
   7100.60  1.2123546E-04
   7100.80  1.1503454E-04
   7101.00  5.0063368E-05
   7101.20  4.6775638E-05
   7101.40  6.5115119E-05
   7101.60  6.9504784E-04
   7101.80  1.3358539E-04
   7102.00  3.0524794E-04
   7102.20  6.9625364E-04
   7102.40  1.7823218E-04
   7102.60  4.5612191E-05
   7102.80  4.9650844E-05
   7103.00  3.9027004E-04
   7103.20  6.8148001E-05
   7103.40  6.6543238E-05
   7103.60  2.2803089E-04
   7103.80  1.4996475E-04
   7104.00  1.1548620E-04
   7104.20  2.0338708E-04
   7104.40  5.7310400E-04
   7104.60  1.1277612E-03
   7104.80  4.6385124E-02
   7105.00  8.9691227E-03
   7105.20  3.5545533E-04
   7105.40  1.8031713E-04
   7105.60  1.5074031E-04
   7105.80  3.3186114E-04
   7106.00  1.1683158E-03
   7106.20  1.6830575E-04
   7106.40  2.0697474E-04
   7106.60  2.9313662E-04
   7106.80  1.5638887E-02
   7107.00  7.2043402E-04
   7107.20  1.9700071E-03
   7107.40  1.5424386E-03
   7107.60  7.7064706E-03
   7107.80  3.7332785E-03
   7108.00  5.7948189E-03
   7108.20  6.5305875E-03
   7108.40  8.3259899E-04
   7108.60  3.4422922E-03
   7108.80  7.8508352E-03
   7109.00  1.7816052E-03
   7109.20  2.0954639E-03
   7109.40  4.2227476E-03
   7109.60  1.0783794E-02
   7109.80  2.8460101E-02
   7110.00  1.5653379E-02
   7110.20  2.4142973E-02
   7110.40  2.2969534E-02
   7110.60  2.7315875E-02
   7110.80  2.9862906E-02
   7111.00  3.1385534E-02
   7111.20  3.3248272E-02
   7111.40  2.3319471E-02
   7111.60  2.7074726E-02
   7111.80  4.7333975E-02
   7112.00  8.1090153E-02
   7112.20  5.9486130E-02
   7112.40  3.0650834E-02
   7112.60  1.7665824E-02
   7112.80  1.6967138E-02
   7113.00  1.5691132E-02
   7113.20  1.0702652E-02
   7113.40  7.7698865E-03
   7113.60  6.2063626E-03
   7113.80  5.2402984E-03
   7114.00  4.4921850E-03
   7114.20  3.7764466E-03
   7114.40  3.1075555E-03
   7114.60  2.6763468E-03
   7114.80  2.8270100E-03
   7115.00  3.2274833E-03
   7115.20  2.4241747E-03
   7115.40  2.0053942E-03
   7115.60  1.9864639E-03
   7115.80  2.0476134E-03
   7116.00  2.0738703E-03
   7116.20  2.1048620E-03
   7116.40  2.1596193E-03
   7116.60  2.2358811E-03
   7116.80  2.3378571E-03
   7117.00  2.4706187E-03
   7117.20  2.6099325E-03
   7117.40  2.7731101E-03
   7117.60  2.9582303E-03
   7117.80  3.1456952E-03
   7118.00  3.2631143E-03
   7118.20  3.3047388E-03
   7118.40  3.3476830E-03
   7118.60  3.3875138E-03
   7118.80  3.3704258E-03
   7119.00  3.3152436E-03
   7119.20  3.2617034E-03
   7119.40  3.2176150E-03
   7119.60  3.1827331E-03
   7119.80  3.1701668E-03
   7120.00  3.2007764E-03
   7120.20  3.2760088E-03
   7120.40  3.3867586E-03
   7120.60  3.5281384E-03
   7120.80  3.6980443E-03
   7121.00  3.8920049E-03
   7121.20  4.1102495E-03
   7121.40  4.3599436E-03
   7121.60  4.6619083E-03
   7121.80  5.0268799E-03
   7122.00  5.4697665E-03
   7122.20  5.9941503E-03
   7122.40  6.6219115E-03
   7122.60  7.3815841E-03
   7122.80  8.3141423E-03
   7123.00  9.4614465E-03
   7123.20  1.0857099E-02
   7123.40  1.2528437E-02
   7123.60  1.4494087E-02
   7123.80  1.6731223E-02
   7124.00  1.9180307E-02
   7124.20  2.1737575E-02
   7124.40  2.4265756E-02
   7124.60  2.6591446E-02
   7124.80  2.8520595E-02
   7125.00  3.0014111E-02
   7125.20  3.0763698E-02
   7125.40  3.0994460E-02
   7125.60  3.0849667E-02
   7125.80  3.0471899E-02
   7126.00  2.9958017E-02
   7126.20  2.9390149E-02
   7126.40  2.8820083E-02
   7126.60  2.8273920E-02
   7126.80  2.7761172E-02
   7127.00  2.7340993E-02
   7127.20  2.7056192E-02
   7127.40  2.6888876E-02
   7127.60  2.6760341E-02
   7127.80  2.6558989E-02
   7128.00  2.6211819E-02
   7128.20  2.5703700E-02
   7128.40  2.5075788E-02
   7128.60  2.4395052E-02
   7128.80  2.3726183E-02
   7129.00  2.3117948E-02
   7129.20  2.2600637E-02
   7129.40  2.2188347E-02
   7129.60  2.1882618E-02
   7129.80  2.1674688E-02
   7130.00  2.1549923E-02
   7130.20  2.1489902E-02
   7130.40  2.1479602E-02
   7130.60  2.1516688E-02
   7130.80  2.1618959E-02
   7131.00  2.1820716E-02
   7131.20  2.2156935E-02
   7131.40  2.2651188E-02
   7131.60  2.3316229E-02
   7131.80  2.4157694E-02
   7132.00  2.5170988E-02
   7132.20  2.6325223E-02
   7132.40  2.7533624E-02
   7132.60  2.8629390E-02
   7132.80  2.9419868E-02
   7133.00  2.9876324E-02
   7133.20  3.0264831E-02
   7133.40  3.0942234E-02
   7133.60  3.2077580E-02
   7133.80  3.3444608E-02
   7134.00  3.4790223E-02
   7134.20  3.5888492E-02
   7134.40  3.6660476E-02
   7134.60  3.7149023E-02
   7134.80  3.7449974E-02
   7135.00  3.7659521E-02
   7135.20  3.7852242E-02
   7135.40  3.8076803E-02
   7135.60  3.8356667E-02
   7135.80  3.8697896E-02
   7136.00  3.9090293E-02
   7136.20  3.9513384E-02
   7136.40  3.9941808E-02
   7136.60  4.0351150E-02
   7136.80  4.0723079E-02
   7137.00  4.1049122E-02
   7137.20  4.1331021E-02
   7137.40  4.1580019E-02
   7137.60  4.1813874E-02
   7137.80  4.2053365E-02
   7138.00  4.2318692E-02
   7138.20  4.2627171E-02
   7138.40  4.2991986E-02
   7138.60  4.3422278E-02
   7138.80  4.3922617E-02
   7139.00  4.4492417E-02
   7139.20  4.5126205E-02
   7139.40  4.5812969E-02
   7139.60  4.6537493E-02
   7139.80  4.7280972E-02
   7140.00  4.8022543E-02
   7140.20  4.8741466E-02
   7140.40  4.9417524E-02
   7140.60  5.0034102E-02
   7140.80  5.0578470E-02
   7141.00  5.1042109E-02
   7141.20  5.1421039E-02
   7141.40  5.1715352E-02
   7141.60  5.1927647E-02
   7141.80  5.2082550E-02
   7142.00  5.2186511E-02
   7142.20  5.2233100E-02
   7142.40  5.2229689E-02
   7142.60  5.2183846E-02
   7142.80  5.2102717E-02
   7143.00  5.1992648E-02
   7143.20  5.1859518E-02
   7143.40  5.1708653E-02
   7143.60  5.1544751E-02
   7143.80  5.1372039E-02
   7144.00  5.1194438E-02
   7144.20  5.1015665E-02
   7144.40  5.0838904E-02
   7144.60  5.0667389E-02
   7144.80  5.0504112E-02
   7145.00  5.0351839E-02
   7145.20  5.0212962E-02
   7145.40  5.0089278E-02
   7145.60  4.9982230E-02
   7145.80  4.9892927E-02
   7146.00  4.9821519E-02
   7146.20  4.9767860E-02
   7146.40  4.9731341E-02
   7146.60  4.9710893E-02
   7146.80  4.9705031E-02
   7147.00  4.9711868E-02
   7147.20  4.9738069E-02
   7147.40  4.9763560E-02
   7147.60  4.9794397E-02
   7147.80  4.9827089E-02
   7148.00  4.9858385E-02
   7148.20  4.9885045E-02
   7148.40  4.9898736E-02
   7148.60  4.9906474E-02
   7148.80  4.9900108E-02
   7149.00  4.9878819E-02
   7149.20  4.9839458E-02
   7149.40  4.9782869E-02
   7149.60  4.9708647E-02
   7149.80  4.9617027E-02
   7150.00  4.9508746E-02
   7150.20  4.9384827E-02
   7150.40  4.9246443E-02
   7150.60  4.9094636E-02
   7150.80  4.8930143E-02
   7151.00  4.8753421E-02
   7151.20  4.8564670E-02
   7151.40  4.8363554E-02
   7151.60  4.8149394E-02
   7151.80  4.7921069E-02
   7152.00  4.7677045E-02
   7152.20  4.7415957E-02
   7152.40  4.7136277E-02
   7152.60  4.6836827E-02
   7152.80  4.6516751E-02
   7153.00  4.6176129E-02
   7153.20  4.5814890E-02
   7153.40  4.5433377E-02
   7153.60  4.5032819E-02
   7153.80  4.4614990E-02
   7154.00  4.4181726E-02
   7154.20  4.3735087E-02
   7154.40  4.3277533E-02
   7154.60  4.2806590E-02
   7154.80  4.2334464E-02
   7155.00  4.1858238E-02
   7155.20  4.1380023E-02
   7155.40  4.0901821E-02
   7155.60  4.0425511E-02
   7155.80  3.9952882E-02
   7156.00  3.9485653E-02
   7156.20  3.9025938E-02
   7156.40  3.8572485E-02
   7156.60  3.8128337E-02
   7156.80  3.7695721E-02
   7157.00  3.7275798E-02
   7157.20  3.6869620E-02
   7157.40  3.6478020E-02
   7157.60  3.6101637E-02
   7157.80  3.5740857E-02
   7158.00  3.5396104E-02
   7158.20  3.5067131E-02
   7158.40  3.4753212E-02
   7158.60  3.4453537E-02
   7158.80  3.4163452E-02
   7159.00  3.3888510E-02
   7159.20  3.3623377E-02
   7159.40  3.3365913E-02
   7159.60  3.3113729E-02
   7159.80  3.2863732E-02
   7160.00  3.2614723E-02
   7160.20  3.2363822E-02
   7160.40  3.2105482E-02
   7160.60  3.1843113E-02
   7160.80  3.1572608E-02
   7161.00  3.1292904E-02
   7161.20  3.1003466E-02
   7161.40  3.0714102E-02
   7161.60  3.0405083E-02
   7161.80  3.0088617E-02
   7162.00  2.9764969E-02
   7162.20  2.9437048E-02
   7162.40  2.9107614E-02
   7162.60  2.8778749E-02
   7162.80  2.8452991E-02
   7163.00  2.8132864E-02
   7163.20  2.7820788E-02
   7163.40  2.7518970E-02
   7163.60  2.7229335E-02
   7163.80  2.6953534E-02
   7164.00  2.6692743E-02
   7164.20  2.6447852E-02
   7164.40  2.6219217E-02
   7164.60  2.6006859E-02
   7164.80  2.5810647E-02
   7165.00  2.5630349E-02
   7165.20  2.5465090E-02
   7165.40  2.5319277E-02
   7165.60  2.5181726E-02
   7165.80  2.5056739E-02
   7166.00  2.4943432E-02
   7166.20  2.4841056E-02
   7166.40  2.4748935E-02
   7166.60  2.4666523E-02
   7166.80  2.4593384E-02
   7167.00  2.4529237E-02
   7167.20  2.4473692E-02
   7167.40  2.4427056E-02
   7167.60  2.4389210E-02
   7167.80  2.4360196E-02
   7168.00  2.4339960E-02
   7168.20  2.4328571E-02
   7168.40  2.4326077E-02
   7168.60  2.4332486E-02
   7168.80  2.4347777E-02
   7169.00  2.4371893E-02
   7169.20  2.4404664E-02
   7169.40  2.4445910E-02
   7169.60  2.4495483E-02
   7169.80  2.4553236E-02
   7170.00  2.4618940E-02
   7170.20  2.4691989E-02
   7170.40  2.4771954E-02
   7170.60  2.4858449E-02
   7170.80  2.4951054E-02
   7171.00  2.5049311E-02
   7171.20  2.5152883E-02
   7171.40  2.5261384E-02
   7171.60  2.5374373E-02
   7171.80  2.5491530E-02
   7172.00  2.5612691E-02
