  7112.000   26  1  1  1.4255710E-02 -3.9056056E+00 -2.5872357E-01  1  1  7.2647912E+03  0.0000000E+00  0.0000000E+00  4.9567890E+00  1.0000000E+00  0.0000000E+00 = E_edge, Z, n_edge, j_edge, Abs_before_edge, VO_interstitial, E_cut, ninitl, ninit1, Epsii, UnitCell_Volume, Surface_ref, f0_forward, natomsym_f, abs_u_i
    Energy    <xanes>    
   7097.00  1.6607727E-04
   7097.20  5.8337424E-05
   7097.40  4.1935048E-05
   7097.60  3.8664156E-05
   7097.80  4.1172561E-05
   7098.00  5.1548152E-05
   7098.20  9.0046958E-05
   7098.40  7.2555237E-04
   7098.60  1.8744373E-03
   7098.80  3.0402251E-03
   7099.00  1.1730260E-04
   7099.20  6.2944378E-05
   7099.40  5.9111976E-05
   7099.60  1.9679317E-03
   7099.80  4.5568682E-03
   7100.00  3.8268767E-03
   7100.20  7.2874921E-05
   7100.40  2.4147043E-04
   7100.60  6.5934268E-05
   7100.80  5.2525182E-05
   7101.00  1.5039548E-04
   7101.20  1.2683422E-04
   7101.40  5.8737736E-05
   7101.60  7.6724221E-05
   7101.80  2.0606430E-04
   7102.00  8.8211924E-03
   7102.20  1.9417192E-02
   7102.40  1.9194100E-04
   7102.60  9.6853178E-04
   7102.80  1.1012933E-04
   7103.00  5.9081833E-04
   7103.20  5.9216906E-03
   7103.40  6.8085637E-04
   7103.60  7.2008574E-04
   7103.80  3.0624995E-04
   7104.00  1.0102009E-04
   7104.20  9.5065158E-05
   7104.40  1.6300152E-04
   7104.60  1.8255762E-02
   7104.80  7.6891507E-03
   7105.00  2.0258780E-03
   7105.20  2.8427910E-03
   7105.40  4.2915625E-04
   7105.60  6.5654762E-04
   7105.80  1.3467149E-03
   7106.00  1.4279270E-02
   7106.20  4.1663373E-03
   7106.40  3.8955946E-03
   7106.60  4.3982814E-04
   7106.80  5.7399394E-03
   7107.00  2.5452725E-03
   7107.20  1.5322131E-02
   7107.40  6.4193279E-03
   7107.60  8.7462463E-03
   7107.80  4.5720251E-03
   7108.00  9.5332563E-04
   7108.20  1.4334874E-02
   7108.40  9.1515038E-04
   7108.60  1.1958209E-02
   7108.80  1.0932696E-02
   7109.00  4.7913539E-02
   7109.20  4.3364050E-02
   7109.40  1.8213617E-02
   7109.60  2.7187510E-02
   7109.80  2.3674426E-02
   7110.00  3.5112658E-02
   7110.20  1.6053828E-02
   7110.40  1.8300061E-02
   7110.60  1.2053155E-02
   7110.80  1.1273136E-02
   7111.00  1.1445035E-02
   7111.20  1.4124489E-02
   7111.40  1.6785433E-02
   7111.60  9.4571337E-03
   7111.80  5.9468844E-03
   7112.00  4.6665204E-03
   7112.20  4.6220979E-03
   7112.40  5.9048632E-03
   7112.60  9.5637547E-03
   7112.80  1.3008677E-02
   7113.00  1.3393027E-02
   7113.20  1.5369840E-02
   7113.40  6.6543393E-03
   7113.60  2.8124811E-03
   7113.80  1.8422494E-03
   7114.00  1.7872245E-03
   7114.20  3.1658073E-03
   7114.40  4.0516404E-03
   7114.60  1.1442984E-03
   7114.80  7.5887134E-04
   7115.00  6.7294216E-04
   7115.20  6.5522835E-04
   7115.40  6.6774052E-04
   7115.60  7.0524147E-04
   7115.80  7.7172116E-04
   7116.00  8.7532911E-04
   7116.20  1.0257135E-03
   7116.40  1.2316394E-03
   7116.60  1.5007296E-03
   7116.80  1.8422186E-03
   7117.00  2.2682605E-03
   7117.20  2.7971078E-03
   7117.40  3.4706030E-03
   7117.60  4.3281501E-03
   7117.80  5.2865579E-03
   7118.00  6.1706844E-03
   7118.20  6.9204598E-03
   7118.40  7.6203671E-03
   7118.60  8.3877554E-03
   7118.80  9.2412784E-03
   7119.00  1.0108812E-02
   7119.20  1.0934873E-02
   7119.40  1.1591708E-02
   7119.60  1.1781561E-02
   7119.80  1.1369361E-02
   7120.00  1.0583267E-02
   7120.20  9.7359987E-03
   7120.40  9.0117488E-03
   7120.60  8.4764257E-03
   7120.80  8.1401356E-03
   7121.00  7.9962720E-03
   7121.20  8.0368988E-03
   7121.40  8.2717892E-03
   7121.60  8.7444623E-03
   7121.80  9.4906011E-03
   7122.00  1.0614073E-02
   7122.20  1.2262221E-02
   7122.40  1.4490891E-02
   7122.60  1.7342799E-02
   7122.80  2.0189725E-02
   7123.00  2.2864653E-02
   7123.20  2.5405189E-02
   7123.40  2.8006666E-02
   7123.60  2.9993761E-02
   7123.80  2.9532161E-02
   7124.00  2.6220997E-02
   7124.20  2.2692636E-02
   7124.40  2.0231642E-02
   7124.60  1.8543718E-02
   7124.80  1.7640852E-02
   7125.00  1.7598264E-02
   7125.20  1.8233224E-02
   7125.40  1.9400740E-02
   7125.60  2.1129347E-02
   7125.80  2.3489068E-02
   7126.00  2.6380545E-02
   7126.20  2.9543002E-02
   7126.40  3.2315044E-02
   7126.60  3.4194148E-02
   7126.80  3.5330896E-02
   7127.00  3.6153494E-02
   7127.20  3.6936186E-02
   7127.40  3.7772588E-02
   7127.60  3.8693429E-02
   7127.80  3.9753110E-02
   7128.00  4.1060905E-02
   7128.20  4.2736506E-02
   7128.40  4.4815432E-02
   7128.60  4.7183974E-02
   7128.80  4.9569109E-02
   7129.00  5.1553310E-02
   7129.20  5.2690366E-02
   7129.40  5.2798302E-02
   7129.60  5.2119571E-02
   7129.80  5.1086167E-02
   7130.00  5.0007673E-02
   7130.20  4.8966031E-02
   7130.40  4.7879229E-02
   7130.60  4.6696919E-02
   7130.80  4.5526968E-02
   7131.00  4.4574556E-02
   7131.20  4.3978206E-02
   7131.40  4.3708972E-02
   7131.60  4.3629228E-02
   7131.80  4.3636156E-02
   7132.00  4.3733724E-02
   7132.20  4.3997420E-02
   7132.40  4.4515404E-02
   7132.60  4.5348620E-02
   7132.80  4.6501301E-02
   7133.00  4.7904505E-02
   7133.20  4.9416053E-02
   7133.40  5.0835007E-02
   7133.60  5.1967899E-02
   7133.80  5.2775712E-02
   7134.00  5.3428203E-02
   7134.20  5.4116014E-02
   7134.40  5.4911030E-02
   7134.60  5.5805527E-02
   7134.80  5.6681931E-02
   7135.00  5.7214364E-02
   7135.20  5.6986131E-02
   7135.40  5.5854259E-02
   7135.60  5.4092988E-02
   7135.80  5.2103897E-02
   7136.00  5.0155372E-02
   7136.20  4.8371412E-02
   7136.40  4.6800840E-02
   7136.60  4.5464253E-02
   7136.80  4.4374737E-02
   7137.00  4.3529743E-02
   7137.20  4.2913365E-02
   7137.40  4.2497203E-02
   7137.60  4.2245623E-02
   7137.80  4.2121531E-02
   7138.00  4.2090472E-02
   7138.20  4.2119761E-02
   7138.40  4.2193026E-02
   7138.60  4.2285435E-02
   7138.80  4.2381723E-02
   7139.00  4.2470279E-02
   7139.20  4.2542697E-02
   7139.40  4.2593728E-02
   7139.60  4.2621324E-02
   7139.80  4.2626395E-02
   7140.00  4.2612105E-02
   7140.20  4.2582777E-02
   7140.40  4.2541479E-02
   7140.60  4.2488223E-02
   7140.80  4.2418828E-02
   7141.00  4.2325392E-02
   7141.20  4.2198321E-02
   7141.40  4.2029302E-02
   7141.60  4.1813584E-02
   7141.80  4.1551331E-02
   7142.00  4.1247518E-02
   7142.20  4.0910506E-02
   7142.40  4.0550003E-02
   7142.60  4.0174984E-02
   7142.80  3.9791402E-02
   7143.00  3.9400641E-02
   7143.20  3.8998491E-02
   7143.40  3.8574923E-02
   7143.60  3.8115171E-02
   7143.80  3.7602378E-02
   7144.00  3.7025733E-02
   7144.20  3.6378033E-02
   7144.40  3.5657381E-02
   7144.60  3.4872049E-02
   7144.80  3.4038550E-02
   7145.00  3.3178891E-02
   7145.20  3.2317881E-02
   7145.40  3.1479287E-02
   7145.60  3.0682243E-02
   7145.80  2.9943052E-02
   7146.00  2.9268957E-02
   7146.20  2.8666288E-02
   7146.40  2.8136603E-02
   7146.60  2.7677835E-02
   7146.80  2.7286633E-02
   7147.00  2.6957151E-02
   7147.20  2.6684989E-02
   7147.40  2.6465619E-02
   7147.60  2.6300342E-02
   7147.80  2.6178176E-02
   7148.00  2.6102564E-02
   7148.20  2.6077500E-02
   7148.40  2.6096986E-02
   7148.60  2.6162652E-02
   7148.80  2.6272585E-02
   7149.00  2.6424567E-02
   7149.20  2.6613092E-02
   7149.40  2.6834945E-02
   7149.60  2.7084112E-02
   7149.80  2.7340069E-02
   7150.00  2.7593954E-02
   7150.20  2.7839130E-02
   7150.40  2.8066965E-02
   7150.60  2.8269678E-02
   7150.80  2.8441396E-02
   7151.00  2.8573811E-02
   7151.20  2.8668134E-02
   7151.40  2.8717106E-02
   7151.60  2.8724334E-02
   7151.80  2.8689145E-02
   7152.00  2.8610619E-02
   7152.20  2.8492600E-02
   7152.40  2.8337920E-02
   7152.60  2.8153157E-02
   7152.80  2.7942558E-02
   7153.00  2.7709614E-02
   7153.20  2.7457007E-02
   7153.40  2.7186975E-02
   7153.60  2.6901060E-02
   7153.80  2.6600251E-02
   7154.00  2.6285257E-02
   7154.20  2.5956957E-02
   7154.40  2.5616317E-02
   7154.60  2.5265133E-02
   7154.80  2.4905721E-02
   7155.00  2.4541169E-02
   7155.20  2.4175161E-02
   7155.40  2.3811552E-02
   7155.60  2.3454135E-02
   7155.80  2.3106415E-02
   7156.00  2.2771419E-02
   7156.20  2.2451603E-02
   7156.40  2.2149120E-02
   7156.60  2.1864677E-02
   7156.80  2.1599259E-02
   7157.00  2.1354116E-02
   7157.20  2.1127584E-02
   7157.40  2.0918337E-02
   7157.60  2.0724982E-02
   7157.80  2.0545913E-02
   7158.00  2.0378942E-02
   7158.20  2.0222591E-02
   7158.40  2.0074281E-02
   7158.60  1.9931952E-02
   7158.80  1.9794212E-02
   7159.00  1.9660180E-02
   7159.20  1.9528748E-02
   7159.40  1.9400154E-02
   7159.60  1.9273096E-02
   7159.80  1.9152406E-02
   7160.00  1.9034818E-02
   7160.20  1.8927478E-02
   7160.40  1.8826378E-02
   7160.60  1.8731781E-02
   7160.80  1.8651736E-02
   7161.00  1.8583290E-02
   7161.20  1.8527557E-02
   7161.40  1.8486532E-02
   7161.60  1.8459425E-02
   7161.80  1.8448553E-02
   7162.00  1.8454390E-02
   7162.20  1.8477616E-02
   7162.40  1.8519359E-02
   7162.60  1.8580779E-02
   7162.80  1.8663151E-02
   7163.00  1.8767748E-02
   7163.20  1.8895818E-02
   7163.40  1.9048455E-02
   7163.60  1.9226304E-02
   7163.80  1.9429773E-02
   7164.00  1.9658925E-02
   7164.20  1.9913418E-02
   7164.40  2.0192290E-02
   7164.60  2.0494281E-02
   7164.80  2.0817836E-02
   7165.00  2.1160911E-02
   7165.20  2.1521033E-02
   7165.40  2.1896120E-02
   7165.60  2.2283796E-02
   7165.80  2.2681722E-02
   7166.00  2.3087579E-02
   7166.20  2.3499168E-02
   7166.40  2.3914444E-02
   7166.60  2.4331594E-02
   7166.80  2.4748942E-02
   7167.00  2.5165109E-02
   7167.20  2.5578853E-02
   7167.40  2.5989170E-02
   7167.60  2.6395246E-02
   7167.80  2.6796178E-02
   7168.00  2.7191065E-02
   7168.20  2.7579538E-02
   7168.40  2.7961234E-02
   7168.60  2.8335625E-02
   7168.80  2.8702243E-02
   7169.00  2.9060662E-02
   7169.20  2.9410506E-02
   7169.40  2.9751381E-02
   7169.60  3.0082897E-02
   7169.80  3.0404712E-02
   7170.00  3.0716545E-02
   7170.20  3.1018222E-02
   7170.40  3.1309354E-02
   7170.60  3.1589834E-02
   7170.80  3.1859334E-02
   7171.00  3.2117569E-02
   7171.20  3.2364552E-02
   7171.40  3.2600054E-02
   7171.60  3.2823953E-02
   7171.80  3.3036855E-02
   7172.00  3.3238693E-02
