  7112.000   26  1  1  1.0842258E-02 -9.5412744E-01 -8.7373320E-01  1  1  7.2654824E+03  0.0000000E+00  0.0000000E+00  2.0167937E+00  1.0000000E+00  0.0000000E+00 = E_edge, Z, n_edge, j_edge, Abs_before_edge, VO_interstitial, E_cut, ninitl, ninit1, Epsii, UnitCell_Volume, Surface_ref, f0_forward, natomsym_f, abs_u_i
    Energy    <xanes>    
   7097.00  4.9837551E-05
   7097.20  3.7423045E-05
   7097.40  3.1796683E-05
   7097.60  2.8866136E-05
   7097.80  2.7272500E-05
   7098.00  2.6483399E-05
   7098.20  2.6297462E-05
   7098.40  2.6703766E-05
   7098.60  2.7882127E-05
   7098.80  3.0359228E-05
   7099.00  3.5585206E-05
   7099.20  4.8369548E-05
   7099.40  9.2794917E-05
   7099.60  5.3416436E-04
   7099.80  1.1086454E-03
   7100.00  1.1326101E-04
   7100.20  5.2770134E-05
   7100.40  3.7134068E-05
   7100.60  3.0988529E-05
   7100.80  2.8076332E-05
   7101.00  2.6609328E-05
   7101.20  2.5953430E-05
   7101.40  2.5902049E-05
   7101.60  2.6537480E-05
   7101.80  2.8482279E-05
   7102.00  3.4774921E-05
   7102.20  7.6546654E-05
   7102.40  1.0957598E-03
   7102.60  5.0727839E-05
   7102.80  3.3016912E-05
   7103.00  2.9682374E-05
   7103.20  2.9019135E-05
   7103.40  2.9341692E-05
   7103.60  3.0258164E-05
   7103.80  3.1711033E-05
   7104.00  3.3808761E-05
   7104.20  3.6839299E-05
   7104.40  4.1430339E-05
   7104.60  4.9091288E-05
   7104.80  6.4500788E-05
   7105.00  1.1723909E-04
   7105.20  7.1048331E-04
   7105.40  4.1851214E-04
   7105.60  1.6480226E-03
   7105.80  8.5943746E-04
   7106.00  3.2135690E-04
   7106.20  2.6898728E-03
   7106.40  6.4901721E-04
   7106.60  2.1614512E-04
   7106.80  2.6294320E-04
   7107.00  1.2136704E-03
   7107.20  2.6175624E-03
   7107.40  5.2197982E-02
   7107.60  4.5706218E-03
   7107.80  3.1866354E-04
   7108.00  1.6007778E-04
   7108.20  1.5143968E-04
   7108.40  1.9598826E-04
   7108.60  1.1268678E-03
   7108.80  2.7642872E-03
   7109.00  1.9239693E-03
   7109.20  1.6691779E-02
   7109.40  1.6213006E-02
   7109.60  3.2467938E-03
   7109.80  5.3125113E-02
   7110.00  1.0061934E-03
   7110.20  2.0549482E-03
   7110.40  2.7234056E-03
   7110.60  7.9881386E-03
   7110.80  2.0355852E-01
   7111.00  1.4350721E-02
   7111.20  4.2019713E-03
   7111.40  2.5633370E-02
   7111.60  3.5584285E-02
   7111.80  6.3750658E-03
   7112.00  1.5296683E-02
   7112.20  1.6448307E-03
   7112.40  1.1089738E-03
   7112.60  1.8218921E-03
   7112.80  3.7222871E-03
   7113.00  1.2109723E-03
   7113.20  7.9304001E-04
   7113.40  8.0036282E-04
   7113.60  2.1345277E-03
   7113.80  1.2108314E-03
   7114.00  6.6396542E-04
   7114.20  5.8283472E-04
   7114.40  5.4955999E-04
   7114.60  5.3518092E-04
   7114.80  5.3103521E-04
   7115.00  5.3146047E-04
   7115.20  5.3403653E-04
   7115.40  5.3830015E-04
   7115.60  5.4534537E-04
   7115.80  5.5747972E-04
   7116.00  5.7207595E-04
   7116.20  6.0722091E-04
   7116.40  6.6209758E-04
   7116.60  7.4874470E-04
   7116.80  8.8808020E-04
   7117.00  1.1039930E-03
   7117.20  1.3613861E-03
   7117.40  1.4889022E-03
   7117.60  1.4361733E-03
   7117.80  1.3614656E-03
   7118.00  1.3444470E-03
   7118.20  1.3881685E-03
   7118.40  1.4845532E-03
   7118.60  1.6309976E-03
   7118.80  1.8313597E-03
   7119.00  2.0951243E-03
   7119.20  2.4343874E-03
   7119.40  2.8563228E-03
   7119.60  3.3464106E-03
   7119.80  3.8521988E-03
   7120.00  4.3061633E-03
   7120.20  4.6896755E-03
   7120.40  5.0448611E-03
   7120.60  5.4201946E-03
   7120.80  5.8414979E-03
   7121.00  6.3235320E-03
   7121.20  6.8847758E-03
   7121.40  7.5508439E-03
   7121.60  8.3525576E-03
   7121.80  9.3175096E-03
   7122.00  1.0419992E-02
   7122.20  1.1566213E-02
   7122.40  1.2897706E-02
   7122.60  1.4520275E-02
   7122.80  1.6438018E-02
   7123.00  1.8661994E-02
   7123.20  2.1212226E-02
   7123.40  2.4104963E-02
   7123.60  2.7340129E-02
   7123.80  3.0889303E-02
   7124.00  3.4689196E-02
   7124.20  3.8682896E-02
   7124.40  4.2696131E-02
   7124.60  4.6725049E-02
   7124.80  5.0733500E-02
   7125.00  5.4602991E-02
   7125.20  5.8108759E-02
   7125.40  6.0982987E-02
   7125.60  6.3134007E-02
   7125.80  6.4335713E-02
   7126.00  6.4741918E-02
   7126.20  6.5012434E-02
   7126.40  6.5899256E-02
   7126.60  6.6982337E-02
   7126.80  6.6358830E-02
   7127.00  6.4612088E-02
   7127.20  6.3618636E-02
   7127.40  6.3444616E-02
   7127.60  6.3297913E-02
   7127.80  6.2861152E-02
   7128.00  6.2300046E-02
   7128.20  6.1827434E-02
   7128.40  6.1487692E-02
   7128.60  6.1153931E-02
   7128.80  6.0598508E-02
   7129.00  5.9549433E-02
   7129.20  5.7832416E-02
   7129.40  5.5537928E-02
   7129.60  5.2829567E-02
   7129.80  5.0100365E-02
   7130.00  4.7742230E-02
   7130.20  4.6091197E-02
   7130.40  4.5329187E-02
   7130.60  4.5455677E-02
   7130.80  4.6254581E-02
   7131.00  4.7434901E-02
   7131.20  4.8742797E-02
   7131.40  4.9995556E-02
   7131.60  5.1057980E-02
   7131.80  5.1840610E-02
   7132.00  5.2323622E-02
   7132.20  5.2556314E-02
   7132.40  5.2617802E-02
   7132.60  5.2568246E-02
   7132.80  5.2416740E-02
   7133.00  5.2111432E-02
   7133.20  5.1563100E-02
   7133.40  5.0693386E-02
   7133.60  4.9496320E-02
   7133.80  4.8053944E-02
   7134.00  4.6480885E-02
   7134.20  4.4858018E-02
   7134.40  4.3232319E-02
   7134.60  4.1695883E-02
   7134.80  4.0455267E-02
   7135.00  3.9715586E-02
   7135.20  3.9439239E-02
   7135.40  3.9387369E-02
   7135.60  3.9356516E-02
   7135.80  3.9260085E-02
   7136.00  3.9083640E-02
   7136.20  3.8839118E-02
   7136.40  3.8543131E-02
   7136.60  3.8210207E-02
   7136.80  3.7851496E-02
   7137.00  3.7475590E-02
   7137.20  3.7088772E-02
   7137.40  3.6695744E-02
   7137.60  3.6300033E-02
   7137.80  3.5904481E-02
   7138.00  3.5511445E-02
   7138.20  3.5122723E-02
   7138.40  3.4739888E-02
   7138.60  3.4364313E-02
   7138.80  3.3997352E-02
   7139.00  3.3640330E-02
   7139.20  3.3294549E-02
   7139.40  3.2961373E-02
   7139.60  3.2642237E-02
   7139.80  3.2313530E-02
   7140.00  3.2027400E-02
   7140.20  3.1760368E-02
   7140.40  3.1514332E-02
   7140.60  3.1291225E-02
   7140.80  3.1092916E-02
   7141.00  3.0921126E-02
   7141.20  3.0771941E-02
   7141.40  3.0648836E-02
   7141.60  3.0552256E-02
   7141.80  3.0482181E-02
   7142.00  3.0437838E-02
   7142.20  3.0417822E-02
   7142.40  3.0420059E-02
   7142.60  3.0442139E-02
   7142.80  3.0480739E-02
   7143.00  3.0531553E-02
   7143.20  3.0589978E-02
   7143.40  3.0651322E-02
   7143.60  3.0710892E-02
   7143.80  3.0764100E-02
   7144.00  3.0806581E-02
   7144.20  3.0834540E-02
   7144.40  3.0844374E-02
   7144.60  3.0833275E-02
   7144.80  3.0799288E-02
   7145.00  3.0740719E-02
   7145.20  3.0656633E-02
   7145.40  3.0546741E-02
   7145.60  3.0411346E-02
   7145.80  3.0250858E-02
   7146.00  3.0066247E-02
   7146.20  2.9858825E-02
   7146.40  2.9630311E-02
   7146.60  2.9382163E-02
   7146.80  2.9116195E-02
   7147.00  2.8834355E-02
   7147.20  2.8538690E-02
   7147.40  2.8231461E-02
   7147.60  2.7914565E-02
   7147.80  2.7590427E-02
   7148.00  2.7261494E-02
   7148.20  2.6930313E-02
   7148.40  2.6599622E-02
   7148.60  2.6272238E-02
   7148.80  2.5950858E-02
   7149.00  2.5638278E-02
   7149.20  2.5337324E-02
   7149.40  2.5050712E-02
   7149.60  2.4780992E-02
   7149.80  2.4530601E-02
   7150.00  2.4301217E-02
   7150.20  2.4094308E-02
   7150.40  2.3910867E-02
   7150.60  2.3751374E-02
   7150.80  2.3615793E-02
   7151.00  2.3503757E-02
   7151.20  2.3414337E-02
   7151.40  2.3345992E-02
   7151.60  2.3296962E-02
   7151.80  2.3258519E-02
   7152.00  2.3241706E-02
   7152.20  2.3237664E-02
   7152.40  2.3243975E-02
   7152.60  2.3258198E-02
   7152.80  2.3278048E-02
   7153.00  2.3301086E-02
   7153.20  2.3325153E-02
   7153.40  2.3348700E-02
   7153.60  2.3371159E-02
   7153.80  2.3390286E-02
   7154.00  2.3404599E-02
   7154.20  2.3413874E-02
   7154.40  2.3418980E-02
   7154.60  2.3418087E-02
   7154.80  2.3411843E-02
   7155.00  2.3400245E-02
   7155.20  2.3384060E-02
   7155.40  2.3364703E-02
   7155.60  2.3342684E-02
   7155.80  2.3331000E-02
   7156.00  2.3305909E-02
   7156.20  2.3280863E-02
   7156.40  2.3256886E-02
   7156.60  2.3234156E-02
   7156.80  2.3213034E-02
   7157.00  2.3193940E-02
   7157.20  2.3177382E-02
   7157.40  2.3163003E-02
   7157.60  2.3148708E-02
   7157.80  2.3138480E-02
   7158.00  2.3130294E-02
   7158.20  2.3124333E-02
   7158.40  2.3120457E-02
   7158.60  2.3118433E-02
   7158.80  2.3118230E-02
   7159.00  2.3119853E-02
   7159.20  2.3123318E-02
   7159.40  2.3128710E-02
   7159.60  2.3136268E-02
   7159.80  2.3145715E-02
   7160.00  2.3157098E-02
   7160.20  2.3170244E-02
   7160.40  2.3185055E-02
   7160.60  2.3201433E-02
   7160.80  2.3219119E-02
   7161.00  2.3238140E-02
   7161.20  2.3257997E-02
   7161.40  2.3278490E-02
   7161.60  2.3299445E-02
   7161.80  2.3320827E-02
   7162.00  2.3342543E-02
   7162.20  2.3364621E-02
   7162.40  2.3387273E-02
   7162.60  2.3411016E-02
   7162.80  2.3436268E-02
   7163.00  2.3463652E-02
   7163.20  2.3493938E-02
   7163.40  2.3527895E-02
   7163.60  2.3566427E-02
   7163.80  2.3610346E-02
   7164.00  2.3660766E-02
   7164.20  2.3718481E-02
   7164.40  2.3784357E-02
   7164.60  2.3859092E-02
   7164.80  2.3943113E-02
   7165.00  2.4036813E-02
   7165.20  2.4140449E-02
   7165.40  2.4254124E-02
   7165.60  2.4377885E-02
   7165.80  2.4511583E-02
   7166.00  2.4654871E-02
   7166.20  2.4814157E-02
   7166.40  2.4975699E-02
   7166.60  2.5145517E-02
   7166.80  2.5323027E-02
   7167.00  2.5509299E-02
   7167.20  2.5700407E-02
   7167.40  2.5897384E-02
   7167.60  2.6099895E-02
   7167.80  2.6307098E-02
   7168.00  2.6518382E-02
   7168.20  2.6733201E-02
   7168.40  2.6950764E-02
   7168.60  2.7171282E-02
   7168.80  2.7393925E-02
   7169.00  2.7618200E-02
   7169.20  2.7843704E-02
   7169.40  2.8070072E-02
   7169.60  2.8297110E-02
   7169.80  2.8524436E-02
   7170.00  2.8752342E-02
   7170.20  2.8980146E-02
   7170.40  2.9207456E-02
   7170.60  2.9434070E-02
   7170.80  2.9659856E-02
   7171.00  2.9879035E-02
   7171.20  3.0102797E-02
   7171.40  3.0325523E-02
   7171.60  3.0547018E-02
   7171.80  3.0767338E-02
   7172.00  3.0986555E-02
