  7112.000   26  1  1  7.6744026E-03 -2.2509650E+00 -2.1843127E+00  1  1  7.2660698E+03  0.0000000E+00  0.0000000E+00  1.3826404E+00  1.0000000E+00  0.0000000E+00 = E_edge, Z, n_edge, j_edge, Abs_before_edge, VO_interstitial, E_cut, ninitl, ninit1, Epsii, UnitCell_Volume, Surface_ref, f0_forward, natomsym_f, abs_u_i
    Energy    <xanes>    
   7097.00  1.9448845E-05
   7097.20  1.9500147E-05
   7097.40  1.9565713E-05
   7097.60  1.9646758E-05
   7097.80  1.9745092E-05
   7098.00  1.9863191E-05
   7098.20  2.0004379E-05
   7098.40  2.0173157E-05
   7098.60  2.0375585E-05
   7098.80  2.0620062E-05
   7099.00  2.0918537E-05
   7099.20  2.1288364E-05
   7099.40  2.1755735E-05
   7099.60  2.2361908E-05
   7099.80  2.3175115E-05
   7100.00  2.4315395E-05
   7100.20  2.6011126E-05
   7100.40  2.8744243E-05
   7100.60  3.3686838E-05
   7100.80  4.4356309E-05
   7101.00  7.5799751E-05
   7101.20  2.6943995E-04
   7101.40  1.0734927E-02
   7101.60  1.7437327E-04
   7101.80  6.6932221E-05
   7102.00  4.5851879E-05
   7102.20  4.0558806E-05
   7102.40  4.4903768E-05
   7102.60  1.3127806E-04
   7102.80  1.1430576E-04
   7103.00  7.4371881E-05
   7103.20  2.5675175E-04
   7103.40  9.8852129E-04
   7103.60  1.0252239E-04
   7103.80  1.1804359E-04
   7104.00  9.7394687E-04
   7104.20  1.1426432E-04
   7104.40  2.4351157E-03
   7104.60  1.3796820E-04
   7104.80  5.8074387E-05
   7105.00  4.7622351E-05
   7105.20  4.8154479E-05
   7105.40  5.9736833E-05
   7105.60  1.6644713E-04
   7105.80  3.9743607E-04
   7106.00  8.8209290E-05
   7106.20  3.1493691E-04
   7106.40  1.1878159E-04
   7106.60  1.1540465E-04
   7106.80  2.6482990E-04
   7107.00  5.1488654E-03
   7107.20  2.5815255E-03
   7107.40  7.3669148E-02
   7107.60  5.3519160E-04
   7107.80  7.4267211E-03
   7108.00  1.4217664E-03
   7108.20  6.7544566E-04
   7108.40  2.8962295E-04
   7108.60  7.0537056E-04
   7108.80  2.4870624E-02
   7109.00  1.8484463E-03
   7109.20  1.6458246E-02
   7109.40  1.0550422E-03
   7109.60  2.7691424E-03
   7109.80  7.5313726E-04
   7110.00  2.6246314E-01
   7110.20  6.2830746E-03
   7110.40  1.2046757E-02
   7110.60  2.1311848E-02
   7110.80  6.3115136E-03
   7111.00  1.4399583E-02
   7111.20  5.2429061E-03
   7111.40  6.1454604E-03
   7111.60  5.6576974E-03
   7111.80  1.1325673E-02
   7112.00  9.5871350E-03
   7112.20  6.7144452E-03
   7112.40  9.3075581E-03
   7112.60  1.0580454E-02
   7112.80  1.7277440E-02
   7113.00  2.0763360E-02
   7113.20  2.5427626E-02
   7113.40  3.7832875E-02
   7113.60  6.0829027E-02
   7113.80  1.0343214E-01
   7114.00  1.2633936E-01
   7114.20  8.4329270E-02
   7114.40  4.9385388E-02
   7114.60  3.1850540E-02
   7114.80  2.2990019E-02
   7115.00  1.8036630E-02
   7115.20  1.5001588E-02
   7115.40  1.3010522E-02
   7115.60  1.1641762E-02
   7115.80  1.0672301E-02
   7116.00  9.9895594E-03
   7116.20  9.5417916E-03
   7116.40  9.3253758E-03
   7116.60  9.3094472E-03
   7116.80  9.8022297E-03
   7117.00  1.0892657E-02
   7117.20  1.2624886E-02
   7117.40  1.4326033E-02
   7117.60  1.4803098E-02
   7117.80  1.3881327E-02
   7118.00  1.2310508E-02
   7118.20  1.0740156E-02
   7118.40  9.4470249E-03
   7118.60  8.4791885E-03
   7118.80  7.7973602E-03
   7119.00  7.3406067E-03
   7119.20  7.0472986E-03
   7119.40  6.8603835E-03
   7119.60  6.7321277E-03
   7119.80  6.6243212E-03
   7120.00  6.5012546E-03
   7120.20  6.3257476E-03
   7120.40  6.0820262E-03
   7120.60  5.8062245E-03
   7120.80  5.5689330E-03
   7121.00  5.4255019E-03
   7121.20  5.3764322E-03
   7121.40  5.3931263E-03
   7121.60  5.4692918E-03
   7121.80  5.5941156E-03
   7122.00  5.7374690E-03
   7122.20  5.8773828E-03
   7122.40  6.0077931E-03
   7122.60  6.1310093E-03
   7122.80  6.2496172E-03
   7123.00  6.3673464E-03
   7123.20  6.4870968E-03
   7123.40  6.6107860E-03
   7123.60  6.7455509E-03
   7123.80  6.8794754E-03
   7124.00  7.0156074E-03
   7124.20  7.1557122E-03
   7124.40  7.3021498E-03
   7124.60  7.4610565E-03
   7124.80  7.6438354E-03
   7125.00  7.8668938E-03
   7125.20  8.1472627E-03
   7125.40  8.4945090E-03
   7125.60  8.9065961E-03
   7125.80  9.3752362E-03
   7126.00  9.8951460E-03
   7126.20  1.0467760E-02
   7126.40  1.1099710E-02
   7126.60  1.1817950E-02
   7126.80  1.2585768E-02
   7127.00  1.3434015E-02
   7127.20  1.4304199E-02
   7127.40  1.5195576E-02
   7127.60  1.6099605E-02
   7127.80  1.7022762E-02
   7128.00  1.7986831E-02
   7128.20  1.9012623E-02
   7128.40  2.0117278E-02
   7128.60  2.1296083E-02
   7128.80  2.2552061E-02
   7129.00  2.3830761E-02
   7129.20  2.5051805E-02
   7129.40  2.6273218E-02
   7129.60  2.7559405E-02
   7129.80  2.8977593E-02
   7130.00  3.0663376E-02
   7130.20  3.2631173E-02
   7130.40  3.4838504E-02
   7130.60  3.7209997E-02
   7130.80  3.9718004E-02
   7131.00  4.2432844E-02
   7131.20  4.5489217E-02
   7131.40  4.9009673E-02
   7131.60  5.3048039E-02
   7131.80  5.7571520E-02
   7132.00  6.2460660E-02
   7132.20  6.7525926E-02
   7132.40  7.2521124E-02
   7132.60  7.7146359E-02
   7132.80  8.1171054E-02
   7133.00  8.4452569E-02
   7133.20  8.6930367E-02
   7133.40  8.8575590E-02
   7133.60  8.9340327E-02
   7133.80  8.9152268E-02
   7134.00  8.7965532E-02
   7134.20  8.5821888E-02
   7134.40  8.2871304E-02
   7134.60  7.9338702E-02
   7134.80  7.5464957E-02
   7135.00  7.1458501E-02
   7135.20  6.7473586E-02
   7135.40  6.3609564E-02
   7135.60  5.9921669E-02
   7135.80  5.6434608E-02
   7136.00  5.3154377E-02
   7136.20  5.0076794E-02
   7136.40  4.7194107E-02
   7136.60  4.4498293E-02
   7136.80  4.1983244E-02
   7137.00  3.9645577E-02
   7137.20  3.7485416E-02
   7137.40  3.5506029E-02
   7137.60  3.3712337E-02
   7137.80  3.2110751E-02
   7138.00  3.0706839E-02
   7138.20  2.9512095E-02
   7138.40  2.8522906E-02
   7138.60  2.7728260E-02
   7138.80  2.7120777E-02
   7139.00  2.6688714E-02
   7139.20  2.6416634E-02
   7139.40  2.6286203E-02
   7139.60  2.6277697E-02
   7139.80  2.6371675E-02
   7140.00  2.6550059E-02
   7140.20  2.6797129E-02
   7140.40  2.7100000E-02
   7140.60  2.7448718E-02
   7140.80  2.7836225E-02
   7141.00  2.8257920E-02
   7141.20  2.8711162E-02
   7141.40  2.9194694E-02
   7141.60  2.9707656E-02
   7141.80  3.0249497E-02
   7142.00  3.0819399E-02
   7142.20  3.1416123E-02
   7142.40  3.2037205E-02
   7142.60  3.2679291E-02
   7142.80  3.3337828E-02
   7143.00  3.4007214E-02
   7143.20  3.4681033E-02
   7143.40  3.5352497E-02
   7143.60  3.6014328E-02
   7143.80  3.6659741E-02
   7144.00  3.7282531E-02
   7144.20  3.7877219E-02
   7144.40  3.8439548E-02
   7144.60  3.8966201E-02
   7144.80  3.9453831E-02
   7145.00  3.9899938E-02
   7145.20  4.0305185E-02
   7145.40  4.0668304E-02
   7145.60  4.0988283E-02
   7145.80  4.1264182E-02
   7146.00  4.1495327E-02
   7146.20  4.1680993E-02
   7146.40  4.1820566E-02
   7146.60  4.1913867E-02
   7146.80  4.1960895E-02
   7147.00  4.1962059E-02
   7147.20  4.1918225E-02
   7147.40  4.1830720E-02
   7147.60  4.1701368E-02
   7147.80  4.1532346E-02
   7148.00  4.1326261E-02
   7148.20  4.1086110E-02
   7148.40  4.0815161E-02
   7148.60  4.0516941E-02
   7148.80  4.0195112E-02
   7149.00  3.9853472E-02
   7149.20  3.9495793E-02
   7149.40  3.9125704E-02
   7149.60  3.8746952E-02
   7149.80  3.8362984E-02
   7150.00  3.7977001E-02
   7150.20  3.7585119E-02
   7150.40  3.7204744E-02
   7150.60  3.6831112E-02
   7150.80  3.6467039E-02
   7151.00  3.6114450E-02
   7151.20  3.5775449E-02
   7151.40  3.5452361E-02
   7151.60  3.5142226E-02
   7151.80  3.4856996E-02
   7152.00  3.4591936E-02
   7152.20  3.4348612E-02
   7152.40  3.4128674E-02
   7152.60  3.3934326E-02
   7152.80  3.3766970E-02
   7153.00  3.3627973E-02
   7153.20  3.3518945E-02
   7153.40  3.3440767E-02
   7153.60  3.3394528E-02
   7153.80  3.3381105E-02
   7154.00  3.3401190E-02
   7154.20  3.3455333E-02
   7154.40  3.3543520E-02
   7154.60  3.3665318E-02
   7154.80  3.3819722E-02
   7155.00  3.4005229E-02
   7155.20  3.4219718E-02
   7155.40  3.4460515E-02
   7155.60  3.4724219E-02
   7155.80  3.5006676E-02
   7156.00  3.5303538E-02
   7156.20  3.5610044E-02
   7156.40  3.5921433E-02
   7156.60  3.6233033E-02
   7156.80  3.6540445E-02
   7157.00  3.6839692E-02
   7157.20  3.7127248E-02
   7157.40  3.7400193E-02
   7157.60  3.7656277E-02
   7157.80  3.7893597E-02
   7158.00  3.8110845E-02
   7158.20  3.8307129E-02
   7158.40  3.8481981E-02
   7158.60  3.8635196E-02
   7158.80  3.8766474E-02
   7159.00  3.8875812E-02
   7159.20  3.8963279E-02
   7159.40  3.9028987E-02
   7159.60  3.9073078E-02
   7159.80  3.9095706E-02
   7160.00  3.9097043E-02
   7160.20  3.9077395E-02
   7160.40  3.9037030E-02
   7160.60  3.8975966E-02
   7160.80  3.8894638E-02
   7161.00  3.8793352E-02
   7161.20  3.8676339E-02
   7161.40  3.8542088E-02
   7161.60  3.8384135E-02
   7161.80  3.8208493E-02
   7162.00  3.8014323E-02
   7162.20  3.7805706E-02
   7162.40  3.7586307E-02
   7162.60  3.7348143E-02
   7162.80  3.7096461E-02
   7163.00  3.6832161E-02
   7163.20  3.6556168E-02
   7163.40  3.6269421E-02
   7163.60  3.5972227E-02
   7163.80  3.5666778E-02
   7164.00  3.5353614E-02
   7164.20  3.5033651E-02
   7164.40  3.4707690E-02
   7164.60  3.4376852E-02
   7164.80  3.4042264E-02
   7165.00  3.3704408E-02
   7165.20  3.3363889E-02
   7165.40  3.3021542E-02
   7165.60  3.2678420E-02
   7165.80  3.2335694E-02
   7166.00  3.1993573E-02
   7166.20  3.1652888E-02
   7166.40  3.1314483E-02
   7166.60  3.0979076E-02
   7166.80  3.0647959E-02
   7167.00  3.0321511E-02
   7167.20  2.9999879E-02
   7167.40  2.9683664E-02
   7167.60  2.9373348E-02
   7167.80  2.9069728E-02
   7168.00  2.8773819E-02
   7168.20  2.8485300E-02
   7168.40  2.8204588E-02
   7168.60  2.7932135E-02
   7168.80  2.7664542E-02
   7169.00  2.7409522E-02
   7169.20  2.7165469E-02
   7169.40  2.6932722E-02
   7169.60  2.6709200E-02
   7169.80  2.6495898E-02
   7170.00  2.6292692E-02
   7170.20  2.6099735E-02
   7170.40  2.5917259E-02
   7170.60  2.5745230E-02
   7170.80  2.5583875E-02
   7171.00  2.5433345E-02
   7171.20  2.5293346E-02
   7171.40  2.5163893E-02
   7171.60  2.5044858E-02
   7171.80  2.4936100E-02
   7172.00  2.4837528E-02
