  7112.000   26  1  1  9.8400600E-03 -2.7349608E+00 -1.8654264E+00  1  1  7.2657809E+03  0.0000000E+00  0.0000000E+00  2.4295104E+00  1.0000000E+00  0.0000000E+00 = E_edge, Z, n_edge, j_edge, Abs_before_edge, VO_interstitial, E_cut, ninitl, ninit1, Epsii, UnitCell_Volume, Surface_ref, f0_forward, natomsym_f, abs_u_i
    Energy    <xanes>    
   7097.00  2.2512345E-05
   7097.20  2.1262942E-05
   7097.40  2.0773234E-05
   7097.60  2.0569930E-05
   7097.80  2.0506092E-05
   7098.00  2.0525567E-05
   7098.20  2.0604892E-05
   7098.40  2.0734897E-05
   7098.60  2.0914175E-05
   7098.80  2.1146814E-05
   7099.00  2.1442114E-05
   7099.20  2.1815868E-05
   7099.40  2.2293725E-05
   7099.60  2.2918354E-05
   7099.80  2.3766764E-05
   7100.00  2.5003484E-05
   7100.20  2.7140467E-05
   7100.40  3.4749890E-05
   7100.60  7.1692584E-05
   7100.80  4.0263540E-05
   7101.00  5.3479566E-05
   7101.20  1.0174526E-04
   7101.40  8.3685384E-04
   7101.60  1.9785312E-03
   7101.80  3.9466623E-04
   7102.00  9.6713506E-05
   7102.20  6.7727751E-05
   7102.40  8.3437490E-05
   7102.60  4.8746232E-05
   7102.80  8.3324282E-05
   7103.00  2.5115740E-04
   7103.20  1.0955477E-04
   7103.40  1.5404878E-03
   7103.60  3.2838640E-04
   7103.80  8.4892026E-05
   7104.00  2.2979693E-04
   7104.20  1.8099318E-03
   7104.40  1.1856295E-04
   7104.60  8.8150771E-05
   7104.80  2.4478976E-04
   7105.00  2.7916415E-04
   7105.20  8.4508014E-04
   7105.40  6.5594786E-04
   7105.60  2.1866774E-04
   7105.80  1.4471403E-03
   7106.00  1.4620537E-03
   7106.20  2.1435492E-03
   7106.40  4.0245410E-03
   7106.60  1.6503468E-04
   7106.80  1.9784688E-04
   7107.00  5.1613133E-04
   7107.20  5.2856865E-03
   7107.40  6.4157471E-04
   7107.60  4.4044346E-04
   7107.80  1.6434342E-03
   7108.00  4.1306407E-03
   7108.20  2.9618541E-04
   7108.40  1.3010708E-03
   7108.60  7.9013293E-04
   7108.80  2.1528407E-03
   7109.00  1.5135352E-02
   7109.20  2.0161964E-03
   7109.40  1.0246283E-02
   7109.60  7.7320592E-04
   7109.80  4.4263273E-03
   7110.00  7.8980411E-03
   7110.20  2.1188019E-02
   7110.40  4.7071820E-03
   7110.60  5.9141639E-03
   7110.80  3.9522037E-03
   7111.00  5.9481809E-03
   7111.20  7.3784109E-03
   7111.40  1.4098127E-02
   7111.60  1.1396396E-02
   7111.80  8.4280723E-03
   7112.00  1.2012318E-02
   7112.20  1.3226509E-02
   7112.40  1.9698743E-02
   7112.60  2.7565485E-02
   7112.80  3.0479009E-02
   7113.00  3.5244237E-02
   7113.20  4.5099197E-02
   7113.40  5.1966886E-02
   7113.60  6.4250580E-02
   7113.80  7.1258987E-02
   7114.00  6.5120683E-02
   7114.20  5.3666249E-02
   7114.40  4.0829970E-02
   7114.60  3.0342784E-02
   7114.80  2.3104451E-02
   7115.00  1.8380541E-02
   7115.20  1.5330163E-02
   7115.40  1.3379749E-02
   7115.60  1.2193794E-02
   7115.80  1.1594857E-02
   7116.00  1.1243252E-02
   7116.20  1.1181324E-02
   7116.40  1.0755943E-02
   7116.60  9.9525797E-03
   7116.80  9.1241365E-03
   7117.00  8.4807823E-03
   7117.20  8.0602167E-03
   7117.40  7.8722603E-03
   7117.60  7.9402529E-03
   7117.80  8.1119453E-03
   7118.00  7.9165972E-03
   7118.20  7.3492929E-03
   7118.40  6.9240479E-03
   7118.60  6.8536781E-03
   7118.80  7.0665364E-03
   7119.00  7.3299843E-03
   7119.20  7.3866782E-03
   7119.40  7.1725190E-03
   7119.60  6.8011891E-03
   7119.80  6.4190709E-03
   7120.00  6.1126511E-03
   7120.20  5.8684871E-03
   7120.40  5.6643768E-03
   7120.60  5.5331981E-03
   7120.80  5.4929998E-03
   7121.00  5.5129216E-03
   7121.20  5.5581038E-03
   7121.40  5.6119367E-03
   7121.60  5.6704938E-03
   7121.80  5.7348592E-03
   7122.00  5.8073770E-03
   7122.20  5.8903597E-03
   7122.40  5.9858067E-03
   7122.60  6.0970428E-03
   7122.80  6.2250149E-03
   7123.00  6.3994874E-03
   7123.20  6.5810750E-03
   7123.40  6.7927720E-03
   7123.60  7.0408279E-03
   7123.80  7.3305562E-03
   7124.00  7.6300156E-03
   7124.20  7.9594837E-03
   7124.40  8.3380912E-03
   7124.60  8.7919022E-03
   7124.80  9.3252519E-03
   7125.00  9.9150233E-03
   7125.20  1.0540287E-02
   7125.40  1.1239432E-02
   7125.60  1.2136045E-02
   7125.80  1.3387373E-02
   7126.00  1.5118414E-02
   7126.20  1.7351802E-02
   7126.40  1.9979659E-02
   7126.60  2.2774321E-02
   7126.80  2.5466644E-02
   7127.00  2.7789394E-02
   7127.20  2.9413306E-02
   7127.40  3.0240441E-02
   7127.60  3.0527725E-02
   7127.80  3.0565537E-02
   7128.00  3.0473811E-02
   7128.20  3.0300708E-02
   7128.40  2.9999532E-02
   7128.60  2.9680178E-02
   7128.80  2.9418700E-02
   7129.00  2.9178801E-02
   7129.20  2.9015910E-02
   7129.40  2.8852416E-02
   7129.60  2.8758060E-02
   7129.80  2.8820103E-02
   7130.00  2.9087979E-02
   7130.20  2.9573453E-02
   7130.40  3.0274873E-02
   7130.60  3.1196044E-02
   7130.80  3.2352257E-02
   7131.00  3.3766347E-02
   7131.20  3.5462668E-02
   7131.40  3.7467172E-02
   7131.60  3.9817955E-02
   7131.80  4.2582742E-02
   7132.00  4.5868520E-02
   7132.20  4.9807156E-02
   7132.40  5.4493375E-02
   7132.60  5.9845418E-02
   7132.80  6.5407829E-02
   7133.00  7.0319123E-02
   7133.20  7.3739499E-02
   7133.40  7.5435081E-02
   7133.60  7.5787592E-02
   7133.80  7.5379306E-02
   7134.00  7.4625312E-02
   7134.20  7.3713185E-02
   7134.40  7.2672914E-02
   7134.60  7.1457818E-02
   7134.80  7.0000272E-02
   7135.00  6.8246156E-02
   7135.20  6.6173713E-02
   7135.40  6.3799601E-02
   7135.60  6.1174788E-02
   7135.80  5.8373578E-02
   7136.00  5.5480580E-02
   7136.20  5.2578531E-02
   7136.40  4.9739897E-02
   7136.60  4.7023177E-02
   7136.80  4.4472088E-02
   7137.00  4.2117462E-02
   7137.20  3.9978116E-02
   7137.40  3.8064510E-02
   7137.60  3.6379977E-02
   7137.80  3.4923650E-02
   7138.00  3.3690625E-02
   7138.20  3.2674358E-02
   7138.40  3.1866657E-02
   7138.60  3.1258480E-02
   7138.80  3.0840612E-02
   7139.00  3.0603242E-02
   7139.20  3.0535700E-02
   7139.40  3.0625958E-02
   7139.60  3.0859656E-02
   7139.80  3.1219160E-02
   7140.00  3.1678685E-02
   7140.20  3.2215236E-02
   7140.40  3.2801227E-02
   7140.60  3.3406756E-02
   7140.80  3.4002432E-02
   7141.00  3.4562441E-02
   7141.20  3.5067009E-02
   7141.40  3.5504587E-02
   7141.60  3.5871543E-02
   7141.80  3.6171377E-02
   7142.00  3.6412636E-02
   7142.20  3.6606327E-02
   7142.40  3.6764252E-02
   7142.60  3.6897161E-02
   7142.80  3.7014141E-02
   7143.00  3.7122209E-02
   7143.20  3.7226450E-02
   7143.40  3.7330038E-02
   7143.60  3.7434813E-02
   7143.80  3.7541505E-02
   7144.00  3.7650030E-02
   7144.20  3.7759637E-02
   7144.40  3.7869403E-02
   7144.60  3.7977877E-02
   7144.80  3.8083479E-02
   7145.00  3.8184607E-02
   7145.20  3.8279587E-02
   7145.40  3.8366664E-02
   7145.60  3.8444146E-02
   7145.80  3.8510479E-02
   7146.00  3.8564085E-02
   7146.20  3.8603559E-02
   7146.40  3.8627772E-02
   7146.60  3.8635923E-02
   7146.80  3.8627699E-02
   7147.00  3.8603400E-02
   7147.20  3.8568224E-02
   7147.40  3.8518915E-02
   7147.60  3.8456607E-02
   7147.80  3.8382695E-02
   7148.00  3.8298854E-02
   7148.20  3.8206919E-02
   7148.40  3.8108817E-02
   7148.60  3.8006478E-02
   7148.80  3.7902476E-02
   7149.00  3.7798253E-02
   7149.20  3.7694419E-02
   7149.40  3.7595422E-02
   7149.60  3.7500101E-02
   7149.80  3.7408503E-02
   7150.00  3.7327804E-02
   7150.20  3.7257899E-02
   7150.40  3.7196755E-02
   7150.60  3.7146002E-02
   7150.80  3.7107121E-02
   7151.00  3.7082842E-02
   7151.20  3.7069578E-02
   7151.40  3.7069875E-02
   7151.60  3.7084073E-02
   7151.80  3.7111952E-02
   7152.00  3.7153219E-02
   7152.20  3.7207215E-02
   7152.40  3.7273116E-02
   7152.60  3.7349768E-02
   7152.80  3.7438913E-02
   7153.00  3.7531538E-02
   7153.20  3.7628996E-02
   7153.40  3.7728937E-02
   7153.60  3.7828799E-02
   7153.80  3.7925603E-02
   7154.00  3.8012600E-02
   7154.20  3.8094500E-02
   7154.40  3.8164756E-02
   7154.60  3.8220830E-02
   7154.80  3.8260540E-02
   7155.00  3.8282443E-02
   7155.20  3.8284608E-02
   7155.40  3.8265450E-02
   7155.60  3.8224525E-02
   7155.80  3.8161876E-02
   7156.00  3.8077921E-02
   7156.20  3.7973623E-02
   7156.40  3.7850686E-02
   7156.60  3.7710484E-02
   7156.80  3.7554904E-02
   7157.00  3.7385959E-02
   7157.20  3.7205702E-02
   7157.40  3.7016144E-02
   7157.60  3.6819208E-02
   7157.80  3.6616644E-02
   7158.00  3.6410222E-02
   7158.20  3.6200914E-02
   7158.40  3.5989672E-02
   7158.60  3.5777137E-02
   7158.80  3.5563674E-02
   7159.00  3.5349386E-02
   7159.20  3.5134140E-02
   7159.40  3.4917588E-02
   7159.60  3.4699223E-02
   7159.80  3.4478737E-02
   7160.00  3.4255305E-02
   7160.20  3.4028223E-02
   7160.40  3.3796904E-02
   7160.60  3.3563936E-02
   7160.80  3.3323442E-02
   7161.00  3.3078415E-02
   7161.20  3.2829830E-02
   7161.40  3.2576919E-02
   7161.60  3.2321260E-02
   7161.80  3.2065012E-02
   7162.00  3.1807671E-02
   7162.20  3.1550227E-02
   7162.40  3.1296005E-02
   7162.60  3.1045515E-02
   7162.80  3.0800756E-02
   7163.00  3.0562606E-02
   7163.20  3.0331842E-02
   7163.40  3.0109508E-02
   7163.60  2.9896946E-02
   7163.80  2.9694161E-02
   7164.00  2.9501917E-02
   7164.20  2.9319956E-02
   7164.40  2.9149723E-02
   7164.60  2.8990866E-02
   7164.80  2.8842682E-02
   7165.00  2.8704910E-02
   7165.20  2.8577174E-02
   7165.40  2.8459053E-02
   7165.60  2.8350498E-02
   7165.80  2.8250641E-02
   7166.00  2.8158731E-02
   7166.20  2.8074223E-02
   7166.40  2.7996531E-02
   7166.60  2.7925172E-02
   7166.80  2.7859646E-02
   7167.00  2.7799273E-02
   7167.20  2.7744088E-02
   7167.40  2.7692654E-02
   7167.60  2.7640655E-02
   7167.80  2.7592378E-02
   7168.00  2.7548573E-02
   7168.20  2.7506566E-02
   7168.40  2.7466075E-02
   7168.60  2.7426362E-02
   7168.80  2.7387054E-02
   7169.00  2.7347748E-02
   7169.20  2.7308103E-02
   7169.40  2.7267967E-02
   7169.60  2.7226896E-02
   7169.80  2.7184680E-02
   7170.00  2.7141393E-02
   7170.20  2.7096444E-02
   7170.40  2.7049725E-02
   7170.60  2.7001048E-02
   7170.80  2.6950322E-02
   7171.00  2.6897469E-02
   7171.20  2.6842497E-02
   7171.40  2.6785415E-02
   7171.60  2.6726228E-02
   7171.80  2.6665350E-02
   7172.00  2.6602463E-02
