  7112.000   26  1  1  2.4904734E-02 -2.7374830E+00 -2.2799721E+00  1  1  7.2663394E+03  0.0000000E+00  0.0000000E+00  3.2055995E+00  1.0000000E+00  0.0000000E+00 = E_edge, Z, n_edge, j_edge, Abs_before_edge, VO_interstitial, E_cut, ninitl, ninit1, Epsii, UnitCell_Volume, Surface_ref, f0_forward, natomsym_f, abs_u_i
    Energy    <xanes>    
   7097.00  2.3240830E-05
   7097.20  2.3721620E-05
   7097.40  2.4295768E-05
   7097.60  2.4989397E-05
   7097.80  2.5839639E-05
   7098.00  2.6901556E-05
   7098.20  2.8259572E-05
   7098.40  3.0053121E-05
   7098.60  3.2530335E-05
   7098.80  3.6190527E-05
   7099.00  4.2236872E-05
   7099.20  5.4665399E-05
   7099.40  1.0038268E-04
   7099.60  1.1161064E-02
   7099.80  1.4482707E-02
   7100.00  1.8350658E-04
   7100.20  2.5843025E-04
   7100.40  1.2872797E-03
   7100.60  5.7902512E-03
   7100.80  5.5177894E-04
   7101.00  5.7927887E-02
   7101.20  3.1289708E-04
   7101.40  1.7470333E-04
   7101.60  6.5381580E-04
   7101.80  4.4249756E-04
   7102.00  2.9592767E-04
   7102.20  3.0019133E-04
   7102.40  4.5974432E-02
   7102.60  1.6061381E-03
   7102.80  2.2535359E-04
   7103.00  3.2246758E-04
   7103.20  3.7354688E-04
   7103.40  2.7556418E-03
   7103.60  2.5321390E-03
   7103.80  1.0926917E-04
   7104.00  1.1767861E-04
   7104.20  2.3095002E-04
   7104.40  1.8530120E-02
   7104.60  9.7450405E-04
   7104.80  5.3206413E-03
   7105.00  7.2721539E-04
   7105.20  5.7426310E-04
   7105.40  1.2990544E-02
   7105.60  4.3652641E-03
   7105.80  5.2011101E-04
   7106.00  2.1688126E-04
   7106.20  6.0025889E-03
   7106.40  1.1226260E-03
   7106.60  5.9948713E-04
   7106.80  1.8861131E-02
   7107.00  5.8988350E-03
   7107.20  3.3394218E-04
   7107.40  5.0291820E-04
   7107.60  7.1220084E-04
   7107.80  6.0358808E-03
   7108.00  3.9384587E-03
   7108.20  1.0905164E-02
   7108.40  2.8128383E-02
   7108.60  9.0964735E-04
   7108.80  1.1254877E-03
   7109.00  2.3607139E-03
   7109.20  1.1052593E-03
   7109.40  2.2302787E-03
   7109.60  1.3087316E-03
   7109.80  6.6980078E-03
   7110.00  7.4650820E-03
   7110.20  9.3946909E-03
   7110.40  3.6218127E-03
   7110.60  7.8193482E-03
   7110.80  1.1046572E-02
   7111.00  3.0295683E-02
   7111.20  2.8736066E-02
   7111.40  1.9712381E-02
   7111.60  1.8103744E-02
   7111.80  1.4561482E-02
   7112.00  2.1294362E-02
   7112.20  3.7617888E-02
   7112.40  6.1098444E-02
   7112.60  6.6158881E-02
   7112.80  5.8801961E-02
   7113.00  6.7205716E-02
   7113.20  7.5564185E-02
   7113.40  5.6403458E-02
   7113.60  3.3589229E-02
   7113.80  2.1653866E-02
   7114.00  1.9404473E-02
   7114.20  2.8064017E-02
   7114.40  2.2129036E-02
   7114.60  1.2130357E-02
   7114.80  7.8805104E-03
   7115.00  5.8709156E-03
   7115.20  4.6562869E-03
   7115.40  3.8679152E-03
   7115.60  3.4744557E-03
   7115.80  3.2028919E-03
   7116.00  3.0388104E-03
   7116.20  3.0096662E-03
   7116.40  3.1881610E-03
   7116.60  3.7330463E-03
   7116.80  4.9430943E-03
   7117.00  6.8425154E-03
   7117.20  7.9009539E-03
   7117.40  7.9059284E-03
   7117.60  7.6848385E-03
   7117.80  6.7761242E-03
   7118.00  6.0537707E-03
   7118.20  5.8471355E-03
   7118.40  6.2123652E-03
   7118.60  7.1666953E-03
   7118.80  7.7701577E-03
   7119.00  7.3664587E-03
   7119.20  6.6775114E-03
   7119.40  6.1216413E-03
   7119.60  5.7577638E-03
   7119.80  5.5641584E-03
   7120.00  5.5358042E-03
   7120.20  5.7359692E-03
   7120.40  6.0831265E-03
   7120.60  5.9529205E-03
   7120.80  5.5785528E-03
   7121.00  5.5394197E-03
   7121.20  5.8316914E-03
   7121.40  6.4021950E-03
   7121.60  7.2799908E-03
   7121.80  8.5749654E-03
   7122.00  1.0439638E-02
   7122.20  1.2850265E-02
   7122.40  1.5382912E-02
   7122.60  1.7551354E-02
   7122.80  1.9508476E-02
   7123.00  2.1464497E-02
   7123.20  2.3617093E-02
   7123.40  2.5953196E-02
   7123.60  2.8103239E-02
   7123.80  2.9665507E-02
   7124.00  3.0621948E-02
   7124.20  3.1172591E-02
   7124.40  3.1630752E-02
   7124.60  3.2274881E-02
   7124.80  3.3350802E-02
   7125.00  3.5034480E-02
   7125.20  3.7354977E-02
   7125.40  4.0064222E-02
   7125.60  4.2581357E-02
   7125.80  4.4022046E-02
   7126.00  4.4164167E-02
   7126.20  4.3427411E-02
   7126.40  4.2445311E-02
   7126.60  4.1494367E-02
   7126.80  4.0803623E-02
   7127.00  4.0124532E-02
   7127.20  3.9297482E-02
   7127.40  3.8303343E-02
   7127.60  3.7298584E-02
   7127.80  3.6316659E-02
   7128.00  3.5335568E-02
   7128.20  3.4358289E-02
   7128.40  3.3462647E-02
   7128.60  3.2741216E-02
   7128.80  3.2252439E-02
   7129.00  3.2050526E-02
   7129.20  3.2219531E-02
   7129.40  3.2840399E-02
   7129.60  3.3919767E-02
   7129.80  3.5329459E-02
   7130.00  3.6783881E-02
   7130.20  3.7896735E-02
   7130.40  3.8343220E-02
   7130.60  3.8038427E-02
   7130.80  3.7177531E-02
   7131.00  3.6107067E-02
   7131.20  3.5145564E-02
   7131.40  3.4485970E-02
   7131.60  3.4189225E-02
   7131.80  3.4220332E-02
   7132.00  3.4459571E-02
   7132.20  3.4745607E-02
   7132.40  3.4928118E-02
   7132.60  3.4926411E-02
   7132.80  3.4750505E-02
   7133.00  3.4467972E-02
   7133.20  3.4149299E-02
   7133.40  3.3836556E-02
   7133.60  3.3542811E-02
   7133.80  3.3270329E-02
   7134.00  3.3028832E-02
   7134.20  3.2839849E-02
   7134.40  3.2732122E-02
   7134.60  3.2728061E-02
   7134.80  3.2826899E-02
   7135.00  3.3009672E-02
   7135.20  3.3259035E-02
   7135.40  3.3568428E-02
   7135.60  3.3938688E-02
   7135.80  3.4369965E-02
   7136.00  3.4856113E-02
   7136.20  3.5384823E-02
   7136.40  3.5939645E-02
   7136.60  3.6503674E-02
   7136.80  3.7061469E-02
   7137.00  3.7600005E-02
   7137.20  3.8108272E-02
   7137.40  3.8580453E-02
   7137.60  3.9010087E-02
   7137.80  3.9391744E-02
   7138.00  3.9727156E-02
   7138.20  4.0021601E-02
   7138.40  4.0281959E-02
   7138.60  4.0514935E-02
   7138.80  4.0726386E-02
   7139.00  4.0920479E-02
   7139.20  4.1100282E-02
   7139.40  4.1269421E-02
   7139.60  4.1431467E-02
   7139.80  4.1589373E-02
   7140.00  4.1744043E-02
   7140.20  4.1893845E-02
   7140.40  4.2033943E-02
   7140.60  4.2156095E-02
   7140.80  4.2249203E-02
   7141.00  4.2300297E-02
   7141.20  4.2295978E-02
   7141.40  4.2224755E-02
   7141.60  4.2078976E-02
   7141.80  4.1856385E-02
   7142.00  4.1561140E-02
   7142.20  4.1203921E-02
   7142.40  4.0800863E-02
   7142.60  4.0372179E-02
   7142.80  3.9940082E-02
   7143.00  3.9526762E-02
   7143.20  3.9152592E-02
   7143.40  3.8825276E-02
   7143.60  3.8579813E-02
   7143.80  3.8411841E-02
   7144.00  3.8327435E-02
   7144.20  3.8316490E-02
   7144.40  3.8374516E-02
   7144.60  3.8497201E-02
   7144.80  3.8679095E-02
   7145.00  3.8914054E-02
   7145.20  3.9195173E-02
   7145.40  3.9515263E-02
   7145.60  3.9866338E-02
   7145.80  4.0239715E-02
   7146.00  4.0626570E-02
   7146.20  4.1017497E-02
   7146.40  4.1403609E-02
   7146.60  4.1776617E-02
   7146.80  4.2129070E-02
   7147.00  4.2455400E-02
   7147.20  4.2751427E-02
   7147.40  4.3015190E-02
   7147.60  4.3246769E-02
   7147.80  4.3447399E-02
   7148.00  4.3619858E-02
   7148.20  4.3767954E-02
   7148.40  4.3895480E-02
   7148.60  4.3998717E-02
   7148.80  4.4096344E-02
   7149.00  4.4184314E-02
   7149.20  4.4264996E-02
   7149.40  4.4340003E-02
   7149.60  4.4410309E-02
   7149.80  4.4476190E-02
   7150.00  4.4537484E-02
   7150.20  4.4592579E-02
   7150.40  4.4639414E-02
   7150.60  4.4674855E-02
   7150.80  4.4694941E-02
   7151.00  4.4694996E-02
   7151.20  4.4670233E-02
   7151.40  4.4614166E-02
   7151.60  4.4519229E-02
   7151.80  4.4379014E-02
   7152.00  4.4187988E-02
   7152.20  4.3942171E-02
   7152.40  4.3638872E-02
   7152.60  4.3277509E-02
   7152.80  4.2859651E-02
   7153.00  4.2388897E-02
   7153.20  4.1870851E-02
   7153.40  4.1312122E-02
   7153.60  4.0720670E-02
   7153.80  4.0103560E-02
   7154.00  3.9468010E-02
   7154.20  3.8801103E-02
   7154.40  3.8148639E-02
   7154.60  3.7495766E-02
   7154.80  3.6847012E-02
   7155.00  3.6205546E-02
   7155.20  3.5574077E-02
   7155.40  3.4954406E-02
   7155.60  3.4348270E-02
   7155.80  3.3756770E-02
   7156.00  3.3180840E-02
   7156.20  3.2621139E-02
   7156.40  3.2078133E-02
   7156.60  3.1552151E-02
   7156.80  3.1043941E-02
   7157.00  3.0553155E-02
   7157.20  3.0079832E-02
   7157.40  2.9623925E-02
   7157.60  2.9185383E-02
   7157.80  2.8763964E-02
   7158.00  2.8359520E-02
   7158.20  2.7971484E-02
   7158.40  2.7599281E-02
   7158.60  2.7242674E-02
   7158.80  2.6900359E-02
   7159.00  2.6571690E-02
   7159.20  2.6252823E-02
   7159.40  2.5949700E-02
   7159.60  2.5657167E-02
   7159.80  2.5374883E-02
   7160.00  2.5102597E-02
   7160.20  2.4839404E-02
   7160.40  2.4583412E-02
   7160.60  2.4336330E-02
   7160.80  2.4096215E-02
   7161.00  2.3861860E-02
   7161.20  2.3632454E-02
   7161.40  2.3407781E-02
   7161.60  2.3187817E-02
   7161.80  2.2969542E-02
   7162.00  2.2755219E-02
   7162.20  2.2543465E-02
   7162.40  2.2334452E-02
   7162.60  2.2129191E-02
   7162.80  2.1928219E-02
   7163.00  2.1732609E-02
   7163.20  2.1543323E-02
   7163.40  2.1361190E-02
   7163.60  2.1187443E-02
   7163.80  2.1022662E-02
   7164.00  2.0867260E-02
   7164.20  2.0721754E-02
   7164.40  2.0586548E-02
   7164.60  2.0461918E-02
   7164.80  2.0348083E-02
   7165.00  2.0245626E-02
   7165.20  2.0154280E-02
   7165.40  2.0073983E-02
   7165.60  2.0004913E-02
   7165.80  1.9946887E-02
   7166.00  1.9899828E-02
   7166.20  1.9863666E-02
   7166.40  1.9838334E-02
   7166.60  1.9823947E-02
   7166.80  1.9820097E-02
   7167.00  1.9826594E-02
   7167.20  1.9843173E-02
   7167.40  1.9869634E-02
   7167.60  1.9905638E-02
   7167.80  1.9951089E-02
   7168.00  2.0005762E-02
   7168.20  2.0069187E-02
   7168.40  2.0141004E-02
   7168.60  2.0220722E-02
   7168.80  2.0307957E-02
   7169.00  2.0402278E-02
   7169.20  2.0503348E-02
   7169.40  2.0610844E-02
   7169.60  2.0724367E-02
   7169.80  2.0843606E-02
   7170.00  2.0968282E-02
   7170.20  2.1098187E-02
   7170.40  2.1232935E-02
   7170.60  2.1372340E-02
   7170.80  2.1516033E-02
   7171.00  2.1663751E-02
   7171.20  2.1815293E-02
   7171.40  2.1970275E-02
   7171.60  2.2128400E-02
   7171.80  2.2289478E-02
   7172.00  2.2453235E-02
