  7112.000   26  1  1  1.3915685E-02 -3.3193134E+00 -2.4452013E-01  1  1  7.2648438E+03  0.0000000E+00  0.0000000E+00  4.4438672E+00  1.0000000E+00  0.0000000E+00 = E_edge, Z, n_edge, j_edge, Abs_before_edge, VO_interstitial, E_cut, ninitl, ninit1, Epsii, UnitCell_Volume, Surface_ref, f0_forward, natomsym_f, abs_u_i
    Energy    <xanes>    
   7097.00  2.9683674E-05
   7097.20  2.7405279E-05
   7097.40  2.6001518E-05
   7097.60  2.5136343E-05
   7097.80  2.4672501E-05
   7098.00  2.4667040E-05
   7098.20  2.6117208E-05
   7098.40  1.7885161E-04
   7098.60  2.8106608E-05
   7098.80  2.6536338E-05
   7099.00  2.9813719E-05
   7099.20  5.4316085E-05
   7099.40  9.5555137E-04
   7099.60  3.9312307E-05
   7099.80  3.0620727E-05
   7100.00  3.0928726E-05
   7100.20  3.6423585E-05
   7100.40  7.2557261E-05
   7100.60  5.6540171E-04
   7100.80  1.1207985E-04
   7101.00  4.6612338E-05
   7101.20  4.2005287E-05
   7101.40  4.7817165E-05
   7101.60  7.1467626E-05
   7101.80  1.6626962E-03
   7102.00  2.0886600E-03
   7102.20  2.2248123E-03
   7102.40  2.1414154E-04
   7102.60  6.0915129E-04
   7102.80  8.4038736E-04
   7103.00  2.7342744E-03
   7103.20  8.0438345E-04
   7103.40  3.6105630E-03
   7103.60  1.9550076E-04
   7103.80  7.4567954E-05
   7104.00  8.2679019E-05
   7104.20  2.1085144E-04
   7104.40  5.6671687E-04
   7104.60  2.9567679E-03
   7104.80  2.0117807E-04
   7105.00  1.5045291E-04
   7105.20  9.1713842E-04
   7105.40  1.0763751E-03
   7105.60  4.0136929E-04
   7105.80  6.1140318E-04
   7106.00  1.3103353E-03
   7106.20  6.9796904E-04
   7106.40  1.3625696E-03
   7106.60  1.3858210E-01
   7106.80  2.5689313E-03
   7107.00  5.8708687E-02
   7107.20  4.5162145E-03
   7107.40  5.2248761E-04
   7107.60  1.6642120E-03
   7107.80  7.6713500E-04
   7108.00  3.2956170E-04
   7108.20  1.9189260E-03
   7108.40  3.9125042E-03
   7108.60  2.2489569E-03
   7108.80  6.6617431E-03
   7109.00  3.2750369E-02
   7109.20  6.6027135E-03
   7109.40  3.2638545E-03
   7109.60  1.3890441E-02
   7109.80  1.5115881E-02
   7110.00  1.1632768E-02
   7110.20  1.0471959E-02
   7110.40  9.1023137E-03
   7110.60  8.5375975E-03
   7110.80  1.2581937E-02
   7111.00  9.6492254E-03
   7111.20  1.2475834E-02
   7111.40  8.5455639E-03
   7111.60  5.9612450E-03
   7111.80  3.4511387E-03
   7112.00  3.5065996E-03
   7112.20  7.8906377E-03
   7112.40  1.3533904E-02
   7112.60  1.2679468E-02
   7112.80  1.1639049E-02
   7113.00  1.3138530E-02
   7113.20  1.4422978E-02
   7113.40  1.7767542E-02
   7113.60  3.0810734E-02
   7113.80  4.0799516E-03
   7114.00  2.0377501E-03
   7114.20  1.4017738E-03
   7114.40  1.1731890E-03
   7114.60  1.0899621E-03
   7114.80  1.0909221E-03
   7115.00  1.1569368E-03
   7115.20  1.2796547E-03
   7115.40  1.4514426E-03
   7115.60  1.6648611E-03
   7115.80  1.9047761E-03
   7116.00  2.1232766E-03
   7116.20  2.2484714E-03
   7116.40  2.3597386E-03
   7116.60  2.5757924E-03
   7116.80  2.9326839E-03
   7117.00  3.4544887E-03
   7117.20  4.1767952E-03
   7117.40  5.1488747E-03
   7117.60  6.4427306E-03
   7117.80  8.1542283E-03
   7118.00  1.0331799E-02
   7118.20  1.2795563E-02
   7118.40  1.4985765E-02
   7118.60  1.6244646E-02
   7118.80  1.6413151E-02
   7119.00  1.5827327E-02
   7119.20  1.4963385E-02
   7119.40  1.4184411E-02
   7119.60  1.3647103E-02
   7119.80  1.3294876E-02
   7120.00  1.2992965E-02
   7120.20  1.2512716E-02
   7120.40  1.1870126E-02
   7120.60  1.1349531E-02
   7120.80  1.1191477E-02
   7121.00  1.1463755E-02
   7121.20  1.2154272E-02
   7121.40  1.3240964E-02
   7121.60  1.4731674E-02
   7121.80  1.6606121E-02
   7122.00  1.9034802E-02
   7122.20  2.2015888E-02
   7122.40  2.5841863E-02
   7122.60  3.0637247E-02
   7122.80  3.6219646E-02
   7123.00  4.1611868E-02
   7123.20  4.4725985E-02
   7123.40  4.3446530E-02
   7123.60  3.8326883E-02
   7123.80  3.3081903E-02
   7124.00  3.0574593E-02
   7124.20  3.1391748E-02
   7124.40  3.2810863E-02
   7124.60  3.2198324E-02
   7124.80  3.0893364E-02
   7125.00  2.9731171E-02
   7125.20  2.8972131E-02
   7125.40  2.8706851E-02
   7125.60  2.8831132E-02
   7125.80  2.9212228E-02
   7126.00  2.9658545E-02
   7126.20  2.9630809E-02
   7126.40  2.8687696E-02
   7126.60  2.7545189E-02
   7126.80  2.7210575E-02
   7127.00  2.8077808E-02
   7127.20  2.9953375E-02
   7127.40  3.2368798E-02
   7127.60  3.5001676E-02
   7127.80  3.7685632E-02
   7128.00  4.0095868E-02
   7128.20  4.1852743E-02
   7128.40  4.2861813E-02
   7128.60  4.3353308E-02
   7128.80  4.3671643E-02
   7129.00  4.4061266E-02
   7129.20  4.4577666E-02
   7129.40  4.5132448E-02
   7129.60  4.5598706E-02
   7129.80  4.5889607E-02
   7130.00  4.5981946E-02
   7130.20  4.5896773E-02
   7130.40  4.5673710E-02
   7130.60  4.5366092E-02
   7130.80  4.5037019E-02
   7131.00  4.4742256E-02
   7131.20  4.4513591E-02
   7131.40  4.4347332E-02
   7131.60  4.4203788E-02
   7131.80  4.4031828E-02
   7132.00  4.3806415E-02
   7132.20  4.3551530E-02
   7132.40  4.3329416E-02
   7132.60  4.3199596E-02
   7132.80  4.3163240E-02
   7133.00  4.3145380E-02
   7133.20  4.3067409E-02
   7133.40  4.2914255E-02
   7133.60  4.2710943E-02
   7133.80  4.2481546E-02
   7134.00  4.2235435E-02
   7134.20  4.1973610E-02
   7134.40  4.1696980E-02
   7134.60  4.1411527E-02
   7134.80  4.1130564E-02
   7135.00  4.0869989E-02
   7135.20  4.0647829E-02
   7135.40  4.0470819E-02
   7135.60  4.0330376E-02
   7135.80  4.0204421E-02
   7136.00  4.0063201E-02
   7136.20  3.9878782E-02
   7136.40  3.9636902E-02
   7136.60  3.9346205E-02
   7136.80  3.9035717E-02
   7137.00  3.8738122E-02
   7137.20  3.8473527E-02
   7137.40  3.8249063E-02
   7137.60  3.8066933E-02
   7137.80  3.7928544E-02
   7138.00  3.7833360E-02
   7138.20  3.7776982E-02
   7138.40  3.7751824E-02
   7138.60  3.7749741E-02
   7138.80  3.7760195E-02
   7139.00  3.7790015E-02
   7139.20  3.7833547E-02
   7139.40  3.7891978E-02
   7139.60  3.7965746E-02
   7139.80  3.8053599E-02
   7140.00  3.8152042E-02
   7140.20  3.8255396E-02
   7140.40  3.8356794E-02
   7140.60  3.8449109E-02
   7140.80  3.8526304E-02
   7141.00  3.8584590E-02
   7141.20  3.8622757E-02
   7141.40  3.8641381E-02
   7141.60  3.8643882E-02
   7141.80  3.8633826E-02
   7142.00  3.8611681E-02
   7142.20  3.8582262E-02
   7142.40  3.8546598E-02
   7142.60  3.8504203E-02
   7142.80  3.8453226E-02
   7143.00  3.8390600E-02
   7143.20  3.8312927E-02
   7143.40  3.8214880E-02
   7143.60  3.8091327E-02
   7143.80  3.7937114E-02
   7144.00  3.7747856E-02
   7144.20  3.7519776E-02
   7144.40  3.7250768E-02
   7144.60  3.6939943E-02
   7144.80  3.6588493E-02
   7145.00  3.6199456E-02
   7145.20  3.5777621E-02
   7145.40  3.5329606E-02
   7145.60  3.4863053E-02
   7145.80  3.4385810E-02
   7146.00  3.3905788E-02
   7146.20  3.3430241E-02
   7146.40  3.2964909E-02
   7146.60  3.2514530E-02
   7146.80  3.2072273E-02
   7147.00  3.1651854E-02
   7147.20  3.1247205E-02
   7147.40  3.0849956E-02
   7147.60  3.0458473E-02
   7147.80  3.0069965E-02
   7148.00  2.9678307E-02
   7148.20  2.9297257E-02
   7148.40  2.8924391E-02
   7148.60  2.8569407E-02
   7148.80  2.8241159E-02
   7149.00  2.7947004E-02
   7149.20  2.7693495E-02
   7149.40  2.7484583E-02
   7149.60  2.7320760E-02
   7149.80  2.7195507E-02
   7150.00  2.7108190E-02
   7150.20  2.7054935E-02
   7150.40  2.7030935E-02
   7150.60  2.7030611E-02
   7150.80  2.7047453E-02
   7151.00  2.7070265E-02
   7151.20  2.7101561E-02
   7151.40  2.7122212E-02
   7151.60  2.7140578E-02
   7151.80  2.7143846E-02
   7152.00  2.7127731E-02
   7152.20  2.7089138E-02
   7152.40  2.7026860E-02
   7152.60  2.6941538E-02
   7152.80  2.6835429E-02
   7153.00  2.6712245E-02
   7153.20  2.6576747E-02
   7153.40  2.6434252E-02
   7153.60  2.6290296E-02
   7153.80  2.6149826E-02
   7154.00  2.6018532E-02
   7154.20  2.5899467E-02
   7154.40  2.5794907E-02
   7154.60  2.5706618E-02
   7154.80  2.5635591E-02
   7155.00  2.5581910E-02
   7155.20  2.5545657E-02
   7155.40  2.5526237E-02
   7155.60  2.5522270E-02
   7155.80  2.5532231E-02
   7156.00  2.5554802E-02
   7156.20  2.5588589E-02
   7156.40  2.5631365E-02
   7156.60  2.5681178E-02
   7156.80  2.5736062E-02
   7157.00  2.5794041E-02
   7157.20  2.5852089E-02
   7157.40  2.5907406E-02
   7157.60  2.5956967E-02
   7157.80  2.5997952E-02
   7158.00  2.6027531E-02
   7158.20  2.6042978E-02
   7158.40  2.6042588E-02
   7158.60  2.6023329E-02
   7158.80  2.5983754E-02
   7159.00  2.5926365E-02
   7159.20  2.5850326E-02
   7159.40  2.5758183E-02
   7159.60  2.5652295E-02
   7159.80  2.5538366E-02
   7160.00  2.5415303E-02
   7160.20  2.5287348E-02
   7160.40  2.5161183E-02
   7160.60  2.5038006E-02
   7160.80  2.4918952E-02
   7161.00  2.4808238E-02
   7161.20  2.4704605E-02
   7161.40  2.4613537E-02
   7161.60  2.4532816E-02
   7161.80  2.4464395E-02
   7162.00  2.4409234E-02
   7162.20  2.4367261E-02
   7162.40  2.4339576E-02
   7162.60  2.4326972E-02
   7162.80  2.4330244E-02
   7163.00  2.4350163E-02
   7163.20  2.4387437E-02
   7163.40  2.4442872E-02
   7163.60  2.4516814E-02
   7163.80  2.4609601E-02
   7164.00  2.4721258E-02
   7164.20  2.4851706E-02
   7164.40  2.5000626E-02
   7164.60  2.5167543E-02
   7164.80  2.5351797E-02
   7165.00  2.5552459E-02
   7165.20  2.5768480E-02
   7165.40  2.5998573E-02
   7165.60  2.6241140E-02
   7165.80  2.6494536E-02
   7166.00  2.6756929E-02
   7166.20  2.7026405E-02
   7166.40  2.7300916E-02
   7166.60  2.7578268E-02
   7166.80  2.7856299E-02
   7167.00  2.8132955E-02
   7167.20  2.8406146E-02
   7167.40  2.8673596E-02
   7167.60  2.8933921E-02
   7167.80  2.9186260E-02
   7168.00  2.9427301E-02
   7168.20  2.9655755E-02
   7168.40  2.9870551E-02
   7168.60  3.0070650E-02
   7168.80  3.0255530E-02
   7169.00  3.0424992E-02
   7169.20  3.0579327E-02
   7169.40  3.0718848E-02
   7169.60  3.0844148E-02
   7169.80  3.0956024E-02
   7170.00  3.1055348E-02
   7170.20  3.1143136E-02
   7170.40  3.1220616E-02
   7170.60  3.1288645E-02
   7170.80  3.1348425E-02
   7171.00  3.1400933E-02
   7171.20  3.1447050E-02
   7171.40  3.1487627E-02
   7171.60  3.1523351E-02
   7171.80  3.1555064E-02
   7172.00  3.1583113E-02
