  7112.000   26  1  1  1.2158278E-02 -3.9920828E+00 -4.6043292E-01  1  1  7.2649507E+03  0.0000000E+00  0.0000000E+00  3.9888735E+00  1.0000000E+00  0.0000000E+00 = E_edge, Z, n_edge, j_edge, Abs_before_edge, VO_interstitial, E_cut, ninitl, ninit1, Epsii, UnitCell_Volume, Surface_ref, f0_forward, natomsym_f, abs_u_i
    Energy    <xanes>    
   7097.00  3.0020488E-05
   7097.20  2.9302248E-05
   7097.40  2.9925534E-05
   7097.60  3.2780105E-05
   7097.80  4.1856995E-05
   7098.00  8.4623624E-05
   7098.20  2.3378396E-03
   7098.40  1.5362177E-04
   7098.60  5.3710695E-05
   7098.80  5.3134115E-05
   7099.00  3.7617837E-03
   7099.20  4.3051739E-05
   7099.40  3.2144420E-05
   7099.60  2.7413224E-05
   7099.80  2.6596898E-05
   7100.00  2.6588852E-05
   7100.20  2.7123507E-05
   7100.40  2.8239143E-05
   7100.60  3.0238110E-05
   7100.80  3.4049877E-05
   7101.00  4.3289983E-05
   7101.20  8.7491752E-05
   7101.40  9.8616409E-03
   7101.60  9.5964233E-05
   7101.80  9.4923355E-05
   7102.00  2.2048106E-04
   7102.20  4.3063681E-03
   7102.40  5.8339566E-04
   7102.60  1.2979173E-04
   7102.80  7.0394458E-05
   7103.00  5.5314102E-05
   7103.20  7.3959324E-05
   7103.40  1.3907369E-04
   7103.60  4.9455266E-05
   7103.80  5.6658106E-05
   7104.00  5.4844961E-05
   7104.20  1.1284406E-04
   7104.40  7.2938660E-04
   7104.60  2.0046409E-04
   7104.80  7.2305326E-05
   7105.00  7.1408903E-05
   7105.20  8.7090839E-05
   7105.40  1.6156680E-04
   7105.60  3.9726334E-03
   7105.80  5.2322060E-04
   7106.00  2.5042225E-04
   7106.20  3.5677907E-03
   7106.40  5.5213716E-04
   7106.60  8.9193348E-03
   7106.80  5.6681741E-03
   7107.00  2.7625210E-02
   7107.20  1.2449236E-03
   7107.40  6.0660694E-03
   7107.60  8.4001081E-04
   7107.80  1.1095562E-03
   7108.00  4.2773457E-03
   7108.20  5.0014392E-04
   7108.40  4.5163340E-04
   7108.60  6.1633864E-04
   7108.80  9.2283134E-04
   7109.00  3.0996120E-03
   7109.20  6.3955907E-03
   7109.40  1.4421218E-02
   7109.60  1.5304785E-02
   7109.80  1.8458795E-02
   7110.00  1.1307264E-02
   7110.20  2.7015356E-02
   7110.40  6.1566188E-02
   7110.60  6.3062631E-02
   7110.80  2.3356749E-02
   7111.00  1.1687122E-02
   7111.20  1.5135658E-02
   7111.40  2.4587473E-02
   7111.60  4.7465778E-02
   7111.80  1.8930642E-02
   7112.00  1.0859766E-02
   7112.20  8.4493251E-03
   7112.40  7.2418686E-03
   7112.60  6.1564578E-03
   7112.80  4.6935340E-03
   7113.00  3.0919346E-03
   7113.20  1.9482152E-03
   7113.40  1.3401920E-03
   7113.60  1.0723890E-03
   7113.80  1.0697636E-03
   7114.00  2.7296725E-03
   7114.20  1.3744313E-03
   7114.40  1.0008090E-03
   7114.60  1.1646490E-03
   7114.80  1.6392811E-03
   7115.00  2.6855907E-03
   7115.20  4.9571374E-03
   7115.40  9.5752527E-03
   7115.60  1.5475134E-02
   7115.80  1.5742025E-02
   7116.00  1.1661947E-02
   7116.20  8.3081095E-03
   7116.40  6.2496589E-03
   7116.60  5.0080156E-03
   7116.80  4.2411510E-03
   7117.00  3.7659671E-03
   7117.20  3.4881113E-03
   7117.40  3.3598073E-03
   7117.60  3.3579712E-03
   7117.80  3.4708363E-03
   7118.00  3.6861865E-03
   7118.20  3.9793282E-03
   7118.40  4.3030163E-03
   7118.60  4.5912654E-03
   7118.80  4.7891895E-03
   7119.00  4.8866604E-03
   7119.20  4.9174471E-03
   7119.40  4.9229033E-03
   7119.60  4.9197273E-03
   7119.80  4.9022554E-03
   7120.00  4.8639457E-03
   7120.20  4.8066131E-03
   7120.40  4.7250836E-03
   7120.60  4.5993107E-03
   7120.80  4.4497843E-03
   7121.00  4.3516754E-03
   7121.20  4.3299108E-03
   7121.40  4.3845782E-03
   7121.60  4.5316880E-03
   7121.80  4.7833803E-03
   7122.00  5.1312302E-03
   7122.20  5.6245520E-03
   7122.40  6.2973975E-03
   7122.60  7.1653122E-03
   7122.80  8.2311810E-03
   7123.00  9.4267294E-03
   7123.20  1.0648576E-02
   7123.40  1.1800120E-02
   7123.60  1.2796190E-02
   7123.80  1.3570720E-02
   7124.00  1.4233224E-02
   7124.20  1.5057108E-02
   7124.40  1.6239525E-02
   7124.60  1.7700436E-02
   7124.80  1.9042148E-02
   7125.00  1.9861524E-02
   7125.20  2.0336919E-02
   7125.40  2.0938039E-02
   7125.60  2.1918169E-02
   7125.80  2.3311776E-02
   7126.00  2.4981838E-02
   7126.20  2.6415039E-02
   7126.40  2.6897265E-02
   7126.60  2.6504160E-02
   7126.80  2.5952389E-02
   7127.00  2.5878112E-02
   7127.20  2.6554959E-02
   7127.40  2.7781505E-02
   7127.60  2.9389050E-02
   7127.80  3.0986305E-02
   7128.00  3.2782186E-02
   7128.20  3.4453631E-02
   7128.40  3.5905345E-02
   7128.60  3.7075625E-02
   7128.80  3.7943638E-02
   7129.00  3.8534494E-02
   7129.20  3.8919503E-02
   7129.40  3.9211798E-02
   7129.60  3.9554887E-02
   7129.80  4.0100101E-02
   7130.00  4.0968778E-02
   7130.20  4.2193956E-02
   7130.40  4.3655104E-02
   7130.60  4.5110451E-02
   7130.80  4.6406055E-02
   7131.00  4.7660160E-02
   7131.20  4.9129448E-02
   7131.40  5.0948560E-02
   7131.60  5.3064756E-02
   7131.80  5.5303750E-02
   7132.00  5.7438247E-02
   7132.20  5.9241814E-02
   7132.40  6.0533966E-02
   7132.60  6.1221973E-02
   7132.80  6.1332287E-02
   7133.00  6.1007692E-02
   7133.20  6.0457991E-02
   7133.40  5.9889091E-02
   7133.60  5.9442469E-02
   7133.80  5.9162610E-02
   7134.00  5.9006047E-02
   7134.20  5.8889015E-02
   7134.40  5.8739102E-02
   7134.60  5.8520865E-02
   7134.80  5.8232275E-02
   7135.00  5.7890194E-02
   7135.20  5.7517501E-02
   7135.40  5.7135724E-02
   7135.60  5.6763207E-02
   7135.80  5.6416933E-02
   7136.00  5.6114517E-02
   7136.20  5.5875700E-02
   7136.40  5.5722481E-02
   7136.60  5.5675958E-02
   7136.80  5.5751521E-02
   7137.00  5.5953776E-02
   7137.20  5.6266991E-02
   7137.40  5.6649770E-02
   7137.60  5.7028143E-02
   7137.80  5.7293487E-02
   7138.00  5.7308745E-02
   7138.20  5.6928217E-02
   7138.40  5.6031714E-02
   7138.60  5.4566795E-02
   7138.80  5.2576624E-02
   7139.00  5.0196417E-02
   7139.20  4.7616431E-02
   7139.40  4.5027761E-02
   7139.60  4.2580510E-02
   7139.80  4.0367476E-02
   7140.00  3.8430679E-02
   7140.20  3.6775499E-02
   7140.40  3.5385782E-02
   7140.60  3.4235665E-02
   7140.80  3.3296103E-02
   7141.00  3.2539365E-02
   7141.20  3.1939788E-02
   7141.40  3.1474424E-02
   7141.60  3.1122752E-02
   7141.80  3.0866222E-02
   7142.00  3.0688041E-02
   7142.20  3.0572307E-02
   7142.40  3.0504144E-02
   7142.60  3.0469710E-02
   7142.80  3.0456518E-02
   7143.00  3.0453673E-02
   7143.20  3.0452467E-02
   7143.40  3.0446555E-02
   7143.60  3.0432180E-02
   7143.80  3.0408110E-02
   7144.00  3.0375336E-02
   7144.20  3.0336535E-02
   7144.40  3.0295479E-02
   7144.60  3.0257430E-02
   7144.80  3.0224366E-02
   7145.00  3.0199572E-02
   7145.20  3.0185776E-02
   7145.40  3.0185069E-02
   7145.60  3.0198883E-02
   7145.80  3.0229773E-02
   7146.00  3.0275223E-02
   7146.20  3.0335587E-02
   7146.40  3.0409906E-02
   7146.60  3.0496775E-02
   7146.80  3.0594333E-02
   7147.00  3.0700245E-02
   7147.20  3.0814667E-02
   7147.40  3.0928554E-02
   7147.60  3.1045617E-02
   7147.80  3.1153136E-02
   7148.00  3.1251482E-02
   7148.20  3.1336057E-02
   7148.40  3.1407185E-02
   7148.60  3.1448318E-02
   7148.80  3.1474051E-02
   7149.00  3.1454691E-02
   7149.20  3.1398880E-02
   7149.40  3.1302982E-02
   7149.60  3.1164288E-02
   7149.80  3.0981424E-02
   7150.00  3.0753756E-02
   7150.20  3.0482334E-02
   7150.40  3.0169918E-02
   7150.60  2.9821116E-02
   7150.80  2.9442142E-02
   7151.00  2.9041824E-02
   7151.20  2.8627275E-02
   7151.40  2.8210318E-02
   7151.60  2.7802159E-02
   7151.80  2.7416006E-02
   7152.00  2.7063925E-02
   7152.20  2.6758181E-02
   7152.40  2.6510294E-02
   7152.60  2.6330231E-02
   7152.80  2.6226039E-02
   7153.00  2.6203027E-02
   7153.20  2.6259015E-02
   7153.40  2.6390761E-02
   7153.60  2.6594801E-02
   7153.80  2.6864969E-02
   7154.00  2.7192889E-02
   7154.20  2.7568170E-02
   7154.40  2.7979372E-02
   7154.60  2.8414294E-02
   7154.80  2.8860860E-02
   7155.00  2.9307332E-02
   7155.20  2.9742612E-02
   7155.40  3.0156520E-02
   7155.60  3.0539782E-02
   7155.80  3.0883863E-02
   7156.00  3.1180307E-02
   7156.20  3.1420382E-02
   7156.40  3.1595512E-02
   7156.60  3.1697307E-02
   7156.80  3.1718243E-02
   7157.00  3.1652621E-02
   7157.20  3.1497668E-02
   7157.40  3.1254475E-02
   7157.60  3.0927769E-02
   7157.80  3.0526270E-02
   7158.00  3.0061771E-02
   7158.20  2.9548124E-02
   7158.40  2.9000054E-02
   7158.60  2.8432266E-02
   7158.80  2.7858647E-02
   7159.00  2.7291911E-02
   7159.20  2.6743685E-02
   7159.40  2.6223304E-02
   7159.60  2.5739084E-02
   7159.80  2.5298003E-02
   7160.00  2.4905813E-02
   7160.20  2.4567039E-02
   7160.40  2.4284457E-02
   7160.60  2.4063884E-02
   7160.80  2.3905324E-02
   7161.00  2.3811955E-02
   7161.20  2.3782547E-02
   7161.40  2.3813196E-02
   7161.60  2.3904382E-02
   7161.80  2.4054046E-02
   7162.00  2.4259867E-02
   7162.20  2.4518954E-02
   7162.40  2.4828294E-02
   7162.60  2.5190554E-02
   7162.80  2.5598158E-02
   7163.00  2.6047844E-02
   7163.20  2.6536410E-02
   7163.40  2.7059037E-02
   7163.60  2.7611800E-02
   7163.80  2.8189811E-02
   7164.00  2.8787395E-02
   7164.20  2.9397935E-02
   7164.40  3.0013960E-02
   7164.60  3.0627138E-02
   7164.80  3.1228035E-02
   7165.00  3.1806333E-02
   7165.20  3.2351192E-02
   7165.40  3.2851622E-02
   7165.60  3.3296536E-02
   7165.80  3.3675562E-02
   7166.00  3.3979427E-02
   7166.20  3.4200770E-02
   7166.40  3.4335026E-02
   7166.60  3.4379505E-02
   7166.80  3.4330796E-02
   7167.00  3.4208149E-02
   7167.20  3.4012640E-02
   7167.40  3.3756057E-02
   7167.60  3.3452792E-02
   7167.80  3.3119164E-02
   7168.00  3.2772190E-02
   7168.20  3.2428544E-02
   7168.40  3.2104220E-02
   7168.60  3.1813245E-02
   7168.80  3.1566326E-02
   7169.00  3.1371869E-02
   7169.20  3.1235089E-02
   7169.40  3.1158392E-02
   7169.60  3.1141286E-02
   7169.80  3.1181022E-02
   7170.00  3.1273007E-02
   7170.20  3.1411198E-02
   7170.40  3.1588843E-02
   7170.60  3.1798118E-02
   7170.80  3.2031043E-02
   7171.00  3.2279833E-02
   7171.20  3.2537055E-02
   7171.40  3.2795837E-02
   7171.60  3.3050202E-02
   7171.80  3.3294785E-02
   7172.00  3.3525146E-02
