  7112.000   26  1  1  2.4205953E-02 -1.3458319E+00 -9.6006603E-01  1  1  7.2655452E+03  0.0000000E+00  0.0000000E+00  2.5695298E+00  1.0000000E+00  0.0000000E+00 = E_edge, Z, n_edge, j_edge, Abs_before_edge, VO_interstitial, E_cut, ninitl, ninit1, Epsii, UnitCell_Volume, Surface_ref, f0_forward, natomsym_f, abs_u_i
    Energy    <xanes>    
   7097.00  4.2521618E-04
   7097.20  9.9184727E-03
   7097.40  1.0938308E-04
   7097.60  6.5160380E-05
   7097.80  4.9565683E-05
   7098.00  4.1624914E-05
   7098.20  3.7081876E-05
   7098.40  3.4431153E-05
   7098.60  3.3044615E-05
   7098.80  3.2705183E-05
   7099.00  3.3509408E-05
   7099.20  3.6006462E-05
   7099.40  4.1881512E-05
   7099.60  5.6981239E-05
   7099.80  1.1376813E-04
   7100.00  1.3861974E-03
   7100.20  3.5292425E-02
   7100.40  1.9324832E-04
   7100.60  7.0667150E-05
   7100.80  4.6586273E-05
   7101.00  3.8169664E-05
   7101.20  3.4713527E-05
   7101.40  3.3581399E-05
   7101.60  3.4101162E-05
   7101.80  3.6659180E-05
   7102.00  4.3958480E-05
   7102.20  7.8285022E-05
   7102.40  2.7636855E-03
   7102.60  3.0325828E-03
   7102.80  2.2246633E-04
   7103.00  3.4864345E-03
   7103.20  1.2601941E-02
   7103.40  1.9756609E-04
   7103.60  8.0184924E-05
   7103.80  5.7314626E-05
   7104.00  1.0093321E-04
   7104.20  4.4370854E-04
   7104.40  6.3678369E-05
   7104.60  8.8665690E-05
   7104.80  9.8250503E-04
   7105.00  9.2534492E-03
   7105.20  1.7264496E-04
   7105.40  4.8923092E-04
   7105.60  3.9022295E-03
   7105.80  7.7664411E-03
   7106.00  4.6484349E-03
   7106.20  5.9421951E-04
   7106.40  7.0474323E-03
   7106.60  9.6631944E-03
   7106.80  2.5000621E-04
   7107.00  1.7786759E-04
   7107.20  2.2072077E-04
   7107.40  5.0193689E-04
   7107.60  6.3542103E-02
   7107.80  3.2307524E-03
   7108.00  1.3078553E-01
   7108.20  3.0379647E-03
   7108.40  7.0149085E-02
   7108.60  1.2702056E-02
   7108.80  1.1784930E-03
   7109.00  8.5676306E-03
   7109.20  1.5230131E-02
   7109.40  5.1759961E-03
   7109.60  8.6955210E-03
   7109.80  1.5206075E-03
   7110.00  1.2481245E-02
   7110.20  1.9818593E-02
   7110.40  5.4175241E-03
   7110.60  1.0210800E-01
   7110.80  3.3360139E-03
   7111.00  1.6473592E-03
   7111.20  7.2937550E-03
   7111.40  1.1706016E-02
   7111.60  1.3483978E-02
   7111.80  3.3516359E-02
   7112.00  1.1320574E-02
   7112.20  7.4267201E-03
   7112.40  1.0132130E-02
   7112.60  1.6855746E-02
   7112.80  3.2568286E-02
   7113.00  1.5070029E-02
   7113.20  1.1695924E-02
   7113.40  7.1112935E-03
   7113.60  5.0528198E-03
   7113.80  4.8788385E-03
   7114.00  5.6469592E-03
   7114.20  7.0783246E-03
   7114.40  9.1007657E-03
   7114.60  2.3569051E-03
   7114.80  1.3704606E-03
   7115.00  1.1083530E-03
   7115.20  9.9691242E-04
   7115.40  9.3394100E-04
   7115.60  8.9489189E-04
   7115.80  8.7230308E-04
   7116.00  8.6427809E-04
   7116.20  8.6656887E-04
   7116.40  8.9363950E-04
   7116.60  9.4140095E-04
   7116.80  1.0149996E-03
   7117.00  1.1207882E-03
   7117.20  1.2645489E-03
   7117.40  1.4461876E-03
   7117.60  1.6482882E-03
   7117.80  1.8230705E-03
   7118.00  1.9077101E-03
   7118.20  1.8863118E-03
   7118.40  1.8108177E-03
   7118.60  1.7434749E-03
   7118.80  1.7186475E-03
   7119.00  1.7460700E-03
   7119.20  1.8199577E-03
   7119.40  1.9241649E-03
   7119.60  2.0421362E-03
   7119.80  2.1692487E-03
   7120.00  2.3140371E-03
   7120.20  2.4901353E-03
   7120.40  2.7103574E-03
   7120.60  2.9861509E-03
   7120.80  3.3292813E-03
   7121.00  3.7530729E-03
   7121.20  4.2722733E-03
   7121.40  4.9007653E-03
   7121.60  5.6510035E-03
   7121.80  6.5123848E-03
   7122.00  7.4673225E-03
   7122.20  8.5020329E-03
   7122.40  9.6379531E-03
   7122.60  1.0933957E-02
   7122.80  1.2450635E-02
   7123.00  1.4207607E-02
   7123.20  1.6205908E-02
   7123.40  1.8350004E-02
   7123.60  2.0583442E-02
   7123.80  2.2766404E-02
   7124.00  2.4641929E-02
   7124.20  2.5938631E-02
   7124.40  2.6699833E-02
   7124.60  2.7319006E-02
   7124.80  2.8076776E-02
   7125.00  2.9200557E-02
   7125.20  3.0883617E-02
   7125.40  3.3021473E-02
   7125.60  3.5575355E-02
   7125.80  3.8356705E-02
   7126.00  4.1046622E-02
   7126.20  4.3209150E-02
   7126.40  4.4544221E-02
   7126.60  4.5131103E-02
   7126.80  4.5371775E-02
   7127.00  4.5233359E-02
   7127.20  4.5347422E-02
   7127.40  4.6067325E-02
   7127.60  4.7600744E-02
   7127.80  4.9635578E-02
   7128.00  5.1713901E-02
   7128.20  5.3050209E-02
   7128.40  5.3709910E-02
   7128.60  5.4000585E-02
   7128.80  5.4238894E-02
   7129.00  5.4582163E-02
   7129.20  5.5113287E-02
   7129.40  5.5916144E-02
   7129.60  5.7077431E-02
   7129.80  5.8645093E-02
   7130.00  6.0585602E-02
   7130.20  6.2759582E-02
   7130.40  6.4933081E-02
   7130.60  6.6811966E-02
   7130.80  6.8156443E-02
   7131.00  6.8843756E-02
   7131.20  6.8883482E-02
   7131.40  6.8381014E-02
   7131.60  6.7473256E-02
   7131.80  6.6272443E-02
   7132.00  6.4840388E-02
   7132.20  6.3222801E-02
   7132.40  6.1360418E-02
   7132.60  5.9286283E-02
   7132.80  5.7021281E-02
   7133.00  5.4607378E-02
   7133.20  5.2105988E-02
   7133.40  4.9596999E-02
   7133.60  4.7182173E-02
   7133.80  4.4989964E-02
   7134.00  4.3172277E-02
   7134.20  4.1855804E-02
   7134.40  4.1023954E-02
   7134.60  4.0459146E-02
   7134.80  3.9903132E-02
   7135.00  3.9239727E-02
   7135.20  3.8498955E-02
   7135.40  3.7765272E-02
   7135.60  3.7115306E-02
   7135.80  3.6580845E-02
   7136.00  3.6182273E-02
   7136.20  3.5925313E-02
   7136.40  3.5806065E-02
   7136.60  3.5814499E-02
   7136.80  3.5936095E-02
   7137.00  3.6153736E-02
   7137.20  3.6448815E-02
   7137.40  3.6802492E-02
   7137.60  3.7196647E-02
   7137.80  3.7614542E-02
   7138.00  3.8041406E-02
   7138.20  3.8464690E-02
   7138.40  3.8874066E-02
   7138.60  3.9261184E-02
   7138.80  3.9619708E-02
   7139.00  3.9944797E-02
   7139.20  4.0232827E-02
   7139.40  4.0481209E-02
   7139.60  4.0688129E-02
   7139.80  4.0852455E-02
   7140.00  4.0973580E-02
   7140.20  4.1051579E-02
   7140.40  4.1087201E-02
   7140.60  4.1082282E-02
   7140.80  4.1039857E-02
   7141.00  4.0964238E-02
   7141.20  4.0860378E-02
   7141.40  4.0732557E-02
   7141.60  4.0591624E-02
   7141.80  4.0444050E-02
   7142.00  4.0296247E-02
   7142.20  4.0153922E-02
   7142.40  4.0021881E-02
   7142.60  3.9898258E-02
   7142.80  3.9787190E-02
   7143.00  3.9704090E-02
   7143.20  3.9639349E-02
   7143.40  3.9592006E-02
   7143.60  3.9560116E-02
   7143.80  3.9540880E-02
   7144.00  3.9530843E-02
   7144.20  3.9526099E-02
   7144.40  3.9522310E-02
   7144.60  3.9514953E-02
   7144.80  3.9499483E-02
   7145.00  3.9471501E-02
   7145.20  3.9426895E-02
   7145.40  3.9362028E-02
   7145.60  3.9273806E-02
   7145.80  3.9160156E-02
   7146.00  3.9020110E-02
   7146.20  3.8851987E-02
   7146.40  3.8655466E-02
   7146.60  3.8430758E-02
   7146.80  3.8179045E-02
   7147.00  3.7901514E-02
   7147.20  3.7600062E-02
   7147.40  3.7276815E-02
   7147.60  3.6933595E-02
   7147.80  3.6572316E-02
   7148.00  3.6195261E-02
   7148.20  3.5803935E-02
   7148.40  3.5397849E-02
   7148.60  3.4982459E-02
   7148.80  3.4553770E-02
   7149.00  3.4118885E-02
   7149.20  3.3675460E-02
   7149.40  3.3224145E-02
   7149.60  3.2765715E-02
   7149.80  3.2300359E-02
   7150.00  3.1828655E-02
   7150.20  3.1351093E-02
   7150.40  3.0868402E-02
   7150.60  3.0381653E-02
   7150.80  2.9891495E-02
   7151.00  2.9399029E-02
   7151.20  2.8905485E-02
   7151.40  2.8412263E-02
   7151.60  2.7920843E-02
   7151.80  2.7432838E-02
   7152.00  2.6949382E-02
   7152.20  2.6471838E-02
   7152.40  2.6001470E-02
   7152.60  2.5539391E-02
   7152.80  2.5078197E-02
   7153.00  2.4635650E-02
   7153.20  2.4202880E-02
   7153.40  2.3779222E-02
   7153.60  2.3370064E-02
   7153.80  2.2972557E-02
   7154.00  2.2586716E-02
   7154.20  2.2212451E-02
   7154.40  2.1849628E-02
   7154.60  2.1498327E-02
   7154.80  2.1156943E-02
   7155.00  2.0829514E-02
   7155.20  2.0505043E-02
   7155.40  2.0196347E-02
   7155.60  1.9898208E-02
   7155.80  1.9610670E-02
   7156.00  1.9333851E-02
   7156.20  1.9068130E-02
   7156.40  1.8813721E-02
   7156.60  1.8570901E-02
   7156.80  1.8340103E-02
   7157.00  1.8121901E-02
   7157.20  1.7916870E-02
   7157.40  1.7725600E-02
   7157.60  1.7548751E-02
   7157.80  1.7386953E-02
   7158.00  1.7240904E-02
   7158.20  1.7112109E-02
   7158.40  1.7000368E-02
   7158.60  1.6905648E-02
   7158.80  1.6828414E-02
   7159.00  1.6768521E-02
   7159.20  1.6726446E-02
   7159.40  1.6701868E-02
   7159.60  1.6694725E-02
   7159.80  1.6705284E-02
   7160.00  1.6733323E-02
   7160.20  1.6778708E-02
   7160.40  1.6841333E-02
   7160.60  1.6921474E-02
   7160.80  1.7018801E-02
   7161.00  1.7133193E-02
   7161.20  1.7264610E-02
   7161.40  1.7412940E-02
   7161.60  1.7578271E-02
   7161.80  1.7760167E-02
   7162.00  1.7958653E-02
   7162.20  1.8172747E-02
   7162.40  1.8405201E-02
   7162.60  1.8655101E-02
   7162.80  1.8918532E-02
   7163.00  1.9192507E-02
   7163.20  1.9477059E-02
   7163.40  1.9772607E-02
   7163.60  2.0077940E-02
   7163.80  2.0393622E-02
   7164.00  2.0721756E-02
   7164.20  2.1049518E-02
   7164.40  2.1380045E-02
   7164.60  2.1718704E-02
   7164.80  2.2059705E-02
   7165.00  2.2393058E-02
   7165.20  2.2724432E-02
   7165.40  2.3052796E-02
   7165.60  2.3377043E-02
   7165.80  2.3696045E-02
   7166.00  2.4008902E-02
   7166.20  2.4314821E-02
   7166.40  2.4613161E-02
   7166.60  2.4903405E-02
   7166.80  2.5185051E-02
   7167.00  2.5457840E-02
   7167.20  2.5721582E-02
   7167.40  2.5975831E-02
   7167.60  2.6220442E-02
   7167.80  2.6455385E-02
   7168.00  2.6680461E-02
   7168.20  2.6895784E-02
   7168.40  2.7101514E-02
   7168.60  2.7297844E-02
   7168.80  2.7485059E-02
   7169.00  2.7663635E-02
   7169.20  2.7834096E-02
   7169.40  2.7996925E-02
   7169.60  2.8152774E-02
   7169.80  2.8302392E-02
   7170.00  2.8446651E-02
   7170.20  2.8586359E-02
   7170.40  2.8722332E-02
   7170.60  2.8855753E-02
   7170.80  2.8987296E-02
   7171.00  2.9117165E-02
   7171.20  2.9246295E-02
   7171.40  2.9375144E-02
   7171.60  2.9504164E-02
   7171.80  2.9633680E-02
   7172.00  2.9763985E-02
