  7112.000   26  1  1  5.9659183E-02 -3.7017812E+00 -3.4743606E-01  1  1  7.2652110E+03  0.0000000E+00  0.0000000E+00  4.0473824E+00  1.0000000E+00  0.0000000E+00 = E_edge, Z, n_edge, j_edge, Abs_before_edge, VO_interstitial, E_cut, ninitl, ninit1, Epsii, UnitCell_Volume, Surface_ref, f0_forward, natomsym_f, abs_u_i
    Energy    <xanes>    
   7097.00  7.3382019E-04
   7097.20  7.7591605E-04
   7097.40  1.2017871E-04
   7097.60  6.4191968E-05
   7097.80  4.9881324E-05
   7098.00  4.5600435E-05
   7098.20  4.6372316E-05
   7098.40  5.2392352E-05
   7098.60  6.8602433E-05
   7098.80  1.1697517E-04
   7099.00  3.6802534E-04
   7099.20  7.0556407E-02
   7099.40  4.4755908E-04
   7099.60  1.2639881E-04
   7099.80  7.0485645E-05
   7100.00  5.1800205E-05
   7100.20  4.3908308E-05
   7100.40  4.0561863E-05
   7100.60  3.9880656E-05
   7100.80  4.1558899E-05
   7101.00  4.6572630E-05
   7101.20  5.8763609E-05
   7101.40  9.4693518E-05
   7101.60  3.0606841E-04
   7101.80  1.0605131E-02
   7102.00  7.1400681E-04
   7102.20  7.3762460E-04
   7102.40  1.8471741E-04
   7102.60  6.6736350E-05
   7102.80  5.0964714E-05
   7103.00  4.5413329E-05
   7103.20  4.3891357E-05
   7103.40  4.6344255E-05
   7103.60  1.5235744E-04
   7103.80  5.5612873E-05
   7104.00  5.4279332E-05
   7104.20  6.8077573E-05
   7104.40  1.0194261E-03
   7104.60  1.6148819E-04
   7104.80  2.0039561E-02
   7105.00  1.0030467E-02
   7105.20  2.4942313E-04
   7105.40  1.7474960E-03
   7105.60  1.6879646E-03
   7105.80  5.8034272E-04
   7106.00  2.5448203E-04
   7106.20  4.4023032E-04
   7106.40  2.1374345E-02
   7106.60  1.4470895E-03
   7106.80  1.7232735E-02
   7107.00  7.5333768E-04
   7107.20  1.2446648E-02
   7107.40  7.5437864E-04
   7107.60  8.0574334E-03
   7107.80  2.3445360E-03
   7108.00  1.3989821E-03
   7108.20  3.0104492E-03
   7108.40  2.5153056E-02
   7108.60  1.9312117E-03
   7108.80  6.2917522E-03
   7109.00  5.1265170E-02
   7109.20  1.7176073E-02
   7109.40  2.1342937E-02
   7109.60  4.1269182E-02
   7109.80  4.2003546E-02
   7110.00  3.1656428E-02
   7110.20  5.3704040E-02
   7110.40  3.2332997E-02
   7110.60  1.5808201E-02
   7110.80  1.5414357E-02
   7111.00  8.4839050E-03
   7111.20  7.1835804E-03
   7111.40  8.1925746E-03
   7111.60  1.1411374E-02
   7111.80  1.5360216E-02
   7112.00  1.6661990E-02
   7112.20  2.7548844E-02
   7112.40  9.1690439E-03
   7112.60  4.3756154E-03
   7112.80  2.9322013E-03
   7113.00  2.1267459E-03
   7113.20  1.4219735E-03
   7113.40  9.9984581E-04
   7113.60  7.7380214E-04
   7113.80  6.6182120E-04
   7114.00  6.3661415E-04
   7114.20  7.7781048E-04
   7114.40  2.5815209E-03
   7114.60  2.6145563E-03
   7114.80  7.2439652E-04
   7115.00  5.5100420E-04
   7115.20  5.0140308E-04
   7115.40  4.7971184E-04
   7115.60  4.7157553E-04
   7115.80  4.7490979E-04
   7116.00  4.8795827E-04
   7116.20  5.0865820E-04
   7116.40  5.3515570E-04
   7116.60  5.6704053E-04
   7116.80  6.0559239E-04
   7117.00  6.5187332E-04
   7117.20  7.0486918E-04
   7117.40  7.6260577E-04
   7117.60  8.2403786E-04
   7117.80  8.8852531E-04
   7118.00  9.5590816E-04
   7118.20  1.0306147E-03
   7118.40  1.1263378E-03
   7118.60  1.2653632E-03
   7118.80  1.4712709E-03
   7119.00  1.7516536E-03
   7119.20  2.0475079E-03
   7119.40  2.2269991E-03
   7119.60  2.2900164E-03
   7119.80  2.3275735E-03
   7120.00  2.3595008E-03
   7120.20  2.3779833E-03
   7120.40  2.3815884E-03
   7120.60  2.3738073E-03
   7120.80  2.3575612E-03
   7121.00  2.3343748E-03
   7121.20  2.3070979E-03
   7121.40  2.2814615E-03
   7121.60  2.2630599E-03
   7121.80  2.2549421E-03
   7122.00  2.2649121E-03
   7122.20  2.2980594E-03
   7122.40  2.3619892E-03
   7122.60  2.4818220E-03
   7122.80  2.6692280E-03
   7123.00  2.9344858E-03
   7123.20  3.3001574E-03
   7123.40  3.7913345E-03
   7123.60  4.4109189E-03
   7123.80  5.0841104E-03
   7124.00  5.6901140E-03
   7124.20  6.2546989E-03
   7124.40  6.9476374E-03
   7124.60  7.9305823E-03
   7124.80  9.3552768E-03
   7125.00  1.1417924E-02
   7125.20  1.4375741E-02
   7125.40  1.8484783E-02
   7125.60  2.3932845E-02
   7125.80  3.0156372E-02
   7126.00  3.5946428E-02
   7126.20  3.9719604E-02
   7126.40  4.0128912E-02
   7126.60  3.8461296E-02
   7126.80  3.6540789E-02
   7127.00  3.5010836E-02
   7127.20  3.3615472E-02
   7127.40  3.1971863E-02
   7127.60  3.0050057E-02
   7127.80  2.8294645E-02
   7128.00  2.7126999E-02
   7128.20  2.6626005E-02
   7128.40  2.6689766E-02
   7128.60  2.7226855E-02
   7128.80  2.8216750E-02
   7129.00  2.9707752E-02
   7129.20  3.1806861E-02
   7129.40  3.4679475E-02
   7129.60  3.8546821E-02
   7129.80  4.3685159E-02
   7130.00  5.0449596E-02
   7130.20  5.9218547E-02
   7130.40  7.0299139E-02
   7130.60  8.3201423E-02
   7130.80  9.5834458E-02
   7131.00  1.0474810E-01
   7131.20  1.0812101E-01
   7131.40  1.0757894E-01
   7131.60  1.0557503E-01
   7131.80  1.0303775E-01
   7132.00  9.9648192E-02
   7132.20  9.4913721E-02
   7132.40  8.8828013E-02
   7132.60  8.1895317E-02
   7132.80  7.4775464E-02
   7133.00  6.7974465E-02
   7133.20  6.1763596E-02
   7133.40  5.6249165E-02
   7133.60  5.1486491E-02
   7133.80  4.7557823E-02
   7134.00  4.4539316E-02
   7134.20  4.2363755E-02
   7134.40  4.0792344E-02
   7134.60  3.9560903E-02
   7134.80  3.8496713E-02
   7135.00  3.7524494E-02
   7135.20  3.6626903E-02
   7135.40  3.5809814E-02
   7135.60  3.5083593E-02
   7135.80  3.4455434E-02
   7136.00  3.3929340E-02
   7136.20  3.3508997E-02
   7136.40  3.3193136E-02
   7136.60  3.2978651E-02
   7136.80  3.2860501E-02
   7137.00  3.2833134E-02
   7137.20  3.2891252E-02
   7137.40  3.3028194E-02
   7137.60  3.3236895E-02
   7137.80  3.3509995E-02
   7138.00  3.3839911E-02
   7138.20  3.4218888E-02
   7138.40  3.4639368E-02
   7138.60  3.5094001E-02
   7138.80  3.5575990E-02
   7139.00  3.6079110E-02
   7139.20  3.6598056E-02
   7139.40  3.7128470E-02
   7139.60  3.7667108E-02
   7139.80  3.8212008E-02
   7140.00  3.8762464E-02
   7140.20  3.9318726E-02
   7140.40  3.9882064E-02
   7140.60  4.0454611E-02
   7140.80  4.1039120E-02
   7141.00  4.1638803E-02
   7141.20  4.2256950E-02
   7141.40  4.2897054E-02
   7141.60  4.3562571E-02
   7141.80  4.4256719E-02
   7142.00  4.4982351E-02
   7142.20  4.5741376E-02
   7142.40  4.6557139E-02
   7142.60  4.7388263E-02
   7142.80  4.8251978E-02
   7143.00  4.9143650E-02
   7143.20  5.0023398E-02
   7143.40  5.0904566E-02
   7143.60  5.1773844E-02
   7143.80  5.2608636E-02
   7144.00  5.3380308E-02
   7144.20  5.4054425E-02
   7144.40  5.4592876E-02
   7144.60  5.4956880E-02
   7144.80  5.5112221E-02
   7145.00  5.5034000E-02
   7145.20  5.4711503E-02
   7145.40  5.4150219E-02
   7145.60  5.3371092E-02
   7145.80  5.2406736E-02
   7146.00  5.1296660E-02
   7146.20  5.0081838E-02
   7146.40  4.8800702E-02
   7146.60  4.7486412E-02
   7146.80  4.6166078E-02
   7147.00  4.4860585E-02
   7147.20  4.3585353E-02
   7147.40  4.2351185E-02
   7147.60  4.1165479E-02
   7147.80  4.0032827E-02
   7148.00  3.8955516E-02
   7148.20  3.7933963E-02
   7148.40  3.6967377E-02
   7148.60  3.6054939E-02
   7148.80  3.5192929E-02
   7149.00  3.4378067E-02
   7149.20  3.3601483E-02
   7149.40  3.2870017E-02
   7149.60  3.2174854E-02
   7149.80  3.1513036E-02
   7150.00  3.0881887E-02
   7150.20  3.0242968E-02
   7150.40  2.9667378E-02
   7150.60  2.9115005E-02
   7150.80  2.8580805E-02
   7151.00  2.8076626E-02
   7151.20  2.7596589E-02
   7151.40  2.7146905E-02
   7151.60  2.6716783E-02
   7151.80  2.6305991E-02
   7152.00  2.5914394E-02
   7152.20  2.5542031E-02
   7152.40  2.5188465E-02
   7152.60  2.4853266E-02
   7152.80  2.4536262E-02
   7153.00  2.4236289E-02
   7153.20  2.3953596E-02
   7153.40  2.3685785E-02
   7153.60  2.3432124E-02
   7153.80  2.3191158E-02
   7154.00  2.2961219E-02
   7154.20  2.2740462E-02
   7154.40  2.2526872E-02
   7154.60  2.2318610E-02
   7154.80  2.2113227E-02
   7155.00  2.1908614E-02
   7155.20  2.1702700E-02
   7155.40  2.1493658E-02
   7155.60  2.1279966E-02
   7155.80  2.1060503E-02
   7156.00  2.0834943E-02
   7156.20  2.0603034E-02
   7156.40  2.0365405E-02
   7156.60  2.0123510E-02
   7156.80  1.9879611E-02
   7157.00  1.9636679E-02
   7157.20  1.9398425E-02
   7157.40  1.9169177E-02
   7157.60  1.8953945E-02
   7157.80  1.8757378E-02
   7158.00  1.8583958E-02
   7158.20  1.8437274E-02
   7158.40  1.8319342E-02
   7158.60  1.8229850E-02
   7158.80  1.8165480E-02
   7159.00  1.8119570E-02
   7159.20  1.8082411E-02
   7159.40  1.8042449E-02
   7159.60  1.7987694E-02
   7159.80  1.7908287E-02
   7160.00  1.7798590E-02
   7160.20  1.7658540E-02
   7160.40  1.7493456E-02
   7160.60  1.7312723E-02
   7160.80  1.7129038E-02
   7161.00  1.6956179E-02
   7161.20  1.6816338E-02
   7161.40  1.6699357E-02
   7161.60  1.6626653E-02
   7161.80  1.6597370E-02
   7162.00  1.6615183E-02
   7162.20  1.6680590E-02
   7162.40  1.6792176E-02
   7162.60  1.6947912E-02
   7162.80  1.7150713E-02
   7163.00  1.7385210E-02
   7163.20  1.7653613E-02
   7163.40  1.7952092E-02
   7163.60  1.8276527E-02
   7163.80  1.8622913E-02
   7164.00  1.8987603E-02
   7164.20  1.9367028E-02
   7164.40  1.9757802E-02
   7164.60  2.0156802E-02
   7164.80  2.0561044E-02
   7165.00  2.0967836E-02
   7165.20  2.1374617E-02
   7165.40  2.1778891E-02
   7165.60  2.2185050E-02
   7165.80  2.2578363E-02
   7166.00  2.2962522E-02
   7166.20  2.3335455E-02
   7166.40  2.3695237E-02
   7166.60  2.4040012E-02
   7166.80  2.4368159E-02
   7167.00  2.4678375E-02
   7167.20  2.4969512E-02
   7167.40  2.5240886E-02
   7167.60  2.5492440E-02
   7167.80  2.5724383E-02
   7168.00  2.5937250E-02
   7168.20  2.6132320E-02
   7168.40  2.6311086E-02
   7168.60  2.6475448E-02
   7168.80  2.6627566E-02
   7169.00  2.6769510E-02
   7169.20  2.6903872E-02
   7169.40  2.7032614E-02
   7169.60  2.7157546E-02
   7169.80  2.7280219E-02
   7170.00  2.7401825E-02
   7170.20  2.7523870E-02
   7170.40  2.7646284E-02
   7170.60  2.7769082E-02
   7170.80  2.7892192E-02
   7171.00  2.8015478E-02
   7171.20  2.8138504E-02
   7171.40  2.8260972E-02
   7171.60  2.8382327E-02
   7171.80  2.8502252E-02
   7172.00  2.8620453E-02
