  7112.000   26  1  1  2.2723410E-02 -3.4159435E+00 -1.9326747E+00  1  1  7.2659402E+03  0.0000000E+00  0.0000000E+00  3.4415088E+00  1.0000000E+00  0.0000000E+00 = E_edge, Z, n_edge, j_edge, Abs_before_edge, VO_interstitial, E_cut, ninitl, ninit1, Epsii, UnitCell_Volume, Surface_ref, f0_forward, natomsym_f, abs_u_i
    Energy    <xanes>    
   7097.00  2.0213638E-05
   7097.20  2.0346564E-05
   7097.40  2.0517364E-05
   7097.60  2.0736626E-05
   7097.80  2.1021477E-05
   7098.00  2.1401069E-05
   7098.20  2.1928140E-05
   7098.40  2.2708610E-05
   7098.60  2.3987137E-05
   7098.80  2.6452430E-05
   7099.00  3.2786984E-05
   7099.20  6.3281002E-05
   7099.40  9.2999246E-03
   7099.60  8.7144686E-05
   7099.80  3.8161116E-05
   7100.00  3.2501699E-05
   7100.20  3.3177644E-05
   7100.40  4.5783979E-05
   7100.60  6.3287068E-05
   7100.80  5.1776745E-05
   7101.00  7.8644913E-05
   7101.20  1.9790512E-04
   7101.40  4.6461366E-03
   7101.60  6.6062284E-04
   7101.80  1.8101459E-04
   7102.00  1.4929830E-04
   7102.20  2.8942402E-02
   7102.40  1.3058301E-04
   7102.60  6.2085623E-05
   7102.80  5.4776271E-05
   7103.00  7.1694793E-05
   7103.20  4.1962792E-04
   7103.40  2.6577955E-04
   7103.60  1.3111092E-04
   7103.80  9.7377615E-05
   7104.00  2.1649875E-04
   7104.20  3.3485817E-02
   7104.40  5.7564297E-04
   7104.60  2.3186402E-02
   7104.80  8.6788866E-04
   7105.00  1.4337336E-04
   7105.20  8.5723325E-05
   7105.40  7.6040412E-05
   7105.60  1.0173003E-04
   7105.80  2.0820255E-03
   7106.00  2.0232543E-03
   7106.20  1.2209007E-03
   7106.40  8.5557831E-04
   7106.60  5.8943380E-03
   7106.80  4.0644742E-03
   7107.00  8.0978533E-04
   7107.20  2.9021399E-04
   7107.40  3.7334117E-03
   7107.60  4.5561628E-04
   7107.80  2.0875597E-03
   7108.00  2.1214009E-03
   7108.20  1.8325876E-03
   7108.40  5.6503476E-04
   7108.60  3.5657447E-02
   7108.80  9.7827488E-03
   7109.00  3.0151336E-03
   7109.20  4.8010732E-03
   7109.40  3.5184665E-02
   7109.60  7.9592827E-03
   7109.80  7.6597458E-03
   7110.00  7.0238886E-03
   7110.20  8.6885076E-03
   7110.40  7.8939063E-03
   7110.60  1.1978956E-02
   7110.80  1.4274965E-02
   7111.00  1.6581648E-02
   7111.20  2.0437317E-02
   7111.40  1.9681896E-02
   7111.60  2.0811747E-02
   7111.80  2.1305475E-02
   7112.00  2.1021879E-02
   7112.20  1.7634205E-02
   7112.40  1.9118911E-02
   7112.60  2.1206157E-02
   7112.80  2.1022748E-02
   7113.00  2.1976052E-02
   7113.20  2.4280464E-02
   7113.40  2.8856900E-02
   7113.60  3.3497280E-02
   7113.80  3.3343744E-02
   7114.00  2.8383766E-02
   7114.20  2.3165072E-02
   7114.40  2.0565677E-02
   7114.60  1.9789727E-02
   7114.80  1.8952912E-02
   7115.00  1.7056781E-02
   7115.20  1.5243963E-02
   7115.40  1.3980820E-02
   7115.60  1.3475981E-02
   7115.80  1.3377772E-02
   7116.00  1.3319924E-02
   7116.20  1.3157821E-02
   7116.40  1.3419123E-02
   7116.60  1.4877350E-02
   7116.80  1.8251534E-02
   7117.00  2.4000501E-02
   7117.20  2.9189440E-02
   7117.40  2.5929381E-02
   7117.60  1.8034183E-02
   7117.80  1.2765109E-02
   7118.00  1.0133154E-02
   7118.20  8.8797555E-03
   7118.40  8.1123998E-03
   7118.60  7.4316802E-03
   7118.80  6.7684442E-03
   7119.00  6.1524293E-03
   7119.20  5.6668576E-03
   7119.40  5.3400172E-03
   7119.60  5.2743707E-03
   7119.80  5.3982807E-03
   7120.00  5.5332846E-03
   7120.20  5.5292154E-03
   7120.40  5.4392578E-03
   7120.60  5.3390647E-03
   7120.80  5.2511054E-03
   7121.00  5.2138454E-03
   7121.20  5.2401691E-03
   7121.40  5.3494824E-03
   7121.60  5.5726496E-03
   7121.80  5.9531477E-03
   7122.00  6.4607117E-03
   7122.20  7.0777728E-03
   7122.40  7.7168196E-03
   7122.60  8.2467198E-03
   7122.80  8.6504037E-03
   7123.00  9.1243980E-03
   7123.20  9.8986443E-03
   7123.40  1.1131008E-02
   7123.60  1.2802618E-02
   7123.80  1.4467217E-02
   7124.00  1.5419399E-02
   7124.20  1.5576606E-02
   7124.40  1.5466737E-02
   7124.60  1.5487892E-02
   7124.80  1.5757840E-02
   7125.00  1.6270126E-02
   7125.20  1.6999125E-02
   7125.40  1.7929378E-02
   7125.60  1.9033060E-02
   7125.80  2.0273785E-02
   7126.00  2.1656259E-02
   7126.20  2.2961967E-02
   7126.40  2.4233742E-02
   7126.60  2.5477091E-02
   7126.80  2.6711979E-02
   7127.00  2.7960902E-02
   7127.20  2.9269205E-02
   7127.40  3.0693726E-02
   7127.60  3.2351088E-02
   7127.80  3.4127515E-02
   7128.00  3.5945929E-02
   7128.20  3.7431109E-02
   7128.40  3.8145873E-02
   7128.60  3.8115967E-02
   7128.80  3.7787159E-02
   7129.00  3.7334226E-02
   7129.20  3.7120619E-02
   7129.40  3.7148766E-02
   7129.60  3.7524907E-02
   7129.80  3.8264352E-02
   7130.00  3.9265018E-02
   7130.20  4.0387100E-02
   7130.40  4.1529408E-02
   7130.60  4.2608585E-02
   7130.80  4.3508401E-02
   7131.00  4.4108508E-02
   7131.20  4.4366420E-02
   7131.40  4.4354894E-02
   7131.60  4.4224078E-02
   7131.80  4.4136007E-02
   7132.00  4.4215252E-02
   7132.20  4.4521286E-02
   7132.40  4.5035062E-02
   7132.60  4.5677911E-02
   7132.80  4.6378168E-02
   7133.00  4.7143994E-02
   7133.20  4.8064881E-02
   7133.40  4.9242716E-02
   7133.60  5.0729516E-02
   7133.80  5.2523367E-02
   7134.00  5.4612195E-02
   7134.20  5.6970621E-02
   7134.40  5.9443640E-02
   7134.60  6.1622690E-02
   7134.80  6.2913427E-02
   7135.00  6.2874183E-02
   7135.20  6.1509103E-02
   7135.40  5.9204618E-02
   7135.60  5.6449235E-02
   7135.80  5.3632768E-02
   7136.00  5.0998668E-02
   7136.20  4.8672458E-02
   7136.40  4.6702344E-02
   7136.60  4.5088928E-02
   7136.80  4.3804430E-02
   7137.00  4.2804038E-02
   7137.20  4.2032516E-02
   7137.40  4.1428631E-02
   7137.60  4.0929138E-02
   7137.80  4.0475296E-02
   7138.00  4.0019826E-02
   7138.20  3.9533048E-02
   7138.40  3.9005521E-02
   7138.60  3.8445810E-02
   7138.80  3.7875595E-02
   7139.00  3.7324032E-02
   7139.20  3.6822576E-02
   7139.40  3.6401180E-02
   7139.60  3.6086293E-02
   7139.80  3.5899961E-02
   7140.00  3.5859216E-02
   7140.20  3.5976018E-02
   7140.40  3.6256692E-02
   7140.60  3.6701864E-02
   7140.80  3.7302402E-02
   7141.00  3.8041945E-02
   7141.20  3.8898911E-02
   7141.40  3.9841551E-02
   7141.60  4.0827481E-02
   7141.80  4.1804688E-02
   7142.00  4.2715458E-02
   7142.20  4.3502415E-02
   7142.40  4.4115606E-02
   7142.60  4.4520286E-02
   7142.80  4.4701335E-02
   7143.00  4.4664063E-02
   7143.20  4.4431489E-02
   7143.40  4.4038235E-02
   7143.60  4.3523712E-02
   7143.80  4.2926310E-02
   7144.00  4.2279260E-02
   7144.20  4.1608749E-02
   7144.40  4.0933683E-02
   7144.60  4.0266405E-02
   7144.80  3.9614203E-02
   7145.00  3.8980976E-02
   7145.20  3.8368395E-02
   7145.40  3.7777032E-02
   7145.60  3.7207039E-02
   7145.80  3.6658679E-02
   7146.00  3.6132433E-02
   7146.20  3.5628885E-02
   7146.40  3.5148635E-02
   7146.60  3.4692224E-02
   7146.80  3.4259791E-02
   7147.00  3.3851301E-02
   7147.20  3.3466369E-02
   7147.40  3.3102859E-02
   7147.60  3.2760895E-02
   7147.80  3.2440950E-02
   7148.00  3.2140148E-02
   7148.20  3.1860215E-02
   7148.40  3.1606427E-02
   7148.60  3.1367924E-02
   7148.80  3.1144442E-02
   7149.00  3.0935514E-02
   7149.20  3.0742885E-02
   7149.40  3.0563876E-02
   7149.60  3.0400266E-02
   7149.80  3.0252755E-02
   7150.00  3.0122197E-02
   7150.20  3.0009631E-02
   7150.40  2.9915695E-02
   7150.60  2.9841086E-02
   7150.80  2.9786377E-02
   7151.00  2.9752235E-02
   7151.20  2.9738728E-02
   7151.40  2.9745891E-02
   7151.60  2.9773693E-02
   7151.80  2.9821927E-02
   7152.00  2.9890316E-02
   7152.20  2.9978221E-02
   7152.40  3.0084877E-02
   7152.60  3.0209355E-02
   7152.80  3.0350492E-02
   7153.00  3.0506897E-02
   7153.20  3.0677132E-02
   7153.40  3.0859064E-02
   7153.60  3.1050571E-02
   7153.80  3.1249105E-02
   7154.00  3.1452188E-02
   7154.20  3.1657381E-02
   7154.40  3.1862321E-02
   7154.60  3.2064725E-02
   7154.80  3.2262309E-02
   7155.00  3.2453068E-02
   7155.20  3.2635228E-02
   7155.40  3.2807153E-02
   7155.60  3.2967677E-02
   7155.80  3.3115682E-02
   7156.00  3.3250645E-02
   7156.20  3.3372230E-02
   7156.40  3.3480604E-02
   7156.60  3.3576976E-02
   7156.80  3.3661597E-02
   7157.00  3.3734797E-02
   7157.20  3.3797461E-02
   7157.40  3.3850474E-02
   7157.60  3.3894727E-02
   7157.80  3.3930565E-02
   7158.00  3.3958312E-02
   7158.20  3.3978135E-02
   7158.40  3.3989857E-02
   7158.60  3.3993224E-02
   7158.80  3.3987855E-02
   7159.00  3.3973268E-02
   7159.20  3.3946023E-02
   7159.40  3.3911628E-02
   7159.60  3.3866529E-02
   7159.80  3.3809863E-02
   7160.00  3.3741522E-02
   7160.20  3.3661405E-02
   7160.40  3.3569717E-02
   7160.60  3.3468120E-02
   7160.80  3.3355391E-02
   7161.00  3.3234896E-02
   7161.20  3.3102798E-02
   7161.40  3.2967755E-02
   7161.60  3.2833517E-02
   7161.80  3.2696841E-02
   7162.00  3.2561901E-02
   7162.20  3.2425106E-02
   7162.40  3.2292276E-02
   7162.60  3.2164822E-02
   7162.80  3.2044534E-02
   7163.00  3.1931850E-02
   7163.20  3.1827133E-02
   7163.40  3.1730724E-02
   7163.60  3.1642758E-02
   7163.80  3.1563834E-02
   7164.00  3.1493040E-02
   7164.20  3.1429872E-02
   7164.40  3.1373585E-02
   7164.60  3.1323447E-02
   7164.80  3.1278716E-02
   7165.00  3.1239002E-02
   7165.20  3.1202726E-02
   7165.40  3.1168869E-02
   7165.60  3.1136552E-02
   7165.80  3.1105382E-02
   7166.00  3.1073752E-02
   7166.20  3.1041209E-02
   7166.40  3.1006795E-02
   7166.60  3.0969507E-02
   7166.80  3.0921392E-02
   7167.00  3.0878150E-02
   7167.20  3.0829315E-02
   7167.40  3.0776150E-02
   7167.60  3.0718741E-02
   7167.80  3.0657387E-02
   7168.00  3.0591826E-02
   7168.20  3.0522230E-02
   7168.40  3.0448938E-02
   7168.60  3.0372570E-02
   7168.80  3.0293046E-02
   7169.00  3.0211112E-02
   7169.20  3.0127187E-02
   7169.40  3.0042194E-02
   7169.60  2.9956236E-02
   7169.80  2.9869893E-02
   7170.00  2.9783781E-02
   7170.20  2.9698586E-02
   7170.40  2.9615085E-02
   7170.60  2.9533944E-02
   7170.80  2.9455810E-02
   7171.00  2.9381460E-02
   7171.20  2.9311777E-02
   7171.40  2.9247219E-02
   7171.60  2.9188104E-02
   7171.80  2.9134746E-02
   7172.00  2.9087475E-02
