  7112.000   26  1  1  1.8359950E-02 -2.0835299E+00 -1.8453209E+00  1  1  7.2658582E+03  0.0000000E+00  0.0000000E+00  2.7885492E+00  1.0000000E+00  0.0000000E+00 = E_edge, Z, n_edge, j_edge, Abs_before_edge, VO_interstitial, E_cut, ninitl, ninit1, Epsii, UnitCell_Volume, Surface_ref, f0_forward, natomsym_f, abs_u_i
    Energy    <xanes>    
   7097.00  2.1877588E-04
   7097.20  2.3312306E-03
   7097.40  1.1554428E-03
   7097.60  1.7744271E-04
   7097.80  7.9889757E-05
   7098.00  5.1836194E-05
   7098.20  4.0283146E-05
   7098.40  3.4662681E-05
   7098.60  3.1778340E-05
   7098.80  3.0443701E-05
   7099.00  3.0213487E-05
   7099.20  3.1033502E-05
   7099.40  3.3222389E-05
   7099.60  3.7792317E-05
   7099.80  4.7821227E-05
   7100.00  7.6154088E-05
   7100.20  2.6574368E-04
   7100.40  8.5016901E-04
   7100.60  8.5852555E-03
   7100.80  3.5715407E-04
   7101.00  9.5742089E-05
   7101.20  5.8104610E-05
   7101.40  4.4592521E-05
   7101.60  4.1065761E-05
   7101.80  1.4994907E-04
   7102.00  4.4322275E-05
   7102.20  3.9673905E-05
   7102.40  4.5217069E-05
   7102.60  6.2834084E-05
   7102.80  1.4059872E-04
   7103.00  1.2671088E-02
   7103.20  5.9375913E-04
   7103.40  1.3254161E-04
   7103.60  1.1383769E-04
   7103.80  1.0747820E-04
   7104.00  5.8048470E-03
   7104.20  2.7341264E-04
   7104.40  9.4743921E-03
   7104.60  3.3194012E-03
   7104.80  1.1415040E-04
   7105.00  1.3534294E-04
   7105.20  1.7159216E-03
   7105.40  3.0445847E-04
   7105.60  8.9267537E-05
   7105.80  6.6145814E-05
   7106.00  7.2311500E-05
   7106.20  2.1184995E-04
   7106.40  1.7248458E-03
   7106.60  1.0582023E-04
   7106.80  8.3299766E-04
   7107.00  3.9576413E-04
   7107.20  4.5259836E-04
   7107.40  1.4950942E-03
   7107.60  2.6202935E-02
   7107.80  2.9111827E-04
   7108.00  6.6885889E-04
   7108.20  6.0674137E-02
   7108.40  1.4451073E-02
   7108.60  5.8093791E-04
   7108.80  8.4670585E-03
   7109.00  7.9628557E-03
   7109.20  2.3675424E-02
   7109.40  2.0688011E-03
   7109.60  1.5264820E-02
   7109.80  1.2376480E-02
   7110.00  5.0217301E-03
   7110.20  7.2753847E-04
   7110.40  3.1566117E-03
   7110.60  1.8007441E-02
   7110.80  5.0893882E-03
   7111.00  2.3137668E-02
   7111.20  1.6386187E-02
   7111.40  2.2012015E-02
   7111.60  1.1466688E-02
   7111.80  9.5547220E-03
   7112.00  8.9266923E-03
   7112.20  1.1981539E-02
   7112.40  2.8534823E-02
   7112.60  3.7125928E-02
   7112.80  2.4639916E-02
   7113.00  6.7366119E-02
   7113.20  3.7651291E-02
   7113.40  2.5680065E-02
   7113.60  4.7859635E-02
   7113.80  3.7445288E-02
   7114.00  1.3717343E-02
   7114.20  6.8080789E-03
   7114.40  3.9459317E-03
   7114.60  2.7706900E-03
   7114.80  2.3157737E-03
   7115.00  2.2430034E-03
   7115.20  2.4946315E-03
   7115.40  3.2303504E-03
   7115.60  5.0443944E-03
   7115.80  9.8626317E-03
   7116.00  2.1231413E-02
   7116.20  1.9737455E-02
   7116.40  1.3779764E-02
   7116.60  1.5552677E-02
   7116.80  3.1340070E-02
   7117.00  3.7014095E-02
   7117.20  1.6889389E-02
   7117.40  9.4554876E-03
   7117.60  6.7690369E-03
   7117.80  5.7242232E-03
   7118.00  5.4066579E-03
   7118.20  5.4049143E-03
   7118.40  5.3215718E-03
   7118.60  5.1411316E-03
   7118.80  5.1901083E-03
   7119.00  5.3922739E-03
   7119.20  5.5441411E-03
   7119.40  5.4538282E-03
   7119.60  5.0513245E-03
   7119.80  4.8082716E-03
   7120.00  4.7734627E-03
   7120.20  4.2995797E-03
   7120.40  3.9771925E-03
   7120.60  4.0582404E-03
   7120.80  4.2862938E-03
   7121.00  4.4662609E-03
   7121.20  4.5673639E-03
   7121.40  4.6148442E-03
   7121.60  4.6289161E-03
   7121.80  4.6599307E-03
   7122.00  4.8322857E-03
   7122.20  5.2726538E-03
   7122.40  6.0531402E-03
   7122.60  7.0710936E-03
   7122.80  8.3589589E-03
   7123.00  1.0156152E-02
   7123.20  1.2088199E-02
   7123.40  1.3213474E-02
   7123.60  1.3319119E-02
   7123.80  1.3296659E-02
   7124.00  1.3657102E-02
   7124.20  1.4414055E-02
   7124.40  1.5452154E-02
   7124.60  1.6594824E-02
   7124.80  1.7720395E-02
   7125.00  1.8957168E-02
   7125.20  2.0395398E-02
   7125.40  2.1850319E-02
   7125.60  2.3106345E-02
   7125.80  2.4055994E-02
   7126.00  2.4656258E-02
   7126.20  2.4970273E-02
   7126.40  2.5152477E-02
   7126.60  2.5324947E-02
   7126.80  2.5679980E-02
   7127.00  2.6194824E-02
   7127.20  2.6806754E-02
   7127.40  2.7423161E-02
   7127.60  2.7992265E-02
   7127.80  2.8545267E-02
   7128.00  2.9165014E-02
   7128.20  2.9923539E-02
   7128.40  3.0831865E-02
   7128.60  3.1832278E-02
   7128.80  3.2834327E-02
   7129.00  3.3627019E-02
   7129.20  3.4139231E-02
   7129.40  3.4438293E-02
   7129.60  3.4746133E-02
   7129.80  3.5281025E-02
   7130.00  3.6123169E-02
   7130.20  3.7225478E-02
   7130.40  3.8502965E-02
   7130.60  3.9925181E-02
   7130.80  4.1589628E-02
   7131.00  4.3484622E-02
   7131.20  4.5651723E-02
   7131.40  4.7984166E-02
   7131.60  5.0278129E-02
   7131.80  5.2291209E-02
   7132.00  5.3817570E-02
   7132.20  5.4741922E-02
   7132.40  5.5054258E-02
   7132.60  5.4855774E-02
   7132.80  5.4329369E-02
   7133.00  5.3732958E-02
   7133.20  5.3370558E-02
   7133.40  5.3507959E-02
   7133.60  5.4267932E-02
   7133.80  5.5556718E-02
   7134.00  5.7039818E-02
   7134.20  5.8232082E-02
   7134.40  5.8751990E-02
   7134.60  5.8521685E-02
   7134.80  5.7681321E-02
   7135.00  5.6423465E-02
   7135.20  5.4952436E-02
   7135.40  5.3460981E-02
   7135.60  5.2067934E-02
   7135.80  5.0805197E-02
   7136.00  4.9664658E-02
   7136.20  4.8639050E-02
   7136.40  4.7729909E-02
   7136.60  4.6939011E-02
   7136.80  4.6261335E-02
   7137.00  4.5684266E-02
   7137.20  4.5189719E-02
   7137.40  4.4757774E-02
   7137.60  4.4369111E-02
   7137.80  4.4006837E-02
   7138.00  4.3656841E-02
   7138.20  4.3319769E-02
   7138.40  4.2977241E-02
   7138.60  4.2621819E-02
   7138.80  4.2250040E-02
   7139.00  4.1862049E-02
   7139.20  4.1461774E-02
   7139.40  4.1055988E-02
   7139.60  4.0653083E-02
   7139.80  4.0261861E-02
   7140.00  3.9891228E-02
   7140.20  3.9549838E-02
   7140.40  3.9246298E-02
   7140.60  3.8988865E-02
   7140.80  3.8785651E-02
   7141.00  3.8644433E-02
   7141.20  3.8572240E-02
   7141.40  3.8575101E-02
   7141.60  3.8658093E-02
   7141.80  3.8825211E-02
   7142.00  3.9079431E-02
   7142.20  3.9422811E-02
   7142.40  3.9856392E-02
   7142.60  4.0379337E-02
   7142.80  4.0988248E-02
   7143.00  4.1675429E-02
   7143.20  4.2426224E-02
   7143.40  4.3214922E-02
   7143.60  4.4001931E-02
   7143.80  4.4730917E-02
   7144.00  4.5330700E-02
   7144.20  4.5722362E-02
   7144.40  4.5832570E-02
   7144.60  4.5610340E-02
   7144.80  4.5098352E-02
   7145.00  4.4279881E-02
   7145.20  4.3205352E-02
   7145.40  4.1947154E-02
   7145.60  4.0583730E-02
   7145.80  3.9188328E-02
   7146.00  3.7822159E-02
   7146.20  3.6532400E-02
   7146.40  3.5351561E-02
   7146.60  3.4299442E-02
   7146.80  3.3385522E-02
   7147.00  3.2610989E-02
   7147.20  3.1935592E-02
   7147.40  3.1427751E-02
   7147.60  3.1019617E-02
   7147.80  3.0737443E-02
   7148.00  3.0550896E-02
   7148.20  3.0450630E-02
   7148.40  3.0428004E-02
   7148.60  3.0474887E-02
   7148.80  3.0583334E-02
   7149.00  3.0742934E-02
   7149.20  3.0949120E-02
   7149.40  3.1191309E-02
   7149.60  3.1458562E-02
   7149.80  3.1740498E-02
   7150.00  3.2029033E-02
   7150.20  3.2311295E-02
   7150.40  3.2582201E-02
   7150.60  3.2837282E-02
   7150.80  3.3074790E-02
   7151.00  3.3295024E-02
   7151.20  3.3500057E-02
   7151.40  3.3693252E-02
   7151.60  3.3872466E-02
   7151.80  3.4052578E-02
   7152.00  3.4231651E-02
   7152.20  3.4411431E-02
   7152.40  3.4592034E-02
   7152.60  3.4774113E-02
   7152.80  3.4957532E-02
   7153.00  3.5141562E-02
   7153.20  3.5325113E-02
   7153.40  3.5506942E-02
   7153.60  3.5685790E-02
   7153.80  3.5860276E-02
   7154.00  3.6028918E-02
   7154.20  3.6190463E-02
   7154.40  3.6343909E-02
   7154.60  3.6488255E-02
   7154.80  3.6622451E-02
   7155.00  3.6745741E-02
   7155.20  3.6857518E-02
   7155.40  3.6957055E-02
   7155.60  3.7043629E-02
   7155.80  3.7116600E-02
   7156.00  3.7175447E-02
   7156.20  3.7219551E-02
   7156.40  3.7248509E-02
   7156.60  3.7262367E-02
   7156.80  3.7260901E-02
   7157.00  3.7244340E-02
   7157.20  3.7213059E-02
   7157.40  3.7167632E-02
   7157.60  3.7108800E-02
   7157.80  3.7037493E-02
   7158.00  3.6954617E-02
   7158.20  3.6861311E-02
   7158.40  3.6758285E-02
   7158.60  3.6646410E-02
   7158.80  3.6526379E-02
   7159.00  3.6398892E-02
   7159.20  3.6264569E-02
   7159.40  3.6123854E-02
   7159.60  3.5977100E-02
   7159.80  3.5824549E-02
   7160.00  3.5666624E-02
   7160.20  3.5502562E-02
   7160.40  3.5332689E-02
   7160.60  3.5156739E-02
   7160.80  3.4974507E-02
   7161.00  3.4785779E-02
   7161.20  3.4590324E-02
   7161.40  3.4387608E-02
   7161.60  3.4177425E-02
   7161.80  3.3958187E-02
   7162.00  3.3732679E-02
   7162.20  3.3500728E-02
   7162.40  3.3258620E-02
   7162.60  3.3009103E-02
   7162.80  3.2752402E-02
   7163.00  3.2490713E-02
   7163.20  3.2222656E-02
   7163.40  3.1949595E-02
   7163.60  3.1672661E-02
   7163.80  3.1393635E-02
   7164.00  3.1113261E-02
   7164.20  3.0833036E-02
   7164.40  3.0554735E-02
   7164.60  3.0279599E-02
   7164.80  3.0009451E-02
   7165.00  2.9745096E-02
   7165.20  2.9487752E-02
   7165.40  2.9238492E-02
   7165.60  2.8998304E-02
   7165.80  2.8768376E-02
   7166.00  2.8549237E-02
   7166.20  2.8341150E-02
   7166.40  2.8144570E-02
   7166.60  2.7959821E-02
   7166.80  2.7787201E-02
   7167.00  2.7626677E-02
   7167.20  2.7478466E-02
   7167.40  2.7341784E-02
   7167.60  2.7216216E-02
   7167.80  2.7096827E-02
   7168.00  2.6991994E-02
   7168.20  2.6896424E-02
   7168.40  2.6810416E-02
   7168.60  2.6731556E-02
   7168.80  2.6659638E-02
   7169.00  2.6593654E-02
   7169.20  2.6532810E-02
   7169.40  2.6476223E-02
   7169.60  2.6423219E-02
   7169.80  2.6372907E-02
   7170.00  2.6324597E-02
   7170.20  2.6277942E-02
   7170.40  2.6232367E-02
   7170.60  2.6187379E-02
   7170.80  2.6142729E-02
   7171.00  2.6098315E-02
   7171.20  2.6054220E-02
   7171.40  2.6010693E-02
   7171.60  2.5968045E-02
   7171.80  2.5926751E-02
   7172.00  2.5887441E-02
