  7112.000   26  1  1  9.4889700E-03 -3.3773879E+00 -2.5241087E+00  1  1  7.2662951E+03  0.0000000E+00  0.0000000E+00  2.1533003E+00  1.0000000E+00  0.0000000E+00 = E_edge, Z, n_edge, j_edge, Abs_before_edge, VO_interstitial, E_cut, ninitl, ninit1, Epsii, UnitCell_Volume, Surface_ref, f0_forward, natomsym_f, abs_u_i
    Energy    <xanes>    
   7097.00  2.0088058E-05
   7097.20  1.9971909E-05
   7097.40  1.9937002E-05
   7097.60  1.9949050E-05
   7097.80  1.9993464E-05
   7098.00  2.0063800E-05
   7098.20  2.0157592E-05
   7098.40  2.0274681E-05
   7098.60  2.0416729E-05
   7098.80  2.0587181E-05
   7099.00  2.0791788E-05
   7099.20  2.1039985E-05
   7099.40  2.1348307E-05
   7099.60  2.1750175E-05
   7099.80  2.2336118E-05
   7100.00  2.3556062E-05
   7100.20  4.2387611E-05
   7100.40  2.7630091E-05
   7100.60  2.6889235E-05
   7100.80  3.0294492E-05
   7101.00  4.0559517E-05
   7101.20  1.0251415E-04
   7101.40  2.9906381E-03
   7101.60  7.4043847E-05
   7101.80  5.5074830E-05
   7102.00  4.7647842E-05
   7102.20  6.0004740E-05
   7102.40  4.3221376E-04
   7102.60  1.5881267E-04
   7102.80  6.4407834E-05
   7103.00  8.2455195E-05
   7103.20  3.2330708E-04
   7103.40  1.3451542E-03
   7103.60  1.0959155E-04
   7103.80  5.7690458E-05
   7104.00  4.6817526E-05
   7104.20  4.6584404E-05
   7104.40  8.8923378E-05
   7104.60  7.5655757E-05
   7104.80  1.5372039E-04
   7105.00  1.5925759E-04
   7105.20  9.3543294E-05
   7105.40  1.3758292E-04
   7105.60  3.9600480E-03
   7105.80  1.8704388E-04
   7106.00  1.7691401E-04
   7106.20  1.5911367E-02
   7106.40  3.1764282E-04
   7106.60  1.2028285E-03
   7106.80  1.3002809E-02
   7107.00  1.3154917E-03
   7107.20  3.5557170E-04
   7107.40  2.5282118E-04
   7107.60  1.5547562E-04
   7107.80  1.8344346E-04
   7108.00  4.5745029E-04
   7108.20  2.5330616E-03
   7108.40  3.7410024E-03
   7108.60  1.4670627E-02
   7108.80  7.6218429E-02
   7109.00  1.4538919E-02
   7109.20  2.1983592E-02
   7109.40  7.1980174E-03
   7109.60  1.2007963E-02
   7109.80  1.1989344E-02
   7110.00  9.4637128E-03
   7110.20  5.1598716E-03
   7110.40  3.8276251E-03
   7110.60  7.9538759E-03
   7110.80  2.2217509E-02
   7111.00  1.9108860E-02
   7111.20  1.7345809E-02
   7111.40  8.0570478E-03
   7111.60  7.1043183E-03
   7111.80  9.5868122E-03
   7112.00  1.4058026E-02
   7112.20  1.7685641E-02
   7112.40  2.1613156E-02
   7112.60  3.6873407E-02
   7112.80  6.6705196E-02
   7113.00  7.6312396E-02
   7113.20  1.0109497E-01
   7113.40  1.0761556E-01
   7113.60  8.1594689E-02
   7113.80  5.8146484E-02
   7114.00  4.3092690E-02
   7114.20  3.2176136E-02
   7114.40  2.4705703E-02
   7114.60  1.9839559E-02
   7114.80  1.6653711E-02
   7115.00  1.4510726E-02
   7115.20  1.3032417E-02
   7115.40  1.1771616E-02
   7115.60  1.1087175E-02
   7115.80  1.0644516E-02
   7116.00  1.0384159E-02
   7116.20  1.0228698E-02
   7116.40  1.0094432E-02
   7116.60  9.9544901E-03
   7116.80  9.8437896E-03
   7117.00  9.7910545E-03
   7117.20  9.7958282E-03
   7117.40  9.8495056E-03
   7117.60  9.9384399E-03
   7117.80  9.9964481E-03
   7118.00  9.8464762E-03
   7118.20  9.3334406E-03
   7118.40  8.6028990E-03
   7118.60  7.9195283E-03
   7118.80  7.4029170E-03
   7119.00  7.0582360E-03
   7119.20  6.8292447E-03
   7119.40  6.6308023E-03
   7119.60  6.4122513E-03
   7119.80  6.2125034E-03
   7120.00  6.1004242E-03
   7120.20  6.0951407E-03
   7120.40  6.1666440E-03
   7120.60  6.2771171E-03
   7120.80  6.4260132E-03
   7121.00  6.6287459E-03
   7121.20  6.8107206E-03
   7121.40  6.8021364E-03
   7121.60  6.5734714E-03
   7121.80  6.2984687E-03
   7122.00  6.1051886E-03
   7122.20  6.0017328E-03
   7122.40  5.9774651E-03
   7122.60  5.9906844E-03
   7122.80  6.0208314E-03
   7123.00  6.0579971E-03
   7123.20  6.0990457E-03
   7123.40  6.1552684E-03
   7123.60  6.2269222E-03
   7123.80  6.3433352E-03
   7124.00  6.5444987E-03
   7124.20  6.8590245E-03
   7124.40  7.0554472E-03
   7124.60  6.7265658E-03
   7124.80  6.4144031E-03
   7125.00  6.3571264E-03
   7125.20  6.4443486E-03
   7125.40  6.6157936E-03
   7125.60  6.8434684E-03
   7125.80  7.1236521E-03
   7126.00  7.4491528E-03
   7126.20  7.8462611E-03
   7126.40  8.3383016E-03
   7126.60  8.9596592E-03
   7126.80  9.7287005E-03
   7127.00  1.0612642E-02
   7127.20  1.1645307E-02
   7127.40  1.2883745E-02
   7127.60  1.4376377E-02
   7127.80  1.6174893E-02
   7128.00  1.8077757E-02
   7128.20  1.9857924E-02
   7128.40  2.1572377E-02
   7128.60  2.3069474E-02
   7128.80  2.4608137E-02
   7129.00  2.6217348E-02
   7129.20  2.7812467E-02
   7129.40  2.9251956E-02
   7129.60  3.0426907E-02
   7129.80  3.1337587E-02
   7130.00  3.2099089E-02
   7130.20  3.2874644E-02
   7130.40  3.3805523E-02
   7130.60  3.4990919E-02
   7130.80  3.6510434E-02
   7131.00  3.8450164E-02
   7131.20  4.0907711E-02
   7131.40  4.3970866E-02
   7131.60  4.7682541E-02
   7131.80  5.2001738E-02
   7132.00  5.6766936E-02
   7132.20  6.1677816E-02
   7132.40  6.6319779E-02
   7132.60  7.0253687E-02
   7132.80  7.3157032E-02
   7133.00  7.4931733E-02
   7133.20  7.5688776E-02
   7133.40  7.5611975E-02
   7133.60  7.4832979E-02
   7133.80  7.3432374E-02
   7134.00  7.1516086E-02
   7134.20  6.9255529E-02
   7134.40  6.6875422E-02
   7134.60  6.4559236E-02
   7134.80  6.2427504E-02
   7135.00  6.0527390E-02
   7135.20  5.8841007E-02
   7135.40  5.7306224E-02
   7135.60  5.5842850E-02
   7135.80  5.4376554E-02
   7136.00  5.2854183E-02
   7136.20  5.1249465E-02
   7136.40  4.9560532E-02
   7136.60  4.7802817E-02
   7136.80  4.6001601E-02
   7137.00  4.4185382E-02
   7137.20  4.2382982E-02
   7137.40  4.0621622E-02
   7137.60  3.8926560E-02
   7137.80  3.7322158E-02
   7138.00  3.5831045E-02
   7138.20  3.4475509E-02
   7138.40  3.3276200E-02
   7138.60  3.2252180E-02
   7138.80  3.1419233E-02
   7139.00  3.0788513E-02
   7139.20  3.0365535E-02
   7139.40  3.0148775E-02
   7139.60  3.0129365E-02
   7139.80  3.0291323E-02
   7140.00  3.0612370E-02
   7140.20  3.1065291E-02
   7140.40  3.1619968E-02
   7140.60  3.2245711E-02
   7140.80  3.2911031E-02
   7141.00  3.3592803E-02
   7141.20  3.4273217E-02
   7141.40  3.4937923E-02
   7141.60  3.5577917E-02
   7141.80  3.6188942E-02
   7142.00  3.6770554E-02
   7142.20  3.7325091E-02
   7142.40  3.7855986E-02
   7142.60  3.8367483E-02
   7142.80  3.8863373E-02
   7143.00  3.9346670E-02
   7143.20  3.9819445E-02
   7143.40  4.0282571E-02
   7143.60  4.0735672E-02
   7143.80  4.1177689E-02
   7144.00  4.1606643E-02
   7144.20  4.2020311E-02
   7144.40  4.2416036E-02
   7144.60  4.2791357E-02
   7144.80  4.3143504E-02
   7145.00  4.3470152E-02
   7145.20  4.3769063E-02
   7145.40  4.4038399E-02
   7145.60  4.4276618E-02
   7145.80  4.4482529E-02
   7146.00  4.4655454E-02
   7146.20  4.4794690E-02
   7146.40  4.4900034E-02
   7146.60  4.4971535E-02
   7146.80  4.5009450E-02
   7147.00  4.5014352E-02
   7147.20  4.4987050E-02
   7147.40  4.4926387E-02
   7147.60  4.4837896E-02
   7147.80  4.4720809E-02
   7148.00  4.4576658E-02
   7148.20  4.4407565E-02
   7148.40  4.4223140E-02
   7148.60  4.4017509E-02
   7148.80  4.3792540E-02
   7149.00  4.3548016E-02
   7149.20  4.3289156E-02
   7149.40  4.3017695E-02
   7149.60  4.2734463E-02
   7149.80  4.2441527E-02
   7150.00  4.2140697E-02
   7150.20  4.1833416E-02
   7150.40  4.1521680E-02
   7150.60  4.1206453E-02
   7150.80  4.0889164E-02
   7151.00  4.0571162E-02
   7151.20  4.0253098E-02
   7151.40  3.9935874E-02
   7151.60  3.9620792E-02
   7151.80  3.9307925E-02
   7152.00  3.8997834E-02
   7152.20  3.8691037E-02
   7152.40  3.8388461E-02
   7152.60  3.8090030E-02
   7152.80  3.7796170E-02
   7153.00  3.7507338E-02
   7153.20  3.7222942E-02
   7153.40  3.6946131E-02
   7153.60  3.6675766E-02
   7153.80  3.6412366E-02
   7154.00  3.6156462E-02
   7154.20  3.5908625E-02
   7154.40  3.5669918E-02
   7154.60  3.5440414E-02
   7154.80  3.5220737E-02
   7155.00  3.5011517E-02
   7155.20  3.4813439E-02
   7155.40  3.4627264E-02
   7155.60  3.4454075E-02
   7155.80  3.4294457E-02
   7156.00  3.4149285E-02
   7156.20  3.4019547E-02
   7156.40  3.3906308E-02
   7156.60  3.3810625E-02
   7156.80  3.3733943E-02
   7157.00  3.3677762E-02
   7157.20  3.3643103E-02
   7157.40  3.3630309E-02
   7157.60  3.3640093E-02
   7157.80  3.3672618E-02
   7158.00  3.3727589E-02
   7158.20  3.3804162E-02
   7158.40  3.3900988E-02
   7158.60  3.4016075E-02
   7158.80  3.4146515E-02
   7159.00  3.4289021E-02
   7159.20  3.4439821E-02
   7159.40  3.4594777E-02
   7159.60  3.4749539E-02
   7159.80  3.4904319E-02
   7160.00  3.5045638E-02
   7160.20  3.5174023E-02
   7160.40  3.5289774E-02
   7160.60  3.5382703E-02
   7160.80  3.5453255E-02
   7161.00  3.5499813E-02
   7161.20  3.5519995E-02
   7161.40  3.5511437E-02
   7161.60  3.5476973E-02
   7161.80  3.5414306E-02
   7162.00  3.5323924E-02
   7162.20  3.5207404E-02
   7162.40  3.5063107E-02
   7162.60  3.4893018E-02
   7162.80  3.4698115E-02
   7163.00  3.4479517E-02
   7163.20  3.4238489E-02
   7163.40  3.3975655E-02
   7163.60  3.3694074E-02
   7163.80  3.3394560E-02
   7164.00  3.3078902E-02
   7164.20  3.2748851E-02
   7164.40  3.2405309E-02
   7164.60  3.2053146E-02
   7164.80  3.1692400E-02
   7165.00  3.1325044E-02
   7165.20  3.0953834E-02
   7165.40  3.0579878E-02
   7165.60  3.0204877E-02
   7165.80  2.9829979E-02
   7166.00  2.9458210E-02
   7166.20  2.9090851E-02
   7166.40  2.8729007E-02
   7166.60  2.8373799E-02
   7166.80  2.8026394E-02
   7167.00  2.7688746E-02
   7167.20  2.7360898E-02
   7167.40  2.7046255E-02
   7167.60  2.6739587E-02
   7167.80  2.6445365E-02
   7168.00  2.6160971E-02
   7168.20  2.5888453E-02
   7168.40  2.5625269E-02
   7168.60  2.5378452E-02
   7168.80  2.5143339E-02
   7169.00  2.4919702E-02
   7169.20  2.4707302E-02
   7169.40  2.4505940E-02
   7169.60  2.4315893E-02
   7169.80  2.4136260E-02
   7170.00  2.3966413E-02
   7170.20  2.3806006E-02
   7170.40  2.3654616E-02
   7170.60  2.3511782E-02
   7170.80  2.3377111E-02
   7171.00  2.3250383E-02
   7171.20  2.3131538E-02
   7171.40  2.3019907E-02
   7171.60  2.2915192E-02
   7171.80  2.2817181E-02
   7172.00  2.2725741E-02
