  7112.000   26  1  1  2.6989706E-02 -3.3297780E+00 -1.0415703E+00  1  1  7.2658467E+03  0.0000000E+00  0.0000000E+00  3.2634537E+00  1.0000000E+00  0.0000000E+00 = E_edge, Z, n_edge, j_edge, Abs_before_edge, VO_interstitial, E_cut, ninitl, ninit1, Epsii, UnitCell_Volume, Surface_ref, f0_forward, natomsym_f, abs_u_i
    Energy    <xanes>    
   7097.00  1.0731762E-04
   7097.20  1.3125781E-04
   7097.40  9.1166350E-05
   7097.60  1.4122720E-04
   7097.80  3.1071165E-04
   7098.00  1.2827745E-03
   7098.20  1.7064077E-01
   7098.40  9.1703990E-04
   7098.60  2.5766555E-04
   7098.80  1.2736154E-04
   7099.00  8.0725028E-05
   7099.20  5.9022005E-05
   7099.40  4.7744574E-05
   7099.60  6.2625085E-05
   7099.80  3.7545419E-05
   7100.00  3.2681945E-05
   7100.20  3.3020428E-05
   7100.40  3.3259992E-05
   7100.60  1.5005163E-04
   7100.80  2.7627133E-05
   7101.00  8.2123060E-05
   7101.20  2.5956521E-05
   7101.40  2.6151938E-05
   7101.60  3.0582673E-05
   7101.80  2.3478712E-03
   7102.00  3.1482257E-05
   7102.20  2.8030142E-05
   7102.40  3.4915069E-05
   7102.60  5.9674280E-04
   7102.80  4.1302016E-05
   7103.00  7.7432492E-05
   7103.20  3.5748466E-05
   7103.40  1.5355215E-04
   7103.60  7.8459597E-05
   7103.80  3.1894482E-05
   7104.00  3.8541128E-05
   7104.20  1.3071266E-04
   7104.40  5.2819692E-05
   7104.60  3.4692351E-05
   7104.80  7.4699782E-05
   7105.00  3.8315024E-05
   7105.20  3.5573799E-05
   7105.40  4.0754503E-05
   7105.60  1.0833116E-04
   7105.80  7.4090538E-05
   7106.00  1.2639972E-02
   7106.20  8.9507294E-05
   7106.40  9.6828016E-05
   7106.60  7.9629428E-03
   7106.80  5.6153984E-04
   7107.00  1.2629043E-03
   7107.20  9.7309713E-04
   7107.40  4.3187752E-04
   7107.60  3.0370879E-04
   7107.80  3.5424790E-03
   7108.00  2.1409210E-03
   7108.20  9.8759076E-04
   7108.40  3.9690398E-03
   7108.60  1.1911999E-02
   7108.80  1.4291840E-02
   7109.00  2.0083978E-02
   7109.20  4.4019152E-03
   7109.40  2.2095469E-02
   7109.60  2.4102776E-02
   7109.80  4.7711230E-02
   7110.00  3.4614735E-02
   7110.20  1.0531711E-02
   7110.40  1.4167632E-02
   7110.60  6.1770462E-03
   7110.80  5.8112632E-03
   7111.00  6.8810644E-03
   7111.20  1.1293233E-02
   7111.40  1.1874515E-02
   7111.60  4.7422761E-03
   7111.80  4.8003569E-03
   7112.00  4.2633096E-03
   7112.20  5.3609529E-03
   7112.40  4.9251719E-03
   7112.60  3.8167847E-03
   7112.80  3.0065777E-03
   7113.00  2.4736149E-03
   7113.20  2.2238067E-03
   7113.40  2.1032467E-03
   7113.60  2.0568326E-03
   7113.80  2.0595798E-03
   7114.00  2.0941502E-03
   7114.20  2.1452785E-03
   7114.40  2.2031839E-03
   7114.60  2.2693765E-03
   7114.80  2.3572474E-03
   7115.00  2.4804301E-03
   7115.20  2.6490784E-03
   7115.40  2.8547962E-03
   7115.60  3.1388084E-03
   7115.80  3.4955106E-03
   7116.00  3.9385014E-03
   7116.20  4.4790298E-03
   7116.40  5.1057319E-03
   7116.60  5.7532352E-03
   7116.80  6.3552003E-03
   7117.00  6.9921167E-03
   7117.20  7.8254823E-03
   7117.40  8.9678670E-03
   7117.60  1.0513813E-02
   7117.80  1.2570245E-02
   7118.00  1.5177857E-02
   7118.20  1.8142263E-02
   7118.40  2.1016919E-02
   7118.60  2.3399449E-02
   7118.80  2.4977372E-02
   7119.00  2.5559560E-02
   7119.20  2.5258624E-02
   7119.40  2.4433185E-02
   7119.60  2.3452145E-02
   7119.80  2.2561351E-02
   7120.00  2.1896607E-02
   7120.20  2.1519521E-02
   7120.40  2.1563483E-02
   7120.60  2.2012641E-02
   7120.80  2.2810899E-02
   7121.00  2.3804642E-02
   7121.20  2.4763420E-02
   7121.40  2.5461667E-02
   7121.60  2.5782705E-02
   7121.80  2.5782076E-02
   7122.00  2.5603195E-02
   7122.20  2.5351830E-02
   7122.40  2.5034694E-02
   7122.60  2.4691716E-02
   7122.80  2.4407584E-02
   7123.00  2.4323675E-02
   7123.20  2.4510594E-02
   7123.40  2.5008366E-02
   7123.60  2.5789632E-02
   7123.80  2.6761128E-02
   7124.00  2.7818149E-02
   7124.20  2.8906042E-02
   7124.40  3.0040722E-02
   7124.60  3.1184163E-02
   7124.80  3.2251842E-02
   7125.00  3.3145791E-02
   7125.20  3.3935241E-02
   7125.40  3.4808304E-02
   7125.60  3.5876317E-02
   7125.80  3.7116612E-02
   7126.00  3.8380649E-02
   7126.20  3.9496265E-02
   7126.40  4.0373724E-02
   7126.60  4.1017033E-02
   7126.80  4.1467426E-02
   7127.00  4.1746342E-02
   7127.20  4.1838669E-02
   7127.40  4.1716822E-02
   7127.60  4.1373729E-02
   7127.80  4.0845546E-02
   7128.00  4.0209918E-02
   7128.20  3.9560564E-02
   7128.40  3.8978191E-02
   7128.60  3.8521537E-02
   7128.80  3.8206155E-02
   7129.00  3.8043771E-02
   7129.20  3.8025772E-02
   7129.40  3.8126619E-02
   7129.60  3.8297923E-02
   7129.80  3.8467042E-02
   7130.00  3.8557936E-02
   7130.20  3.8531106E-02
   7130.40  3.8392890E-02
   7130.60  3.8166734E-02
   7130.80  3.7872277E-02
   7131.00  3.7521933E-02
   7131.20  3.7121920E-02
   7131.40  3.6672865E-02
   7131.60  3.6172658E-02
   7131.80  3.5624650E-02
   7132.00  3.5051151E-02
   7132.20  3.4499280E-02
   7132.40  3.4037694E-02
   7132.60  3.3713210E-02
   7132.80  3.3520961E-02
   7133.00  3.3413158E-02
   7133.20  3.3326580E-02
   7133.40  3.3206003E-02
   7133.60  3.3015748E-02
   7133.80  3.2752471E-02
   7134.00  3.2441647E-02
   7134.20  3.2114454E-02
   7134.40  3.1799582E-02
   7134.60  3.1524517E-02
   7134.80  3.1312907E-02
   7135.00  3.1181048E-02
   7135.20  3.1136377E-02
   7135.40  3.1178139E-02
   7135.60  3.1299004E-02
   7135.80  3.1486378E-02
   7136.00  3.1723718E-02
   7136.20  3.1991026E-02
   7136.40  3.2266086E-02
   7136.60  3.2525402E-02
   7136.80  3.2745744E-02
   7137.00  3.2906434E-02
   7137.20  3.2991513E-02
   7137.40  3.2991832E-02
   7137.60  3.2906000E-02
   7137.80  3.2740451E-02
   7138.00  3.2508145E-02
   7138.20  3.2226711E-02
   7138.40  3.1922939E-02
   7138.60  3.1616090E-02
   7138.80  3.1318303E-02
   7139.00  3.1045151E-02
   7139.20  3.0809380E-02
   7139.40  3.0620920E-02
   7139.60  3.0486751E-02
   7139.80  3.0410981E-02
   7140.00  3.0395336E-02
   7140.20  3.0439369E-02
   7140.40  3.0540748E-02
   7140.60  3.0695553E-02
   7140.80  3.0898783E-02
   7141.00  3.1144237E-02
   7141.20  3.1425301E-02
   7141.40  3.1735165E-02
   7141.60  3.2066736E-02
   7141.80  3.2412940E-02
   7142.00  3.2765109E-02
   7142.20  3.3120192E-02
   7142.40  3.3469751E-02
   7142.60  3.3809242E-02
   7142.80  3.4128972E-02
   7143.00  3.4425287E-02
   7143.20  3.4693347E-02
   7143.40  3.4929189E-02
   7143.60  3.5130197E-02
   7143.80  3.5294642E-02
   7144.00  3.5421896E-02
   7144.20  3.5512898E-02
   7144.40  3.5569780E-02
   7144.60  3.5595397E-02
   7144.80  3.5593314E-02
   7145.00  3.5567255E-02
   7145.20  3.5521071E-02
   7145.40  3.5477423E-02
   7145.60  3.5424791E-02
   7145.80  3.5360928E-02
   7146.00  3.5288459E-02
   7146.20  3.5209534E-02
   7146.40  3.5126337E-02
   7146.60  3.5041061E-02
   7146.80  3.4955847E-02
   7147.00  3.4872853E-02
   7147.20  3.4794228E-02
   7147.40  3.4721953E-02
   7147.60  3.4657907E-02
   7147.80  3.4604000E-02
   7148.00  3.4562084E-02
   7148.20  3.4534007E-02
   7148.40  3.4521495E-02
   7148.60  3.4518850E-02
   7148.80  3.4542051E-02
   7149.00  3.4585427E-02
   7149.20  3.4650195E-02
   7149.40  3.4738411E-02
   7149.60  3.4850901E-02
   7149.80  3.4990512E-02
   7150.00  3.5154765E-02
   7150.20  3.5345830E-02
   7150.40  3.5563978E-02
   7150.60  3.5809030E-02
   7150.80  3.6081040E-02
   7151.00  3.6377698E-02
   7151.20  3.6697637E-02
   7151.40  3.7038304E-02
   7151.60  3.7397877E-02
   7151.80  3.7771412E-02
   7152.00  3.8160400E-02
   7152.20  3.8550505E-02
   7152.40  3.8935089E-02
   7152.60  3.9312402E-02
   7152.80  3.9676337E-02
   7153.00  4.0022246E-02
   7153.20  4.0344547E-02
   7153.40  4.0635288E-02
   7153.60  4.0889807E-02
   7153.80  4.1103269E-02
   7154.00  4.1274037E-02
   7154.20  4.1400907E-02
   7154.40  4.1484145E-02
   7154.60  4.1525529E-02
   7154.80  4.1528182E-02
   7155.00  4.1496354E-02
   7155.20  4.1435040E-02
   7155.40  4.1349616E-02
   7155.60  4.1245798E-02
   7155.80  4.1128938E-02
   7156.00  4.1003412E-02
   7156.20  4.0873276E-02
   7156.40  4.0740266E-02
   7156.60  4.0610948E-02
   7156.80  4.0486216E-02
   7157.00  4.0366891E-02
   7157.20  4.0254004E-02
   7157.40  4.0148208E-02
   7157.60  4.0049964E-02
   7157.80  3.9960569E-02
   7158.00  3.9878611E-02
   7158.20  3.9803860E-02
   7158.40  3.9735914E-02
   7158.60  3.9674277E-02
   7158.80  3.9617950E-02
   7159.00  3.9565984E-02
   7159.20  3.9517679E-02
   7159.40  3.9471405E-02
   7159.60  3.9426488E-02
   7159.80  3.9380400E-02
   7160.00  3.9328098E-02
   7160.20  3.9271319E-02
   7160.40  3.9206823E-02
   7160.60  3.9132678E-02
   7160.80  3.9047693E-02
   7161.00  3.8949175E-02
   7161.20  3.8836813E-02
   7161.40  3.8709210E-02
   7161.60  3.8564108E-02
   7161.80  3.8402688E-02
   7162.00  3.8226045E-02
   7162.20  3.8033276E-02
   7162.40  3.7825537E-02
   7162.60  3.7603400E-02
   7162.80  3.7367801E-02
   7163.00  3.7120605E-02
   7163.20  3.6861607E-02
   7163.40  3.6592628E-02
   7163.60  3.6315391E-02
   7163.80  3.6030121E-02
   7164.00  3.5737946E-02
   7164.20  3.5439952E-02
   7164.40  3.5136899E-02
   7164.60  3.4828729E-02
   7164.80  3.4515821E-02
   7165.00  3.4198406E-02
   7165.20  3.3876609E-02
   7165.40  3.3550569E-02
   7165.60  3.3220405E-02
   7165.80  3.2886228E-02
   7166.00  3.2548230E-02
   7166.20  3.2206692E-02
   7166.40  3.1862752E-02
   7166.60  3.1516277E-02
   7166.80  3.1167575E-02
   7167.00  3.0817201E-02
   7167.20  3.0465872E-02
   7167.40  3.0114365E-02
   7167.60  2.9763467E-02
   7167.80  2.9414038E-02
   7168.00  2.9066928E-02
   7168.20  2.8723013E-02
   7168.40  2.8383167E-02
   7168.60  2.8048444E-02
   7168.80  2.7719802E-02
   7169.00  2.7397625E-02
   7169.20  2.7082756E-02
   7169.40  2.6775591E-02
   7169.60  2.6476911E-02
   7169.80  2.6187079E-02
   7170.00  2.5906490E-02
   7170.20  2.5635534E-02
   7170.40  2.5374612E-02
   7170.60  2.5124164E-02
   7170.80  2.4884260E-02
   7171.00  2.4655257E-02
   7171.20  2.4437621E-02
   7171.40  2.4231400E-02
   7171.60  2.4036629E-02
   7171.80  2.3853509E-02
   7172.00  2.3682234E-02
