  7112.000   26  1  1  2.4872512E-02 -2.7953389E+00 -1.5086724E+00  1  1  7.2657104E+03  0.0000000E+00  0.0000000E+00  4.2333479E+00  1.0000000E+00  0.0000000E+00 = E_edge, Z, n_edge, j_edge, Abs_before_edge, VO_interstitial, E_cut, ninitl, ninit1, Epsii, UnitCell_Volume, Surface_ref, f0_forward, natomsym_f, abs_u_i
    Energy    <xanes>    
   7097.00  1.6370916E-01
   7097.20  4.7382254E-04
   7097.40  1.3401868E-04
   7097.60  7.2105117E-05
   7097.80  5.0913094E-05
   7098.00  4.1564670E-05
   7098.20  3.7011516E-05
   7098.40  3.4916757E-05
   7098.60  3.4423018E-05
   7098.80  3.5325698E-05
   7099.00  3.7920204E-05
   7099.20  4.3292608E-05
   7099.40  5.4694898E-05
   7099.60  8.4772583E-05
   7099.80  2.4557059E-04
   7100.00  1.7841357E-03
   7100.20  2.1479396E-03
   7100.40  1.1904481E-02
   7100.60  2.0117090E-04
   7100.80  9.4202948E-05
   7101.00  8.4123521E-05
   7101.20  5.4380986E-05
   7101.40  5.3116692E-05
   7101.60  6.5306793E-05
   7101.80  1.4311623E-04
   7102.00  2.0307185E-02
   7102.20  1.4564825E-04
   7102.40  1.2873926E-04
   7102.60  6.0420427E-04
   7102.80  2.2046718E-03
   7103.00  2.7715598E-04
   7103.20  1.7272566E-04
   7103.40  1.2393160E-02
   7103.60  2.4525785E-04
   7103.80  8.2965036E-04
   7104.00  1.0962997E-03
   7104.20  1.1203379E-03
   7104.40  1.7696095E-02
   7104.60  1.9349397E-04
   7104.80  3.7661523E-04
   7105.00  3.7334525E-03
   7105.20  1.8945780E-04
   7105.40  1.1413679E-04
   7105.60  1.5629026E-04
   7105.80  9.6437340E-03
   7106.00  3.2335283E-04
   7106.20  1.9087582E-02
   7106.40  2.8494202E-04
   7106.60  1.5280555E-03
   7106.80  2.2110793E-04
   7107.00  1.4513425E-03
   7107.20  3.3808837E-03
   7107.40  1.1093677E-02
   7107.60  4.1970251E-04
   7107.80  2.7560454E-03
   7108.00  3.0251724E-03
   7108.20  2.5228577E-03
   7108.40  2.1799942E-03
   7108.60  2.6634627E-03
   7108.80  1.7025897E-03
   7109.00  3.3339071E-03
   7109.20  1.0892475E-02
   7109.40  2.3003570E-03
   7109.60  8.7489917E-04
   7109.80  1.3062641E-02
   7110.00  6.5412902E-03
   7110.20  8.9892677E-03
   7110.40  7.8125077E-03
   7110.60  1.7754557E-02
   7110.80  1.7775645E-02
   7111.00  1.8644433E-02
   7111.20  2.4397237E-02
   7111.40  2.7974484E-02
   7111.60  3.0255787E-02
   7111.80  1.9119762E-02
   7112.00  2.3462410E-02
   7112.20  4.0188224E-02
   7112.40  4.7944452E-02
   7112.60  3.8845725E-02
   7112.80  8.2693381E-02
   7113.00  4.3077534E-02
   7113.20  1.8706004E-02
   7113.40  1.1239438E-02
   7113.60  7.3526582E-03
   7113.80  5.1331333E-03
   7114.00  3.9297373E-03
   7114.20  3.2752699E-03
   7114.40  2.9385298E-03
   7114.60  2.8914430E-03
   7114.80  3.3591517E-03
   7115.00  5.0466763E-03
   7115.20  9.8101802E-03
   7115.40  2.2758277E-02
   7115.60  2.2815770E-02
   7115.80  1.1116817E-02
   7116.00  6.4768777E-03
   7116.20  4.4275103E-03
   7116.40  3.3614824E-03
   7116.60  2.7652646E-03
   7116.80  2.4376509E-03
   7117.00  2.2907452E-03
   7117.20  2.2895152E-03
   7117.40  2.4279843E-03
   7117.60  2.7078597E-03
   7117.80  3.0902140E-03
   7118.00  3.4102780E-03
   7118.20  3.4772897E-03
   7118.40  3.3648821E-03
   7118.60  3.3062552E-03
   7118.80  3.4819882E-03
   7119.00  3.8886942E-03
   7119.20  4.4073863E-03
   7119.40  4.8874197E-03
   7119.60  5.4799410E-03
   7119.80  6.0667734E-03
   7120.00  6.0757202E-03
   7120.20  5.3133048E-03
   7120.40  4.5725442E-03
   7120.60  4.2426317E-03
   7120.80  4.2565411E-03
   7121.00  4.5611676E-03
   7121.20  5.1247021E-03
   7121.40  5.7043514E-03
   7121.60  6.0466459E-03
   7121.80  6.4615630E-03
   7122.00  7.0207335E-03
   7122.20  7.7792459E-03
   7122.40  8.8207134E-03
   7122.60  1.0204852E-02
   7122.80  1.1910213E-02
   7123.00  1.3590780E-02
   7123.20  1.4821448E-02
   7123.40  1.5943542E-02
   7123.60  1.7519469E-02
   7123.80  1.9536125E-02
   7124.00  2.1659431E-02
   7124.20  2.3708047E-02
   7124.40  2.5759205E-02
   7124.60  2.7723490E-02
   7124.80  2.9083787E-02
   7125.00  2.9439996E-02
   7125.20  2.8993383E-02
   7125.40  2.8121199E-02
   7125.60  2.7049395E-02
   7125.80  2.5943691E-02
   7126.00  2.5073642E-02
   7126.20  2.4651027E-02
   7126.40  2.4684872E-02
   7126.60  2.5200927E-02
   7126.80  2.6156453E-02
   7127.00  2.7532611E-02
   7127.20  2.9167740E-02
   7127.40  3.0930068E-02
   7127.60  3.2624939E-02
   7127.80  3.4193168E-02
   7128.00  3.5712211E-02
   7128.20  3.7327770E-02
   7128.40  3.9125465E-02
   7128.60  4.0920485E-02
   7128.80  4.2180342E-02
   7129.00  4.2459735E-02
   7129.20  4.2143844E-02
   7129.40  4.2228926E-02
   7129.60  4.3317915E-02
   7129.80  4.5356577E-02
   7130.00  4.7931154E-02
   7130.20  5.0525227E-02
   7130.40  5.2718578E-02
   7130.60  5.4325088E-02
   7130.80  5.5394119E-02
   7131.00  5.6077709E-02
   7131.20  5.6471201E-02
   7131.40  5.6535020E-02
   7131.60  5.6154607E-02
   7131.80  5.5296693E-02
   7132.00  5.4076912E-02
   7132.20  5.2677046E-02
   7132.40  5.1260542E-02
   7132.60  4.9946318E-02
   7132.80  4.8819216E-02
   7133.00  4.7947596E-02
   7133.20  4.7368517E-02
   7133.40  4.7063652E-02
   7133.60  4.6999145E-02
   7133.80  4.7144650E-02
   7134.00  4.7462194E-02
   7134.20  4.7895622E-02
   7134.40  4.8382149E-02
   7134.60  4.8835053E-02
   7134.80  4.9142771E-02
   7135.00  4.9243008E-02
   7135.20  4.9169979E-02
   7135.40  4.9013401E-02
   7135.60  4.8858457E-02
   7135.80  4.8761822E-02
   7136.00  4.8753906E-02
   7136.20  4.8843739E-02
   7136.40  4.9021204E-02
   7136.60  4.9260505E-02
   7136.80  4.9526535E-02
   7137.00  4.9779122E-02
   7137.20  4.9974091E-02
   7137.40  5.0069721E-02
   7137.60  5.0039643E-02
   7137.80  4.9881555E-02
   7138.00  4.9613302E-02
   7138.20  4.9262052E-02
   7138.40  4.8855548E-02
   7138.60  4.8419776E-02
   7138.80  4.7977650E-02
   7139.00  4.7547017E-02
   7139.20  4.7136720E-02
   7139.40  4.6741763E-02
   7139.60  4.6339400E-02
   7139.80  4.5912949E-02
   7140.00  4.5399025E-02
   7140.20  4.4750185E-02
   7140.40  4.3941879E-02
   7140.60  4.2978738E-02
   7140.80  4.1897950E-02
   7141.00  4.0762806E-02
   7141.20  3.9648756E-02
   7141.40  3.8627890E-02
   7141.60  3.7757472E-02
   7141.80  3.7074449E-02
   7142.00  3.6595397E-02
   7142.20  3.6319199E-02
   7142.40  3.6230801E-02
   7142.60  3.6304123E-02
   7142.80  3.6504807E-02
   7143.00  3.6791762E-02
   7143.20  3.7118296E-02
   7143.40  3.7433922E-02
   7143.60  3.7686502E-02
   7143.80  3.7826553E-02
   7144.00  3.7813339E-02
   7144.20  3.7620883E-02
   7144.40  3.7242866E-02
   7144.60  3.6694655E-02
   7144.80  3.6009623E-02
   7145.00  3.5233217E-02
   7145.20  3.4414620E-02
   7145.40  3.3599320E-02
   7145.60  3.2824630E-02
   7145.80  3.2074128E-02
   7146.00  3.1432994E-02
   7146.20  3.0907916E-02
   7146.40  3.0478635E-02
   7146.60  3.0130565E-02
   7146.80  2.9869003E-02
   7147.00  2.9699278E-02
   7147.20  2.9597211E-02
   7147.40  2.9555638E-02
   7147.60  2.9567420E-02
   7147.80  2.9625410E-02
   7148.00  2.9718386E-02
   7148.20  2.9847028E-02
   7148.40  3.0002547E-02
   7148.60  3.0178276E-02
   7148.80  3.0367516E-02
   7149.00  3.0565827E-02
   7149.20  3.0768508E-02
   7149.40  3.0971523E-02
   7149.60  3.1171600E-02
   7149.80  3.1365684E-02
   7150.00  3.1551080E-02
   7150.20  3.1725322E-02
   7150.40  3.1886208E-02
   7150.60  3.2031190E-02
   7150.80  3.2158232E-02
   7151.00  3.2265876E-02
   7151.20  3.2353822E-02
   7151.40  3.2423413E-02
   7151.60  3.2477687E-02
   7151.80  3.2521877E-02
   7152.00  3.2562555E-02
   7152.20  3.2607236E-02
   7152.40  3.2662971E-02
   7152.60  3.2736053E-02
   7152.80  3.2831095E-02
   7153.00  3.2950693E-02
   7153.20  3.3094980E-02
   7153.40  3.3261846E-02
   7153.60  3.3446473E-02
   7153.80  3.3642175E-02
   7154.00  3.3841028E-02
   7154.20  3.4034603E-02
   7154.40  3.4214840E-02
   7154.60  3.4374536E-02
   7154.80  3.4509338E-02
   7155.00  3.4614371E-02
   7155.20  3.4687383E-02
   7155.40  3.4728593E-02
   7155.60  3.4739558E-02
   7155.80  3.4722870E-02
   7156.00  3.4681676E-02
   7156.20  3.4619719E-02
   7156.40  3.4540111E-02
   7156.60  3.4445822E-02
   7156.80  3.4339157E-02
   7157.00  3.4221764E-02
   7157.20  3.4094445E-02
   7157.40  3.3957193E-02
   7157.60  3.3809277E-02
   7157.80  3.3649681E-02
   7158.00  3.3476494E-02
   7158.20  3.3287714E-02
   7158.40  3.3081505E-02
   7158.60  3.2856143E-02
   7158.80  3.2610407E-02
   7159.00  3.2343693E-02
   7159.20  3.2054641E-02
   7159.40  3.1746925E-02
   7159.60  3.1420788E-02
   7159.80  3.1079151E-02
   7160.00  3.0724515E-02
   7160.20  3.0359621E-02
   7160.40  2.9989511E-02
   7160.60  2.9617163E-02
   7160.80  2.9246292E-02
   7161.00  2.8880623E-02
   7161.20  2.8523266E-02
   7161.40  2.8176409E-02
   7161.60  2.7843325E-02
   7161.80  2.7524968E-02
   7162.00  2.7222746E-02
   7162.20  2.6935348E-02
   7162.40  2.6663713E-02
   7162.60  2.6406824E-02
   7162.80  2.6163850E-02
   7163.00  2.5933896E-02
   7163.20  2.5716055E-02
   7163.40  2.5508465E-02
   7163.60  2.5311095E-02
   7163.80  2.5120606E-02
   7164.00  2.4937556E-02
   7164.20  2.4760922E-02
   7164.40  2.4589788E-02
   7164.60  2.4423631E-02
   7164.80  2.4262218E-02
   7165.00  2.4105565E-02
   7165.20  2.3954207E-02
   7165.40  2.3807906E-02
   7165.60  2.3666904E-02
   7165.80  2.3531565E-02
   7166.00  2.3402315E-02
   7166.20  2.3279615E-02
   7166.40  2.3164203E-02
   7166.60  2.3056671E-02
   7166.80  2.2957025E-02
   7167.00  2.2865660E-02
   7167.20  2.2782928E-02
   7167.40  2.2709000E-02
   7167.60  2.2644039E-02
   7167.80  2.2588241E-02
   7168.00  2.2541840E-02
   7168.20  2.2504326E-02
   7168.40  2.2475613E-02
   7168.60  2.2455529E-02
   7168.80  2.2443915E-02
   7169.00  2.2440562E-02
   7169.20  2.2445380E-02
   7169.40  2.2458184E-02
   7169.60  2.2479019E-02
   7169.80  2.2507603E-02
   7170.00  2.2543767E-02
   7170.20  2.2587448E-02
   7170.40  2.2638577E-02
   7170.60  2.2697059E-02
   7170.80  2.2762790E-02
   7171.00  2.2835722E-02
   7171.20  2.2915719E-02
   7171.40  2.3002724E-02
   7171.60  2.3096500E-02
   7171.80  2.3196745E-02
   7172.00  2.3303115E-02
