  7112.000   26  1  1  1.0108631E-02 -2.7154572E+00 -7.5819495E-01  1  1  7.2654321E+03  0.0000000E+00  0.0000000E+00  2.5675759E+00  1.0000000E+00  0.0000000E+00 = E_edge, Z, n_edge, j_edge, Abs_before_edge, VO_interstitial, E_cut, ninitl, ninit1, Epsii, UnitCell_Volume, Surface_ref, f0_forward, natomsym_f, abs_u_i
    Energy    <xanes>    
   7097.00  1.0429587E-04
   7097.20  6.0764698E-05
   7097.40  4.5303938E-05
   7097.60  3.8099696E-05
   7097.80  3.4279579E-05
   7098.00  3.2174622E-05
   7098.20  3.1109877E-05
   7098.40  3.0808521E-05
   7098.60  3.1210456E-05
   7098.80  3.2436296E-05
   7099.00  3.4871017E-05
   7099.20  3.9466113E-05
   7099.40  4.8759932E-05
   7099.60  7.1205694E-05
   7099.80  1.5048070E-04
   7100.00  1.2641316E-03
   7100.20  1.5732335E-03
   7100.40  1.7222415E-04
   7100.60  8.0042083E-05
   7100.80  5.8998367E-05
   7101.00  6.0316905E-05
   7101.20  1.4481473E-04
   7101.40  4.3487647E-04
   7101.60  7.1919284E-05
   7101.80  7.1757127E-05
   7102.00  1.6040200E-04
   7102.20  3.8535836E-03
   7102.40  2.2022328E-04
   7102.60  9.5552672E-05
   7102.80  1.4853794E-03
   7103.00  6.0508871E-05
   7103.20  4.7984986E-05
   7103.40  4.6664738E-05
   7103.60  4.8570395E-05
   7103.80  5.2906913E-05
   7104.00  6.0395756E-05
   7104.20  7.3529703E-05
   7104.40  1.0030415E-04
   7104.60  1.8696387E-04
   7104.80  1.2639711E-03
   7105.00  4.7976610E-03
   7105.20  7.4677855E-02
   7105.40  1.1822024E-03
   7105.60  1.0720612E-01
   7105.80  7.3393950E-04
   7106.00  2.1445251E-02
   7106.20  1.3527960E-03
   7106.40  4.6101832E-04
   7106.60  4.3701548E-04
   7106.80  4.1171208E-04
   7107.00  1.3198085E-03
   7107.20  4.9629734E-02
   7107.40  2.4559117E-03
   7107.60  5.5336421E-03
   7107.80  1.7348991E-03
   7108.00  1.6346830E-01
   7108.20  1.2968759E-03
   7108.40  5.4007632E-04
   7108.60  1.0622777E-03
   7108.80  1.1348845E-02
   7109.00  1.5011219E-02
   7109.20  1.3303867E-03
   7109.40  2.2069227E-03
   7109.60  1.5748703E-03
   7109.80  4.5095633E-03
   7110.00  1.2842558E-02
   7110.20  4.6811670E-02
   7110.40  1.3598025E-02
   7110.60  8.2865434E-03
   7110.80  1.5246866E-02
   7111.00  2.1180833E-02
   7111.20  1.4665571E-02
   7111.40  1.7656497E-02
   7111.60  3.7921321E-02
   7111.80  6.3587475E-02
   7112.00  4.4274816E-02
   7112.20  3.6595167E-02
   7112.40  1.6226340E-02
   7112.60  9.0457322E-03
   7112.80  6.1904988E-03
   7113.00  4.7925594E-03
   7113.20  4.0901938E-03
   7113.40  3.9154751E-03
   7113.60  4.5940421E-03
   7113.80  8.5146527E-03
   7114.00  1.3174609E-02
   7114.20  3.2813403E-03
   7114.40  1.9861176E-03
   7114.60  1.7482307E-03
   7114.80  2.0995459E-03
   7115.00  5.1033901E-03
   7115.20  4.2249185E-03
   7115.40  1.5578719E-03
   7115.60  1.1225166E-03
   7115.80  1.0352240E-03
   7116.00  1.0592608E-03
   7116.20  1.1317506E-03
   7116.40  1.2073088E-03
   7116.60  1.2395940E-03
   7116.80  1.2050730E-03
   7117.00  1.1201050E-03
   7117.20  1.0194821E-03
   7117.40  9.2880557E-04
   7117.60  8.5827024E-04
   7117.80  8.0864139E-04
   7118.00  7.7755921E-04
   7118.20  7.6311806E-04
   7118.40  7.6492417E-04
   7118.60  7.8389021E-04
   7118.80  8.2163282E-04
   7119.00  8.7973920E-04
   7119.20  9.5817699E-04
   7119.40  1.0536794E-03
   7119.60  1.1589960E-03
   7119.80  1.2645356E-03
   7120.00  1.3626605E-03
   7120.20  1.4515724E-03
   7120.40  1.5351647E-03
   7120.60  1.6193175E-03
   7120.80  1.7085994E-03
   7121.00  1.8062188E-03
   7121.20  1.9163317E-03
   7121.40  2.0454762E-03
   7121.60  2.2011571E-03
   7121.80  2.3897482E-03
   7122.00  2.6161381E-03
   7122.20  2.8847034E-03
   7122.40  3.2008992E-03
   7122.60  3.5744742E-03
   7122.80  4.0156441E-03
   7123.00  4.5567321E-03
   7123.20  5.2335542E-03
   7123.40  6.0414132E-03
   7123.60  7.0668652E-03
   7123.80  8.4078150E-03
   7124.00  1.0223492E-02
   7124.20  1.2610364E-02
   7124.40  1.5289114E-02
   7124.60  1.7144709E-02
   7124.80  1.7291972E-02
   7125.00  1.7300278E-02
   7125.20  1.7767233E-02
   7125.40  1.8660969E-02
   7125.60  1.9813142E-02
   7125.80  2.1124778E-02
   7126.00  2.2507422E-02
   7126.20  2.4166406E-02
   7126.40  2.6198165E-02
   7126.60  2.8870849E-02
   7126.80  3.2363353E-02
   7127.00  3.6663161E-02
   7127.20  4.0886715E-02
   7127.40  4.4122727E-02
   7127.60  4.6633079E-02
   7127.80  4.9146351E-02
   7128.00  5.1567579E-02
   7128.20  5.3098953E-02
   7128.40  5.2867040E-02
   7128.60  5.0867324E-02
   7128.80  4.8340640E-02
   7129.00  4.6620708E-02
   7129.20  4.6126770E-02
   7129.40  4.6551869E-02
   7129.60  4.7394978E-02
   7129.80  4.8278380E-02
   7130.00  4.9033832E-02
   7130.20  4.9657601E-02
   7130.40  5.0225759E-02
   7130.60  5.0829231E-02
   7130.80  5.1538434E-02
   7131.00  5.2400875E-02
   7131.20  5.3463921E-02
   7131.40  5.4784234E-02
   7131.60  5.6367677E-02
   7131.80  5.8053955E-02
   7132.00  5.9463027E-02
   7132.20  6.0138661E-02
   7132.40  5.9839144E-02
   7132.60  5.8679349E-02
   7132.80  5.6997811E-02
   7133.00  5.5148361E-02
   7133.20  5.3389954E-02
   7133.40  5.1856199E-02
   7133.60  5.0608939E-02
   7133.80  4.9624667E-02
   7134.00  4.8860917E-02
   7134.20  4.8299797E-02
   7134.40  4.7945892E-02
   7134.60  4.7809770E-02
   7134.80  4.7908233E-02
   7135.00  4.8261682E-02
   7135.20  4.8874182E-02
   7135.40  4.9714241E-02
   7135.60  5.0713126E-02
   7135.80  5.1778349E-02
   7136.00  5.2814739E-02
   7136.20  5.3741637E-02
   7136.40  5.4502613E-02
   7136.60  5.5067254E-02
   7136.80  5.5427726E-02
   7137.00  5.5592409E-02
   7137.20  5.5579286E-02
   7137.40  5.5411908E-02
   7137.60  5.5114601E-02
   7137.80  5.4710232E-02
   7138.00  5.4219201E-02
   7138.20  5.3658685E-02
   7138.40  5.3043130E-02
   7138.60  5.2384285E-02
   7138.80  5.1691697E-02
   7139.00  5.0973246E-02
   7139.20  5.0235490E-02
   7139.40  4.9483944E-02
   7139.60  4.8726012E-02
   7139.80  4.7974813E-02
   7140.00  4.7222651E-02
   7140.20  4.6473058E-02
   7140.40  4.5729389E-02
   7140.60  4.4994603E-02
   7140.80  4.4271285E-02
   7141.00  4.3561913E-02
   7141.20  4.2868970E-02
   7141.40  4.2194644E-02
   7141.60  4.1541012E-02
   7141.80  4.0909932E-02
   7142.00  4.0303115E-02
   7142.20  3.9722340E-02
   7142.40  3.9169180E-02
   7142.60  3.8645064E-02
   7142.80  3.8151327E-02
   7143.00  3.7689213E-02
   7143.20  3.7260116E-02
   7143.40  3.6865478E-02
   7143.60  3.6506816E-02
   7143.80  3.6185744E-02
   7144.00  3.5904017E-02
   7144.20  3.5628564E-02
   7144.40  3.5432806E-02
   7144.60  3.5283019E-02
   7144.80  3.5181178E-02
   7145.00  3.5129063E-02
   7145.20  3.5127987E-02
   7145.40  3.5178520E-02
   7145.60  3.5280217E-02
   7145.80  3.5431359E-02
   7146.00  3.5628655E-02
   7146.20  3.5867170E-02
   7146.40  3.6140379E-02
   7146.60  3.6440361E-02
   7146.80  3.6742567E-02
   7147.00  3.7045125E-02
   7147.20  3.7347640E-02
   7147.40  3.7642157E-02
   7147.60  3.7921248E-02
   7147.80  3.8178499E-02
   7148.00  3.8408656E-02
   7148.20  3.8607687E-02
   7148.40  3.8772742E-02
   7148.60  3.8902080E-02
   7148.80  3.8994878E-02
   7149.00  3.9047383E-02
   7149.20  3.9068782E-02
   7149.40  3.9055359E-02
   7149.60  3.9008078E-02
   7149.80  3.8928064E-02
   7150.00  3.8816413E-02
   7150.20  3.8669398E-02
   7150.40  3.8496603E-02
   7150.60  3.8294926E-02
   7150.80  3.8065155E-02
   7151.00  3.7807352E-02
   7151.20  3.7519099E-02
   7151.40  3.7205230E-02
   7151.60  3.6863834E-02
   7151.80  3.6494620E-02
   7152.00  3.6097541E-02
   7152.20  3.5672434E-02
   7152.40  3.5219751E-02
   7152.60  3.4739088E-02
   7152.80  3.4230644E-02
   7153.00  3.3694810E-02
   7153.20  3.3132125E-02
   7153.40  3.2543822E-02
   7153.60  3.1925056E-02
   7153.80  3.1288243E-02
   7154.00  3.0629598E-02
   7154.20  2.9947717E-02
   7154.40  2.9251467E-02
   7154.60  2.8539235E-02
   7154.80  2.7813000E-02
   7155.00  2.7078025E-02
   7155.20  2.6337972E-02
   7155.40  2.5596777E-02
   7155.60  2.4858687E-02
   7155.80  2.4128116E-02
   7156.00  2.3408938E-02
   7156.20  2.2707813E-02
   7156.40  2.2027911E-02
   7156.60  2.1373645E-02
   7156.80  2.0749187E-02
   7157.00  2.0158423E-02
   7157.20  1.9604861E-02
   7157.40  1.9091552E-02
   7157.60  1.8621294E-02
   7157.80  1.8196060E-02
   7158.00  1.7817224E-02
   7158.20  1.7485738E-02
   7158.40  1.7202034E-02
   7158.60  1.6966018E-02
   7158.80  1.6777103E-02
   7159.00  1.6634247E-02
   7159.20  1.6536008E-02
   7159.40  1.6480684E-02
   7159.60  1.6466122E-02
   7159.80  1.6489970E-02
   7160.00  1.6549747E-02
   7160.20  1.6642857E-02
   7160.40  1.6772141E-02
   7160.60  1.6924394E-02
   7160.80  1.7101885E-02
   7161.00  1.7301991E-02
   7161.20  1.7522149E-02
   7161.40  1.7759691E-02
   7161.60  1.8012141E-02
   7161.80  1.8277112E-02
   7162.00  1.8552321E-02
   7162.20  1.8841249E-02
   7162.40  1.9133286E-02
   7162.60  1.9425994E-02
   7162.80  1.9720157E-02
   7163.00  2.0025394E-02
   7163.20  2.0313770E-02
   7163.40  2.0601956E-02
   7163.60  2.0883360E-02
   7163.80  2.1156338E-02
   7164.00  2.1419141E-02
   7164.20  2.1670401E-02
   7164.40  2.1909073E-02
   7164.60  2.2134090E-02
   7164.80  2.2344563E-02
   7165.00  2.2540021E-02
   7165.20  2.2720280E-02
   7165.40  2.2885683E-02
   7165.60  2.3036354E-02
   7165.80  2.3172738E-02
   7166.00  2.3295546E-02
   7166.20  2.3405649E-02
   7166.40  2.3504135E-02
   7166.60  2.3592309E-02
   7166.80  2.3670998E-02
   7167.00  2.3741360E-02
   7167.20  2.3804550E-02
   7167.40  2.3861742E-02
   7167.60  2.3914222E-02
   7167.80  2.3963206E-02
   7168.00  2.4009813E-02
   7168.20  2.4054900E-02
   7168.40  2.4099468E-02
   7168.60  2.4144493E-02
   7168.80  2.4190838E-02
   7169.00  2.4239345E-02
   7169.20  2.4290760E-02
   7169.40  2.4345979E-02
   7169.60  2.4405388E-02
   7169.80  2.4469409E-02
   7170.00  2.4538465E-02
   7170.20  2.4612824E-02
   7170.40  2.4692640E-02
   7170.60  2.4778017E-02
   7170.80  2.4868995E-02
   7171.00  2.4965558E-02
   7171.20  2.5067868E-02
   7171.40  2.5175465E-02
   7171.60  2.5288105E-02
   7171.80  2.5405587E-02
   7172.00  2.5527508E-02
