  7112.000   26  1  1  1.3360271E-02 -2.2408285E+00 -1.7885353E+00  1  1  7.2656368E+03  0.0000000E+00  0.0000000E+00  1.9770147E+00  1.0000000E+00  0.0000000E+00 = E_edge, Z, n_edge, j_edge, Abs_before_edge, VO_interstitial, E_cut, ninitl, ninit1, Epsii, UnitCell_Volume, Surface_ref, f0_forward, natomsym_f, abs_u_i
    Energy    <xanes>    
   7097.00  2.7325254E-05
   7097.20  3.1737558E-05
   7097.40  4.1288076E-05
   7097.60  6.8858125E-05
   7097.80  2.2343607E-04
   7098.00  4.6138387E-02
   7098.20  1.9459020E-04
   7098.40  6.6217493E-05
   7098.60  4.1862405E-05
   7098.80  3.3831292E-05
   7099.00  3.1161481E-05
   7099.20  3.2304594E-05
   7099.40  4.6209566E-05
   7099.60  3.2389031E-03
   7099.80  5.0249932E-04
   7100.00  5.3893717E-05
   7100.20  5.4734465E-05
   7100.40  1.4133499E-04
   7100.60  1.8968551E-02
   7100.80  1.1721070E-04
   7101.00  4.7831218E-05
   7101.20  3.4336703E-05
   7101.40  2.9731150E-05
   7101.60  2.7862872E-05
   7101.80  2.7205750E-05
   7102.00  2.7286563E-05
   7102.20  2.8013038E-05
   7102.40  2.9562180E-05
   7102.60  3.2562386E-05
   7102.80  3.9018007E-05
   7103.00  5.7845228E-05
   7103.20  2.0212788E-04
   7103.40  1.0196285E-03
   7103.60  3.4149123E-04
   7103.80  1.2979135E-04
   7104.00  1.2221188E-03
   7104.20  1.3299696E-04
   7104.40  5.7290709E-05
   7104.60  5.4815607E-05
   7104.80  1.5367341E-04
   7105.00  1.7094636E-04
   7105.20  5.7498207E-05
   7105.40  5.9295903E-05
   7105.60  1.0684843E-04
   7105.80  7.8864484E-03
   7106.00  1.4102532E-04
   7106.20  8.1449090E-05
   7106.40  1.4889890E-04
   7106.60  3.8275575E-04
   7106.80  1.0349095E-04
   7107.00  1.2875862E-04
   7107.20  2.8374035E-04
   7107.40  2.8112988E-02
   7107.60  5.5391795E-03
   7107.80  8.6046439E-04
   7108.00  2.6424926E-04
   7108.20  2.6885958E-04
   7108.40  3.0796161E-04
   7108.60  1.3040708E-03
   7108.80  9.7082739E-04
   7109.00  9.7446120E-04
   7109.20  1.0068912E-01
   7109.40  3.3524536E-03
   7109.60  7.7424155E-04
   7109.80  3.3282999E-03
   7110.00  2.1449294E-03
   7110.20  6.0264507E-03
   7110.40  1.2756243E-02
   7110.60  1.2450683E-02
   7110.80  1.1036641E-02
   7111.00  1.7438823E-02
   7111.20  6.3191048E-03
   7111.40  1.0459882E-02
   7111.60  6.0009483E-03
   7111.80  1.2330078E-02
   7112.00  1.7264695E-02
   7112.20  5.4849266E-02
   7112.40  3.9964909E-02
   7112.60  1.3447893E-02
   7112.80  9.6402782E-03
   7113.00  1.4883643E-02
   7113.20  4.2874694E-02
   7113.40  6.3789823E-02
   7113.60  5.3204811E-02
   7113.80  1.6651780E-01
   7114.00  3.3713915E-02
   7114.20  1.6367886E-02
   7114.40  1.1546679E-02
   7114.60  9.4737166E-03
   7114.80  8.4493698E-03
   7115.00  7.9904710E-03
   7115.20  7.9507940E-03
   7115.40  8.3424820E-03
   7115.60  9.3634348E-03
   7115.80  1.1320230E-02
   7116.00  1.4957806E-02
   7116.20  2.2071353E-02
   7116.40  3.2498433E-02
   7116.60  2.7881356E-02
   7116.80  2.0483458E-02
   7117.00  1.6191241E-02
   7117.20  1.3776185E-02
   7117.40  1.2398059E-02
   7117.60  1.1611603E-02
   7117.80  1.1149580E-02
   7118.00  1.0819019E-02
   7118.20  1.0568793E-02
   7118.40  1.0365272E-02
   7118.60  9.9793434E-03
   7118.80  9.3247778E-03
   7119.00  8.6011096E-03
   7119.20  8.1738942E-03
   7119.40  8.1954851E-03
   7119.60  8.3692801E-03
   7119.80  8.5119791E-03
   7120.00  8.6290393E-03
   7120.20  8.7320440E-03
   7120.40  8.8043049E-03
   7120.60  8.8193229E-03
   7120.80  8.7685500E-03
   7121.00  8.6598716E-03
   7121.20  8.3980928E-03
   7121.40  7.8467495E-03
   7121.60  7.3700686E-03
   7121.80  7.2488682E-03
   7122.00  7.4207276E-03
   7122.20  7.7372681E-03
   7122.40  8.0450273E-03
   7122.60  8.2388209E-03
   7122.80  8.2789704E-03
   7123.00  8.2423816E-03
   7123.20  8.2502358E-03
   7123.40  8.3822741E-03
   7123.60  8.6559868E-03
   7123.80  9.0472196E-03
   7124.00  9.5339872E-03
   7124.20  1.0117263E-02
   7124.40  1.0793323E-02
   7124.60  1.1534022E-02
   7124.80  1.2281804E-02
   7125.00  1.2963855E-02
   7125.20  1.3543488E-02
   7125.40  1.4031069E-02
   7125.60  1.4470657E-02
   7125.80  1.4954378E-02
   7126.00  1.5609658E-02
   7126.20  1.6563373E-02
   7126.40  1.7899928E-02
   7126.60  1.9696402E-02
   7126.80  2.1824622E-02
   7127.00  2.3943791E-02
   7127.20  2.5591057E-02
   7127.40  2.6217053E-02
   7127.60  2.6079559E-02
   7127.80  2.5656975E-02
   7128.00  2.5320338E-02
   7128.20  2.5212386E-02
   7128.40  2.5346627E-02
   7128.60  2.5703775E-02
   7128.80  2.6378571E-02
   7129.00  2.7149537E-02
   7129.20  2.8112446E-02
   7129.40  2.9256676E-02
   7129.60  3.0537761E-02
   7129.80  3.1994897E-02
   7130.00  3.3573188E-02
   7130.20  3.5243036E-02
   7130.40  3.6970245E-02
   7130.60  3.8716114E-02
   7130.80  4.0439541E-02
   7131.00  4.2100253E-02
   7131.20  4.3662152E-02
   7131.40  4.5096463E-02
   7131.60  4.6383800E-02
   7131.80  4.7515736E-02
   7132.00  4.8493381E-02
   7132.20  4.9325528E-02
   7132.40  5.0025775E-02
   7132.60  5.0610066E-02
   7132.80  5.1095152E-02
   7133.00  5.1494490E-02
   7133.20  5.1824419E-02
   7133.40  5.2104367E-02
   7133.60  5.2353446E-02
   7133.80  5.2594046E-02
   7134.00  5.2853009E-02
   7134.20  5.3162267E-02
   7134.40  5.3558871E-02
   7134.60  5.4084675E-02
   7134.80  5.4783224E-02
   7135.00  5.5695356E-02
   7135.20  5.6849368E-02
   7135.40  5.8244372E-02
   7135.60  5.9825972E-02
   7135.80  6.1457653E-02
   7136.00  6.2898978E-02
   7136.20  6.3815981E-02
   7136.40  6.3848220E-02
   7136.60  6.2727933E-02
   7136.80  6.0396841E-02
   7137.00  5.7041876E-02
   7137.20  5.3023871E-02
   7137.40  4.8750527E-02
   7137.60  4.4571330E-02
   7137.80  4.0729672E-02
   7138.00  3.7361892E-02
   7138.20  3.4523352E-02
   7138.40  3.2214435E-02
   7138.60  3.0403726E-02
   7138.80  2.9041413E-02
   7139.00  2.8069828E-02
   7139.20  2.7440175E-02
   7139.40  2.7074806E-02
   7139.60  2.6917909E-02
   7139.80  2.6921349E-02
   7140.00  2.7043487E-02
   7140.20  2.7249506E-02
   7140.40  2.7510727E-02
   7140.60  2.7803650E-02
   7140.80  2.8108875E-02
   7141.00  2.8410442E-02
   7141.20  2.8695930E-02
   7141.40  2.8956647E-02
   7141.60  2.9188034E-02
   7141.80  2.9389927E-02
   7142.00  2.9566040E-02
   7142.20  2.9723526E-02
   7142.40  2.9871780E-02
   7142.60  3.0020499E-02
   7142.80  3.0181047E-02
   7143.00  3.0361422E-02
   7143.20  3.0570729E-02
   7143.40  3.0809289E-02
   7143.60  3.1082125E-02
   7143.80  3.1390419E-02
   7144.00  3.1733541E-02
   7144.20  3.2109726E-02
   7144.40  3.2516280E-02
   7144.60  3.2949505E-02
   7144.80  3.3405310E-02
   7145.00  3.3880908E-02
   7145.20  3.4367535E-02
   7145.40  3.4861920E-02
   7145.60  3.5359048E-02
   7145.80  3.5853829E-02
   7146.00  3.6335918E-02
   7146.20  3.6801029E-02
   7146.40  3.7247241E-02
   7146.60  3.7677459E-02
   7146.80  3.8086780E-02
   7147.00  3.8473808E-02
   7147.20  3.8837835E-02
   7147.40  3.9178730E-02
   7147.60  3.9497000E-02
   7147.80  3.9793619E-02
   7148.00  4.0069910E-02
   7148.20  4.0327297E-02
   7148.40  4.0567145E-02
   7148.60  4.0790649E-02
   7148.80  4.0998925E-02
   7149.00  4.1192806E-02
   7149.20  4.1372839E-02
   7149.40  4.1539368E-02
   7149.60  4.1692557E-02
   7149.80  4.1836686E-02
   7150.00  4.1963828E-02
   7150.20  4.2077368E-02
   7150.40  4.2177362E-02
   7150.60  4.2264124E-02
   7150.80  4.2337810E-02
   7151.00  4.2399082E-02
   7151.20  4.2449047E-02
   7151.40  4.2488554E-02
   7151.60  4.2519018E-02
   7151.80  4.2542170E-02
   7152.00  4.2559403E-02
   7152.20  4.2572167E-02
   7152.40  4.2581775E-02
   7152.60  4.2589712E-02
   7152.80  4.2596731E-02
   7153.00  4.2603380E-02
   7153.20  4.2609892E-02
   7153.40  4.2616108E-02
   7153.60  4.2621201E-02
   7153.80  4.2623933E-02
   7154.00  4.2623295E-02
   7154.20  4.2617538E-02
   7154.40  4.2604741E-02
   7154.60  4.2583155E-02
   7154.80  4.2551056E-02
   7155.00  4.2506732E-02
   7155.20  4.2448705E-02
   7155.40  4.2375873E-02
   7155.60  4.2287492E-02
   7155.80  4.2183202E-02
   7156.00  4.2063133E-02
   7156.20  4.1927109E-02
   7156.40  4.1775484E-02
   7156.60  4.1608508E-02
   7156.80  4.1426379E-02
   7157.00  4.1229229E-02
   7157.20  4.1017053E-02
   7157.40  4.0789967E-02
   7157.60  4.0547165E-02
   7157.80  4.0288085E-02
   7158.00  4.0012198E-02
   7158.20  3.9718938E-02
   7158.40  3.9408117E-02
   7158.60  3.9080044E-02
   7158.80  3.8735710E-02
   7159.00  3.8377272E-02
   7159.20  3.8006770E-02
   7159.40  3.7627485E-02
   7159.60  3.7243364E-02
   7159.80  3.6858838E-02
   7160.00  3.6478625E-02
   7160.20  3.6107488E-02
   7160.40  3.5750048E-02
   7160.60  3.5410556E-02
   7160.80  3.5091024E-02
   7161.00  3.4799043E-02
   7161.20  3.4533206E-02
   7161.40  3.4296005E-02
   7161.60  3.4088295E-02
   7161.80  3.3910314E-02
   7162.00  3.3761769E-02
   7162.20  3.3641769E-02
   7162.40  3.3548687E-02
   7162.60  3.3480474E-02
   7162.80  3.3434920E-02
   7163.00  3.3408920E-02
   7163.20  3.3399479E-02
   7163.40  3.3403429E-02
   7163.60  3.3417447E-02
   7163.80  3.3438069E-02
   7164.00  3.3461834E-02
   7164.20  3.3485259E-02
   7164.40  3.3505181E-02
   7164.60  3.3517824E-02
   7164.80  3.3519723E-02
   7165.00  3.3507749E-02
   7165.20  3.3479066E-02
   7165.40  3.3430244E-02
   7165.60  3.3358691E-02
   7165.80  3.3262237E-02
   7166.00  3.3139493E-02
   7166.20  3.2989617E-02
   7166.40  3.2811775E-02
   7166.60  3.2606313E-02
   7166.80  3.2374320E-02
   7167.00  3.2117453E-02
   7167.20  3.1838305E-02
   7167.40  3.1539094E-02
   7167.60  3.1222481E-02
   7167.80  3.0891283E-02
   7168.00  3.0548311E-02
   7168.20  3.0196629E-02
   7168.40  2.9840678E-02
   7168.60  2.9480951E-02
   7168.80  2.9106147E-02
   7169.00  2.8744621E-02
   7169.20  2.8385204E-02
   7169.40  2.8029308E-02
   7169.60  2.7678338E-02
   7169.80  2.7334035E-02
   7170.00  2.6996983E-02
   7170.20  2.6668591E-02
   7170.40  2.6349396E-02
   7170.60  2.6040299E-02
   7170.80  2.5742303E-02
   7171.00  2.5455951E-02
   7171.20  2.5182241E-02
   7171.40  2.4922171E-02
   7171.60  2.4675801E-02
   7171.80  2.4443651E-02
   7172.00  2.4226062E-02
