  7112.000   26  1  1  1.2382106E-02 -1.8374700E+00 -2.9015467E+00  1  1  7.2666507E+03  0.0000000E+00  0.0000000E+00  1.8193847E+00  1.0000000E+00  0.0000000E+00 = E_edge, Z, n_edge, j_edge, Abs_before_edge, VO_interstitial, E_cut, ninitl, ninit1, Epsii, UnitCell_Volume, Surface_ref, f0_forward, natomsym_f, abs_u_i
    Energy    <xanes>    
   7097.00  1.9041361E-05
   7097.20  1.9049161E-05
   7097.40  1.9068662E-05
   7097.60  1.9097563E-05
   7097.80  1.9135036E-05
   7098.00  1.9180843E-05
   7098.20  1.9235153E-05
   7098.40  1.9298534E-05
   7098.60  1.9371932E-05
   7098.80  1.9457362E-05
   7099.00  1.9559187E-05
   7099.20  1.9689750E-05
   7099.40  1.9900600E-05
   7099.60  2.0673283E-05
   7099.80  5.4362379E-05
   7100.00  2.0610513E-05
   7100.20  2.0403196E-05
   7100.40  2.0498222E-05
   7100.60  2.0659179E-05
   7100.80  2.0855122E-05
   7101.00  2.1080976E-05
   7101.20  2.1339117E-05
   7101.40  2.1637190E-05
   7101.60  2.1990946E-05
   7101.80  2.2434602E-05
   7102.00  2.3056967E-05
   7102.20  2.4168105E-05
   7102.40  2.7648668E-05
   7102.60  1.1616233E-04
   7102.80  1.3126473E-04
   7103.00  3.0362395E-05
   7103.20  4.0562876E-05
   7103.40  2.7643006E-05
   7103.60  2.8428090E-05
   7103.80  3.5650022E-05
   7104.00  4.4132486E-05
   7104.20  3.4289009E-05
   7104.40  4.4471240E-05
   7104.60  7.8778260E-04
   7104.80  5.8825718E-05
   7105.00  4.3148367E-05
   7105.20  5.5018067E-05
   7105.40  8.3305027E-05
   7105.60  6.0170245E-05
   7105.80  1.1676235E-04
   7106.00  2.4352800E-03
   7106.20  1.0292447E-04
   7106.40  9.1410713E-05
   7106.60  1.2021578E-04
   7106.80  2.2422242E-04
   7107.00  7.1736918E-04
   7107.20  6.5754974E-02
   7107.40  9.2817961E-04
   7107.60  2.7636032E-04
   7107.80  2.2030505E-04
   7108.00  1.4829784E-03
   7108.20  8.2838279E-04
   7108.40  9.5192440E-03
   7108.60  1.7078738E-03
   7108.80  3.5558655E-02
   7109.00  6.3798298E-04
   7109.20  1.0881289E-02
   7109.40  3.1245509E-04
   7109.60  5.8174833E-04
   7109.80  5.5418632E-03
   7110.00  3.0262216E-03
   7110.20  3.0033209E-02
   7110.40  3.5165957E-04
   7110.60  7.3663764E-03
   7110.80  7.0147605E-03
   7111.00  2.6652808E-03
   7111.20  2.1526177E-03
   7111.40  4.2091310E-03
   7111.60  9.2567136E-03
   7111.80  7.6197275E-03
   7112.00  6.9347243E-03
   7112.20  8.6155056E-03
   7112.40  1.0565002E-02
   7112.60  1.5211092E-02
   7112.80  3.3425120E-02
   7113.00  1.0046324E-01
   7113.20  1.4911844E-01
   7113.40  1.6521475E-01
   7113.60  1.3208554E-01
   7113.80  7.3856424E-02
   7114.00  4.2157513E-02
   7114.20  2.8641908E-02
   7114.40  2.1886227E-02
   7114.60  1.8009781E-02
   7114.80  1.5551619E-02
   7115.00  1.3843134E-02
   7115.20  1.2522897E-02
   7115.40  1.1330281E-02
   7115.60  1.0383512E-02
   7115.80  9.5920714E-03
   7116.00  8.9564843E-03
   7116.20  8.4702527E-03
   7116.40  8.1419919E-03
   7116.60  8.0287769E-03
   7116.80  8.2951068E-03
   7117.00  9.2513267E-03
   7117.20  1.0768059E-02
   7117.40  1.2070368E-02
   7117.60  1.4034742E-02
   7117.80  1.4370028E-02
   7118.00  1.2293880E-02
   7118.20  1.0439570E-02
   7118.40  9.2920784E-03
   7118.60  8.6367131E-03
   7118.80  8.2921620E-03
   7119.00  8.1490844E-03
   7119.20  8.1380248E-03
   7119.40  8.1985729E-03
   7119.60  8.2685060E-03
   7119.80  8.2849130E-03
   7120.00  8.1772539E-03
   7120.20  7.8528268E-03
   7120.40  7.2412268E-03
   7120.60  6.4973232E-03
   7120.80  5.9823666E-03
   7121.00  5.8290399E-03
   7121.20  5.9391715E-03
   7121.40  6.1871658E-03
   7121.60  6.4870771E-03
   7121.80  6.7969105E-03
   7122.00  7.1078870E-03
   7122.20  7.4360157E-03
   7122.40  7.8370192E-03
   7122.60  8.3853538E-03
   7122.80  9.1137859E-03
   7123.00  1.0014426E-02
   7123.20  1.0748386E-02
   7123.40  1.0796361E-02
   7123.60  1.0507358E-02
   7123.80  1.0361797E-02
   7124.00  1.0437555E-02
   7124.20  1.0678251E-02
   7124.40  1.1023810E-02
   7124.60  1.1425334E-02
   7124.80  1.1844064E-02
   7125.00  1.2249143E-02
   7125.20  1.2612304E-02
   7125.40  1.2904686E-02
   7125.60  1.3103866E-02
   7125.80  1.3206333E-02
   7126.00  1.3238208E-02
   7126.20  1.3235524E-02
   7126.40  1.3239804E-02
   7126.60  1.3286805E-02
   7126.80  1.3381257E-02
   7127.00  1.3542019E-02
   7127.20  1.3769046E-02
   7127.40  1.4079314E-02
   7127.60  1.4499045E-02
   7127.80  1.5051003E-02
   7128.00  1.5758648E-02
   7128.20  1.6633186E-02
   7128.40  1.7658602E-02
   7128.60  1.8787770E-02
   7128.80  2.0008404E-02
   7129.00  2.1350022E-02
   7129.20  2.2742301E-02
   7129.40  2.4279228E-02
   7129.60  2.6062872E-02
   7129.80  2.8123350E-02
   7130.00  3.0465005E-02
   7130.20  3.3073469E-02
   7130.40  3.5999203E-02
   7130.60  3.9060750E-02
   7130.80  4.2238480E-02
   7131.00  4.5411659E-02
   7131.20  4.8420083E-02
   7131.40  5.1085365E-02
   7131.60  5.3265720E-02
   7131.80  5.4906770E-02
   7132.00  5.6043228E-02
   7132.20  5.6756513E-02
   7132.40  5.7128726E-02
   7132.60  5.7217659E-02
   7132.80  5.7053025E-02
   7133.00  5.6645875E-02
   7133.20  5.6002026E-02
   7133.40  5.5133398E-02
   7133.60  5.4065098E-02
   7133.80  5.2837410E-02
   7134.00  5.1505536E-02
   7134.20  5.0137473E-02
   7134.40  4.8808694E-02
   7134.60  4.7593152E-02
   7134.80  4.6550834E-02
   7135.00  4.5715256E-02
   7135.20  4.5082537E-02
   7135.40  4.4603892E-02
   7135.60  4.4181116E-02
   7135.80  4.3671598E-02
   7136.00  4.2930612E-02
   7136.20  4.1820380E-02
   7136.40  4.0296300E-02
   7136.60  3.8423073E-02
   7136.80  3.6347234E-02
   7137.00  3.4239481E-02
   7137.20  3.2245798E-02
   7137.40  3.0465265E-02
   7137.60  2.8952868E-02
   7137.80  2.7731313E-02
   7138.00  2.6802893E-02
   7138.20  2.6157708E-02
   7138.40  2.5778109E-02
   7138.60  2.5640855E-02
   7138.80  2.5717485E-02
   7139.00  2.5975817E-02
   7139.20  2.6380790E-02
   7139.40  2.6896864E-02
   7139.60  2.7489914E-02
   7139.80  2.8130233E-02
   7140.00  2.8794140E-02
   7140.20  2.9464295E-02
   7140.40  3.0129663E-02
   7140.60  3.0784574E-02
   7140.80  3.1427365E-02
   7141.00  3.2059198E-02
   7141.20  3.2682392E-02
   7141.40  3.3300847E-02
   7141.60  3.3919023E-02
   7141.80  3.4541742E-02
   7142.00  3.5184856E-02
   7142.20  3.5839921E-02
   7142.40  3.6506541E-02
   7142.60  3.7185612E-02
   7142.80  3.7876255E-02
   7143.00  3.8576572E-02
   7143.20  3.9283751E-02
   7143.40  3.9994852E-02
   7143.60  4.0707268E-02
   7143.80  4.1419206E-02
   7144.00  4.2129576E-02
   7144.20  4.2837819E-02
   7144.40  4.3543810E-02
   7144.60  4.4246888E-02
   7144.80  4.4946131E-02
   7145.00  4.5640248E-02
   7145.20  4.6327531E-02
   7145.40  4.7005692E-02
   7145.60  4.7672092E-02
   7145.80  4.8324040E-02
   7146.00  4.8957674E-02
   7146.20  4.9569540E-02
   7146.40  5.0155625E-02
   7146.60  5.0711968E-02
   7146.80  5.1234626E-02
   7147.00  5.1719522E-02
   7147.20  5.2162730E-02
   7147.40  5.2560725E-02
   7147.60  5.2909660E-02
   7147.80  5.3206393E-02
   7148.00  5.3448227E-02
   7148.20  5.3633039E-02
   7148.40  5.3759419E-02
   7148.60  5.3824973E-02
   7148.80  5.3832299E-02
   7149.00  5.3781263E-02
   7149.20  5.3673821E-02
   7149.40  5.3512546E-02
   7149.60  5.3295186E-02
   7149.80  5.3037562E-02
   7150.00  5.2738785E-02
   7150.20  5.2403739E-02
   7150.40  5.2037448E-02
   7150.60  5.1645644E-02
   7150.80  5.1233561E-02
   7151.00  5.0805264E-02
   7151.20  5.0368126E-02
   7151.40  4.9903377E-02
   7151.60  4.9460768E-02
   7151.80  4.9021292E-02
   7152.00  4.8588566E-02
   7152.20  4.8166120E-02
   7152.40  4.7756145E-02
   7152.60  4.7360779E-02
   7152.80  4.6981727E-02
   7153.00  4.6620534E-02
   7153.20  4.6278239E-02
   7153.40  4.5954932E-02
   7153.60  4.5650925E-02
   7153.80  4.5365917E-02
   7154.00  4.5099378E-02
   7154.20  4.4851002E-02
   7154.40  4.4619150E-02
   7154.60  4.4402559E-02
   7154.80  4.4199821E-02
   7155.00  4.4009405E-02
   7155.20  4.3829773E-02
   7155.40  4.3659610E-02
   7155.60  4.3496879E-02
   7155.80  4.3339724E-02
   7156.00  4.3186961E-02
   7156.20  4.3036388E-02
   7156.40  4.2886355E-02
   7156.60  4.2735304E-02
   7156.80  4.2582136E-02
   7157.00  4.2425297E-02
   7157.20  4.2263468E-02
   7157.40  4.2095545E-02
   7157.60  4.1920659E-02
   7157.80  4.1738123E-02
   7158.00  4.1547437E-02
   7158.20  4.1348319E-02
   7158.40  4.1141059E-02
   7158.60  4.0925425E-02
   7158.80  4.0701579E-02
   7159.00  4.0469945E-02
   7159.20  4.0231082E-02
   7159.40  3.9985657E-02
   7159.60  3.9734392E-02
   7159.80  3.9478061E-02
   7160.00  3.9217415E-02
   7160.20  3.8953700E-02
   7160.40  3.8687049E-02
   7160.60  3.8417770E-02
   7160.80  3.8146098E-02
   7161.00  3.7874980E-02
   7161.20  3.7598110E-02
   7161.40  3.7318124E-02
   7161.60  3.7034305E-02
   7161.80  3.6745733E-02
   7162.00  3.6456139E-02
   7162.20  3.6155376E-02
   7162.40  3.5846132E-02
   7162.60  3.5527325E-02
   7162.80  3.5197855E-02
   7163.00  3.4856382E-02
   7163.20  3.4503302E-02
   7163.40  3.4137633E-02
   7163.60  3.3759393E-02
   7163.80  3.3368698E-02
   7164.00  3.2966163E-02
   7164.20  3.2552888E-02
   7164.40  3.2130721E-02
   7164.60  3.1700598E-02
   7164.80  3.1264255E-02
   7165.00  3.0824119E-02
   7165.20  3.0381065E-02
   7165.40  2.9936865E-02
   7165.60  2.9493340E-02
   7165.80  2.9052922E-02
   7166.00  2.8616811E-02
   7166.20  2.8186158E-02
   7166.40  2.7762325E-02
   7166.60  2.7346501E-02
   7166.80  2.6940521E-02
   7167.00  2.6545054E-02
   7167.20  2.6160252E-02
   7167.40  2.5786720E-02
   7167.60  2.5424892E-02
   7167.80  2.5074979E-02
   7168.00  2.4739726E-02
   7168.20  2.4417261E-02
   7168.40  2.4110104E-02
   7168.60  2.3809591E-02
   7168.80  2.3527734E-02
   7169.00  2.3246371E-02
   7169.20  2.2979943E-02
   7169.40  2.2724353E-02
   7169.60  2.2479323E-02
   7169.80  2.2243789E-02
   7170.00  2.2017300E-02
   7170.20  2.1799306E-02
   7170.40  2.1589326E-02
   7170.60  2.1386912E-02
   7170.80  2.1191664E-02
   7171.00  2.1003564E-02
   7171.20  2.0821994E-02
   7171.40  2.0646559E-02
   7171.60  2.0477069E-02
   7171.80  2.0313440E-02
   7172.00  2.0155592E-02
