  7112.000   26  1  1  1.4345848E-02 -1.9953059E+00 -1.9579712E+00  1  1  7.2659286E+03  0.0000000E+00  0.0000000E+00  1.4053760E+00  1.0000000E+00  0.0000000E+00 = E_edge, Z, n_edge, j_edge, Abs_before_edge, VO_interstitial, E_cut, ninitl, ninit1, Epsii, UnitCell_Volume, Surface_ref, f0_forward, natomsym_f, abs_u_i
    Energy    <xanes>    
   7097.00  1.9354288E-05
   7097.20  1.9392477E-05
   7097.40  1.9442796E-05
   7097.60  1.9506053E-05
   7097.80  1.9583415E-05
   7098.00  1.9676459E-05
   7098.20  1.9787205E-05
   7098.40  1.9918206E-05
   7098.60  2.0072768E-05
   7098.80  2.0255102E-05
   7099.00  2.0470673E-05
   7099.20  2.0726753E-05
   7099.40  2.1033081E-05
   7099.60  2.1403009E-05
   7099.80  2.1855349E-05
   7100.00  2.2417277E-05
   7100.20  2.3129202E-05
   7100.40  2.4053994E-05
   7100.60  2.5293629E-05
   7100.80  2.7023065E-05
   7101.00  2.9564902E-05
   7101.20  3.3572123E-05
   7101.40  4.0549110E-05
   7101.60  5.4701258E-05
   7101.80  9.2548726E-05
   7102.00  3.0772994E-04
   7102.20  1.6623429E-03
   7102.40  6.2313565E-03
   7102.60  2.4002640E-04
   7102.80  9.2389048E-05
   7103.00  5.8192978E-05
   7103.20  4.5775532E-05
   7103.40  4.1130785E-05
   7103.60  4.2639588E-05
   7103.80  1.0185888E-04
   7104.00  7.5328355E-05
   7104.20  4.6788092E-05
   7104.40  5.3586027E-05
   7104.60  8.2725036E-05
   7104.80  2.6994165E-04
   7105.00  3.5484654E-02
   7105.20  1.8785646E-04
   7105.40  8.9248527E-05
   7105.60  1.3955159E-03
   7105.80  7.1213344E-05
   7106.00  5.7469012E-05
   7106.20  6.2610817E-05
   7106.40  8.3248685E-05
   7106.60  1.8439371E-04
   7106.80  3.9878350E-02
   7107.00  2.4619950E-04
   7107.20  4.6940147E-04
   7107.40  5.0625949E-03
   7107.60  1.1281727E-03
   7107.80  4.1325545E-04
   7108.00  4.8869619E-02
   7108.20  5.4718812E-04
   7108.40  2.5410972E-04
   7108.60  4.0723567E-03
   7108.80  1.4097192E-02
   7109.00  1.5580058E-02
   7109.20  1.6723792E-03
   7109.40  3.1927518E-03
   7109.60  1.0178364E-02
   7109.80  3.6512985E-02
   7110.00  9.5150645E-04
   7110.20  1.3424128E-03
   7110.40  2.9214093E-03
   7110.60  4.1354218E-03
   7110.80  5.7172621E-03
   7111.00  5.4115826E-03
   7111.20  1.1554804E-02
   7111.40  7.4636055E-03
   7111.60  1.1482678E-02
   7111.80  1.1179818E-02
   7112.00  1.5412428E-02
   7112.20  2.8779894E-02
   7112.40  3.4577476E-02
   7112.60  2.4691397E-02
   7112.80  1.6990981E-02
   7113.00  1.5468268E-02
   7113.20  1.9597425E-02
   7113.40  3.2678601E-02
   7113.60  4.9705863E-02
   7113.80  4.7607713E-02
   7114.00  4.1058223E-02
   7114.20  3.9238940E-02
   7114.40  3.8141702E-02
   7114.60  3.0785721E-02
   7114.80  2.4678917E-02
   7115.00  2.1195054E-02
   7115.20  1.9158135E-02
   7115.40  1.7614376E-02
   7115.60  1.6307949E-02
   7115.80  1.5425537E-02
   7116.00  1.5121187E-02
   7116.20  1.5394916E-02
   7116.40  1.6051699E-02
   7116.60  1.6702723E-02
   7116.80  1.7123547E-02
   7117.00  1.7810019E-02
   7117.20  1.7449907E-02
   7117.40  1.5143766E-02
   7117.60  1.2334614E-02
   7117.80  1.0203225E-02
   7118.00  8.8160664E-03
   7118.20  7.9445890E-03
   7118.40  7.3996035E-03
   7118.60  7.0585604E-03
   7118.80  6.8433341E-03
   7119.00  6.7076923E-03
   7119.20  6.6288262E-03
   7119.40  6.5942545E-03
   7119.60  6.5892399E-03
   7119.80  6.5917280E-03
   7120.00  6.5747264E-03
   7120.20  6.5157703E-03
   7120.40  6.4097383E-03
   7120.60  6.2666504E-03
   7120.80  6.1133285E-03
   7121.00  5.9794641E-03
   7121.20  5.8522971E-03
   7121.40  5.6763846E-03
   7121.60  5.4752422E-03
   7121.80  5.3055322E-03
   7122.00  5.2074554E-03
   7122.20  5.1988777E-03
   7122.40  5.2702388E-03
   7122.60  5.3906062E-03
   7122.80  5.5341699E-03
   7123.00  5.6919857E-03
   7123.20  5.8690770E-03
   7123.40  6.0792235E-03
   7123.60  6.3337999E-03
   7123.80  6.6512773E-03
   7124.00  7.0509630E-03
   7124.20  7.5569742E-03
   7124.40  8.1959147E-03
   7124.60  8.9978083E-03
   7124.80  9.9883198E-03
   7125.00  1.1181484E-02
   7125.20  1.2575017E-02
   7125.40  1.4155287E-02
   7125.60  1.5909335E-02
   7125.80  1.7828475E-02
   7126.00  1.9892169E-02
   7126.20  2.2045416E-02
   7126.40  2.4186788E-02
   7126.60  2.6179887E-02
   7126.80  2.7902377E-02
   7127.00  2.9277494E-02
   7127.20  3.0310062E-02
   7127.40  3.1134553E-02
   7127.60  3.1684033E-02
   7127.80  3.2121649E-02
   7128.00  3.2509339E-02
   7128.20  3.2876876E-02
   7128.40  3.3227596E-02
   7128.60  3.3538567E-02
   7128.80  3.3776279E-02
   7129.00  3.3934283E-02
   7129.20  3.4155593E-02
   7129.40  3.4351999E-02
   7129.60  3.4702873E-02
   7129.80  3.5258991E-02
   7130.00  3.6032805E-02
   7130.20  3.6981963E-02
   7130.40  3.8137182E-02
   7130.60  3.9436781E-02
   7130.80  4.0846537E-02
   7131.00  4.2331919E-02
   7131.20  4.3861161E-02
   7131.40  4.5406491E-02
   7131.60  4.6944652E-02
   7131.80  4.8460377E-02
   7132.00  4.9936154E-02
   7132.20  5.1356901E-02
   7132.40  5.2710712E-02
   7132.60  5.3985635E-02
   7132.80  5.5170585E-02
   7133.00  5.6257206E-02
   7133.20  5.7245201E-02
   7133.40  5.8146639E-02
   7133.60  5.8989157E-02
   7133.80  5.9816565E-02
   7134.00  6.0686746E-02
   7134.20  6.1665375E-02
   7134.40  6.2817937E-02
   7134.60  6.4195795E-02
   7134.80  6.5814635E-02
   7135.00  6.7622670E-02
   7135.20  6.9464341E-02
   7135.40  7.1059897E-02
   7135.60  7.2036454E-02
   7135.80  7.2040531E-02
   7136.00  7.0890037E-02
   7136.20  6.8662294E-02
   7136.40  6.5646527E-02
   7136.60  6.2205095E-02
   7136.80  5.8653607E-02
   7137.00  5.5205574E-02
   7137.20  5.1980251E-02
   7137.40  4.9028605E-02
   7137.60  4.6396999E-02
   7137.80  4.4048357E-02
   7138.00  4.1965430E-02
   7138.20  4.0140088E-02
   7138.40  3.8564040E-02
   7138.60  3.7228888E-02
   7138.80  3.6124007E-02
   7139.00  3.5234984E-02
   7139.20  3.4543081E-02
   7139.40  3.4026268E-02
   7139.60  3.3660151E-02
   7139.80  3.3420129E-02
   7140.00  3.3283324E-02
   7140.20  3.3230095E-02
   7140.40  3.3244002E-02
   7140.60  3.3312101E-02
   7140.80  3.3425176E-02
   7141.00  3.3574027E-02
   7141.20  3.3753099E-02
   7141.40  3.3956848E-02
   7141.60  3.4179545E-02
   7141.80  3.4414912E-02
   7142.00  3.4655996E-02
   7142.20  3.4895126E-02
   7142.40  3.5123916E-02
   7142.60  3.5333845E-02
   7142.80  3.5516673E-02
   7143.00  3.5664718E-02
   7143.20  3.5771526E-02
   7143.40  3.5832242E-02
   7143.60  3.5843799E-02
   7143.80  3.5804995E-02
   7144.00  3.5728949E-02
   7144.20  3.5614238E-02
   7144.40  3.5456102E-02
   7144.60  3.5258260E-02
   7144.80  3.5025176E-02
   7145.00  3.4761751E-02
   7145.20  3.4473057E-02
   7145.40  3.4164067E-02
   7145.60  3.3839667E-02
   7145.80  3.3504407E-02
   7146.00  3.3162617E-02
   7146.20  3.2818204E-02
   7146.40  3.2474691E-02
   7146.60  3.2135279E-02
   7146.80  3.1802686E-02
   7147.00  3.1479420E-02
   7147.20  3.1167674E-02
   7147.40  3.0869375E-02
   7147.60  3.0586169E-02
   7147.80  3.0319544E-02
   7148.00  3.0070833E-02
   7148.20  2.9841156E-02
   7148.40  2.9631494E-02
   7148.60  2.9442680E-02
   7148.80  2.9275472E-02
   7149.00  2.9130532E-02
   7149.20  2.9008901E-02
   7149.40  2.8910387E-02
   7149.60  2.8835341E-02
   7149.80  2.8784211E-02
   7150.00  2.8756970E-02
   7150.20  2.8753622E-02
   7150.40  2.8774139E-02
   7150.60  2.8820613E-02
   7150.80  2.8895133E-02
   7151.00  2.8986641E-02
   7151.20  2.9101728E-02
   7151.40  2.9239000E-02
   7151.60  2.9397381E-02
   7151.80  2.9575764E-02
   7152.00  2.9775166E-02
   7152.20  2.9988964E-02
   7152.40  3.0218081E-02
   7152.60  3.0460429E-02
   7152.80  3.0713843E-02
   7153.00  3.0976074E-02
   7153.20  3.1244693E-02
   7153.40  3.1517568E-02
   7153.60  3.1791966E-02
   7153.80  3.2065196E-02
   7154.00  3.2334889E-02
   7154.20  3.2598816E-02
   7154.40  3.2854952E-02
   7154.60  3.3101560E-02
   7154.80  3.3337047E-02
   7155.00  3.3560077E-02
   7155.20  3.3769604E-02
   7155.40  3.3964852E-02
   7155.60  3.4145367E-02
   7155.80  3.4310876E-02
   7156.00  3.4461153E-02
   7156.20  3.4596336E-02
   7156.40  3.4716685E-02
   7156.60  3.4822518E-02
   7156.80  3.4914294E-02
   7157.00  3.4992551E-02
   7157.20  3.5057885E-02
   7157.40  3.5110933E-02
   7157.60  3.5152458E-02
   7157.80  3.5183108E-02
   7158.00  3.5203617E-02
   7158.20  3.5214644E-02
   7158.40  3.5216930E-02
   7158.60  3.5211072E-02
   7158.80  3.5197785E-02
   7159.00  3.5177972E-02
   7159.20  3.5152058E-02
   7159.40  3.5120737E-02
   7159.60  3.5084765E-02
   7159.80  3.5044923E-02
   7160.00  3.5001778E-02
   7160.20  3.4956021E-02
   7160.40  3.4908344E-02
   7160.60  3.4859429E-02
   7160.80  3.4810038E-02
   7161.00  3.4760753E-02
   7161.20  3.4711272E-02
   7161.40  3.4664116E-02
   7161.60  3.4618899E-02
   7161.80  3.4576293E-02
   7162.00  3.4536627E-02
   7162.20  3.4500332E-02
   7162.40  3.4467775E-02
   7162.60  3.4439258E-02
   7162.80  3.4415015E-02
   7163.00  3.4395204E-02
   7163.20  3.4379910E-02
   7163.40  3.4370051E-02
   7163.60  3.4366106E-02
   7163.80  3.4364339E-02
   7164.00  3.4366762E-02
   7164.20  3.4373179E-02
   7164.40  3.4384090E-02
   7164.60  3.4397830E-02
   7164.80  3.4414135E-02
   7165.00  3.4432472E-02
   7165.20  3.4452206E-02
   7165.40  3.4472944E-02
   7165.60  3.4494241E-02
   7165.80  3.4515041E-02
   7166.00  3.4534643E-02
   7166.20  3.4552352E-02
   7166.40  3.4567643E-02
   7166.60  3.4579868E-02
   7166.80  3.4588698E-02
   7167.00  3.4593024E-02
   7167.20  3.4592183E-02
   7167.40  3.4585759E-02
   7167.60  3.4573191E-02
   7167.80  3.4553838E-02
   7168.00  3.4527198E-02
   7168.20  3.4493359E-02
   7168.40  3.4451615E-02
   7168.60  3.4401626E-02
   7168.80  3.4343295E-02
   7169.00  3.4276513E-02
   7169.20  3.4196267E-02
   7169.40  3.4116451E-02
   7169.60  3.4025449E-02
   7169.80  3.3926826E-02
   7170.00  3.3820610E-02
   7170.20  3.3707068E-02
   7170.40  3.3586706E-02
   7170.60  3.3460024E-02
   7170.80  3.3327390E-02
   7171.00  3.3189499E-02
   7171.20  3.3046981E-02
   7171.40  3.2900494E-02
   7171.60  3.2750860E-02
   7171.80  3.2598742E-02
   7172.00  3.2444494E-02
