  7112.000   26  1  1  2.0208580E-02 -3.4720654E+00 -1.4742741E+00  1  1  7.2658564E+03  0.0000000E+00  0.0000000E+00  3.2921686E+00  1.0000000E+00  0.0000000E+00 = E_edge, Z, n_edge, j_edge, Abs_before_edge, VO_interstitial, E_cut, ninitl, ninit1, Epsii, UnitCell_Volume, Surface_ref, f0_forward, natomsym_f, abs_u_i
    Energy    <xanes>    
   7097.00  2.3731015E-05
   7097.20  2.4576899E-05
   7097.40  2.5712142E-05
   7097.60  2.7296666E-05
   7097.80  2.9626769E-05
   7098.00  3.3312224E-05
   7098.20  3.9788684E-05
   7098.40  5.3192195E-05
   7098.60  9.0190672E-05
   7098.80  2.8762749E-04
   7099.00  8.1398899E-02
   7099.20  2.8511764E-04
   7099.40  1.7351868E-04
   7099.60  2.3395182E-02
   7099.80  5.0582200E-04
   7100.00  8.4200836E-05
   7100.20  6.0292915E-05
   7100.40  6.1246271E-05
   7100.60  9.9392255E-05
   7100.80  1.5119874E-03
   7101.00  1.6691820E-04
   7101.20  4.0853941E-04
   7101.40  7.7017256E-02
   7101.60  6.5211757E-04
   7101.80  1.7748413E-04
   7102.00  1.2775296E-04
   7102.20  3.6550933E-04
   7102.40  4.5698001E-04
   7102.60  7.4559533E-03
   7102.80  1.3462954E-04
   7103.00  1.2233037E-04
   7103.20  3.9483770E-03
   7103.40  3.0644637E-04
   7103.60  1.3928646E-03
   7103.80  1.5956797E-04
   7104.00  3.5378122E-04
   7104.20  1.3928720E-02
   7104.40  1.4871614E-03
   7104.60  5.7842596E-04
   7104.80  3.0052974E-04
   7105.00  6.6877199E-02
   7105.20  2.4500037E-04
   7105.40  1.1722783E-04
   7105.60  1.1552060E-04
   7105.80  2.8598545E-03
   7106.00  2.1472605E-04
   7106.20  2.9595042E-04
   7106.40  1.1727833E-03
   7106.60  8.5550151E-03
   7106.80  1.4950719E-03
   7107.00  2.9638887E-03
   7107.20  8.9072499E-04
   7107.40  1.4194228E-02
   7107.60  1.1310256E-03
   7107.80  9.7222450E-04
   7108.00  2.3435077E-03
   7108.20  1.9330724E-03
   7108.40  2.4680105E-02
   7108.60  1.9990877E-02
   7108.80  5.4724768E-03
   7109.00  6.1241876E-04
   7109.20  3.4743357E-03
   7109.40  1.2665427E-02
   7109.60  8.1827856E-03
   7109.80  1.0247556E-02
   7110.00  7.3121968E-03
   7110.20  8.1604185E-03
   7110.40  1.5330880E-02
   7110.60  2.8478203E-02
   7110.80  2.6898787E-02
   7111.00  2.5266853E-02
   7111.20  2.2967812E-02
   7111.40  2.4598528E-02
   7111.60  2.3875743E-02
   7111.80  2.0041393E-02
   7112.00  2.1089308E-02
   7112.20  2.8028898E-02
   7112.40  3.3440177E-02
   7112.60  2.6098068E-02
   7112.80  2.1968217E-02
   7113.00  2.3803568E-02
   7113.20  2.9674393E-02
   7113.40  3.4204413E-02
   7113.60  3.2223847E-02
   7113.80  2.7536166E-02
   7114.00  2.0715034E-02
   7114.20  1.4822863E-02
   7114.40  1.1008897E-02
   7114.60  8.4633742E-03
   7114.80  6.8531339E-03
   7115.00  5.7586828E-03
   7115.20  5.0576136E-03
   7115.40  4.5158215E-03
   7115.60  4.0771758E-03
   7115.80  3.7256914E-03
   7116.00  3.4674935E-03
   7116.20  3.3020572E-03
   7116.40  3.2142146E-03
   7116.60  3.1873064E-03
   7116.80  3.2122768E-03
   7117.00  3.2866358E-03
   7117.20  3.4077670E-03
   7117.40  3.5638250E-03
   7117.60  3.7287095E-03
   7117.80  3.8679799E-03
   7118.00  3.9607050E-03
   7118.20  4.0240744E-03
   7118.40  4.0915835E-03
   7118.60  4.1774896E-03
   7118.80  4.2962137E-03
   7119.00  4.4848845E-03
   7119.20  4.7547613E-03
   7119.40  5.0340259E-03
   7119.60  5.2129011E-03
   7119.80  5.2196083E-03
   7120.00  5.0312272E-03
   7120.20  4.7339114E-03
   7120.40  4.4906193E-03
   7120.60  4.3952588E-03
   7120.80  4.4633505E-03
   7121.00  4.6584155E-03
   7121.20  4.9449381E-03
   7121.40  5.3151813E-03
   7121.60  5.7715519E-03
   7121.80  6.2820271E-03
   7122.00  6.8836249E-03
   7122.20  7.6255661E-03
   7122.40  8.5399876E-03
   7122.60  9.6454169E-03
   7122.80  1.0935214E-02
   7123.00  1.2394996E-02
   7123.20  1.3981717E-02
   7123.40  1.5486233E-02
   7123.60  1.6626803E-02
   7123.80  1.7358412E-02
   7124.00  1.7852821E-02
   7124.20  1.8269577E-02
   7124.40  1.8683050E-02
   7124.60  1.9135377E-02
   7124.80  1.9688451E-02
   7125.00  2.0407883E-02
   7125.20  2.1280293E-02
   7125.40  2.2225726E-02
   7125.60  2.3112232E-02
   7125.80  2.3841374E-02
   7126.00  2.4454336E-02
   7126.20  2.4978227E-02
   7126.40  2.5594448E-02
   7126.60  2.6442286E-02
   7126.80  2.7588180E-02
   7127.00  2.9019391E-02
   7127.20  3.0687363E-02
   7127.40  3.2522699E-02
   7127.60  3.4414697E-02
   7127.80  3.6186561E-02
   7128.00  3.7635826E-02
   7128.20  3.8647225E-02
   7128.40  3.9171554E-02
   7128.60  3.9299558E-02
   7128.80  3.9240158E-02
   7129.00  3.9221221E-02
   7129.20  3.9398128E-02
   7129.40  3.9846614E-02
   7129.60  4.0614218E-02
   7129.80  4.1744579E-02
   7130.00  4.3248314E-02
   7130.20  4.5069586E-02
   7130.40  4.7076182E-02
   7130.60  4.9070858E-02
   7130.80  5.0820250E-02
   7131.00  5.2099438E-02
   7131.20  5.2746672E-02
   7131.40  5.2702942E-02
   7131.60  5.2018022E-02
   7131.80  5.0842947E-02
   7132.00  4.9415589E-02
   7132.20  4.8010141E-02
   7132.40  4.6868136E-02
   7132.60  4.6159720E-02
   7132.80  4.5974848E-02
   7133.00  4.6328726E-02
   7133.20  4.7167902E-02
   7133.40  4.8364420E-02
   7133.60  4.9704849E-02
   7133.80  5.0919670E-02
   7134.00  5.1795682E-02
   7134.20  5.2314105E-02
   7134.40  5.2634885E-02
   7134.60  5.2918771E-02
   7134.80  5.3209995E-02
   7135.00  5.3476017E-02
   7135.20  5.3689932E-02
   7135.40  5.3860461E-02
   7135.60  5.4016701E-02
   7135.80  5.4181773E-02
   7136.00  5.4353040E-02
   7136.20  5.4496572E-02
   7136.40  5.4556757E-02
   7136.60  5.4477363E-02
   7136.80  5.4223950E-02
   7137.00  5.3795989E-02
   7137.20  5.3224783E-02
   7137.40  5.2560595E-02
   7137.60  5.1857541E-02
   7137.80  5.1162937E-02
   7138.00  5.0513624E-02
   7138.20  4.9935289E-02
   7138.40  4.9444874E-02
   7138.60  4.9052425E-02
   7138.80  4.8761768E-02
   7139.00  4.8570861E-02
   7139.20  4.8471388E-02
   7139.40  4.8446647E-02
   7139.60  4.8468716E-02
   7139.80  4.8499412E-02
   7140.00  4.8489359E-02
   7140.20  4.8379961E-02
   7140.40  4.8109450E-02
   7140.60  4.7645789E-02
   7140.80  4.6944190E-02
   7141.00  4.6009219E-02
   7141.20  4.4884815E-02
   7141.40  4.3645661E-02
   7141.60  4.2379992E-02
   7141.80  4.1170504E-02
   7142.00  4.0080878E-02
   7142.20  3.9150032E-02
   7142.40  3.8392462E-02
   7142.60  3.7802492E-02
   7142.80  3.7359346E-02
   7143.00  3.7032264E-02
   7143.20  3.6785653E-02
   7143.40  3.6584059E-02
   7143.60  3.6396771E-02
   7143.80  3.6201059E-02
   7144.00  3.5983354E-02
   7144.20  3.5738419E-02
   7144.40  3.5467581E-02
   7144.60  3.5175911E-02
   7144.80  3.4870426E-02
   7145.00  3.4558791E-02
   7145.20  3.4248215E-02
   7145.40  3.3945019E-02
   7145.60  3.3654380E-02
   7145.80  3.3380265E-02
   7146.00  3.3125369E-02
   7146.20  3.2891090E-02
   7146.40  3.2677589E-02
   7146.60  3.2483953E-02
   7146.80  3.2308164E-02
   7147.00  3.2139297E-02
   7147.20  3.1990756E-02
   7147.40  3.1845349E-02
   7147.60  3.1709577E-02
   7147.80  3.1579241E-02
   7148.00  3.1446221E-02
   7148.20  3.1312924E-02
   7148.40  3.1179389E-02
   7148.60  3.1046852E-02
   7148.80  3.0916685E-02
   7149.00  3.0791428E-02
   7149.20  3.0673405E-02
   7149.40  3.0564901E-02
   7149.60  3.0468367E-02
   7149.80  3.0385422E-02
   7150.00  3.0317111E-02
   7150.20  3.0263878E-02
   7150.40  3.0225797E-02
   7150.60  3.0201559E-02
   7150.80  3.0189466E-02
   7151.00  3.0187421E-02
   7151.20  3.0193124E-02
   7151.40  3.0203605E-02
   7151.60  3.0216231E-02
   7151.80  3.0228728E-02
   7152.00  3.0239145E-02
   7152.20  3.0246611E-02
   7152.40  3.0250586E-02
   7152.60  3.0251830E-02
   7152.80  3.0252012E-02
   7153.00  3.0253726E-02
   7153.20  3.0260418E-02
   7153.40  3.0275817E-02
   7153.60  3.0303795E-02
   7153.80  3.0348165E-02
   7154.00  3.0412450E-02
   7154.20  3.0499676E-02
   7154.40  3.0612144E-02
   7154.60  3.0751501E-02
   7154.80  3.0917971E-02
   7155.00  3.1110991E-02
   7155.20  3.1328926E-02
   7155.40  3.1569011E-02
   7155.60  3.1827519E-02
   7155.80  3.2099529E-02
   7156.00  3.2379297E-02
   7156.20  3.2661084E-02
   7156.40  3.2939572E-02
   7156.60  3.3204209E-02
   7156.80  3.3447145E-02
   7157.00  3.3660727E-02
   7157.20  3.3837824E-02
   7157.40  3.3972142E-02
   7157.60  3.4058686E-02
   7157.80  3.4093582E-02
   7158.00  3.4074505E-02
   7158.20  3.4000793E-02
   7158.40  3.3873175E-02
   7158.60  3.3693841E-02
   7158.80  3.3466112E-02
   7159.00  3.3194580E-02
   7159.20  3.2884135E-02
   7159.40  3.2540699E-02
   7159.60  3.2169941E-02
   7159.80  3.1777305E-02
   7160.00  3.1368234E-02
   7160.20  3.0947868E-02
   7160.40  3.0520982E-02
   7160.60  3.0092045E-02
   7160.80  2.9665388E-02
   7161.00  2.9240251E-02
   7161.20  2.8825190E-02
   7161.40  2.8426334E-02
   7161.60  2.8040833E-02
   7161.80  2.7674317E-02
   7162.00  2.7332801E-02
   7162.20  2.7002686E-02
   7162.40  2.6694467E-02
   7162.60  2.6408893E-02
   7162.80  2.6146315E-02
   7163.00  2.5907000E-02
   7163.20  2.5691453E-02
   7163.40  2.5498662E-02
   7163.60  2.5327810E-02
   7163.80  2.5178012E-02
   7164.00  2.5047915E-02
   7164.20  2.4936197E-02
   7164.40  2.4840699E-02
   7164.60  2.4759694E-02
   7164.80  2.4691480E-02
   7165.00  2.4634452E-02
   7165.20  2.4587625E-02
   7165.40  2.4551124E-02
   7165.60  2.4520743E-02
   7165.80  2.4496649E-02
   7166.00  2.4478126E-02
   7166.20  2.4464643E-02
   7166.40  2.4456212E-02
   7166.60  2.4452174E-02
   7166.80  2.4450427E-02
   7167.00  2.4454526E-02
   7167.20  2.4462580E-02
   7167.40  2.4474546E-02
   7167.60  2.4490393E-02
   7167.80  2.4510401E-02
   7168.00  2.4534384E-02
   7168.20  2.4562153E-02
   7168.40  2.4593680E-02
   7168.60  2.4628996E-02
   7168.80  2.4668018E-02
   7169.00  2.4710719E-02
   7169.20  2.4756968E-02
   7169.40  2.4806796E-02
   7169.60  2.4860086E-02
   7169.80  2.4916562E-02
   7170.00  2.4976028E-02
   7170.20  2.5038315E-02
   7170.40  2.5103276E-02
   7170.60  2.5170782E-02
   7170.80  2.5240626E-02
   7171.00  2.5312680E-02
   7171.20  2.5386947E-02
   7171.40  2.5463361E-02
   7171.60  2.5541703E-02
   7171.80  2.5621820E-02
   7172.00  2.5703646E-02
