  7112.000   26  1  1  1.7083807E-02 -3.8612464E+00 -4.0063943E-01  1  1  7.2648800E+03  0.0000000E+00  0.0000000E+00  5.8565416E+00  1.0000000E+00  0.0000000E+00 = E_edge, Z, n_edge, j_edge, Abs_before_edge, VO_interstitial, E_cut, ninitl, ninit1, Epsii, UnitCell_Volume, Surface_ref, f0_forward, natomsym_f, abs_u_i
    Energy    <xanes>    
   7097.00  2.8144990E-05
   7097.20  2.6977525E-05
   7097.40  2.6371960E-05
   7097.60  2.6422500E-05
   7097.80  2.7934614E-05
   7098.00  4.7535739E-05
   7098.20  2.0929654E-03
   7098.40  4.4043941E-05
   7098.60  2.8283383E-05
   7098.80  2.6141420E-05
   7099.00  2.5970562E-05
   7099.20  2.8655858E-05
   7099.40  3.7187268E-05
   7099.60  2.5892061E-04
   7099.80  3.2284128E-05
   7100.00  2.9878150E-05
   7100.20  2.9545521E-05
   7100.40  3.1960178E-05
   7100.60  3.4375692E-05
   7100.80  4.0550547E-05
   7101.00  5.7711657E-05
   7101.20  7.1794072E-04
   7101.40  2.1727904E-04
   7101.60  1.2643649E-04
   7101.80  3.3102177E-04
   7102.00  7.0356507E-03
   7102.20  7.5607582E-04
   7102.40  2.1869200E-04
   7102.60  9.0741162E-05
   7102.80  9.0954410E-05
   7103.00  9.1477046E-05
   7103.20  2.0030401E-04
   7103.40  1.4394733E-03
   7103.60  5.1562482E-04
   7103.80  1.7038550E-04
   7104.00  5.9460770E-05
   7104.20  5.7933147E-05
   7104.40  1.2791950E-04
   7104.60  2.2978473E-04
   7104.80  1.0282581E-04
   7105.00  1.2167787E-04
   7105.20  1.2502847E-03
   7105.40  9.1372705E-03
   7105.60  3.3480631E-04
   7105.80  2.9997760E-04
   7106.00  7.3209078E-04
   7106.20  8.3803835E-03
   7106.40  7.1901188E-03
   7106.60  3.3761350E-03
   7106.80  6.6217337E-02
   7107.00  2.6672139E-03
   7107.20  5.5833823E-03
   7107.40  2.2359335E-03
   7107.60  4.6740712E-04
   7107.80  1.8399174E-03
   7108.00  3.5797957E-02
   7108.20  7.8915231E-03
   7108.40  2.8515492E-04
   7108.60  1.2714937E-03
   7108.80  2.3107809E-03
   7109.00  3.5200244E-03
   7109.20  1.0391420E-02
   7109.40  1.8938467E-02
   7109.60  1.3446683E-02
   7109.80  9.6960882E-03
   7110.00  8.0698062E-02
   7110.20  3.0110283E-02
   7110.40  8.9046361E-03
   7110.60  8.7627532E-03
   7110.80  1.0250410E-02
   7111.00  1.1341471E-02
   7111.20  1.9302168E-02
   7111.40  2.8312049E-02
   7111.60  1.6174663E-02
   7111.80  1.0093712E-02
   7112.00  8.2045323E-03
   7112.20  6.8979417E-03
   7112.40  6.3574132E-03
   7112.60  4.9990488E-03
   7112.80  2.5684951E-03
   7113.00  1.3060638E-03
   7113.20  9.8512654E-04
   7113.40  8.5035731E-04
   7113.60  8.1736872E-04
   7113.80  7.5128999E-04
   7114.00  8.5151754E-04
   7114.20  4.7303222E-03
   7114.40  9.2337975E-04
   7114.60  6.7872090E-04
   7114.80  6.9528726E-04
   7115.00  7.7348482E-04
   7115.20  8.8965745E-04
   7115.40  1.0339485E-03
   7115.60  1.1932037E-03
   7115.80  1.3685657E-03
   7116.00  1.5650530E-03
   7116.20  1.7713693E-03
   7116.40  1.9808002E-03
   7116.60  2.2024929E-03
   7116.80  2.4528844E-03
   7117.00  2.7456139E-03
   7117.20  3.0875881E-03
   7117.40  3.4814652E-03
   7117.60  3.9280099E-03
   7117.80  4.4219446E-03
   7118.00  4.9541670E-03
   7118.20  5.5417951E-03
   7118.40  6.2276908E-03
   7118.60  6.9020045E-03
   7118.80  7.4815064E-03
   7119.00  8.1020345E-03
   7119.20  8.6614315E-03
   7119.40  9.0792601E-03
   7119.60  9.3109517E-03
   7119.80  9.2314909E-03
   7120.00  8.6777088E-03
   7120.20  7.7171171E-03
   7120.40  6.7952832E-03
   7120.60  6.3345162E-03
   7120.80  6.4152389E-03
   7121.00  6.9077668E-03
   7121.20  7.6553991E-03
   7121.40  8.5735354E-03
   7121.60  9.7527583E-03
   7121.80  1.1433719E-02
   7122.00  1.3854419E-02
   7122.20  1.7940968E-02
   7122.40  2.4604940E-02
   7122.60  3.0762041E-02
   7122.80  3.4407296E-02
   7123.00  3.5745861E-02
   7123.20  3.5536660E-02
   7123.40  3.4612116E-02
   7123.60  3.3785542E-02
   7123.80  3.3458299E-02
   7124.00  3.3488341E-02
   7124.20  3.3456562E-02
   7124.40  3.2984669E-02
   7124.60  3.2069599E-02
   7124.80  3.0682706E-02
   7125.00  2.9172485E-02
   7125.20  2.8260581E-02
   7125.40  2.8170176E-02
   7125.60  2.8657343E-02
   7125.80  2.9632466E-02
   7126.00  3.1232991E-02
   7126.20  3.2994101E-02
   7126.40  3.4036854E-02
   7126.60  3.4479386E-02
   7126.80  3.5125176E-02
   7127.00  3.6213810E-02
   7127.20  3.7473367E-02
   7127.40  3.9017492E-02
   7127.60  4.1039875E-02
   7127.80  4.3448663E-02
   7128.00  4.5787602E-02
   7128.20  4.7386424E-02
   7128.40  4.8032633E-02
   7128.60  4.8219238E-02
   7128.80  4.8511912E-02
   7129.00  4.9035379E-02
   7129.20  4.9569814E-02
   7129.40  4.9912562E-02
   7129.60  5.0142631E-02
   7129.80  5.0498242E-02
   7130.00  5.0932045E-02
   7130.20  5.1134945E-02
   7130.40  5.1015444E-02
   7130.60  5.0731969E-02
   7130.80  5.0373405E-02
   7131.00  4.9824377E-02
   7131.20  4.8917570E-02
   7131.40  4.7708221E-02
   7131.60  4.6468748E-02
   7131.80  4.5263891E-02
   7132.00  4.3932139E-02
   7132.20  4.2368435E-02
   7132.40  4.0626041E-02
   7132.60  3.8878738E-02
   7132.80  3.7334427E-02
   7133.00  3.6177077E-02
   7133.20  3.5547079E-02
   7133.40  3.5504978E-02
   7133.60  3.6003612E-02
   7133.80  3.6945820E-02
   7134.00  3.8227772E-02
   7134.20  3.9724115E-02
   7134.40  4.1284378E-02
   7134.60  4.2762982E-02
   7134.80  4.4055733E-02
   7135.00  4.5116522E-02
   7135.20  4.5948192E-02
   7135.40  4.6582120E-02
   7135.60  4.7057685E-02
   7135.80  4.7413689E-02
   7136.00  4.7691909E-02
   7136.20  4.7943363E-02
   7136.40  4.8168762E-02
   7136.60  4.8544734E-02
   7136.80  4.9045209E-02
   7137.00  4.9677770E-02
   7137.20  5.0417929E-02
   7137.40  5.1210474E-02
   7137.60  5.1974343E-02
   7137.80  5.2613275E-02
   7138.00  5.3034717E-02
   7138.20  5.3171563E-02
   7138.40  5.2998190E-02
   7138.60  5.2532734E-02
   7138.80  5.1825191E-02
   7139.00  5.0940219E-02
   7139.20  4.9941222E-02
   7139.40  4.8879676E-02
   7139.60  4.7792758E-02
   7139.80  4.6698915E-02
   7140.00  4.5608929E-02
   7140.20  4.4527314E-02
   7140.40  4.3458277E-02
   7140.60  4.2408510E-02
   7140.80  4.1387832E-02
   7141.00  4.0407507E-02
   7141.20  3.9478092E-02
   7141.40  3.8607494E-02
   7141.60  3.7799928E-02
   7141.80  3.7055541E-02
   7142.00  3.6371262E-02
   7142.20  3.5741368E-02
   7142.40  3.5158746E-02
   7142.60  3.4615820E-02
   7142.80  3.4105421E-02
   7143.00  3.3621066E-02
   7143.20  3.3157286E-02
   7143.40  3.2709845E-02
   7143.60  3.2272684E-02
   7143.80  3.1841066E-02
   7144.00  3.1409159E-02
   7144.20  3.0970503E-02
   7144.40  3.0519063E-02
   7144.60  3.0049715E-02
   7144.80  2.9560096E-02
   7145.00  2.9052045E-02
   7145.20  2.8531222E-02
   7145.40  2.8006922E-02
   7145.60  2.7489664E-02
   7145.80  2.6987567E-02
   7146.00  2.6505081E-02
   7146.20  2.6040174E-02
   7146.40  2.5594288E-02
   7146.60  2.5161904E-02
   7146.80  2.4738779E-02
   7147.00  2.4319807E-02
   7147.20  2.3905238E-02
   7147.40  2.3495275E-02
   7147.60  2.3091483E-02
   7147.80  2.2695336E-02
   7148.00  2.2311209E-02
   7148.20  2.1922675E-02
   7148.40  2.1567597E-02
   7148.60  2.1231937E-02
   7148.80  2.0922267E-02
   7149.00  2.0636665E-02
   7149.20  2.0378957E-02
   7149.40  2.0153818E-02
   7149.60  1.9964679E-02
   7149.80  1.9816827E-02
   7150.00  1.9714232E-02
   7150.20  1.9661371E-02
   7150.40  1.9662527E-02
   7150.60  1.9721545E-02
   7150.80  1.9841416E-02
   7151.00  2.0024095E-02
   7151.20  2.0269881E-02
   7151.40  2.0576879E-02
   7151.60  2.0940533E-02
   7151.80  2.1337971E-02
   7152.00  2.1762613E-02
   7152.20  2.2214709E-02
   7152.40  2.2677220E-02
   7152.60  2.3139812E-02
   7152.80  2.3590323E-02
   7153.00  2.4017897E-02
   7153.20  2.4413135E-02
   7153.40  2.4769020E-02
   7153.60  2.5077087E-02
   7153.80  2.5333224E-02
   7154.00  2.5533788E-02
   7154.20  2.5678041E-02
   7154.40  2.5766902E-02
   7154.60  2.5802224E-02
   7154.80  2.5787446E-02
   7155.00  2.5727921E-02
   7155.20  2.5629304E-02
   7155.40  2.5497467E-02
   7155.60  2.5338922E-02
   7155.80  2.5157875E-02
   7156.00  2.4958545E-02
   7156.20  2.4744984E-02
   7156.40  2.4519644E-02
   7156.60  2.4284338E-02
   7156.80  2.4040651E-02
   7157.00  2.3790185E-02
   7157.20  2.3533477E-02
   7157.40  2.3270724E-02
   7157.60  2.3002098E-02
   7157.80  2.2727976E-02
   7158.00  2.2449616E-02
   7158.20  2.2167640E-02
   7158.40  2.1884112E-02
   7158.60  2.1602032E-02
   7158.80  2.1323287E-02
   7159.00  2.1052765E-02
   7159.20  2.0794728E-02
   7159.40  2.0552819E-02
   7159.60  2.0330702E-02
   7159.80  2.0131492E-02
   7160.00  1.9957849E-02
   7160.20  1.9811857E-02
   7160.40  1.9695512E-02
   7160.60  1.9609375E-02
   7160.80  1.9555623E-02
   7161.00  1.9535697E-02
   7161.20  1.9550787E-02
   7161.40  1.9604433E-02
   7161.60  1.9693895E-02
   7161.80  1.9822731E-02
   7162.00  1.9992503E-02
   7162.20  2.0204910E-02
   7162.40  2.0461622E-02
   7162.60  2.0764242E-02
   7162.80  2.1114219E-02
   7163.00  2.1512760E-02
   7163.20  2.1960756E-02
   7163.40  2.2458558E-02
   7163.60  2.3005834E-02
   7163.80  2.3601758E-02
   7164.00  2.4244021E-02
   7164.20  2.4929242E-02
   7164.40  2.5652434E-02
   7164.60  2.6406881E-02
   7164.80  2.7184296E-02
   7165.00  2.7974256E-02
   7165.20  2.8764450E-02
   7165.40  2.9540952E-02
   7165.60  3.0289037E-02
   7165.80  3.0993192E-02
   7166.00  3.1638544E-02
   7166.20  3.2211974E-02
   7166.40  3.2701828E-02
   7166.60  3.3100824E-02
   7166.80  3.3405599E-02
   7167.00  3.3616745E-02
   7167.20  3.3739408E-02
   7167.40  3.3781738E-02
   7167.60  3.3755812E-02
   7167.80  3.3675540E-02
   7168.00  3.3555492E-02
   7168.20  3.3410674E-02
   7168.40  3.3255369E-02
   7168.60  3.3103893E-02
   7168.80  3.2963971E-02
   7169.00  3.2846157E-02
   7169.20  3.2757321E-02
   7169.40  3.2702383E-02
   7169.60  3.2684235E-02
   7169.80  3.2703906E-02
   7170.00  3.2760908E-02
   7170.20  3.2853539E-02
   7170.40  3.2978817E-02
   7170.60  3.3133084E-02
   7170.80  3.3311782E-02
   7171.00  3.3510691E-02
   7171.20  3.3723603E-02
   7171.40  3.3944524E-02
   7171.60  3.4167759E-02
   7171.80  3.4387966E-02
   7172.00  3.4600312E-02
