  7112.000   26  1  1  7.5573726E-03 -2.8394990E+00 -2.5644300E+00  1  1  7.2664532E+03  0.0000000E+00  0.0000000E+00  1.3430637E+00  1.0000000E+00  0.0000000E+00 = E_edge, Z, n_edge, j_edge, Abs_before_edge, VO_interstitial, E_cut, ninitl, ninit1, Epsii, UnitCell_Volume, Surface_ref, f0_forward, natomsym_f, abs_u_i
    Energy    <xanes>    
   7097.00  1.9652851E-05
   7097.20  1.9751894E-05
   7097.40  1.9873994E-05
   7097.60  2.0024026E-05
   7097.80  2.0208944E-05
   7098.00  2.0438905E-05
   7098.20  2.0729133E-05
   7098.40  2.1103395E-05
   7098.60  2.1600712E-05
   7098.80  2.2289197E-05
   7099.00  2.3297168E-05
   7099.20  2.4892102E-05
   7099.40  2.7714633E-05
   7099.60  3.3644362E-05
   7099.80  5.0408272E-05
   7100.00  1.4330169E-04
   7100.20  2.8194060E-02
   7100.40  1.2703881E-04
   7100.60  5.0173612E-05
   7100.80  3.6030382E-05
   7101.00  3.1824480E-05
   7101.20  3.0931857E-05
   7101.40  3.2026729E-05
   7101.60  3.5423199E-05
   7101.80  4.3503039E-05
   7102.00  6.7040784E-05
   7102.20  2.0626984E-04
   7102.40  6.3355385E-03
   7102.60  2.3997999E-04
   7102.80  3.3016978E-03
   7103.00  1.5972336E-03
   7103.20  6.4968776E-05
   7103.40  4.9049479E-05
   7103.60  5.0341367E-05
   7103.80  7.2347500E-05
   7104.00  3.1984869E-04
   7104.20  5.6896306E-04
   7104.40  8.1667872E-05
   7104.60  5.1957154E-05
   7104.80  4.6458946E-05
   7105.00  4.8331624E-05
   7105.20  6.0838462E-05
   7105.40  1.8671093E-04
   7105.60  2.8002064E-04
   7105.80  8.1357276E-05
   7106.00  9.1457585E-05
   7106.20  9.7104825E-04
   7106.40  1.8972616E-04
   7106.60  5.7873685E-04
   7106.80  2.7756011E-03
   7107.00  2.8455747E-02
   7107.20  3.1200534E-04
   7107.40  1.6722847E-04
   7107.60  1.6691624E-04
   7107.80  3.2946152E-04
   7108.00  1.6193364E-03
   7108.20  8.3297386E-04
   7108.40  1.7580333E-02
   7108.60  4.8177170E-03
   7108.80  6.4273557E-03
   7109.00  1.3556571E-02
   7109.20  6.3626896E-03
   7109.40  3.1282700E-03
   7109.60  2.1911953E-02
   7109.80  3.9266769E-03
   7110.00  1.1679396E-02
   7110.20  7.4692894E-03
   7110.40  5.0530818E-03
   7110.60  1.1005280E-02
   7110.80  2.8825203E-03
   7111.00  5.0372008E-03
   7111.20  1.3083983E-02
   7111.40  7.4649467E-03
   7111.60  5.4436951E-03
   7111.80  6.3232515E-03
   7112.00  1.0467980E-02
   7112.20  2.0172224E-02
   7112.40  3.2959079E-02
   7112.60  3.7376451E-02
   7112.80  5.0763798E-02
   7113.00  9.2557301E-02
   7113.20  1.0385866E-01
   7113.40  7.2879596E-02
   7113.60  4.7237163E-02
   7113.80  3.2864607E-02
   7114.00  2.2698787E-02
   7114.20  1.7378857E-02
   7114.40  1.4393510E-02
   7114.60  1.2562618E-02
   7114.80  1.1427519E-02
   7115.00  1.0811749E-02
   7115.20  1.0687408E-02
   7115.40  1.1158196E-02
   7115.60  1.2433559E-02
   7115.80  1.4587228E-02
   7116.00  1.6850941E-02
   7116.20  1.7667774E-02
   7116.40  1.7256126E-02
   7116.60  1.6308568E-02
   7116.80  1.4628806E-02
   7117.00  1.2639233E-02
   7117.20  1.1010056E-02
   7117.40  9.8736267E-03
   7117.60  9.1173730E-03
   7117.80  8.6143941E-03
   7118.00  8.2691084E-03
   7118.20  8.0195043E-03
   7118.40  7.8339244E-03
   7118.60  7.7027238E-03
   7118.80  7.6294974E-03
   7119.00  7.6219487E-03
   7119.20  7.6568918E-03
   7119.40  7.6663337E-03
   7119.60  7.6012426E-03
   7119.80  7.4648699E-03
   7120.00  7.2811489E-03
   7120.20  7.0702904E-03
   7120.40  6.8435636E-03
   7120.60  6.6191994E-03
   7120.80  6.4325775E-03
   7121.00  6.3021211E-03
   7121.20  6.2020921E-03
   7121.40  6.1047561E-03
   7121.60  6.0493072E-03
   7121.80  6.0651255E-03
   7122.00  6.1242179E-03
   7122.20  6.2040446E-03
   7122.40  6.2955220E-03
   7122.60  6.3981447E-03
   7122.80  6.5140943E-03
   7123.00  6.6466529E-03
   7123.20  6.7997521E-03
   7123.40  6.9779155E-03
   7123.60  7.1864388E-03
   7123.80  7.4315082E-03
   7124.00  7.7205014E-03
   7124.20  8.0623028E-03
   7124.40  8.4675653E-03
   7124.60  8.9486713E-03
   7124.80  9.5190197E-03
   7125.00  1.0191065E-02
   7125.20  1.0973701E-02
   7125.40  1.1873295E-02
   7125.60  1.2890042E-02
   7125.80  1.4037699E-02
   7126.00  1.5330693E-02
   7126.20  1.6844752E-02
   7126.40  1.8383240E-02
   7126.60  1.9989492E-02
   7126.80  2.1618053E-02
   7127.00  2.3216522E-02
   7127.20  2.4692340E-02
   7127.40  2.5900654E-02
   7127.60  2.6666617E-02
   7127.80  2.6962752E-02
   7128.00  2.6958230E-02
   7128.20  2.6977802E-02
   7128.40  2.7272639E-02
   7128.60  2.7972450E-02
   7128.80  2.9267927E-02
   7129.00  3.1245306E-02
   7129.20  3.3921206E-02
   7129.40  3.7216535E-02
   7129.60  4.0842267E-02
   7129.80  4.4400616E-02
   7130.00  4.7472028E-02
   7130.20  4.9788097E-02
   7130.40  5.1330128E-02
   7130.60  5.2281081E-02
   7130.80  5.2904793E-02
   7131.00  5.3448790E-02
   7131.20  5.4104709E-02
   7131.40  5.5006141E-02
   7131.60  5.6237585E-02
   7131.80  5.7843576E-02
   7132.00  5.9832959E-02
   7132.20  6.2178665E-02
   7132.40  6.4796564E-02
   7132.60  6.7555557E-02
   7132.80  7.0277489E-02
   7133.00  7.2749850E-02
   7133.20  7.4752503E-02
   7133.40  7.6090735E-02
   7133.60  7.6630751E-02
   7133.80  7.6322356E-02
   7134.00  7.5204391E-02
   7134.20  7.3387139E-02
   7134.40  7.1020811E-02
   7134.60  6.8263138E-02
   7134.80  6.5257135E-02
   7135.00  6.2120182E-02
   7135.20  5.8942387E-02
   7135.40  5.5789999E-02
   7135.60  5.2710252E-02
   7135.80  4.9736152E-02
   7136.00  4.6891218E-02
   7136.20  4.4191972E-02
   7136.40  4.1650935E-02
   7136.60  3.9278000E-02
   7136.80  3.7082094E-02
   7137.00  3.5071084E-02
   7137.20  3.3252448E-02
   7137.40  3.1633536E-02
   7137.60  3.0221228E-02
   7137.80  2.9021095E-02
   7138.00  2.8037535E-02
   7138.20  2.7281989E-02
   7138.40  2.6737887E-02
   7138.60  2.6400397E-02
   7138.80  2.6259665E-02
   7139.00  2.6300466E-02
   7139.20  2.6502287E-02
   7139.40  2.6839862E-02
   7139.60  2.7284703E-02
   7139.80  2.7807039E-02
   7140.00  2.8377717E-02
   7140.20  2.8970629E-02
   7140.40  2.9564441E-02
   7140.60  3.0143519E-02
   7140.80  3.0697833E-02
   7141.00  3.1222739E-02
   7141.20  3.1717384E-02
   7141.40  3.2183903E-02
   7141.60  3.2626170E-02
   7141.80  3.3048519E-02
   7142.00  3.3454849E-02
   7142.20  3.3848396E-02
   7142.40  3.4231009E-02
   7142.60  3.4603213E-02
   7142.80  3.4964283E-02
   7143.00  3.5312116E-02
   7143.20  3.5643843E-02
   7143.40  3.5956065E-02
   7143.60  3.6245098E-02
   7143.80  3.6507273E-02
   7144.00  3.6739480E-02
   7144.20  3.6938935E-02
   7144.40  3.7103704E-02
   7144.60  3.7232745E-02
   7144.80  3.7328014E-02
   7145.00  3.7398886E-02
   7145.20  3.7435646E-02
   7145.40  3.7439855E-02
   7145.60  3.7403893E-02
   7145.80  3.7348407E-02
   7146.00  3.7267000E-02
   7146.20  3.7162372E-02
   7146.40  3.7037129E-02
   7146.60  3.6894000E-02
   7146.80  3.6735706E-02
   7147.00  3.6564970E-02
   7147.20  3.6384412E-02
   7147.40  3.6196629E-02
   7147.60  3.6004214E-02
   7147.80  3.5809709E-02
   7148.00  3.5615598E-02
   7148.20  3.5424382E-02
   7148.40  3.5238509E-02
   7148.60  3.5060429E-02
   7148.80  3.4892660E-02
   7149.00  3.4737238E-02
   7149.20  3.4596266E-02
   7149.40  3.4467896E-02
   7149.60  3.4362193E-02
   7149.80  3.4276342E-02
   7150.00  3.4211926E-02
   7150.20  3.4169797E-02
   7150.40  3.4150812E-02
   7150.60  3.4155747E-02
   7150.80  3.4184854E-02
   7151.00  3.4238035E-02
   7151.20  3.4314990E-02
   7151.40  3.4415308E-02
   7151.60  3.4538058E-02
   7151.80  3.4682065E-02
   7152.00  3.4846009E-02
   7152.20  3.5028314E-02
   7152.40  3.5228992E-02
   7152.60  3.5445025E-02
   7152.80  3.5673807E-02
   7153.00  3.5913281E-02
   7153.20  3.6160804E-02
   7153.40  3.6413889E-02
   7153.60  3.6670090E-02
   7153.80  3.6926810E-02
   7154.00  3.7181637E-02
   7154.20  3.7432253E-02
   7154.40  3.7676353E-02
   7154.60  3.7911885E-02
   7154.80  3.8137091E-02
   7155.00  3.8350288E-02
   7155.20  3.8550129E-02
   7155.40  3.8735628E-02
   7155.60  3.8905746E-02
   7155.80  3.9059871E-02
   7156.00  3.9197578E-02
   7156.20  3.9318770E-02
   7156.40  3.9423345E-02
   7156.60  3.9511373E-02
   7156.80  3.9583061E-02
   7157.00  3.9638729E-02
   7157.20  3.9678785E-02
   7157.40  3.9703550E-02
   7157.60  3.9713454E-02
   7157.80  3.9709104E-02
   7158.00  3.9690994E-02
   7158.20  3.9659394E-02
   7158.40  3.9614742E-02
   7158.60  3.9557389E-02
   7158.80  3.9488110E-02
   7159.00  3.9407127E-02
   7159.20  3.9314885E-02
   7159.40  3.9211824E-02
   7159.60  3.9098612E-02
   7159.80  3.8975585E-02
   7160.00  3.8843124E-02
   7160.20  3.8696212E-02
   7160.40  3.8545489E-02
   7160.60  3.8387512E-02
   7160.80  3.8221982E-02
   7161.00  3.8051516E-02
   7161.20  3.7872334E-02
   7161.40  3.7686887E-02
   7161.60  3.7501429E-02
   7161.80  3.7304944E-02
   7162.00  3.7103392E-02
   7162.20  3.6897111E-02
   7162.40  3.6686415E-02
   7162.60  3.6471570E-02
   7162.80  3.6252824E-02
   7163.00  3.6030715E-02
   7163.20  3.5805280E-02
   7163.40  3.5576486E-02
   7163.60  3.5344466E-02
   7163.80  3.5110108E-02
   7164.00  3.4873217E-02
   7164.20  3.4633333E-02
   7164.40  3.4390510E-02
   7164.60  3.4144874E-02
   7164.80  3.3896366E-02
   7165.00  3.3645961E-02
   7165.20  3.3392953E-02
   7165.40  3.3137492E-02
   7165.60  3.2879785E-02
   7165.80  3.2620854E-02
   7166.00  3.2360520E-02
   7166.20  3.2098942E-02
   7166.40  3.1836852E-02
   7166.60  3.1574356E-02
   7166.80  3.1311924E-02
   7167.00  3.1050716E-02
   7167.20  3.0790974E-02
   7167.40  3.0533190E-02
   7167.60  3.0278010E-02
   7167.80  3.0026062E-02
   7168.00  2.9778024E-02
   7168.20  2.9533586E-02
   7168.40  2.9296763E-02
   7168.60  2.9067691E-02
   7168.80  2.8845818E-02
   7169.00  2.8629527E-02
   7169.20  2.8420868E-02
   7169.40  2.8219942E-02
   7169.60  2.8027065E-02
   7169.80  2.7842445E-02
   7170.00  2.7666661E-02
   7170.20  2.7499448E-02
   7170.40  2.7340576E-02
   7170.60  2.7189934E-02
   7170.80  2.7047393E-02
   7171.00  2.6912751E-02
   7171.20  2.6785684E-02
   7171.40  2.6665864E-02
   7171.60  2.6552945E-02
   7171.80  2.6446863E-02
   7172.00  2.6347258E-02
