  7112.000   26  1  1  1.4926185E-02 -3.8815142E+00 -9.8291155E-01  1  1  7.2656715E+03  0.0000000E+00  0.0000000E+00  1.2363970E+00  1.0000000E+00  0.0000000E+00 = E_edge, Z, n_edge, j_edge, Abs_before_edge, VO_interstitial, E_cut, ninitl, ninit1, Epsii, UnitCell_Volume, Surface_ref, f0_forward, natomsym_f, abs_u_i
    Energy    <xanes>    
   7097.00  4.1604641E-05
   7097.20  5.0864787E-05
   7097.40  6.9632974E-05
   7097.60  1.1529796E-04
   7097.80  2.8061529E-04
   7098.00  2.4560286E-03
   7098.20  1.9952226E-03
   7098.40  3.3305800E-04
   7098.60  8.6619839E-04
   7098.80  1.9702844E-03
   7099.00  1.9125319E-04
   7099.20  7.6508630E-05
   7099.40  5.0609014E-05
   7099.60  3.9675597E-05
   7099.80  3.3824879E-05
   7100.00  3.0282168E-05
   7100.20  2.7970437E-05
   7100.40  2.6388174E-05
   7100.60  2.5273871E-05
   7100.80  2.4480414E-05
   7101.00  2.3920465E-05
   7101.20  2.3540388E-05
   7101.40  2.3311272E-05
   7101.60  2.3225356E-05
   7101.80  2.3311293E-05
   7102.00  2.3748697E-05
   7102.20  2.7475863E-05
   7102.40  3.3823426E-05
   7102.60  2.5926165E-05
   7102.80  2.8421362E-05
   7103.00  4.2150079E-05
   7103.20  4.9163094E-03
   7103.40  4.6580723E-05
   7103.60  3.1890302E-05
   7103.80  3.1072783E-05
   7104.00  3.3773615E-05
   7104.20  4.1967511E-05
   7104.40  7.9388764E-05
   7104.60  2.8191883E-03
   7104.80  1.4335678E-04
   7105.00  2.9067452E-04
   7105.20  7.0676107E-04
   7105.40  8.5003487E-05
   7105.60  5.1675795E-05
   7105.80  4.4882164E-05
   7106.00  4.4695444E-05
   7106.20  4.8551601E-05
   7106.40  5.8565756E-05
   7106.60  8.9918422E-05
   7106.80  9.0923494E-04
   7107.00  7.8393488E-04
   7107.20  3.3876787E-04
   7107.40  1.6718115E-04
   7107.60  1.6693240E-03
   7107.80  3.2669421E-04
   7108.00  3.0889213E-04
   7108.20  8.2486089E-04
   7108.40  8.1476078E-02
   7108.60  6.0513555E-03
   7108.80  6.9679908E-03
   7109.00  1.2352970E-02
   7109.20  8.5586548E-03
   7109.40  4.4005461E-03
   7109.60  3.6385145E-03
   7109.80  5.8062015E-03
   7110.00  1.4021891E-02
   7110.20  2.3426372E-02
   7110.40  9.9354965E-03
   7110.60  1.0057197E-02
   7110.80  4.7629188E-03
   7111.00  1.3019676E-02
   7111.20  2.6656509E-02
   7111.40  1.2632525E-02
   7111.60  1.1107325E-02
   7111.80  9.3706225E-03
   7112.00  9.0893943E-03
   7112.20  1.1093159E-02
   7112.40  1.5074241E-02
   7112.60  1.9582619E-02
   7112.80  2.3972713E-02
   7113.00  1.8229965E-02
   7113.20  1.1149016E-02
   7113.40  8.5605398E-03
   7113.60  6.9244428E-03
   7113.80  5.3591058E-03
   7114.00  4.2910879E-03
   7114.20  3.5966495E-03
   7114.40  3.1769143E-03
   7114.60  2.9079260E-03
   7114.80  2.7405189E-03
   7115.00  2.6374300E-03
   7115.20  2.6072350E-03
   7115.40  2.6275819E-03
   7115.60  2.6938342E-03
   7115.80  2.8037722E-03
   7116.00  2.9566455E-03
   7116.20  3.1526556E-03
   7116.40  3.3925197E-03
   7116.60  3.6771602E-03
   7116.80  4.0074459E-03
   7117.00  4.3839832E-03
   7117.20  4.8069616E-03
   7117.40  5.2760376E-03
   7117.60  5.7902733E-03
   7117.80  6.3481344E-03
   7118.00  6.9474038E-03
   7118.20  7.5849111E-03
   7118.40  8.2585037E-03
   7118.60  8.9651031E-03
   7118.80  9.7015256E-03
   7119.00  1.0464573E-02
   7119.20  1.1251100E-02
   7119.40  1.2058015E-02
   7119.60  1.2882294E-02
   7119.80  1.3720923E-02
   7120.00  1.4570794E-02
   7120.20  1.5428665E-02
   7120.40  1.6302991E-02
   7120.60  1.7167454E-02
   7120.80  1.8029014E-02
   7121.00  1.8884421E-02
   7121.20  1.9731420E-02
   7121.40  2.0569289E-02
   7121.60  2.1399227E-02
   7121.80  2.2224476E-02
   7122.00  2.3050119E-02
   7122.20  2.3882570E-02
   7122.40  2.4730620E-02
   7122.60  2.5599673E-02
   7122.80  2.6489355E-02
   7123.00  2.7394886E-02
   7123.20  2.8302834E-02
   7123.40  2.9192164E-02
   7123.60  3.0041041E-02
   7123.80  3.0838907E-02
   7124.00  3.1595679E-02
   7124.20  3.2338216E-02
   7124.40  3.3096663E-02
   7124.60  3.3889573E-02
   7124.80  3.4717713E-02
   7125.00  3.5595106E-02
   7125.20  3.6443004E-02
   7125.40  3.7269171E-02
   7125.60  3.8063593E-02
   7125.80  3.8826061E-02
   7126.00  3.9564005E-02
   7126.20  4.0312169E-02
   7126.40  4.1023301E-02
   7126.60  4.1719034E-02
   7126.80  4.2401466E-02
   7127.00  4.3057395E-02
   7127.20  4.3675469E-02
   7127.40  4.4242564E-02
   7127.60  4.4743952E-02
   7127.80  4.5168726E-02
   7128.00  4.5508191E-02
   7128.20  4.5756562E-02
   7128.40  4.5896272E-02
   7128.60  4.5963713E-02
   7128.80  4.5946687E-02
   7129.00  4.5852829E-02
   7129.20  4.5691580E-02
   7129.40  4.5473051E-02
   7129.60  4.5207282E-02
   7129.80  4.4903199E-02
   7130.00  4.4568276E-02
   7130.20  4.4208516E-02
   7130.40  4.3828229E-02
   7130.60  4.3430452E-02
   7130.80  4.3017128E-02
   7131.00  4.2589244E-02
   7131.20  4.2147661E-02
   7131.40  4.1693263E-02
   7131.60  4.1227135E-02
   7131.80  4.0751040E-02
   7132.00  4.0267055E-02
   7132.20  3.9777668E-02
   7132.40  3.9285829E-02
   7132.60  3.8794668E-02
   7132.80  3.8307304E-02
   7133.00  3.7826791E-02
   7133.20  3.7355734E-02
   7133.40  3.6894790E-02
   7133.60  3.6444796E-02
   7133.80  3.6010655E-02
   7134.00  3.5593818E-02
   7134.20  3.5195619E-02
   7134.40  3.4817443E-02
   7134.60  3.4460726E-02
   7134.80  3.4126947E-02
   7135.00  3.3817831E-02
   7135.20  3.3535175E-02
   7135.40  3.3280768E-02
   7135.60  3.3056243E-02
   7135.80  3.2862906E-02
   7136.00  3.2701671E-02
   7136.20  3.2572777E-02
   7136.40  3.2475867E-02
   7136.60  3.2409909E-02
   7136.80  3.2373312E-02
   7137.00  3.2363989E-02
   7137.20  3.2379532E-02
   7137.40  3.2417184E-02
   7137.60  3.2474137E-02
   7137.80  3.2547639E-02
   7138.00  3.2634854E-02
   7138.20  3.2733278E-02
   7138.40  3.2840475E-02
   7138.60  3.2954203E-02
   7138.80  3.3072494E-02
   7139.00  3.3193696E-02
   7139.20  3.3316324E-02
   7139.40  3.3439298E-02
   7139.60  3.3561498E-02
   7139.80  3.3681919E-02
   7140.00  3.3799851E-02
   7140.20  3.3916985E-02
   7140.40  3.4031176E-02
   7140.60  3.4141825E-02
   7140.80  3.4248496E-02
   7141.00  3.4350790E-02
   7141.20  3.4448384E-02
   7141.40  3.4540971E-02
   7141.60  3.4628308E-02
   7141.80  3.4709924E-02
   7142.00  3.4785512E-02
   7142.20  3.4854609E-02
   7142.40  3.4916687E-02
   7142.60  3.4971312E-02
   7142.80  3.5018024E-02
   7143.00  3.5056332E-02
   7143.20  3.5085763E-02
   7143.40  3.5105868E-02
   7143.60  3.5116385E-02
   7143.80  3.5117000E-02
   7144.00  3.5107359E-02
   7144.20  3.5095637E-02
   7144.40  3.5064387E-02
   7144.60  3.5022171E-02
   7144.80  3.4969033E-02
   7145.00  3.4904888E-02
   7145.20  3.4829843E-02
   7145.40  3.4744157E-02
   7145.60  3.4648072E-02
   7145.80  3.4541836E-02
   7146.00  3.4425806E-02
   7146.20  3.4300321E-02
   7146.40  3.4165787E-02
   7146.60  3.4022758E-02
   7146.80  3.3871807E-02
   7147.00  3.3713374E-02
   7147.20  3.3548153E-02
   7147.40  3.3376779E-02
   7147.60  3.3205940E-02
   7147.80  3.3037833E-02
   7148.00  3.2866036E-02
   7148.20  3.2691299E-02
   7148.40  3.2519229E-02
   7148.60  3.2341026E-02
   7148.80  3.2162595E-02
   7149.00  3.1985010E-02
   7149.20  3.1809517E-02
   7149.40  3.1637196E-02
   7149.60  3.1469118E-02
   7149.80  3.1306497E-02
   7150.00  3.1150522E-02
   7150.20  3.1002342E-02
   7150.40  3.0863117E-02
   7150.60  3.0733954E-02
   7150.80  3.0615794E-02
   7151.00  3.0509444E-02
   7151.20  3.0415662E-02
   7151.40  3.0334899E-02
   7151.60  3.0267609E-02
   7151.80  3.0213841E-02
   7152.00  3.0173534E-02
   7152.20  3.0146466E-02
   7152.40  3.0132250E-02
   7152.60  3.0130274E-02
   7152.80  3.0139832E-02
   7153.00  3.0160118E-02
   7153.20  3.0190252E-02
   7153.40  3.0229287E-02
   7153.60  3.0276242E-02
   7153.80  3.0330151E-02
   7154.00  3.0390193E-02
   7154.20  3.0455468E-02
   7154.40  3.0524998E-02
   7154.60  3.0598002E-02
   7154.80  3.0673758E-02
   7155.00  3.0751628E-02
   7155.20  3.0831055E-02
   7155.40  3.0911529E-02
   7155.60  3.0992596E-02
   7155.80  3.1073946E-02
   7156.00  3.1156430E-02
   7156.20  3.1238869E-02
   7156.40  3.1320741E-02
   7156.60  3.1401833E-02
   7156.80  3.1482137E-02
   7157.00  3.1561406E-02
   7157.20  3.1639893E-02
   7157.40  3.1717408E-02
   7157.60  3.1793713E-02
   7157.80  3.1868844E-02
   7158.00  3.1942862E-02
   7158.20  3.2015818E-02
   7158.40  3.2087837E-02
   7158.60  3.2159393E-02
   7158.80  3.2230424E-02
   7159.00  3.2300950E-02
   7159.20  3.2371152E-02
   7159.40  3.2441202E-02
   7159.60  3.2511359E-02
   7159.80  3.2592106E-02
   7160.00  3.2662751E-02
   7160.20  3.2734330E-02
   7160.40  3.2806572E-02
   7160.60  3.2879495E-02
   7160.80  3.2953133E-02
   7161.00  3.3027582E-02
   7161.20  3.3102852E-02
   7161.40  3.3178947E-02
   7161.60  3.3255814E-02
   7161.80  3.3333522E-02
   7162.00  3.3412032E-02
   7162.20  3.3490974E-02
   7162.40  3.3570281E-02
   7162.60  3.3649620E-02
   7162.80  3.3728875E-02
   7163.00  3.3807773E-02
   7163.20  3.3885998E-02
   7163.40  3.3963234E-02
   7163.60  3.4039207E-02
   7163.80  3.4114076E-02
   7164.00  3.4187198E-02
   7164.20  3.4258199E-02
   7164.40  3.4326816E-02
   7164.60  3.4392559E-02
   7164.80  3.4454133E-02
   7165.00  3.4513311E-02
   7165.20  3.4570438E-02
   7165.40  3.4623845E-02
   7165.60  3.4673355E-02
   7165.80  3.4718913E-02
   7166.00  3.4760599E-02
   7166.20  3.4798082E-02
   7166.40  3.4831295E-02
   7166.60  3.4860168E-02
   7166.80  3.4884774E-02
   7167.00  3.4905104E-02
   7167.20  3.4921159E-02
   7167.40  3.4933104E-02
   7167.60  3.4940957E-02
   7167.80  3.4944865E-02
   7168.00  3.4944983E-02
   7168.20  3.4941679E-02
   7168.40  3.4935099E-02
   7168.60  3.4925273E-02
   7168.80  3.4912416E-02
   7169.00  3.4896736E-02
   7169.20  3.4878362E-02
   7169.40  3.4857462E-02
   7169.60  3.4834645E-02
   7169.80  3.4809729E-02
   7170.00  3.4782846E-02
   7170.20  3.4753997E-02
   7170.40  3.4723319E-02
   7170.60  3.4690915E-02
   7170.80  3.4657044E-02
   7171.00  3.4621656E-02
   7171.20  3.4584922E-02
   7171.40  3.4546812E-02
   7171.60  3.4507148E-02
   7171.80  3.4465906E-02
   7172.00  3.4423067E-02
