  7112.000   26  1  1  1.7102854E-02 -1.6965964E+00 -8.4991616E-01  1  1  7.2648622E+03  0.0000000E+00  0.0000000E+00  2.7892041E+00  1.0000000E+00  0.0000000E+00 = E_edge, Z, n_edge, j_edge, Abs_before_edge, VO_interstitial, E_cut, ninitl, ninit1, Epsii, UnitCell_Volume, Surface_ref, f0_forward, natomsym_f, abs_u_i
    Energy    <xanes>    
   7097.00  1.9858845E-05
   7097.20  1.9893810E-05
   7097.40  1.9947832E-05
   7097.60  2.0020907E-05
   7097.80  2.0114415E-05
   7098.00  2.0231157E-05
   7098.20  2.0375067E-05
   7098.40  2.0551979E-05
   7098.60  2.0770127E-05
   7098.80  2.1041267E-05
   7099.00  2.1383343E-05
   7099.20  2.1824542E-05
   7099.40  2.2411878E-05
   7099.60  2.3230153E-05
   7099.80  2.4448265E-05
   7100.00  2.6452292E-05
   7100.20  3.0331947E-05
   7100.40  4.0490706E-05
   7100.60  9.7955067E-05
   7100.80  1.3499580E-03
   7101.00  2.6912310E-04
   7101.20  2.8695707E-04
   7101.40  5.8926001E-05
   7101.60  4.2978393E-05
   7101.80  4.8190241E-05
   7102.00  9.5069494E-05
   7102.20  5.9121519E-05
   7102.40  8.6659057E-05
   7102.60  2.1301156E-04
   7102.80  3.5623988E-03
   7103.00  6.4306607E-04
   7103.20  1.4589746E-04
   7103.40  1.0125012E-04
   7103.60  1.8778370E-04
   7103.80  4.3136621E-03
   7104.00  1.2358743E-03
   7104.20  2.4151731E-03
   7104.40  1.1150306E-04
   7104.60  1.3233827E-04
   7104.80  5.4446129E-03
   7105.00  6.7090568E-04
   7105.20  1.5822379E-04
   7105.40  7.3420272E-04
   7105.60  7.8179494E-03
   7105.80  4.0679100E-04
   7106.00  1.3319270E-04
   7106.20  1.3254226E-04
   7106.40  1.3077389E-04
   7106.60  1.1042191E-03
   7106.80  6.8049558E-03
   7107.00  4.7433490E-04
   7107.20  2.0460691E-04
   7107.40  2.8424840E-04
   7107.60  6.5313254E-04
   7107.80  2.1314912E-04
   7108.00  1.8736427E-02
   7108.20  5.7172584E-03
   7108.40  5.6035475E-03
   7108.60  6.0770558E-04
   7108.80  7.4577554E-04
   7109.00  5.9169099E-04
   7109.20  3.3734151E-03
   7109.40  2.8292869E-03
   7109.60  7.8996090E-04
   7109.80  2.4954146E-03
   7110.00  3.7579907E-02
   7110.20  1.0010379E-03
   7110.40  4.4302221E-03
   7110.60  3.4941360E-04
   7110.80  2.5913420E-02
   7111.00  6.2519436E-03
   7111.20  4.1732480E-03
   7111.40  6.8496834E-03
   7111.60  1.2838075E-02
   7111.80  1.0560367E-02
   7112.00  1.4054447E-02
   7112.20  1.6626106E-02
   7112.40  1.8338121E-02
   7112.60  1.6477653E-02
   7112.80  1.5823906E-02
   7113.00  1.9360881E-02
   7113.20  2.0343465E-02
   7113.40  1.8405814E-02
   7113.60  2.6824611E-02
   7113.80  2.5271226E-02
   7114.00  2.0961430E-02
   7114.20  3.9683806E-02
   7114.40  1.9976691E-02
   7114.60  2.6828505E-02
   7114.80  3.8893900E-02
   7115.00  4.5114694E-02
   7115.20  5.6257511E-02
   7115.40  4.3059451E-02
   7115.60  2.7022617E-02
   7115.80  1.8792645E-02
   7116.00  1.4477609E-02
   7116.20  1.2024494E-02
   7116.40  1.0426094E-02
   7116.60  9.5819337E-03
   7116.80  9.1237040E-03
   7117.00  8.9623740E-03
   7117.20  9.0565505E-03
   7117.40  9.6273346E-03
   7117.60  9.9696159E-03
   7117.80  8.8838563E-03
   7118.00  6.8985935E-03
   7118.20  5.4258279E-03
   7118.40  4.6473355E-03
   7118.60  4.2872104E-03
   7118.80  4.1438412E-03
   7119.00  4.1427058E-03
   7119.20  4.3038515E-03
   7119.40  4.6013416E-03
   7119.60  4.9717347E-03
   7119.80  5.3642675E-03
   7120.00  5.6327058E-03
   7120.20  5.6508731E-03
   7120.40  5.5152718E-03
   7120.60  5.4010435E-03
   7120.80  5.2729254E-03
   7121.00  5.0366993E-03
   7121.20  4.8014191E-03
   7121.40  4.6989461E-03
   7121.60  4.7969267E-03
   7121.80  5.0109824E-03
   7122.00  5.1136435E-03
   7122.20  5.1210891E-03
   7122.40  5.1600567E-03
   7122.60  5.2896254E-03
   7122.80  5.5381590E-03
   7123.00  5.9006981E-03
   7123.20  6.3218323E-03
   7123.40  6.7774700E-03
   7123.60  7.2806179E-03
   7123.80  7.8300164E-03
   7124.00  8.4709507E-03
   7124.20  9.3339606E-03
   7124.40  1.0459622E-02
   7124.60  1.1789358E-02
   7124.80  1.3299859E-02
   7125.00  1.5052813E-02
   7125.20  1.7020686E-02
   7125.40  1.8732865E-02
   7125.60  1.9600068E-02
   7125.80  1.9391235E-02
   7126.00  1.8580717E-02
   7126.20  1.7870611E-02
   7126.40  1.7586402E-02
   7126.60  1.7616081E-02
   7126.80  1.7791898E-02
   7127.00  1.8041135E-02
   7127.20  1.8289236E-02
   7127.40  1.8571942E-02
   7127.60  1.9068408E-02
   7127.80  2.0084313E-02
   7128.00  2.1534103E-02
   7128.20  2.3081696E-02
   7128.40  2.3987413E-02
   7128.60  2.5272616E-02
   7128.80  2.6938458E-02
   7129.00  2.7838258E-02
   7129.20  2.7857760E-02
   7129.40  2.7618741E-02
   7129.60  2.7684106E-02
   7129.80  2.8134560E-02
   7130.00  2.8919321E-02
   7130.20  2.9887870E-02
   7130.40  3.0968962E-02
   7130.60  3.2192145E-02
   7130.80  3.3727836E-02
   7131.00  3.5652551E-02
   7131.20  3.7957937E-02
   7131.40  4.0549584E-02
   7131.60  4.3296751E-02
   7131.80  4.6049097E-02
   7132.00  4.8618334E-02
   7132.20  5.0788761E-02
   7132.40  5.2394470E-02
   7132.60  5.3408208E-02
   7132.80  5.3963746E-02
   7133.00  5.4319250E-02
   7133.20  5.4795890E-02
   7133.40  5.5678468E-02
   7133.60  5.7095921E-02
   7133.80  5.8949537E-02
   7134.00  6.0934143E-02
   7134.20  6.2634041E-02
   7134.40  6.3649887E-02
   7134.60  6.3737580E-02
   7134.80  6.2951766E-02
   7135.00  6.1675370E-02
   7135.20  6.0462741E-02
   7135.40  5.9765476E-02
   7135.60  5.9732348E-02
   7135.80  6.0190271E-02
   7136.00  6.0796065E-02
   7136.20  6.1275118E-02
   7136.40  6.1542574E-02
   7136.60  6.1598826E-02
   7136.80  6.1412824E-02
   7137.00  6.0935069E-02
   7137.20  6.0151392E-02
   7137.40  5.9099062E-02
   7137.60  5.7849340E-02
   7137.80  5.6480321E-02
   7138.00  5.5056670E-02
   7138.20  5.3620471E-02
   7138.40  5.2193777E-02
   7138.60  5.0786503E-02
   7138.80  4.9405399E-02
   7139.00  4.8061486E-02
   7139.20  4.6769941E-02
   7139.40  4.5548267E-02
   7139.60  4.4412777E-02
   7139.80  4.3375325E-02
   7140.00  4.2442864E-02
   7140.20  4.1618884E-02
   7140.40  4.0904258E-02
   7140.60  4.0298194E-02
   7140.80  3.9806487E-02
   7141.00  3.9432098E-02
   7141.20  3.9162279E-02
   7141.40  3.8996799E-02
   7141.60  3.8932874E-02
   7141.80  3.8963157E-02
   7142.00  3.9073052E-02
   7142.20  3.9238279E-02
   7142.40  3.9424259E-02
   7142.60  3.9588915E-02
   7142.80  3.9688819E-02
   7143.00  3.9689202E-02
   7143.20  3.9572528E-02
   7143.40  3.9341993E-02
   7143.60  3.9018600E-02
   7143.80  3.8633640E-02
   7144.00  3.8219964E-02
   7144.20  3.7805880E-02
   7144.40  3.7411957E-02
   7144.60  3.7050643E-02
   7144.80  3.6727349E-02
   7145.00  3.6442231E-02
   7145.20  3.6191744E-02
   7145.40  3.5970231E-02
   7145.60  3.5770759E-02
   7145.80  3.5586004E-02
   7146.00  3.5408800E-02
   7146.20  3.5232383E-02
   7146.40  3.5050724E-02
   7146.60  3.4858889E-02
   7146.80  3.4653392E-02
   7147.00  3.4432623E-02
   7147.20  3.4196997E-02
   7147.40  3.3948896E-02
   7147.60  3.3692520E-02
   7147.80  3.3433201E-02
   7148.00  3.3181155E-02
   7148.20  3.2938780E-02
   7148.40  3.2710361E-02
   7148.60  3.2498650E-02
   7148.80  3.2306360E-02
   7149.00  3.2135135E-02
   7149.20  3.1985524E-02
   7149.40  3.1868230E-02
   7149.60  3.1760082E-02
   7149.80  3.1670498E-02
   7150.00  3.1597725E-02
   7150.20  3.1539152E-02
   7150.40  3.1492232E-02
   7150.60  3.1455593E-02
   7150.80  3.1425176E-02
   7151.00  3.1398818E-02
   7151.20  3.1376503E-02
   7151.40  3.1355808E-02
   7151.60  3.1335363E-02
   7151.80  3.1314427E-02
   7152.00  3.1292731E-02
   7152.20  3.1270650E-02
   7152.40  3.1248447E-02
   7152.60  3.1226952E-02
   7152.80  3.1207346E-02
   7153.00  3.1190827E-02
   7153.20  3.1178979E-02
   7153.40  3.1172915E-02
   7153.60  3.1173797E-02
   7153.80  3.1182578E-02
   7154.00  3.1199891E-02
   7154.20  3.1226122E-02
   7154.40  3.1261289E-02
   7154.60  3.1304639E-02
   7154.80  3.1355066E-02
   7155.00  3.1411169E-02
   7155.20  3.1468384E-02
   7155.40  3.1531256E-02
   7155.60  3.1594396E-02
   7155.80  3.1656578E-02
   7156.00  3.1716761E-02
   7156.20  3.1772954E-02
   7156.40  3.1824142E-02
   7156.60  3.1869574E-02
   7156.80  3.1908741E-02
   7157.00  3.1941211E-02
   7157.20  3.1966579E-02
   7157.40  3.1984290E-02
   7157.60  3.1993756E-02
   7157.80  3.1994241E-02
   7158.00  3.1984893E-02
   7158.20  3.1964811E-02
   7158.40  3.1933120E-02
   7158.60  3.1889160E-02
   7158.80  3.1832486E-02
   7159.00  3.1762717E-02
   7159.20  3.1680023E-02
   7159.40  3.1584926E-02
   7159.60  3.1478285E-02
   7159.80  3.1361371E-02
   7160.00  3.1235749E-02
   7160.20  3.1103196E-02
   7160.40  3.0965596E-02
   7160.60  3.0825128E-02
   7160.80  3.0683494E-02
   7161.00  3.0542481E-02
   7161.20  3.0403764E-02
   7161.40  3.0268857E-02
   7161.60  3.0139137E-02
   7161.80  3.0015814E-02
   7162.00  2.9899853E-02
   7162.20  2.9792139E-02
   7162.40  2.9693294E-02
   7162.60  2.9604019E-02
   7162.80  2.9525146E-02
   7163.00  2.9455323E-02
   7163.20  2.9397155E-02
   7163.40  2.9348332E-02
   7163.60  2.9312627E-02
   7163.80  2.9291786E-02
   7164.00  2.9272592E-02
   7164.20  2.9262795E-02
   7164.40  2.9261434E-02
   7164.60  2.9268803E-02
   7164.80  2.9283438E-02
   7165.00  2.9304969E-02
   7165.20  2.9332558E-02
   7165.40  2.9365140E-02
   7165.60  2.9401935E-02
   7165.80  2.9442223E-02
   7166.00  2.9485340E-02
   7166.20  2.9531171E-02
   7166.40  2.9578592E-02
   7166.60  2.9627155E-02
   7166.80  2.9676443E-02
   7167.00  2.9726147E-02
   7167.20  2.9775945E-02
   7167.40  2.9825933E-02
   7167.60  2.9875747E-02
   7167.80  2.9924823E-02
   7168.00  2.9972728E-02
   7168.20  3.0019052E-02
   7168.40  3.0063155E-02
   7168.60  3.0104369E-02
   7168.80  3.0141899E-02
   7169.00  3.0174877E-02
   7169.20  3.0201833E-02
   7169.40  3.0215221E-02
   7169.60  3.0228957E-02
   7169.80  3.0230652E-02
   7170.00  3.0221869E-02
   7170.20  3.0201863E-02
   7170.40  3.0170063E-02
   7170.60  3.0126708E-02
   7170.80  3.0071686E-02
   7171.00  3.0005555E-02
   7171.20  2.9929309E-02
   7171.40  2.9844357E-02
   7171.60  2.9752415E-02
   7171.80  2.9655304E-02
   7172.00  2.9554984E-02
