  7112.000   26  1  1  1.4587468E-02 -2.4018963E+00 -1.3711664E+00  1  1  7.2652371E+03  0.0000000E+00  0.0000000E+00  2.2937839E+00  1.0000000E+00  0.0000000E+00 = E_edge, Z, n_edge, j_edge, Abs_before_edge, VO_interstitial, E_cut, ninitl, ninit1, Epsii, UnitCell_Volume, Surface_ref, f0_forward, natomsym_f, abs_u_i
    Energy    <xanes>    
   7097.00  2.0115603E-05
   7097.20  1.9738909E-05
   7097.40  1.9672597E-05
   7097.60  1.9674690E-05
   7097.80  1.9708702E-05
   7098.00  1.9765196E-05
   7098.20  1.9841750E-05
   7098.40  1.9938653E-05
   7098.60  2.0057803E-05
   7098.80  2.0202400E-05
   7099.00  2.0377098E-05
   7099.20  2.0588544E-05
   7099.40  2.0846274E-05
   7099.60  2.1164365E-05
   7099.80  2.1564638E-05
   7100.00  2.2083180E-05
   7100.20  2.2785631E-05
   7100.40  2.3809182E-05
   7100.60  2.5509129E-05
   7100.80  2.9208652E-05
   7101.00  4.5435197E-05
   7101.20  4.6980119E-03
   7101.40  4.9086262E-05
   7101.60  4.5273033E-05
   7101.80  8.1016673E-05
   7102.00  1.0075568E-04
   7102.20  4.2171526E-04
   7102.40  4.4608870E-03
   7102.60  1.8645027E-04
   7102.80  8.1337790E-05
   7103.00  7.6806239E-05
   7103.20  8.2926831E-04
   7103.40  1.1755663E-04
   7103.60  5.5301864E-05
   7103.80  5.6782938E-05
   7104.00  3.5648757E-04
   7104.20  2.2964887E-04
   7104.40  1.1046751E-04
   7104.60  2.0300667E-03
   7104.80  2.5327760E-04
   7105.00  6.8040878E-04
   7105.20  1.1748706E-03
   7105.40  1.9726416E-04
   7105.60  7.7713447E-05
   7105.80  1.2362887E-04
   7106.00  6.7889005E-05
   7106.20  5.8018417E-05
   7106.40  1.0922211E-04
   7106.60  9.9558442E-05
   7106.80  9.9143994E-05
   7107.00  3.9947489E-04
   7107.20  1.3096518E-03
   7107.40  4.3548746E-04
   7107.60  3.3788055E-02
   7107.80  2.3187367E-03
   7108.00  1.5128598E-03
   7108.20  6.1428318E-04
   7108.40  5.6295606E-04
   7108.60  2.2069764E-03
   7108.80  3.1020400E-04
   7109.00  2.6106621E-03
   7109.20  6.3314779E-03
   7109.40  2.0120693E-03
   7109.60  3.7552730E-02
   7109.80  1.4319427E-03
   7110.00  4.4736459E-04
   7110.20  8.2620891E-03
   7110.40  9.0749553E-03
   7110.60  6.6455178E-03
   7110.80  6.3461246E-03
   7111.00  1.4250375E-02
   7111.20  9.5076180E-03
   7111.40  7.6394308E-03
   7111.60  8.3733990E-03
   7111.80  1.4392792E-02
   7112.00  1.6642127E-02
   7112.20  1.7581298E-02
   7112.40  2.0411697E-02
   7112.60  2.4419171E-02
   7112.80  2.5581942E-02
   7113.00  2.2785878E-02
   7113.20  2.0023822E-02
   7113.40  1.9912203E-02
   7113.60  2.3801147E-02
   7113.80  3.2527285E-02
   7114.00  4.3399165E-02
   7114.20  4.7915930E-02
   7114.40  4.4076322E-02
   7114.60  3.7287953E-02
   7114.80  3.0670298E-02
   7115.00  2.5323493E-02
   7115.20  2.1407059E-02
   7115.40  1.8661254E-02
   7115.60  1.6788010E-02
   7115.80  1.5578882E-02
   7116.00  1.4923538E-02
   7116.20  1.4781106E-02
   7116.40  1.5115901E-02
   7116.60  1.5697526E-02
   7116.80  1.6374884E-02
   7117.00  1.6765706E-02
   7117.20  1.7178764E-02
   7117.40  1.6836166E-02
   7117.60  1.4998518E-02
   7117.80  1.2631751E-02
   7118.00  1.0721835E-02
   7118.20  9.4572814E-03
   7118.40  8.7124048E-03
   7118.60  8.3309540E-03
   7118.80  8.1661144E-03
   7119.00  8.0856115E-03
   7119.20  8.0034922E-03
   7119.40  7.8859996E-03
   7119.60  7.7207089E-03
   7119.80  7.5004693E-03
   7120.00  7.2279613E-03
   7120.20  6.9217355E-03
   7120.40  6.6162767E-03
   7120.60  6.3593142E-03
   7120.80  6.2171860E-03
   7121.00  6.2880315E-03
   7121.20  6.6616384E-03
   7121.40  7.3553829E-03
   7121.60  8.3572046E-03
   7121.80  9.4719824E-03
   7122.00  1.0100834E-02
   7122.20  9.8019643E-03
   7122.40  8.9193147E-03
   7122.60  7.9631269E-03
   7122.80  7.0892852E-03
   7123.00  6.7058140E-03
   7123.20  6.6509031E-03
   7123.40  6.7648770E-03
   7123.60  6.9868679E-03
   7123.80  7.3368989E-03
   7124.00  7.8339428E-03
   7124.20  8.4807455E-03
   7124.40  9.2621443E-03
   7124.60  1.0163733E-02
   7124.80  1.1219087E-02
   7125.00  1.2499317E-02
   7125.20  1.4066660E-02
   7125.40  1.5954463E-02
   7125.60  1.8155075E-02
   7125.80  2.0595887E-02
   7126.00  2.3117713E-02
   7126.20  2.5497384E-02
   7126.40  2.7541438E-02
   7126.60  2.9174262E-02
   7126.80  3.0346233E-02
   7127.00  3.1008191E-02
   7127.20  3.1040310E-02
   7127.40  3.0918312E-02
   7127.60  3.1052688E-02
   7127.80  3.1557281E-02
   7128.00  3.2359052E-02
   7128.20  3.3351036E-02
   7128.40  3.4452720E-02
   7128.60  3.5614903E-02
   7128.80  3.6874749E-02
   7129.00  3.8116226E-02
   7129.20  3.9318974E-02
   7129.40  4.0490159E-02
   7129.60  4.1595265E-02
   7129.80  4.2545355E-02
   7130.00  4.3421197E-02
   7130.20  4.4183462E-02
   7130.40  4.4922089E-02
   7130.60  4.5556355E-02
   7130.80  4.6126343E-02
   7131.00  4.6578011E-02
   7131.20  4.6860176E-02
   7131.40  4.6958360E-02
   7131.60  4.6897067E-02
   7131.80  4.6725553E-02
   7132.00  4.6502884E-02
   7132.20  4.6287655E-02
   7132.40  4.6132399E-02
   7132.60  4.6079976E-02
   7132.80  4.6162781E-02
   7133.00  4.6402572E-02
   7133.20  4.6810721E-02
   7133.40  4.7386435E-02
   7133.60  4.8110454E-02
   7133.80  4.8937072E-02
   7134.00  4.9791551E-02
   7134.20  5.0581635E-02
   7134.40  5.1223799E-02
   7134.60  5.1662561E-02
   7134.80  5.1880711E-02
   7135.00  5.1877203E-02
   7135.20  5.1651310E-02
   7135.40  5.1196734E-02
   7135.60  5.0510127E-02
   7135.80  4.9606364E-02
   7136.00  4.8529453E-02
   7136.20  4.7348789E-02
   7136.40  4.6141594E-02
   7136.60  4.4971663E-02
   7136.80  4.3876107E-02
   7137.00  4.2864476E-02
   7137.20  4.1926222E-02
   7137.40  4.1041544E-02
   7137.60  4.0188817E-02
   7137.80  3.9351453E-02
   7138.00  3.8520427E-02
   7138.20  3.7696160E-02
   7138.40  3.6887425E-02
   7138.60  3.6109901E-02
   7138.80  3.5383297E-02
   7139.00  3.4728598E-02
   7139.20  3.4165397E-02
   7139.40  3.3709284E-02
   7139.60  3.3370552E-02
   7139.80  3.3153055E-02
   7140.00  3.3053946E-02
   7140.20  3.3064353E-02
   7140.40  3.3170286E-02
   7140.60  3.3355354E-02
   7140.80  3.3603460E-02
   7141.00  3.3903669E-02
   7141.20  3.4253009E-02
   7141.40  3.4649406E-02
   7141.60  3.5091578E-02
   7141.80  3.5571017E-02
   7142.00  3.6069692E-02
   7142.20  3.6562122E-02
   7142.40  3.7020294E-02
   7142.60  3.7420730E-02
   7142.80  3.7750336E-02
   7143.00  3.8008721E-02
   7143.20  3.8205660E-02
   7143.40  3.8356532E-02
   7143.60  3.8477001E-02
   7143.80  3.8579324E-02
   7144.00  3.8671100E-02
   7144.20  3.8755204E-02
   7144.40  3.8830186E-02
   7144.60  3.8891196E-02
   7144.80  3.8930733E-02
   7145.00  3.8939462E-02
   7145.20  3.8906867E-02
   7145.40  3.8822587E-02
   7145.60  3.8677376E-02
   7145.80  3.8464174E-02
   7146.00  3.8179095E-02
   7146.20  3.7822179E-02
   7146.40  3.7397799E-02
   7146.60  3.6914482E-02
   7146.80  3.6384324E-02
   7147.00  3.5821726E-02
   7147.20  3.5242106E-02
   7147.40  3.4660566E-02
   7147.60  3.4090757E-02
   7147.80  3.3544328E-02
   7148.00  3.3030441E-02
   7148.20  3.2555803E-02
   7148.40  3.2129084E-02
   7148.60  3.1755283E-02
   7148.80  3.1425432E-02
   7149.00  3.1142066E-02
   7149.20  3.0901238E-02
   7149.40  3.0701964E-02
   7149.60  3.0543176E-02
   7149.80  3.0423693E-02
   7150.00  3.0346733E-02
   7150.20  3.0299394E-02
   7150.40  3.0288337E-02
   7150.60  3.0309031E-02
   7150.80  3.0361892E-02
   7151.00  3.0443155E-02
   7151.20  3.0551580E-02
   7151.40  3.0684988E-02
   7151.60  3.0841251E-02
   7151.80  3.1018207E-02
   7152.00  3.1213577E-02
   7152.20  3.1424722E-02
   7152.40  3.1647493E-02
   7152.60  3.1882346E-02
   7152.80  3.2125032E-02
   7153.00  3.2373096E-02
   7153.20  3.2623825E-02
   7153.40  3.2874728E-02
   7153.60  3.3123463E-02
   7153.80  3.3367894E-02
   7154.00  3.3606247E-02
   7154.20  3.3836778E-02
   7154.40  3.4057672E-02
   7154.60  3.4267529E-02
   7154.80  3.4465265E-02
   7155.00  3.4650020E-02
   7155.20  3.4821179E-02
   7155.40  3.4978290E-02
   7155.60  3.5120900E-02
   7155.80  3.5248721E-02
   7156.00  3.5361600E-02
   7156.20  3.5459461E-02
   7156.40  3.5542480E-02
   7156.60  3.5611026E-02
   7156.80  3.5665144E-02
   7157.00  3.5704890E-02
   7157.20  3.5730707E-02
   7157.40  3.5743304E-02
   7157.60  3.5743539E-02
   7157.80  3.5732434E-02
   7158.00  3.5711136E-02
   7158.20  3.5680943E-02
   7158.40  3.5643330E-02
   7158.60  3.5599721E-02
   7158.80  3.5550999E-02
   7159.00  3.5498405E-02
   7159.20  3.5442865E-02
   7159.40  3.5385281E-02
   7159.60  3.5326394E-02
   7159.80  3.5266821E-02
   7160.00  3.5207036E-02
   7160.20  3.5147400E-02
   7160.40  3.5088342E-02
   7160.60  3.5029843E-02
   7160.80  3.4971991E-02
   7161.00  3.4914812E-02
   7161.20  3.4856567E-02
   7161.40  3.4800876E-02
   7161.60  3.4745784E-02
   7161.80  3.4691260E-02
   7162.00  3.4637173E-02
   7162.20  3.4583365E-02
   7162.40  3.4530602E-02
   7162.60  3.4479104E-02
   7162.80  3.4428922E-02
   7163.00  3.4377028E-02
   7163.20  3.4322843E-02
   7163.40  3.4268564E-02
   7163.60  3.4214232E-02
   7163.80  3.4160218E-02
   7164.00  3.4106903E-02
   7164.20  3.4053736E-02
   7164.40  3.4000849E-02
   7164.60  3.3948485E-02
   7164.80  3.3897123E-02
   7165.00  3.3847173E-02
   7165.20  3.3798242E-02
   7165.40  3.3750556E-02
   7165.60  3.3704761E-02
   7165.80  3.3660627E-02
   7166.00  3.3618690E-02
   7166.20  3.3578950E-02
   7166.40  3.3541328E-02
   7166.60  3.3505934E-02
   7166.80  3.3472775E-02
   7167.00  3.3441878E-02
   7167.20  3.3413530E-02
   7167.40  3.3387677E-02
   7167.60  3.3363543E-02
   7167.80  3.3340855E-02
   7168.00  3.3319129E-02
   7168.20  3.3297852E-02
   7168.40  3.3276426E-02
   7168.60  3.3248572E-02
   7168.80  3.3226403E-02
   7169.00  3.3201516E-02
   7169.20  3.3171622E-02
   7169.40  3.3136755E-02
   7169.60  3.3095863E-02
   7169.80  3.3047816E-02
   7170.00  3.2991640E-02
   7170.20  3.2926210E-02
   7170.40  3.2851084E-02
   7170.60  3.2765305E-02
   7170.80  3.2668195E-02
   7171.00  3.2559482E-02
   7171.20  3.2439203E-02
   7171.40  3.2307564E-02
   7171.60  3.2165013E-02
   7171.80  3.2012364E-02
   7172.00  3.1850590E-02
