  7112.000   26  1  1  2.8718548E-02 -2.5082953E+00 -4.0194907E-01  1  1  7.2651440E+03  0.0000000E+00  0.0000000E+00  3.5844679E+00  1.0000000E+00  0.0000000E+00 = E_edge, Z, n_edge, j_edge, Abs_before_edge, VO_interstitial, E_cut, ninitl, ninit1, Epsii, UnitCell_Volume, Surface_ref, f0_forward, natomsym_f, abs_u_i
    Energy    <xanes>    
   7097.00  1.2411363E-04
   7097.20  7.0059868E-05
   7097.40  5.0760811E-05
   7097.60  4.1376604E-05
   7097.80  3.6030499E-05
   7098.00  3.2683712E-05
   7098.20  3.0462603E-05
   7098.40  2.8936076E-05
   7098.60  2.7869363E-05
   7098.80  2.7128863E-05
   7099.00  2.6632585E-05
   7099.20  2.6332441E-05
   7099.40  2.6200245E-05
   7099.60  2.6224557E-05
   7099.80  2.6407794E-05
   7100.00  2.6770667E-05
   7100.20  2.7361202E-05
   7100.40  2.8279341E-05
   7100.60  2.9751658E-05
   7100.80  3.2383673E-05
   7101.00  3.8426077E-05
   7101.20  6.4901369E-05
   7101.40  2.5768288E-03
   7101.60  8.5007840E-05
   7101.80  6.0768095E-05
   7102.00  8.9252075E-05
   7102.20  6.1360893E-04
   7102.40  1.1211366E-03
   7102.60  3.4828272E-04
   7102.80  4.9290127E-04
   7103.00  2.3347491E-04
   7103.20  1.9831941E-02
   7103.40  1.3123562E-02
   7103.60  1.5242886E-04
   7103.80  2.6880693E-04
   7104.00  1.8261027E-02
   7104.20  1.6430208E-03
   7104.40  2.6111791E-03
   7104.60  1.5939174E-03
   7104.80  2.2488301E-04
   7105.00  4.7163566E-03
   7105.20  2.3634319E-04
   7105.40  1.3704025E-03
   7105.60  3.8053865E-04
   7105.80  6.7505261E-03
   7106.00  9.9627168E-04
   7106.20  5.4445075E-03
   7106.40  4.6707302E-04
   7106.60  1.2710637E-03
   7106.80  2.8729602E-02
   7107.00  1.9445918E-03
   7107.20  1.1990017E-02
   7107.40  5.4883499E-03
   7107.60  6.2257715E-03
   7107.80  7.6522034E-02
   7108.00  5.4058591E-02
   7108.20  3.7791636E-03
   7108.40  1.9724945E-02
   7108.60  1.8578381E-03
   7108.80  5.1936696E-03
   7109.00  6.2179879E-02
   7109.20  7.0385623E-02
   7109.40  6.4182583E-03
   7109.60  2.2632900E-02
   7109.80  6.7663996E-03
   7110.00  1.4216002E-03
   7110.20  2.0996654E-02
   7110.40  1.8514492E-02
   7110.60  7.1466406E-03
   7110.80  8.7429958E-03
   7111.00  4.8810454E-03
   7111.20  1.5684643E-02
   7111.40  1.3430438E-02
   7111.60  1.0854567E-02
   7111.80  1.1889383E-02
   7112.00  5.2072870E-03
   7112.20  7.3351819E-03
   7112.40  2.2555036E-02
   7112.60  1.0831316E-02
   7112.80  4.6673571E-03
   7113.00  6.2498653E-03
   7113.20  1.9346416E-03
   7113.40  1.7994836E-03
   7113.60  3.8242024E-03
   7113.80  1.4905781E-02
   7114.00  7.4527700E-03
   7114.20  6.4705247E-03
   7114.40  4.2342624E-03
   7114.60  3.4224280E-03
   7114.80  2.1249239E-03
   7115.00  1.2574142E-03
   7115.20  7.0186616E-04
   7115.40  5.5404935E-04
   7115.60  4.8494149E-04
   7115.80  4.4891086E-04
   7116.00  4.3417915E-04
   7116.20  4.3800236E-04
   7116.40  4.6234899E-04
   7116.60  5.1342117E-04
   7116.80  6.0162078E-04
   7117.00  7.3703109E-04
   7117.20  9.0835257E-04
   7117.40  1.0462415E-03
   7117.60  1.0559604E-03
   7117.80  9.4608963E-04
   7118.00  8.0951303E-04
   7118.20  7.0219701E-04
   7118.40  6.3233020E-04
   7118.60  5.9280888E-04
   7118.80  5.7639622E-04
   7119.00  5.7871001E-04
   7119.20  5.9777789E-04
   7119.40  6.3357419E-04
   7119.60  6.8772108E-04
   7119.80  7.6376034E-04
   7120.00  8.6785440E-04
   7120.20  1.0101737E-03
   7120.40  1.2074782E-03
   7120.60  1.4877813E-03
   7120.80  1.8981949E-03
   7121.00  2.5188691E-03
   7121.20  3.5033655E-03
   7121.40  4.8922533E-03
   7121.60  6.6805508E-03
   7121.80  8.6030995E-03
   7122.00  1.0398993E-02
   7122.20  1.1994553E-02
   7122.40  1.3397164E-02
   7122.60  1.4451213E-02
   7122.80  1.5320028E-02
   7123.00  1.6756991E-02
   7123.20  1.8868630E-02
   7123.40  2.0748643E-02
   7123.60  2.1960549E-02
   7123.80  2.1915269E-02
   7124.00  2.0378704E-02
   7124.20  1.8956012E-02
   7124.40  1.8268198E-02
   7124.60  1.8384482E-02
   7124.80  1.8827725E-02
   7125.00  1.9607667E-02
   7125.20  2.0742812E-02
   7125.40  2.2234774E-02
   7125.60  2.4137058E-02
   7125.80  2.6530737E-02
   7126.00  2.9502088E-02
   7126.20  3.3023360E-02
   7126.40  3.6812141E-02
   7126.60  4.0120419E-02
   7126.80  4.2273508E-02
   7127.00  4.3047997E-02
   7127.20  4.2890015E-02
   7127.40  4.2745327E-02
   7127.60  4.3403539E-02
   7127.80  4.4977563E-02
   7128.00  4.6973817E-02
   7128.20  4.9177409E-02
   7128.40  5.2013943E-02
   7128.60  5.5641270E-02
   7128.80  5.9182926E-02
   7129.00  6.1419283E-02
   7129.20  6.2460422E-02
   7129.40  6.3473424E-02
   7129.60  6.5135051E-02
   7129.80  6.7185219E-02
   7130.00  6.8891266E-02
   7130.20  6.9711755E-02
   7130.40  6.9631469E-02
   7130.60  6.8963261E-02
   7130.80  6.8001305E-02
   7131.00  6.6902065E-02
   7131.20  6.5756605E-02
   7131.40  6.4671515E-02
   7131.60  6.3766495E-02
   7131.80  6.3126732E-02
   7132.00  6.2772213E-02
   7132.20  6.2659509E-02
   7132.40  6.2702932E-02
   7132.60  6.2797418E-02
   7132.80  6.2837901E-02
   7133.00  6.2733814E-02
   7133.20  6.2419043E-02
   7133.40  6.1858983E-02
   7133.60  6.1055430E-02
   7133.80  6.0047435E-02
   7134.00  5.8899407E-02
   7134.20  5.7695744E-02
   7134.40  5.6483904E-02
   7134.60  5.5267585E-02
   7134.80  5.4028115E-02
   7135.00  5.2747400E-02
   7135.20  5.1416197E-02
   7135.40  5.0035265E-02
   7135.60  4.8614682E-02
   7135.80  4.7172550E-02
   7136.00  4.5732931E-02
   7136.20  4.4323562E-02
   7136.40  4.2975785E-02
   7136.60  4.1716432E-02
   7136.80  4.0564316E-02
   7137.00  3.9529186E-02
   7137.20  3.8613758E-02
   7137.40  3.7815447E-02
   7137.60  3.7128859E-02
   7137.80  3.6548157E-02
   7138.00  3.6066999E-02
   7138.20  3.5679129E-02
   7138.40  3.5378287E-02
   7138.60  3.5157417E-02
   7138.80  3.5008162E-02
   7139.00  3.4920436E-02
   7139.20  3.4881596E-02
   7139.40  3.4876193E-02
   7139.60  3.4886552E-02
   7139.80  3.4894901E-02
   7140.00  3.4865990E-02
   7140.20  3.4828376E-02
   7140.40  3.4756633E-02
   7140.60  3.4655684E-02
   7140.80  3.4530533E-02
   7141.00  3.4386380E-02
   7141.20  3.4227466E-02
   7141.40  3.4056377E-02
   7141.60  3.3874344E-02
   7141.80  3.3682024E-02
   7142.00  3.3480509E-02
   7142.20  3.3272130E-02
   7142.40  3.3060791E-02
   7142.60  3.2851747E-02
   7142.80  3.2650917E-02
   7143.00  3.2464321E-02
   7143.20  3.2297461E-02
   7143.40  3.2147669E-02
   7143.60  3.2033409E-02
   7143.80  3.1950552E-02
   7144.00  3.1902511E-02
   7144.20  3.1889198E-02
   7144.40  3.1913113E-02
   7144.60  3.1975200E-02
   7144.80  3.2075789E-02
   7145.00  3.2214795E-02
   7145.20  3.2391943E-02
   7145.40  3.2607132E-02
   7145.60  3.2860515E-02
   7145.80  3.3152662E-02
   7146.00  3.3484434E-02
   7146.20  3.3856352E-02
   7146.40  3.4288653E-02
   7146.60  3.4736795E-02
   7146.80  3.5214697E-02
   7147.00  3.5711297E-02
   7147.20  3.6209584E-02
   7147.40  3.6689529E-02
   7147.60  3.7101914E-02
   7147.80  3.7444222E-02
   7148.00  3.7711996E-02
   7148.20  3.7876839E-02
   7148.40  3.7939450E-02
   7148.60  3.7898775E-02
   7148.80  3.7763488E-02
   7149.00  3.7540028E-02
   7149.20  3.7246523E-02
   7149.40  3.6885381E-02
   7149.60  3.6471219E-02
   7149.80  3.6018121E-02
   7150.00  3.5533603E-02
   7150.20  3.5023111E-02
   7150.40  3.4492727E-02
   7150.60  3.3940885E-02
   7150.80  3.3369686E-02
   7151.00  3.2778829E-02
   7151.20  3.2167855E-02
   7151.40  3.1537002E-02
   7151.60  3.0867135E-02
   7151.80  3.0194951E-02
   7152.00  2.9512466E-02
   7152.20  2.8818752E-02
   7152.40  2.8122160E-02
   7152.60  2.7425543E-02
   7152.80  2.6738515E-02
   7153.00  2.6065083E-02
   7153.20  2.5410602E-02
   7153.40  2.4779639E-02
   7153.60  2.4175666E-02
   7153.80  2.3601400E-02
   7154.00  2.3057541E-02
   7154.20  2.2544114E-02
   7154.40  2.2060151E-02
   7154.60  2.1603929E-02
   7154.80  2.1173215E-02
   7155.00  2.0765574E-02
   7155.20  2.0378794E-02
   7155.40  2.0010648E-02
   7155.60  1.9658904E-02
   7155.80  1.9323152E-02
   7156.00  1.9002945E-02
   7156.20  1.8698554E-02
   7156.40  1.8410051E-02
   7156.60  1.8138283E-02
   7156.80  1.7884114E-02
   7157.00  1.7648819E-02
   7157.20  1.7431809E-02
   7157.40  1.7233880E-02
   7157.60  1.7055046E-02
   7157.80  1.6895043E-02
   7158.00  1.6753390E-02
   7158.20  1.6629388E-02
   7158.40  1.6522248E-02
   7158.60  1.6431219E-02
   7158.80  1.6355804E-02
   7159.00  1.6295440E-02
   7159.20  1.6250063E-02
   7159.40  1.6220005E-02
   7159.60  1.6205954E-02
   7159.80  1.6208976E-02
   7160.00  1.6231045E-02
   7160.20  1.6273656E-02
   7160.40  1.6338008E-02
   7160.60  1.6425376E-02
   7160.80  1.6536371E-02
   7161.00  1.6672044E-02
   7161.20  1.6832854E-02
   7161.40  1.7019945E-02
   7161.60  1.7229392E-02
   7161.80  1.7465679E-02
   7162.00  1.7722433E-02
   7162.20  1.7993820E-02
   7162.40  1.8283859E-02
   7162.60  1.8589639E-02
   7162.80  1.8903052E-02
   7163.00  1.9225547E-02
   7163.20  1.9554779E-02
   7163.40  1.9888806E-02
   7163.60  2.0225701E-02
   7163.80  2.0563731E-02
   7164.00  2.0901187E-02
   7164.20  2.1237279E-02
   7164.40  2.1571236E-02
   7164.60  2.1900452E-02
   7164.80  2.2223691E-02
   7165.00  2.2539945E-02
   7165.20  2.2848121E-02
   7165.40  2.3147339E-02
   7165.60  2.3436678E-02
   7165.80  2.3715558E-02
   7166.00  2.3983574E-02
   7166.20  2.4240293E-02
   7166.40  2.4485578E-02
   7166.60  2.4719281E-02
   7166.80  2.4941430E-02
   7167.00  2.5152268E-02
   7167.20  2.5352150E-02
   7167.40  2.5541569E-02
   7167.60  2.5721165E-02
   7167.80  2.5891479E-02
   7168.00  2.6053332E-02
   7168.20  2.6207542E-02
   7168.40  2.6354566E-02
   7168.60  2.6495163E-02
   7168.80  2.6630074E-02
   7169.00  2.6759929E-02
   7169.20  2.6885284E-02
   7169.40  2.7006616E-02
   7169.60  2.7124330E-02
   7169.80  2.7238827E-02
   7170.00  2.7350478E-02
   7170.20  2.7459455E-02
   7170.40  2.7566062E-02
   7170.60  2.7670478E-02
   7170.80  2.7772906E-02
   7171.00  2.7873600E-02
   7171.20  2.7972815E-02
   7171.40  2.8070535E-02
   7171.60  2.8166780E-02
   7171.80  2.8261766E-02
   7172.00  2.8355663E-02
