  7112.000   26  1  1  1.4058012E-02 -2.8876142E+00 -2.6778483E+00  1  1  7.2664825E+03  0.0000000E+00  0.0000000E+00  2.1355302E+00  1.0000000E+00  0.0000000E+00 = E_edge, Z, n_edge, j_edge, Abs_before_edge, VO_interstitial, E_cut, ninitl, ninit1, Epsii, UnitCell_Volume, Surface_ref, f0_forward, natomsym_f, abs_u_i
    Energy    <xanes>    
   7097.00  2.0128315E-05
   7097.20  2.0184206E-05
   7097.40  2.0287263E-05
   7097.60  2.0441558E-05
   7097.80  2.0660623E-05
   7098.00  2.0972392E-05
   7098.20  2.1434100E-05
   7098.40  2.2174268E-05
   7098.60  2.3536538E-05
   7098.80  2.6774133E-05
   7099.00  4.0719694E-05
   7099.20  3.0511677E-03
   7099.40  6.0693518E-05
   7099.60  2.2475886E-04
   7099.80  1.3225213E-04
   7100.00  3.7709906E-05
   7100.20  2.8643697E-05
   7100.40  2.6757720E-05
   7100.60  3.7954054E-05
   7100.80  2.8389001E-05
   7101.00  2.6499519E-05
   7101.20  2.7493780E-05
   7101.40  2.9945743E-05
   7101.60  3.6009875E-05
   7101.80  6.1106562E-05
   7102.00  1.3790371E-03
   7102.20  1.0218599E-04
   7102.40  5.2788116E-05
   7102.60  6.1347275E-05
   7102.80  1.6497540E-04
   7103.00  7.7348944E-04
   7103.20  1.0973981E-03
   7103.40  3.2651377E-04
   7103.60  9.3234379E-04
   7103.80  8.8560078E-05
   7104.00  4.4181766E-03
   7104.20  1.0109718E-04
   7104.40  6.1249597E-05
   7104.60  2.7172198E-03
   7104.80  5.9341187E-05
   7105.00  6.3331014E-05
   7105.20  9.6325923E-05
   7105.40  5.2857811E-04
   7105.60  4.0963814E-04
   7105.80  7.8175520E-03
   7106.00  1.3778897E-04
   7106.20  2.1896588E-04
   7106.40  4.3154990E-04
   7106.60  4.1857390E-03
   7106.80  1.8319400E-02
   7107.00  1.4763781E-03
   7107.20  3.3129249E-03
   7107.40  4.8949434E-04
   7107.60  5.1850588E-04
   7107.80  2.5159717E-04
   7108.00  3.0027712E-03
   7108.20  3.3752629E-02
   7108.40  2.7632075E-03
   7108.60  1.5757952E-02
   7108.80  1.4943551E-02
   7109.00  4.8728964E-03
   7109.20  2.0867818E-03
   7109.40  1.9225052E-03
   7109.60  4.4914347E-03
   7109.80  2.0493217E-02
   7110.00  6.8330192E-03
   7110.20  8.0208106E-03
   7110.40  2.2738538E-03
   7110.60  2.7493808E-03
   7110.80  1.2410848E-02
   7111.00  6.3448146E-03
   7111.20  5.7418824E-03
   7111.40  9.9247485E-03
   7111.60  3.5607098E-02
   7111.80  3.3710540E-02
   7112.00  3.6997905E-02
   7112.20  8.4339746E-02
   7112.40  9.6472453E-02
   7112.60  8.1431703E-02
   7112.80  9.0862009E-02
   7113.00  6.8034746E-02
   7113.20  5.1560543E-02
   7113.40  4.2147604E-02
   7113.60  3.4211188E-02
   7113.80  2.8310515E-02
   7114.00  2.4106724E-02
   7114.20  2.0748651E-02
   7114.40  1.7563788E-02
   7114.60  1.4470187E-02
   7114.80  1.1835191E-02
   7115.00  9.8587661E-03
   7115.20  8.3400482E-03
   7115.40  7.3900436E-03
   7115.60  6.7382594E-03
   7115.80  6.3151132E-03
   7116.00  6.0152349E-03
   7116.20  6.0474360E-03
   7116.40  6.3753802E-03
   7116.60  7.0677678E-03
   7116.80  8.0693364E-03
   7117.00  9.0853368E-03
   7117.20  9.7984320E-03
   7117.40  1.0125445E-02
   7117.60  1.0096536E-02
   7117.80  9.7879212E-03
   7118.00  9.3139770E-03
   7118.20  8.7766493E-03
   7118.40  8.3247197E-03
   7118.60  8.0333998E-03
   7118.80  7.8406471E-03
   7119.00  7.6770878E-03
   7119.20  7.4836231E-03
   7119.40  7.2061283E-03
   7119.60  6.8447041E-03
   7119.80  6.4400698E-03
   7120.00  6.0918043E-03
   7120.20  5.8905130E-03
   7120.40  5.8271601E-03
   7120.60  5.8574116E-03
   7120.80  5.9425968E-03
   7121.00  6.0469148E-03
   7121.20  6.1469033E-03
   7121.40  6.2636792E-03
   7121.60  6.4189337E-03
   7121.80  6.6174853E-03
   7122.00  6.8590870E-03
   7122.20  7.1600741E-03
   7122.40  7.5334341E-03
   7122.60  7.9935611E-03
   7122.80  8.5225364E-03
   7123.00  9.0437803E-03
   7123.20  9.5097717E-03
   7123.40  9.9607026E-03
   7123.60  1.0473196E-02
   7123.80  1.1099698E-02
   7124.00  1.1871660E-02
   7124.20  1.2824777E-02
   7124.40  1.4002833E-02
   7124.60  1.5415827E-02
   7124.80  1.6951148E-02
   7125.00  1.8282386E-02
   7125.20  1.8964641E-02
   7125.40  1.8841086E-02
   7125.60  1.8212506E-02
   7125.80  1.7533365E-02
   7126.00  1.6973679E-02
   7126.20  1.6553503E-02
   7126.40  1.6297565E-02
   7126.60  1.6205971E-02
   7126.80  1.6285851E-02
   7127.00  1.6545374E-02
   7127.20  1.7022260E-02
   7127.40  1.7702025E-02
   7127.60  1.8566417E-02
   7127.80  1.9636781E-02
   7128.00  2.0743562E-02
   7128.20  2.1825609E-02
   7128.40  2.2884192E-02
   7128.60  2.3978852E-02
   7128.80  2.5147418E-02
   7129.00  2.6468094E-02
   7129.20  2.7955320E-02
   7129.40  2.9577227E-02
   7129.60  3.1219615E-02
   7129.80  3.2761519E-02
   7130.00  3.4081501E-02
   7130.20  3.5112800E-02
   7130.40  3.5861004E-02
   7130.60  3.6389297E-02
   7130.80  3.6785681E-02
   7131.00  3.7134879E-02
   7131.20  3.7508588E-02
   7131.40  3.7973210E-02
   7131.60  3.8590401E-02
   7131.80  3.9407982E-02
   7132.00  4.0455659E-02
   7132.20  4.1752130E-02
   7132.40  4.3322109E-02
   7132.60  4.5182278E-02
   7132.80  4.7339581E-02
   7133.00  4.9755055E-02
   7133.20  5.2302620E-02
   7133.40  5.4766224E-02
   7133.60  5.6925096E-02
   7133.80  5.8670468E-02
   7134.00  6.0010087E-02
   7134.20  6.0955386E-02
   7134.40  6.1444835E-02
   7134.60  6.1378965E-02
   7134.80  6.0699037E-02
   7135.00  5.9428921E-02
   7135.20  5.7663669E-02
   7135.40  5.5532758E-02
   7135.60  5.3168100E-02
   7135.80  5.0688757E-02
   7136.00  4.8199024E-02
   7136.20  4.5789353E-02
   7136.40  4.3536825E-02
   7136.60  4.1502932E-02
   7136.80  3.9730386E-02
   7137.00  3.8242422E-02
   7137.20  3.7042299E-02
   7137.40  3.6114112E-02
   7137.60  3.5423667E-02
   7137.80  3.4921931E-02
   7138.00  3.4550471E-02
   7138.20  3.4250780E-02
   7138.40  3.3977874E-02
   7138.60  3.3709333E-02
   7138.80  3.3423605E-02
   7139.00  3.3127287E-02
   7139.20  3.2837707E-02
   7139.40  3.2575996E-02
   7139.60  3.2361905E-02
   7139.80  3.2210733E-02
   7140.00  3.2132434E-02
   7140.20  3.2131592E-02
   7140.40  3.2208391E-02
   7140.60  3.2359330E-02
   7140.80  3.2578189E-02
   7141.00  3.2856572E-02
   7141.20  3.3184298E-02
   7141.40  3.3550314E-02
   7141.60  3.3943192E-02
   7141.80  3.4351840E-02
   7142.00  3.4766013E-02
   7142.20  3.5176661E-02
   7142.40  3.5576494E-02
   7142.60  3.5960448E-02
   7142.80  3.6325565E-02
   7143.00  3.6670887E-02
   7143.20  3.6996754E-02
   7143.40  3.7304643E-02
   7143.60  3.7596501E-02
   7143.80  3.7874614E-02
   7144.00  3.8141366E-02
   7144.20  3.8398819E-02
   7144.40  3.8648847E-02
   7144.60  3.8892828E-02
   7144.80  3.9131877E-02
   7145.00  3.9366973E-02
   7145.20  3.9599020E-02
   7145.40  3.9835824E-02
   7145.60  4.0069348E-02
   7145.80  4.0300143E-02
   7146.00  4.0528803E-02
   7146.20  4.0756332E-02
   7146.40  4.0983726E-02
   7146.60  4.1211976E-02
   7146.80  4.1442206E-02
   7147.00  4.1675526E-02
   7147.20  4.1913141E-02
   7147.40  4.2156404E-02
   7147.60  4.2406236E-02
   7147.80  4.2663690E-02
   7148.00  4.2929702E-02
   7148.20  4.3203416E-02
   7148.40  4.3488281E-02
   7148.60  4.3783560E-02
   7148.80  4.4091261E-02
   7149.00  4.4406747E-02
   7149.20  4.4731606E-02
   7149.40  4.5064509E-02
   7149.60  4.5403908E-02
   7149.80  4.5748179E-02
   7150.00  4.6093869E-02
   7150.20  4.6439928E-02
   7150.40  4.6782338E-02
   7150.60  4.7117686E-02
   7150.80  4.7442199E-02
   7151.00  4.7752332E-02
   7151.20  4.8044646E-02
   7151.40  4.8315306E-02
   7151.60  4.8560773E-02
   7151.80  4.8777996E-02
   7152.00  4.8964643E-02
   7152.20  4.9118186E-02
   7152.40  4.9236896E-02
   7152.60  4.9319547E-02
   7152.80  4.9365558E-02
   7153.00  4.9376931E-02
   7153.20  4.9349341E-02
   7153.40  4.9285148E-02
   7153.60  4.9185451E-02
   7153.80  4.9051608E-02
   7154.00  4.8885610E-02
   7154.20  4.8689043E-02
   7154.40  4.8463594E-02
   7154.60  4.8211129E-02
   7154.80  4.7933329E-02
   7155.00  4.7631849E-02
   7155.20  4.7308609E-02
   7155.40  4.6965033E-02
   7155.60  4.6602103E-02
   7155.80  4.6220880E-02
   7156.00  4.5822360E-02
   7156.20  4.5407422E-02
   7156.40  4.4976869E-02
   7156.60  4.4531782E-02
   7156.80  4.4072995E-02
   7157.00  4.3600997E-02
   7157.20  4.3116778E-02
   7157.40  4.2621324E-02
   7157.60  4.2115846E-02
   7157.80  4.1601648E-02
   7158.00  4.1080236E-02
   7158.20  4.0553565E-02
   7158.40  4.0023484E-02
   7158.60  3.9491537E-02
   7158.80  3.8959708E-02
   7159.00  3.8430022E-02
   7159.20  3.7904509E-02
   7159.40  3.7385145E-02
   7159.60  3.6872491E-02
   7159.80  3.6370908E-02
   7160.00  3.5881040E-02
   7160.20  3.5404200E-02
   7160.40  3.4941171E-02
   7160.60  3.4492698E-02
   7160.80  3.4059277E-02
   7161.00  3.3639747E-02
   7161.20  3.3236358E-02
   7161.40  3.2847577E-02
   7161.60  3.2473869E-02
   7161.80  3.2117121E-02
   7162.00  3.1773025E-02
   7162.20  3.1437626E-02
   7162.40  3.1112975E-02
   7162.60  3.0798153E-02
   7162.80  3.0492351E-02
   7163.00  3.0194913E-02
   7163.20  2.9905369E-02
   7163.40  2.9623372E-02
   7163.60  2.9348770E-02
   7163.80  2.9082257E-02
   7164.00  2.8823108E-02
   7164.20  2.8571359E-02
   7164.40  2.8327862E-02
   7164.60  2.8093366E-02
   7164.80  2.7867273E-02
   7165.00  2.7649759E-02
   7165.20  2.7440933E-02
   7165.40  2.7241066E-02
   7165.60  2.7050229E-02
   7165.80  2.6867947E-02
   7166.00  2.6693907E-02
   7166.20  2.6527774E-02
   7166.40  2.6369241E-02
   7166.60  2.6218226E-02
   7166.80  2.6073997E-02
   7167.00  2.5939545E-02
   7167.20  2.5808658E-02
   7167.40  2.5676435E-02
   7167.60  2.5553863E-02
   7167.80  2.5433976E-02
   7168.00  2.5316769E-02
   7168.20  2.5201721E-02
   7168.40  2.5088268E-02
   7168.60  2.4975811E-02
   7168.80  2.4863846E-02
   7169.00  2.4752762E-02
   7169.20  2.4641202E-02
   7169.40  2.4529152E-02
   7169.60  2.4416399E-02
   7169.80  2.4302689E-02
   7170.00  2.4187910E-02
   7170.20  2.4072150E-02
   7170.40  2.3955551E-02
   7170.60  2.3838297E-02
   7170.80  2.3721020E-02
   7171.00  2.3603795E-02
   7171.20  2.3487064E-02
   7171.40  2.3371410E-02
   7171.60  2.3257556E-02
   7171.80  2.3146249E-02
   7172.00  2.3038278E-02
