  7112.000   26  1  1  2.5355725E-02 -2.2087010E+00 -1.2675399E+00  1  1  7.2659278E+03  0.0000000E+00  0.0000000E+00  2.3552547E+00  1.0000000E+00  0.0000000E+00 = E_edge, Z, n_edge, j_edge, Abs_before_edge, VO_interstitial, E_cut, ninitl, ninit1, Epsii, UnitCell_Volume, Surface_ref, f0_forward, natomsym_f, abs_u_i
    Energy    <xanes>    
   7097.00  4.0705875E-05
   7097.20  4.5568562E-05
   7097.40  5.4453482E-05
   7097.60  7.1773992E-05
   7097.80  1.1109586E-04
   7098.00  2.3383830E-04
   7098.20  2.4919992E-03
   7098.40  2.9671197E-02
   7098.60  5.5024609E-04
   7098.80  1.8259291E-04
   7099.00  1.1147441E-04
   7099.20  1.0380012E-04
   7099.40  1.8219429E-04
   7099.60  3.2917084E-03
   7099.80  4.0665836E-04
   7100.00  2.9929255E-04
   7100.20  7.5986091E-05
   7100.40  4.9684448E-05
   7100.60  4.2486622E-05
   7100.80  4.0377126E-05
   7101.00  4.3399590E-05
   7101.20  1.3055705E-04
   7101.40  6.4200435E-05
   7101.60  6.0905994E-05
   7101.80  1.0556766E-04
   7102.00  6.3332077E-04
   7102.20  1.6383772E-03
   7102.40  1.7609345E-04
   7102.60  2.3228706E-04
   7102.80  2.3414850E-04
   7103.00  5.5671216E-05
   7103.20  4.5790988E-05
   7103.40  4.4433289E-05
   7103.60  4.7000347E-05
   7103.80  7.4386713E-05
   7104.00  9.4110387E-05
   7104.20  6.5087136E-04
   7104.40  1.5493174E-04
   7104.60  1.8546959E-02
   7104.80  1.1618558E-03
   7105.00  9.1422522E-04
   7105.20  2.0143897E-04
   7105.40  3.4979731E-04
   7105.60  2.0809358E-02
   7105.80  5.8341957E-04
   7106.00  2.7559354E-04
   7106.20  6.7238919E-03
   7106.40  4.1085549E-04
   7106.60  4.6171924E-04
   7106.80  2.1169431E-02
   7107.00  1.5858693E-03
   7107.20  1.5663731E-03
   7107.40  7.8609367E-04
   7107.60  4.2198629E-04
   7107.80  1.6690142E-03
   7108.00  3.6374993E-03
   7108.20  2.6240481E-02
   7108.40  8.6998774E-04
   7108.60  7.4463570E-04
   7108.80  1.6982956E-03
   7109.00  1.4778226E-03
   7109.20  1.7480785E-02
   7109.40  4.4662705E-03
   7109.60  1.0585296E-01
   7109.80  6.8567069E-03
   7110.00  8.1337133E-02
   7110.20  1.3549714E-03
   7110.40  2.3928192E-03
   7110.60  1.5851270E-02
   7110.80  1.4823418E-02
   7111.00  7.1065198E-03
   7111.20  7.2999123E-03
   7111.40  3.9779187E-02
   7111.60  2.5438961E-02
   7111.80  6.8452648E-02
   7112.00  1.1085229E-02
   7112.20  7.0834711E-03
   7112.40  6.1950774E-03
   7112.60  9.5654089E-03
   7112.80  9.2159975E-03
   7113.00  2.3479927E-02
   7113.20  4.7391709E-02
   7113.40  2.0548580E-02
   7113.60  1.1175761E-02
   7113.80  9.5437038E-03
   7114.00  1.0082756E-02
   7114.20  4.8072501E-03
   7114.40  2.8324091E-03
   7114.60  2.2944535E-03
   7114.80  2.0069638E-03
   7115.00  1.7578500E-03
   7115.20  1.6866936E-03
   7115.40  1.7343686E-03
   7115.60  1.8625695E-03
   7115.80  2.0470176E-03
   7116.00  2.2552313E-03
   7116.20  2.2625045E-03
   7116.40  2.0994366E-03
   7116.60  1.9418856E-03
   7116.80  1.8930571E-03
   7117.00  1.9595075E-03
   7117.20  2.1280613E-03
   7117.40  2.3935336E-03
   7117.60  2.7608062E-03
   7117.80  3.2391527E-03
   7118.00  3.8342414E-03
   7118.20  4.5420396E-03
   7118.40  5.3449579E-03
   7118.60  6.2085572E-03
   7118.80  7.0851332E-03
   7119.00  7.9231883E-03
   7119.20  8.6793874E-03
   7119.40  9.3250538E-03
   7119.60  9.8466099E-03
   7119.80  1.0245076E-02
   7120.00  1.0533886E-02
   7120.20  1.0733755E-02
   7120.40  1.0866590E-02
   7120.60  1.0951875E-02
   7120.80  1.1006633E-02
   7121.00  1.1046508E-02
   7121.20  1.1086318E-02
   7121.40  1.1140523E-02
   7121.60  1.1224302E-02
   7121.80  1.1357601E-02
   7122.00  1.1567317E-02
   7122.20  1.1886279E-02
   7122.40  1.2342893E-02
   7122.60  1.2942079E-02
   7122.80  1.3651106E-02
   7123.00  1.4410115E-02
   7123.20  1.5189574E-02
   7123.40  1.6061666E-02
   7123.60  1.7178495E-02
   7123.80  1.8672445E-02
   7124.00  2.0409886E-02
   7124.20  2.2333828E-02
   7124.40  2.4433104E-02
   7124.60  2.6441903E-02
   7124.80  2.8529502E-02
   7125.00  3.0747848E-02
   7125.20  3.3048021E-02
   7125.40  3.5412052E-02
   7125.60  3.7693880E-02
   7125.80  3.9708723E-02
   7126.00  4.1304147E-02
   7126.20  4.2354096E-02
   7126.40  4.2768534E-02
   7126.60  4.2628339E-02
   7126.80  4.2171524E-02
   7127.00  4.1647182E-02
   7127.20  4.1140915E-02
   7127.40  4.0545433E-02
   7127.60  3.9652994E-02
   7127.80  3.8333455E-02
   7128.00  3.6620330E-02
   7128.20  3.4695583E-02
   7128.40  3.2767524E-02
   7128.60  3.1002958E-02
   7128.80  2.9502847E-02
   7129.00  2.8306752E-02
   7129.20  2.7404175E-02
   7129.40  2.6763821E-02
   7129.60  2.6354030E-02
   7129.80  2.6146432E-02
   7130.00  2.6119262E-02
   7130.20  2.6259279E-02
   7130.40  2.6561508E-02
   7130.60  2.7027287E-02
   7130.80  2.7670492E-02
   7131.00  2.8493810E-02
   7131.20  2.9505952E-02
   7131.40  3.0715861E-02
   7131.60  3.2129147E-02
   7131.80  3.3745566E-02
   7132.00  3.5555093E-02
   7132.20  3.7537622E-02
   7132.40  3.9665107E-02
   7132.60  4.1903311E-02
   7132.80  4.4211970E-02
   7133.00  4.6545994E-02
   7133.20  4.8861266E-02
   7133.40  5.1128270E-02
   7133.60  5.3347554E-02
   7133.80  5.5552324E-02
   7134.00  5.7776683E-02
   7134.20  5.9965995E-02
   7134.40  6.1863887E-02
   7134.60  6.3040121E-02
   7134.80  6.3184090E-02
   7135.00  6.2381107E-02
   7135.20  6.1003776E-02
   7135.40  5.9421450E-02
   7135.60  5.7857960E-02
   7135.80  5.6407749E-02
   7136.00  5.5092249E-02
   7136.20  5.3907969E-02
   7136.40  5.2840945E-02
   7136.60  5.1848319E-02
   7136.80  5.0910820E-02
   7137.00  5.0013121E-02
   7137.20  4.9143587E-02
   7137.40  4.8295066E-02
   7137.60  4.7463961E-02
   7137.80  4.6650201E-02
   7138.00  4.5856909E-02
   7138.20  4.5089611E-02
   7138.40  4.4355310E-02
   7138.60  4.3662221E-02
   7138.80  4.3018709E-02
   7139.00  4.2432631E-02
   7139.20  4.1910774E-02
   7139.40  4.1458878E-02
   7139.60  4.1081249E-02
   7139.80  4.0780829E-02
   7140.00  4.0559283E-02
   7140.20  4.0416972E-02
   7140.40  4.0353069E-02
   7140.60  4.0365540E-02
   7140.80  4.0451114E-02
   7141.00  4.0605235E-02
   7141.20  4.0821886E-02
   7141.40  4.1093406E-02
   7141.60  4.1410269E-02
   7141.80  4.1761182E-02
   7142.00  4.2132988E-02
   7142.20  4.2511148E-02
   7142.40  4.2873347E-02
   7142.60  4.3203031E-02
   7142.80  4.3500103E-02
   7143.00  4.3754521E-02
   7143.20  4.3958715E-02
   7143.40  4.4107963E-02
   7143.60  4.4200455E-02
   7143.80  4.4236851E-02
   7144.00  4.4219928E-02
   7144.20  4.4153530E-02
   7144.40  4.4042164E-02
   7144.60  4.3890225E-02
   7144.80  4.3701665E-02
   7145.00  4.3479713E-02
   7145.20  4.3226851E-02
   7145.40  4.2945112E-02
   7145.60  4.2636213E-02
   7145.80  4.2301894E-02
   7146.00  4.1944202E-02
   7146.20  4.1562388E-02
   7146.40  4.1167220E-02
   7146.60  4.0758467E-02
   7146.80  4.0340876E-02
   7147.00  3.9919738E-02
   7147.20  3.9501094E-02
   7147.40  3.9090253E-02
   7147.60  3.8692075E-02
   7147.80  3.8311033E-02
   7148.00  3.7950379E-02
   7148.20  3.7613157E-02
   7148.40  3.7300981E-02
   7148.60  3.7015395E-02
   7148.80  3.6757345E-02
   7149.00  3.6527222E-02
   7149.20  3.6325715E-02
   7149.40  3.6154031E-02
   7149.60  3.6011588E-02
   7149.80  3.5897659E-02
   7150.00  3.5810676E-02
   7150.20  3.5748183E-02
   7150.40  3.5706023E-02
   7150.60  3.5679109E-02
   7150.80  3.5661602E-02
   7151.00  3.5647134E-02
   7151.20  3.5629565E-02
   7151.40  3.5602125E-02
   7151.60  3.5560027E-02
   7151.80  3.5499376E-02
   7152.00  3.5417297E-02
   7152.20  3.5312374E-02
   7152.40  3.5184189E-02
   7152.60  3.5031398E-02
   7152.80  3.4858537E-02
   7153.00  3.4665333E-02
   7153.20  3.4453568E-02
   7153.40  3.4225162E-02
   7153.60  3.3982330E-02
   7153.80  3.3726277E-02
   7154.00  3.3458467E-02
   7154.20  3.3180152E-02
   7154.40  3.2883238E-02
   7154.60  3.2586761E-02
   7154.80  3.2282058E-02
   7155.00  3.1969791E-02
   7155.20  3.1649877E-02
   7155.40  3.1322385E-02
   7155.60  3.0987160E-02
   7155.80  3.0643914E-02
   7156.00  3.0292314E-02
   7156.20  2.9932006E-02
   7156.40  2.9562641E-02
   7156.60  2.9181441E-02
   7156.80  2.8792779E-02
   7157.00  2.8394146E-02
   7157.20  2.7985751E-02
   7157.40  2.7568080E-02
   7157.60  2.7141551E-02
   7157.80  2.6706978E-02
   7158.00  2.6265584E-02
   7158.20  2.5818937E-02
   7158.40  2.5369501E-02
   7158.60  2.4919306E-02
   7158.80  2.4470411E-02
   7159.00  2.4025403E-02
   7159.20  2.3586928E-02
   7159.40  2.3157754E-02
   7159.60  2.2740299E-02
   7159.80  2.2336879E-02
   7160.00  2.1949587E-02
   7160.20  2.1581009E-02
   7160.40  2.1232585E-02
   7160.60  2.0905981E-02
   7160.80  2.0601725E-02
   7161.00  2.0320299E-02
   7161.20  2.0064316E-02
   7161.40  1.9829146E-02
   7161.60  1.9619231E-02
   7161.80  1.9432751E-02
   7162.00  1.9270468E-02
   7162.20  1.9131191E-02
   7162.40  1.9014517E-02
   7162.60  1.8920071E-02
   7162.80  1.8847930E-02
   7163.00  1.8804051E-02
   7163.20  1.8773601E-02
   7163.40  1.8762842E-02
   7163.60  1.8776891E-02
   7163.80  1.8804682E-02
   7164.00  1.8849976E-02
   7164.20  1.8911771E-02
   7164.40  1.8989063E-02
   7164.60  1.9080757E-02
   7164.80  1.9185766E-02
   7165.00  1.9303587E-02
   7165.20  1.9432163E-02
   7165.40  1.9570086E-02
   7165.60  1.9716048E-02
   7165.80  1.9868819E-02
   7166.00  2.0027224E-02
   7166.20  2.0190258E-02
   7166.40  2.0357114E-02
   7166.60  2.0526944E-02
   7166.80  2.0699151E-02
   7167.00  2.0873448E-02
   7167.20  2.1049527E-02
   7167.40  2.1227399E-02
   7167.60  2.1407084E-02
   7167.80  2.1588758E-02
   7168.00  2.1772754E-02
   7168.20  2.1959272E-02
   7168.40  2.2148643E-02
   7168.60  2.2341114E-02
   7168.80  2.2536937E-02
   7169.00  2.2736277E-02
   7169.20  2.2939208E-02
   7169.40  2.3145716E-02
   7169.60  2.3355727E-02
   7169.80  2.3569042E-02
   7170.00  2.3785365E-02
   7170.20  2.4004232E-02
   7170.40  2.4225122E-02
   7170.60  2.4447651E-02
   7170.80  2.4670939E-02
   7171.00  2.4894264E-02
   7171.20  2.5116750E-02
   7171.40  2.5337713E-02
   7171.60  2.5556213E-02
   7171.80  2.5771301E-02
   7172.00  2.5982136E-02
