  7112.000   26  1  1  1.2580787E-02 -3.5730067E+00 -1.9418295E-01  1  1  7.2647564E+03  0.0000000E+00  0.0000000E+00  4.1664972E+00  1.0000000E+00  0.0000000E+00 = E_edge, Z, n_edge, j_edge, Abs_before_edge, VO_interstitial, E_cut, ninitl, ninit1, Epsii, UnitCell_Volume, Surface_ref, f0_forward, natomsym_f, abs_u_i
    Energy    <xanes>    
   7097.00  5.0927816E-05
   7097.20  7.3283124E-04
   7097.40  8.3030974E-05
   7097.60  3.4984487E-05
   7097.80  2.8082572E-05
   7098.00  2.5889547E-05
   7098.20  2.5022947E-05
   7098.40  2.4753544E-05
   7098.60  2.4899624E-05
   7098.80  2.5520616E-05
   7099.00  2.7022531E-05
   7099.20  3.1122623E-05
   7099.40  5.1464513E-05
   7099.60  5.5118662E-04
   7099.80  7.9123025E-05
   7100.00  3.6659281E-05
   7100.20  3.2128118E-05
   7100.40  3.2984559E-05
   7100.60  3.8849145E-05
   7100.80  7.1349458E-05
   7101.00  1.7691270E-03
   7101.20  8.0490782E-05
   7101.40  6.4203421E-05
   7101.60  1.3160089E-04
   7101.80  2.5620836E-02
   7102.00  2.2396928E-04
   7102.20  2.4069516E-04
   7102.40  9.0192308E-05
   7102.60  7.9669196E-03
   7102.80  4.7050875E-04
   7103.00  9.4266734E-04
   7103.20  2.6570061E-02
   7103.40  1.4399510E-03
   7103.60  3.1644424E-03
   7103.80  1.1597675E-02
   7104.00  3.3084283E-04
   7104.20  9.2248084E-05
   7104.40  8.6056136E-05
   7104.60  1.3648268E-04
   7104.80  5.5112024E-04
   7105.00  1.3530276E-03
   7105.20  5.3277108E-04
   7105.40  5.5917872E-04
   7105.60  1.9336771E-03
   7105.80  6.6025876E-03
   7106.00  4.3422472E-03
   7106.20  1.1755757E-03
   7106.40  2.5571246E-03
   7106.60  2.0419608E-03
   7106.80  4.8067639E-03
   7107.00  9.3564018E-04
   7107.20  1.0145479E-03
   7107.40  9.4212377E-04
   7107.60  3.6963096E-02
   7107.80  2.0067990E-03
   7108.00  6.7126136E-03
   7108.20  3.5161009E-02
   7108.40  1.6338904E-02
   7108.60  6.3801417E-03
   7108.80  4.5767781E-04
   7109.00  3.4713492E-03
   7109.20  4.6942287E-03
   7109.40  1.1732244E-02
   7109.60  1.0028066E-02
   7109.80  2.0665191E-02
   7110.00  1.2794941E-02
   7110.20  8.3718294E-03
   7110.40  1.6583158E-02
   7110.60  6.0561163E-03
   7110.80  7.1987954E-03
   7111.00  2.0482319E-02
   7111.20  1.7681437E-02
   7111.40  1.8856473E-02
   7111.60  2.7003636E-02
   7111.80  3.4744994E-02
   7112.00  1.9744987E-02
   7112.20  1.2333978E-02
   7112.40  9.4115389E-03
   7112.60  1.0130661E-02
   7112.80  1.0271024E-02
   7113.00  1.3131075E-02
   7113.20  1.3534513E-02
   7113.40  1.1503785E-02
   7113.60  9.1713809E-03
   7113.80  8.8027557E-03
   7114.00  7.2088959E-03
   7114.20  4.9075840E-03
   7114.40  3.9541119E-03
   7114.60  4.4924766E-03
   7114.80  7.6361284E-03
   7115.00  1.6705947E-02
   7115.20  1.1771922E-02
   7115.40  5.5702230E-03
   7115.60  3.7447539E-03
   7115.80  3.5848270E-03
   7116.00  5.3162935E-03
   7116.20  6.9851916E-03
   7116.40  3.8869780E-03
   7116.60  2.6156659E-03
   7116.80  2.2557233E-03
   7117.00  2.2355382E-03
   7117.20  2.4042292E-03
   7117.40  2.7126985E-03
   7117.60  3.1280435E-03
   7117.80  3.5744685E-03
   7118.00  3.8928193E-03
   7118.20  4.0427963E-03
   7118.40  4.1842224E-03
   7118.60  4.3365442E-03
   7118.80  4.3993724E-03
   7119.00  4.4383108E-03
   7119.20  4.6148192E-03
   7119.40  4.9755076E-03
   7119.60  5.5542987E-03
   7119.80  6.3802018E-03
   7120.00  7.4332408E-03
   7120.20  8.6233027E-03
   7120.40  9.8179590E-03
   7120.60  1.0906729E-02
   7120.80  1.1826431E-02
   7121.00  1.2529374E-02
   7121.20  1.2976476E-02
   7121.40  1.3136149E-02
   7121.60  1.3074705E-02
   7121.80  1.2840509E-02
   7122.00  1.2564994E-02
   7122.20  1.2306172E-02
   7122.40  1.2208498E-02
   7122.60  1.2406163E-02
   7122.80  1.2897586E-02
   7123.00  1.3651907E-02
   7123.20  1.4612380E-02
   7123.40  1.5677175E-02
   7123.60  1.6556189E-02
   7123.80  1.7125701E-02
   7124.00  1.7642962E-02
   7124.20  1.8432193E-02
   7124.40  1.9665784E-02
   7124.60  2.1280098E-02
   7124.80  2.3077244E-02
   7125.00  2.4954448E-02
   7125.20  2.7128931E-02
   7125.40  3.0036647E-02
   7125.60  3.3845731E-02
   7125.80  3.8068503E-02
   7126.00  4.1733423E-02
   7126.20  4.4165852E-02
   7126.40  4.5230081E-02
   7126.60  4.4599702E-02
   7126.80  4.2226522E-02
   7127.00  3.9220552E-02
   7127.20  3.6685505E-02
   7127.40  3.4822427E-02
   7127.60  3.3414955E-02
   7127.80  3.2261430E-02
   7128.00  3.1300839E-02
   7128.20  3.0594692E-02
   7128.40  3.0242100E-02
   7128.60  3.0292792E-02
   7128.80  3.0710877E-02
   7129.00  3.1405281E-02
   7129.20  3.2286412E-02
   7129.40  3.3286971E-02
   7129.60  3.4347294E-02
   7129.80  3.5436065E-02
   7130.00  3.6575153E-02
   7130.20  3.7820386E-02
   7130.40  3.9218366E-02
   7130.60  4.0754719E-02
   7130.80  4.2315554E-02
   7131.00  4.3705462E-02
   7131.20  4.4720950E-02
   7131.40  4.5225808E-02
   7131.60  4.5193865E-02
   7131.80  4.4713358E-02
   7132.00  4.3960506E-02
   7132.20  4.3141398E-02
   7132.40  4.2402585E-02
   7132.60  4.1732870E-02
   7132.80  4.0934864E-02
   7133.00  3.9806145E-02
   7133.20  3.8440129E-02
   7133.40  3.7205010E-02
   7133.60  3.6411082E-02
   7133.80  3.6141540E-02
   7134.00  3.6318137E-02
   7134.20  3.6823350E-02
   7134.40  3.7599171E-02
   7134.60  3.8674263E-02
   7134.80  4.0078217E-02
   7135.00  4.1737806E-02
   7135.20  4.3506361E-02
   7135.40  4.5268427E-02
   7135.60  4.6972763E-02
   7135.80  4.8595541E-02
   7136.00  5.0094094E-02
   7136.20  5.1413800E-02
   7136.40  5.2495995E-02
   7136.60  5.3288560E-02
   7136.80  5.3751695E-02
   7137.00  5.3863253E-02
   7137.20  5.3624685E-02
   7137.40  5.3065810E-02
   7137.60  5.2243236E-02
   7137.80  5.1233766E-02
   7138.00  5.0121434E-02
   7138.20  4.8984579E-02
   7138.40  4.7886773E-02
   7138.60  4.6873400E-02
   7138.80  4.5972876E-02
   7139.00  4.5200145E-02
   7139.20  4.4559935E-02
   7139.40  4.4049671E-02
   7139.60  4.3661181E-02
   7139.80  4.3381664E-02
   7140.00  4.3194647E-02
   7140.20  4.3080624E-02
   7140.40  4.3018218E-02
   7140.60  4.2985485E-02
   7140.80  4.2961358E-02
   7141.00  4.2926817E-02
   7141.20  4.2866403E-02
   7141.40  4.2769515E-02
   7141.60  4.2631549E-02
   7141.80  4.2454493E-02
   7142.00  4.2246613E-02
   7142.20  4.2020761E-02
   7142.40  4.1791785E-02
   7142.60  4.1573566E-02
   7142.80  4.1376840E-02
   7143.00  4.1211656E-02
   7143.20  4.1074216E-02
   7143.40  4.0957725E-02
   7143.60  4.0868012E-02
   7143.80  4.0792887E-02
   7144.00  4.0723589E-02
   7144.20  4.0649954E-02
   7144.40  4.0561233E-02
   7144.60  4.0447056E-02
   7144.80  4.0298536E-02
   7145.00  4.0109245E-02
   7145.20  3.9875669E-02
   7145.40  3.9597581E-02
   7145.60  3.9277575E-02
   7145.80  3.8920458E-02
   7146.00  3.8532468E-02
   7146.20  3.8120599E-02
   7146.40  3.7691169E-02
   7146.60  3.7254980E-02
   7146.80  3.6816085E-02
   7147.00  3.6381384E-02
   7147.20  3.5956675E-02
   7147.40  3.5547293E-02
   7147.60  3.5155624E-02
   7147.80  3.4784513E-02
   7148.00  3.4432270E-02
   7148.20  3.4101126E-02
   7148.40  3.3786753E-02
   7148.60  3.3485609E-02
   7148.80  3.3194414E-02
   7149.00  3.2910444E-02
   7149.20  3.2632479E-02
   7149.40  3.2355234E-02
   7149.60  3.2087087E-02
   7149.80  3.1825338E-02
   7150.00  3.1571071E-02
   7150.20  3.1325051E-02
   7150.40  3.1090691E-02
   7150.60  3.0862255E-02
   7150.80  3.0642057E-02
   7151.00  3.0432725E-02
   7151.20  3.0223063E-02
   7151.40  3.0016950E-02
   7151.60  2.9812699E-02
   7151.80  2.9608451E-02
   7152.00  2.9402268E-02
   7152.20  2.9192475E-02
   7152.40  2.8977118E-02
   7152.60  2.8754431E-02
   7152.80  2.8522239E-02
   7153.00  2.8280716E-02
   7153.20  2.8028295E-02
   7153.40  2.7764523E-02
   7153.60  2.7489476E-02
   7153.80  2.7203249E-02
   7154.00  2.6904894E-02
   7154.20  2.6599052E-02
   7154.40  2.6285582E-02
   7154.60  2.5966369E-02
   7154.80  2.5644779E-02
   7155.00  2.5321554E-02
   7155.20  2.5000335E-02
   7155.40  2.4678328E-02
   7155.60  2.4369142E-02
   7155.80  2.4069628E-02
   7156.00  2.3782026E-02
   7156.20  2.3508377E-02
   7156.40  2.3250481E-02
   7156.60  2.3009913E-02
   7156.80  2.2788243E-02
   7157.00  2.2586445E-02
   7157.20  2.2405557E-02
   7157.40  2.2246496E-02
   7157.60  2.2110047E-02
   7157.80  2.1996869E-02
   7158.00  2.1907489E-02
   7158.20  2.1842312E-02
   7158.40  2.1801575E-02
   7158.60  2.1785582E-02
   7158.80  2.1794788E-02
   7159.00  2.1828229E-02
   7159.20  2.1883743E-02
   7159.40  2.1960191E-02
   7159.60  2.2056326E-02
   7159.80  2.2171271E-02
   7160.00  2.2305397E-02
   7160.20  2.2451628E-02
   7160.40  2.2609093E-02
   7160.60  2.2775579E-02
   7160.80  2.2946994E-02
   7161.00  2.3124944E-02
   7161.20  2.3304894E-02
   7161.40  2.3486292E-02
   7161.60  2.3668333E-02
   7161.80  2.3850748E-02
   7162.00  2.4033684E-02
   7162.20  2.4217290E-02
   7162.40  2.4402152E-02
   7162.60  2.4588986E-02
   7162.80  2.4778487E-02
   7163.00  2.4971552E-02
   7163.20  2.5168636E-02
   7163.40  2.5370199E-02
   7163.60  2.5576630E-02
   7163.80  2.5788203E-02
   7164.00  2.6004999E-02
   7164.20  2.6227036E-02
   7164.40  2.6454512E-02
   7164.60  2.6686687E-02
   7164.80  2.6923146E-02
   7165.00  2.7163345E-02
   7165.20  2.7406482E-02
   7165.40  2.7651763E-02
   7165.60  2.7898259E-02
   7165.80  2.8145314E-02
   7166.00  2.8392064E-02
   7166.20  2.8637535E-02
   7166.40  2.8880923E-02
   7166.60  2.9121513E-02
   7166.80  2.9358643E-02
   7167.00  2.9591665E-02
   7167.20  2.9819997E-02
   7167.40  3.0043061E-02
   7167.60  3.0260539E-02
   7167.80  3.0471669E-02
   7168.00  3.0675692E-02
   7168.20  3.0872004E-02
   7168.40  3.1059937E-02
   7168.60  3.1238886E-02
   7168.80  3.1408250E-02
   7169.00  3.1567479E-02
   7169.20  3.1716054E-02
   7169.40  3.1853655E-02
   7169.60  3.1980344E-02
   7169.80  3.2096186E-02
   7170.00  3.2200054E-02
   7170.20  3.2291895E-02
   7170.40  3.2371767E-02
   7170.60  3.2439861E-02
   7170.80  3.2496377E-02
   7171.00  3.2541636E-02
   7171.20  3.2576012E-02
   7171.40  3.2600095E-02
   7171.60  3.2614322E-02
   7171.80  3.2619207E-02
   7172.00  3.2615084E-02
