  7112.000   26  1  1  1.4522892E-02 -9.7938792E-01  0.0000000E+00  1  1  7.2643850E+03  0.0000000E+00  0.0000000E+00  1.8403606E+00  1.0000000E+00  0.0000000E+00 = E_edge, Z, n_edge, j_edge, Abs_before_edge, VO_interstitial, E_cut, ninitl, ninit1, Epsii, UnitCell_Volume, Surface_ref, f0_forward, natomsym_f, abs_u_i
    Energy    <xanes>    
   7097.00  2.7721648E-05
   7097.20  2.7350983E-05
   7097.40  2.7369123E-05
   7097.60  2.7662506E-05
   7097.80  2.8202642E-05
   7098.00  2.9033381E-05
   7098.20  3.0337170E-05
   7098.40  3.2818299E-05
   7098.60  4.1101476E-05
   7098.80  3.7431500E-04
   7099.00  5.7031225E-05
   7099.20  4.0076312E-05
   7099.40  3.9647569E-05
   7099.60  4.1624617E-05
   7099.80  4.4853942E-05
   7100.00  4.9349590E-05
   7100.20  5.5562087E-05
   7100.40  6.4615744E-05
   7100.60  8.1113257E-05
   7100.80  9.8938505E-04
   7101.00  1.2915814E-04
   7101.20  1.8101626E-04
   7101.40  3.3943383E-04
   7101.60  6.0303596E-04
   7101.80  7.3239946E-03
   7102.00  5.1517851E-03
   7102.20  8.4317175E-03
   7102.40  1.0730913E-02
   7102.60  1.1725182E-03
   7102.80  4.5954099E-04
   7103.00  2.7065258E-04
   7103.20  2.3130100E-04
   7103.40  3.5345374E-03
   7103.60  2.1586618E-04
   7103.80  1.2911847E-04
   7104.00  1.1048315E-04
   7104.20  1.1230420E-04
   7104.40  1.3611343E-04
   7104.60  5.4666964E-04
   7104.80  2.5947985E-04
   7105.00  2.2569376E-04
   7105.20  3.6148399E-04
   7105.40  1.3260469E-03
   7105.60  3.3103971E-03
   7105.80  1.9189545E-03
   7106.00  2.2414116E-02
   7106.20  8.0497422E-03
   7106.40  1.8687490E-03
   7106.60  6.4142382E-04
   7106.80  3.5489774E-04
   7107.00  9.0109994E-04
   7107.20  5.7921733E-03
   7107.40  7.9415982E-04
   7107.60  6.6939236E-04
   7107.80  1.0280377E-02
   7108.00  3.0834681E-02
   7108.20  1.0585020E-01
   7108.40  1.5825011E-02
   7108.60  4.8093681E-04
   7108.80  2.2946373E-04
   7109.00  9.8049062E-04
   7109.20  5.9374703E-04
   7109.40  9.3880159E-04
   7109.60  1.9661232E-03
   7109.80  1.3216052E-04
   7110.00  9.9339270E-05
   7110.20  1.8005406E-04
   7110.40  1.7261670E-04
   7110.60  1.7928796E-04
   7110.80  2.4551174E-04
   7111.00  2.5794372E-03
   7111.20  5.4016973E-04
   7111.40  4.8722880E-05
   7111.60  7.3581013E-04
   7111.80  2.1189498E-04
   7112.00  2.1680674E-04
   7112.20  6.7378227E-04
   7112.40  3.8602442E-03
   7112.60  9.1294723E-02
   7112.80  4.6451760E-02
   7113.00  6.1007916E-03
   7113.20  3.5649270E-03
   7113.40  5.0366093E-03
   7113.60  3.5371376E-02
   7113.80  2.1334173E-02
   7114.00  4.7430336E-03
   7114.20  2.5724362E-03
   7114.40  1.9797817E-03
   7114.60  2.0557995E-03
   7114.80  3.8755837E-03
   7115.00  2.8441009E-02
   7115.20  9.2023051E-03
   7115.40  4.9884988E-03
   7115.60  6.8601460E-03
   7115.80  1.8821114E-02
   7116.00  9.4383919E-03
   7116.20  5.9508363E-03
   7116.40  5.0534295E-03
   7116.60  7.5064273E-03
   7116.80  1.3687529E-02
   7117.00  6.8035020E-03
   7117.20  4.0205938E-03
   7117.40  2.4350992E-03
   7117.60  1.8719945E-03
   7117.80  1.6713014E-03
   7118.00  1.6137490E-03
   7118.20  1.6315696E-03
   7118.40  1.7007767E-03
   7118.60  1.8812491E-03
   7118.80  2.1762406E-03
   7119.00  2.5878109E-03
   7119.20  3.0762093E-03
   7119.40  3.4675133E-03
   7119.60  3.5447638E-03
   7119.80  3.4376577E-03
   7120.00  3.5049169E-03
   7120.20  3.8342704E-03
   7120.40  4.0030950E-03
   7120.60  3.7845733E-03
   7120.80  3.3964851E-03
   7121.00  3.3593288E-03
   7121.20  3.3981111E-03
   7121.40  3.4427090E-03
   7121.60  3.4927859E-03
   7121.80  3.5091781E-03
   7122.00  3.6563975E-03
   7122.20  3.8600333E-03
   7122.40  4.0873447E-03
   7122.60  4.2533536E-03
   7122.80  4.3341690E-03
   7123.00  4.2869392E-03
   7123.20  4.2587862E-03
   7123.40  4.3106783E-03
   7123.60  4.4560104E-03
   7123.80  4.6924305E-03
   7124.00  5.0147562E-03
   7124.20  5.4339450E-03
   7124.40  5.9353648E-03
   7124.60  6.5240849E-03
   7124.80  7.2019957E-03
   7125.00  7.9749036E-03
   7125.20  8.8916987E-03
   7125.40  9.8700046E-03
   7125.60  1.0948938E-02
   7125.80  1.2116762E-02
   7126.00  1.3348893E-02
   7126.20  1.4610163E-02
   7126.40  1.5869365E-02
   7126.60  1.7117962E-02
   7126.80  1.8374221E-02
   7127.00  1.9670090E-02
   7127.20  2.1036632E-02
   7127.40  2.2495754E-02
   7127.60  2.4052798E-02
   7127.80  2.5684206E-02
   7128.00  2.7328518E-02
   7128.20  2.8934464E-02
   7128.40  3.0621467E-02
   7128.60  3.2722308E-02
   7128.80  3.5465875E-02
   7129.00  3.8802779E-02
   7129.20  4.2529148E-02
   7129.40  4.6323336E-02
   7129.60  4.9693379E-02
   7129.80  5.2013954E-02
   7130.00  5.2765535E-02
   7130.20  5.1875751E-02
   7130.40  4.9798652E-02
   7130.60  4.7205589E-02
   7130.80  4.4626973E-02
   7131.00  4.2327497E-02
   7131.20  4.0370320E-02
   7131.40  3.8720465E-02
   7131.60  3.7313878E-02
   7131.80  3.6091217E-02
   7132.00  3.5008850E-02
   7132.20  3.4038446E-02
   7132.40  3.3163039E-02
   7132.60  3.2373404E-02
   7132.80  3.1664403E-02
   7133.00  3.1032707E-02
   7133.20  3.0475465E-02
   7133.40  2.9992614E-02
   7133.60  2.9576893E-02
   7133.80  2.9227931E-02
   7134.00  2.8943620E-02
   7134.20  2.8722457E-02
   7134.40  2.8563620E-02
   7134.60  2.8466842E-02
   7134.80  2.8431492E-02
   7135.00  2.8459330E-02
   7135.20  2.8550861E-02
   7135.40  2.8735852E-02
   7135.60  2.8957349E-02
   7135.80  2.9238095E-02
   7136.00  2.9573867E-02
   7136.20  2.9958178E-02
   7136.40  3.0381808E-02
   7136.60  3.0832750E-02
   7136.80  3.1296019E-02
   7137.00  3.1754070E-02
   7137.20  3.2187664E-02
   7137.40  3.2578027E-02
   7137.60  3.2908502E-02
   7137.80  3.3167277E-02
   7138.00  3.3348958E-02
   7138.20  3.3455186E-02
   7138.40  3.3493922E-02
   7138.60  3.3477617E-02
   7138.80  3.3421002E-02
   7139.00  3.3338700E-02
   7139.20  3.3243868E-02
   7139.40  3.3147464E-02
   7139.60  3.3058095E-02
   7139.80  3.3004997E-02
   7140.00  3.2945359E-02
   7140.20  3.2908029E-02
   7140.40  3.2895982E-02
   7140.60  3.2911292E-02
   7140.80  3.2955717E-02
   7141.00  3.3037733E-02
   7141.20  3.3151582E-02
   7141.40  3.3300293E-02
   7141.60  3.3486640E-02
   7141.80  3.3713103E-02
   7142.00  3.3981735E-02
   7142.20  3.4294118E-02
   7142.40  3.4650080E-02
   7142.60  3.5048414E-02
   7142.80  3.5479448E-02
   7143.00  3.5944444E-02
   7143.20  3.6447398E-02
   7143.40  3.6972222E-02
   7143.60  3.7510992E-02
   7143.80  3.8055488E-02
   7144.00  3.8597224E-02
   7144.20  3.9128524E-02
   7144.40  3.9642289E-02
   7144.60  4.0132433E-02
   7144.80  4.0593508E-02
   7145.00  4.1020214E-02
   7145.20  4.1407986E-02
   7145.40  4.1752466E-02
   7145.60  4.2068600E-02
   7145.80  4.2332409E-02
   7146.00  4.2528943E-02
   7146.20  4.2672879E-02
   7146.40  4.2764495E-02
   7146.60  4.2805246E-02
   7146.80  4.2797410E-02
   7147.00  4.2743745E-02
   7147.20  4.2646594E-02
   7147.40  4.2508479E-02
   7147.60  4.2331766E-02
   7147.80  4.2118768E-02
   7148.00  4.1879568E-02
   7148.20  4.1635827E-02
   7148.40  4.1366367E-02
   7148.60  4.1074724E-02
   7148.80  4.0764988E-02
   7149.00  4.0441639E-02
   7149.20  4.0109260E-02
   7149.40  3.9705270E-02
   7149.60  3.9366627E-02
   7149.80  3.9032577E-02
   7150.00  3.8702213E-02
   7150.20  3.8389641E-02
   7150.40  3.8090564E-02
   7150.60  3.7806626E-02
   7150.80  3.7540967E-02
   7151.00  3.7295225E-02
   7151.20  3.7070764E-02
   7151.40  3.6868681E-02
   7151.60  3.6690119E-02
   7151.80  3.6535850E-02
   7152.00  3.6406547E-02
   7152.20  3.6302857E-02
   7152.40  3.6225384E-02
   7152.60  3.6174615E-02
   7152.80  3.6151026E-02
   7153.00  3.6155023E-02
   7153.20  3.6186889E-02
   7153.40  3.6239021E-02
   7153.60  3.6327784E-02
   7153.80  3.6444974E-02
   7154.00  3.6590536E-02
   7154.20  3.6764278E-02
   7154.40  3.6965865E-02
   7154.60  3.7194789E-02
   7154.80  3.7450426E-02
   7155.00  3.7731891E-02
   7155.20  3.8038200E-02
   7155.40  3.8368147E-02
   7155.60  3.8720638E-02
   7155.80  3.9094460E-02
   7156.00  3.9488068E-02
   7156.20  3.9898941E-02
   7156.40  4.0325108E-02
   7156.60  4.0764320E-02
   7156.80  4.1214382E-02
   7157.00  4.1672890E-02
   7157.20  4.2137479E-02
   7157.40  4.2605750E-02
   7157.60  4.3075151E-02
   7157.80  4.3543198E-02
   7158.00  4.4007839E-02
   7158.20  4.4466211E-02
   7158.40  4.4915874E-02
   7158.60  4.5354389E-02
   7158.80  4.5779306E-02
   7159.00  4.6188189E-02
   7159.20  4.6578599E-02
   7159.40  4.6948063E-02
   7159.60  4.7293914E-02
   7159.80  4.7613727E-02
   7160.00  4.7905018E-02
   7160.20  4.8165491E-02
   7160.40  4.8392979E-02
   7160.60  4.8585587E-02
   7160.80  4.8741367E-02
   7161.00  4.8858884E-02
   7161.20  4.8934937E-02
   7161.40  4.8973255E-02
   7161.60  4.8971341E-02
   7161.80  4.8929307E-02
   7162.00  4.8847691E-02
   7162.20  4.8727455E-02
   7162.40  4.8569839E-02
   7162.60  4.8376399E-02
   7162.80  4.8148894E-02
   7163.00  4.7889764E-02
   7163.20  4.7600840E-02
   7163.40  4.7284452E-02
   7163.60  4.6942909E-02
   7163.80  4.6578664E-02
   7164.00  4.6194225E-02
   7164.20  4.5792049E-02
   7164.40  4.5372509E-02
   7164.60  4.4940041E-02
   7164.80  4.4497338E-02
   7165.00  4.4046623E-02
   7165.20  4.3589761E-02
   7165.40  4.3128757E-02
   7165.60  4.2665437E-02
   7165.80  4.2201605E-02
   7166.00  4.1738906E-02
   7166.20  4.1278836E-02
   7166.40  4.0822724E-02
   7166.60  4.0371764E-02
   7166.80  3.9927040E-02
   7167.00  3.9490035E-02
   7167.20  3.9061129E-02
   7167.40  3.8640958E-02
   7167.60  3.8230138E-02
   7167.80  3.7829183E-02
   7168.00  3.7438488E-02
   7168.20  3.7058310E-02
   7168.40  3.6688810E-02
   7168.60  3.6330139E-02
   7168.80  3.5982286E-02
   7169.00  3.5645182E-02
   7169.20  3.5318686E-02
   7169.40  3.5003081E-02
   7169.60  3.4697772E-02
   7169.80  3.4402357E-02
   7170.00  3.4116507E-02
   7170.20  3.3839892E-02
   7170.40  3.3572189E-02
   7170.60  3.3313056E-02
   7170.80  3.3062160E-02
   7171.00  3.2819198E-02
   7171.20  3.2583884E-02
   7171.40  3.2355998E-02
   7171.60  3.2135328E-02
   7171.80  3.1921625E-02
   7172.00  3.1715040E-02
