  7112.000   26  1  1  3.8564388E-02 -3.1924786E+00 -6.3610335E-01  1  1  7.2654624E+03  0.0000000E+00  0.0000000E+00  3.7050192E+00  1.0000000E+00  0.0000000E+00 = E_edge, Z, n_edge, j_edge, Abs_before_edge, VO_interstitial, E_cut, ninitl, ninit1, Epsii, UnitCell_Volume, Surface_ref, f0_forward, natomsym_f, abs_u_i
    Energy    <xanes>    
   7097.00  2.0353459E-04
   7097.20  3.4051694E-04
   7097.40  3.3850382E-03
   7097.60  3.9932984E-03
   7097.80  3.3352894E-04
   7098.00  1.3428308E-04
   7098.20  8.1107483E-05
   7098.40  5.9357197E-05
   7098.60  4.8603725E-05
   7098.80  4.3209432E-05
   7099.00  4.4046306E-05
   7099.20  6.2915011E-04
   7099.40  4.0964175E-05
   7099.60  4.0394150E-05
   7099.80  4.8639357E-05
   7100.00  8.9024703E-05
   7100.20  1.7119904E-03
   7100.40  2.0575855E-04
   7100.60  6.3641816E-05
   7100.80  5.5855467E-05
   7101.00  4.8545929E-04
   7101.20  4.6206463E-05
   7101.40  4.6908335E-05
   7101.60  8.8490695E-05
   7101.80  6.6917966E-04
   7102.00  6.9372794E-05
   7102.20  7.4015308E-05
   7102.40  1.5324699E-04
   7102.60  6.1109076E-03
   7102.80  3.8781127E-04
   7103.00  9.5721286E-04
   7103.20  9.6014127E-04
   7103.40  8.3845263E-05
   7103.60  1.0473321E-04
   7103.80  5.1801687E-03
   7104.00  1.1095249E-04
   7104.20  6.5944330E-04
   7104.40  1.4518044E-04
   7104.60  1.2495978E-04
   7104.80  2.0674758E-04
   7105.00  1.0757137E-03
   7105.20  6.3005301E-02
   7105.40  1.2384434E-03
   7105.60  9.9791867E-04
   7105.80  1.6983493E-03
   7106.00  4.4612613E-03
   7106.20  7.8388278E-04
   7106.40  1.8059519E-02
   7106.60  5.3610724E-04
   7106.80  9.9029896E-03
   7107.00  1.1510063E-03
   7107.20  1.0532726E-02
   7107.40  2.8380525E-02
   7107.60  1.1907429E-03
   7107.80  2.0880180E-03
   7108.00  2.0218304E-02
   7108.20  7.0030198E-04
   7108.40  8.1951380E-03
   7108.60  3.5818442E-03
   7108.80  2.8260393E-03
   7109.00  3.6693132E-02
   7109.20  3.8161645E-03
   7109.40  3.9836212E-02
   7109.60  2.2266716E-03
   7109.80  1.0559268E-02
   7110.00  3.1190905E-02
   7110.20  1.5246550E-02
   7110.40  3.2643545E-02
   7110.60  2.8270373E-02
   7110.80  1.7739325E-02
   7111.00  2.1052994E-02
   7111.20  3.0750437E-02
   7111.40  1.4765916E-02
   7111.60  1.2670972E-02
   7111.80  1.6061859E-02
   7112.00  1.7478431E-02
   7112.20  8.7552778E-03
   7112.40  4.6785523E-03
   7112.60  3.4265391E-03
   7112.80  3.1342861E-03
   7113.00  3.6139014E-03
   7113.20  4.9978871E-03
   7113.40  7.2232510E-03
   7113.60  1.1681485E-02
   7113.80  2.0412942E-02
   7114.00  2.2152627E-02
   7114.20  1.4405538E-02
   7114.40  1.5173225E-02
   7114.60  1.2770444E-02
   7114.80  6.6377573E-03
   7115.00  4.0606446E-03
   7115.20  2.9104062E-03
   7115.40  2.2946143E-03
   7115.60  1.9216342E-03
   7115.80  1.6821064E-03
   7116.00  1.5302809E-03
   7116.20  1.4445521E-03
   7116.40  1.4086111E-03
   7116.60  1.3968366E-03
   7116.80  1.3704167E-03
   7117.00  1.3048647E-03
   7117.20  1.2176723E-03
   7117.40  1.1428207E-03
   7117.60  1.0989500E-03
   7117.80  1.0897690E-03
   7118.00  1.1138673E-03
   7118.20  1.1690802E-03
   7118.40  1.2523048E-03
   7118.60  1.3577665E-03
   7118.80  1.4755918E-03
   7119.00  1.5926528E-03
   7119.20  1.6944910E-03
   7119.40  1.7700868E-03
   7119.60  1.8175441E-03
   7119.80  1.8481564E-03
   7120.00  1.8931156E-03
   7120.20  1.9605919E-03
   7120.40  2.0781904E-03
   7120.60  2.2601331E-03
   7120.80  2.5183610E-03
   7121.00  2.8635467E-03
   7121.20  3.3027699E-03
   7121.40  3.8357576E-03
   7121.60  4.4557491E-03
   7121.80  5.1597208E-03
   7122.00  5.9248084E-03
   7122.20  6.7539299E-03
   7122.40  7.4819821E-03
   7122.60  8.0085449E-03
   7122.80  8.3090941E-03
   7123.00  8.5551111E-03
   7123.20  8.8761240E-03
   7123.40  9.4196094E-03
   7123.60  1.0157130E-02
   7123.80  1.0950950E-02
   7124.00  1.1739079E-02
   7124.20  1.2589876E-02
   7124.40  1.3661019E-02
   7124.60  1.5067572E-02
   7124.80  1.6923544E-02
   7125.00  1.9154154E-02
   7125.20  2.1353227E-02
   7125.40  2.2941979E-02
   7125.60  2.3893153E-02
   7125.80  2.4906482E-02
   7126.00  2.6617219E-02
   7126.20  2.9348240E-02
   7126.40  3.2959730E-02
   7126.60  3.7274793E-02
   7126.80  4.2041483E-02
   7127.00  4.7084287E-02
   7127.20  5.2428696E-02
   7127.40  5.7842310E-02
   7127.60  6.1658938E-02
   7127.80  6.1794981E-02
   7128.00  5.9108168E-02
   7128.20  5.5760471E-02
   7128.40  5.2819716E-02
   7128.60  5.0536248E-02
   7128.80  4.8938876E-02
   7129.00  4.7985979E-02
   7129.20  4.7568235E-02
   7129.40  4.7519217E-02
   7129.60  4.7641546E-02
   7129.80  4.7751629E-02
   7130.00  4.7730756E-02
   7130.20  4.7552492E-02
   7130.40  4.7273795E-02
   7130.60  4.7002172E-02
   7130.80  4.6848511E-02
   7131.00  4.6877520E-02
   7131.20  4.7080912E-02
   7131.40  4.7399496E-02
   7131.60  4.7784335E-02
   7131.80  4.8256827E-02
   7132.00  4.8914486E-02
   7132.20  4.9857293E-02
   7132.40  5.1078420E-02
   7132.60  5.2402714E-02
   7132.80  5.3544988E-02
   7133.00  5.4255447E-02
   7133.20  5.4434062E-02
   7133.40  5.4139413E-02
   7133.60  5.3527967E-02
   7133.80  5.2793899E-02
   7134.00  5.2128009E-02
   7134.20  5.1699401E-02
   7134.40  5.1631501E-02
   7134.60  5.1975969E-02
   7134.80  5.2687032E-02
   7135.00  5.3591725E-02
   7135.20  5.4405492E-02
   7135.40  5.4828407E-02
   7135.60  5.4683014E-02
   7135.80  5.3985894E-02
   7136.00  5.2901401E-02
   7136.20  5.1637502E-02
   7136.40  5.0368201E-02
   7136.60  4.9206490E-02
   7136.80  4.8208366E-02
   7137.00  4.7390295E-02
   7137.20  4.6746025E-02
   7137.40  4.6256578E-02
   7137.60  4.5899009E-02
   7137.80  4.5651229E-02
   7138.00  4.5494226E-02
   7138.20  4.5412658E-02
   7138.40  4.5394477E-02
   7138.60  4.5429990E-02
   7138.80  4.5511549E-02
   7139.00  4.5632685E-02
   7139.20  4.5787651E-02
   7139.40  4.5970614E-02
   7139.60  4.6174579E-02
   7139.80  4.6389692E-02
   7140.00  4.6602383E-02
   7140.20  4.6795019E-02
   7140.40  4.6946948E-02
   7140.60  4.7036062E-02
   7140.80  4.7041877E-02
   7141.00  4.6959078E-02
   7141.20  4.6784930E-02
   7141.40  4.6525907E-02
   7141.60  4.6196827E-02
   7141.80  4.5818043E-02
   7142.00  4.5401662E-02
   7142.20  4.4993878E-02
   7142.40  4.4594765E-02
   7142.60  4.4213827E-02
   7142.80  4.3847036E-02
   7143.00  4.3490223E-02
   7143.20  4.3133759E-02
   7143.40  4.2767368E-02
   7143.60  4.2382831E-02
   7143.80  4.1975546E-02
   7144.00  4.1544604E-02
   7144.20  4.1092007E-02
   7144.40  4.0621893E-02
   7144.60  4.0139150E-02
   7144.80  3.9648612E-02
   7145.00  3.9154831E-02
   7145.20  3.8661628E-02
   7145.40  3.8172136E-02
   7145.60  3.7688526E-02
   7145.80  3.7212040E-02
   7146.00  3.6743048E-02
   7146.20  3.6281155E-02
   7146.40  3.5825471E-02
   7146.60  3.5374941E-02
   7146.80  3.4928378E-02
   7147.00  3.4484335E-02
   7147.20  3.4041082E-02
   7147.40  3.3599261E-02
   7147.60  3.3151315E-02
   7147.80  3.2694720E-02
   7148.00  3.2234284E-02
   7148.20  3.1778832E-02
   7148.40  3.1312688E-02
   7148.60  3.0845075E-02
   7148.80  3.0373088E-02
   7149.00  2.9898207E-02
   7149.20  2.9423401E-02
   7149.40  2.8952482E-02
   7149.60  2.8489523E-02
   7149.80  2.8039138E-02
   7150.00  2.7606335E-02
   7150.20  2.7195730E-02
   7150.40  2.6812125E-02
   7150.60  2.6458143E-02
   7150.80  2.6142027E-02
   7151.00  2.5865405E-02
   7151.20  2.5627972E-02
   7151.40  2.5431626E-02
   7151.60  2.5275666E-02
   7151.80  2.5158309E-02
   7152.00  2.5076662E-02
   7152.20  2.5026907E-02
   7152.40  2.5004241E-02
   7152.60  2.5003248E-02
   7152.80  2.5018054E-02
   7153.00  2.5042331E-02
   7153.20  2.5069466E-02
   7153.40  2.5092488E-02
   7153.60  2.5104095E-02
   7153.80  2.5097220E-02
   7154.00  2.5065236E-02
   7154.20  2.5002434E-02
   7154.40  2.4904543E-02
   7154.60  2.4769215E-02
   7154.80  2.4595954E-02
   7155.00  2.4386550E-02
   7155.20  2.4145010E-02
   7155.40  2.3877161E-02
   7155.60  2.3590237E-02
   7155.80  2.3295973E-02
   7156.00  2.2996096E-02
   7156.20  2.2702401E-02
   7156.40  2.2422457E-02
   7156.60  2.2164076E-02
   7156.80  2.1932920E-02
   7157.00  2.1732301E-02
   7157.20  2.1563091E-02
   7157.40  2.1423771E-02
   7157.60  2.1310799E-02
   7157.80  2.1218649E-02
   7158.00  2.1141107E-02
   7158.20  2.1071988E-02
   7158.40  2.1005824E-02
   7158.60  2.0938365E-02
   7158.80  2.0866929E-02
   7159.00  2.0790356E-02
   7159.20  2.0708810E-02
   7159.40  2.0623540E-02
   7159.60  2.0533727E-02
   7159.80  2.0445842E-02
   7160.00  2.0359667E-02
   7160.20  2.0277213E-02
   7160.40  2.0200440E-02
   7160.60  2.0137598E-02
   7160.80  2.0077959E-02
   7161.00  2.0029690E-02
   7161.20  1.9992323E-02
   7161.40  1.9973526E-02
   7161.60  1.9972342E-02
   7161.80  1.9987085E-02
   7162.00  2.0021191E-02
   7162.20  2.0075704E-02
   7162.40  2.0150834E-02
   7162.60  2.0246496E-02
   7162.80  2.0362824E-02
   7163.00  2.0499358E-02
   7163.20  2.0655357E-02
   7163.40  2.0830291E-02
   7163.60  2.1023062E-02
   7163.80  2.1232391E-02
   7164.00  2.1457082E-02
   7164.20  2.1696278E-02
   7164.40  2.1948429E-02
   7164.60  2.2212105E-02
   7164.80  2.2486040E-02
   7165.00  2.2769035E-02
   7165.20  2.3060244E-02
   7165.40  2.3360066E-02
   7165.60  2.3666901E-02
   7165.80  2.3979159E-02
   7166.00  2.4296274E-02
   7166.20  2.4617790E-02
   7166.40  2.4943668E-02
   7166.60  2.5273589E-02
   7166.80  2.5607449E-02
   7167.00  2.5945150E-02
   7167.20  2.6286622E-02
   7167.40  2.6631710E-02
   7167.60  2.6980308E-02
   7167.80  2.7331668E-02
   7168.00  2.7684919E-02
   7168.20  2.8038807E-02
   7168.40  2.8391744E-02
   7168.60  2.8741771E-02
   7168.80  2.9086355E-02
   7169.00  2.9422699E-02
   7169.20  2.9747938E-02
   7169.40  3.0058773E-02
   7169.60  3.0351838E-02
   7169.80  3.0623868E-02
   7170.00  3.0871933E-02
   7170.20  3.1093510E-02
   7170.40  3.1286627E-02
   7170.60  3.1450021E-02
   7170.80  3.1583233E-02
   7171.00  3.1686780E-02
   7171.20  3.1761629E-02
   7171.40  3.1809110E-02
   7171.60  3.1831316E-02
   7171.80  3.1830765E-02
   7172.00  3.1810075E-02
