  7112.000   26  1  1  2.3242367E-02 -1.7897926E+00 -4.3269835E-01  1  1  7.2650288E+03  0.0000000E+00  0.0000000E+00  4.3950686E+00  1.0000000E+00  0.0000000E+00 = E_edge, Z, n_edge, j_edge, Abs_before_edge, VO_interstitial, E_cut, ninitl, ninit1, Epsii, UnitCell_Volume, Surface_ref, f0_forward, natomsym_f, abs_u_i
    Energy    <xanes>    
   7097.00  2.9020169E-05
   7097.20  2.5323733E-05
   7097.40  2.3460805E-05
   7097.60  2.2403232E-05
   7097.80  2.1759426E-05
   7098.00  2.1355072E-05
   7098.20  2.1104743E-05
   7098.40  2.0964426E-05
   7098.60  2.0913046E-05
   7098.80  2.0945896E-05
   7099.00  2.1076779E-05
   7099.20  2.1355603E-05
   7099.40  2.1954123E-05
   7099.60  2.3844716E-05
   7099.80  7.7441296E-05
   7100.00  3.0483650E-05
   7100.20  3.2145814E-05
   7100.40  1.1841545E-04
   7100.60  9.4946297E-05
   7100.80  3.1687245E-05
   7101.00  2.6815736E-05
   7101.20  2.6419703E-05
   7101.40  2.7798926E-05
   7101.60  3.1688555E-05
   7101.80  4.4590258E-05
   7102.00  4.7767931E-04
   7102.20  5.8542298E-04
   7102.40  1.3584106E-04
   7102.60  9.0004914E-05
   7102.80  1.7003217E-03
   7103.00  3.8281152E-04
   7103.20  1.2561090E-04
   7103.40  5.4877248E-03
   7103.60  8.0318117E-05
   7103.80  7.5259391E-05
   7104.00  2.2789202E-04
   7104.20  1.7381868E-03
   7104.40  4.2906683E-03
   7104.60  1.2516181E-04
   7104.80  2.4854965E-04
   7105.00  9.8509009E-04
   7105.20  1.1552442E-04
   7105.40  1.0249838E-04
   7105.60  2.0343689E-04
   7105.80  6.1417896E-04
   7106.00  7.3237291E-03
   7106.20  5.4527278E-03
   7106.40  9.5135815E-04
   7106.60  2.6139104E-02
   7106.80  1.6035545E-02
   7107.00  3.5474868E-03
   7107.20  1.1058127E-03
   7107.40  3.5296400E-02
   7107.60  3.4854653E-03
   7107.80  1.3151291E-03
   7108.00  1.7239139E-03
   7108.20  2.9469571E-04
   7108.40  3.9459710E-04
   7108.60  1.4419916E-02
   7108.80  6.3038545E-03
   7109.00  1.5833946E-03
   7109.20  5.0990090E-03
   7109.40  6.2908396E-04
   7109.60  9.0630940E-03
   7109.80  1.0598031E-03
   7110.00  4.1369442E-04
   7110.20  1.2142778E-03
   7110.40  6.7674624E-04
   7110.60  7.7484889E-03
   7110.80  1.0182741E-02
   7111.00  2.5998622E-03
   7111.20  4.0683549E-03
   7111.40  3.4509464E-03
   7111.60  2.2845001E-03
   7111.80  6.9668328E-03
   7112.00  2.6234871E-03
   7112.20  1.2179187E-03
   7112.40  3.8071620E-03
   7112.60  6.5745700E-03
   7112.80  1.8042134E-03
   7113.00  1.4645943E-03
   7113.20  1.6865175E-03
   7113.40  1.6828015E-03
   7113.60  3.1746377E-03
   7113.80  2.9344825E-03
   7114.00  3.3387270E-03
   7114.20  2.4152639E-03
   7114.40  1.5454932E-03
   7114.60  1.7249345E-03
   7114.80  1.9069072E-03
   7115.00  1.1957522E-03
   7115.20  7.7760255E-04
   7115.40  5.9457853E-04
   7115.60  5.0966174E-04
   7115.80  4.7473389E-04
   7116.00  4.7059966E-04
   7116.20  4.8913626E-04
   7116.40  5.2708907E-04
   7116.60  5.8392812E-04
   7116.80  6.6105221E-04
   7117.00  7.6163397E-04
   7117.20  8.9095513E-04
   7117.40  1.0573778E-03
   7117.60  1.2743466E-03
   7117.80  1.5633210E-03
   7118.00  1.9520438E-03
   7118.20  2.4475420E-03
   7118.40  2.9974193E-03
   7118.60  3.5270645E-03
   7118.80  3.8894839E-03
   7119.00  4.1714757E-03
   7119.20  4.6145755E-03
   7119.40  5.2998857E-03
   7119.60  6.4461283E-03
   7119.80  8.4146939E-03
   7120.00  1.1340705E-02
   7120.20  1.5207937E-02
   7120.40  1.9805207E-02
   7120.60  2.4614983E-02
   7120.80  2.8983367E-02
   7121.00  3.2519428E-02
   7121.20  3.5042793E-02
   7121.40  3.5978300E-02
   7121.60  3.4716675E-02
   7121.80  3.2523074E-02
   7122.00  3.2020947E-02
   7122.20  3.1564699E-02
   7122.40  3.5419321E-02
   7122.60  4.5699835E-02
   7122.80  5.1718712E-02
   7123.00  5.0201387E-02
   7123.20  4.6544607E-02
   7123.40  4.4337843E-02
   7123.60  4.4364958E-02
   7123.80  4.6347190E-02
   7124.00  4.8394286E-02
   7124.20  5.0661596E-02
   7124.40  5.4276994E-02
   7124.60  5.9218382E-02
   7124.80  6.2642268E-02
   7125.00  6.0825194E-02
   7125.20  5.7025482E-02
   7125.40  5.3376637E-02
   7125.60  4.9619223E-02
   7125.80  4.4165616E-02
   7126.00  3.8677489E-02
   7126.20  3.6706280E-02
   7126.40  3.8283692E-02
   7126.60  4.1760175E-02
   7126.80  4.4965611E-02
   7127.00  4.6492586E-02
   7127.20  4.6412384E-02
   7127.40  4.5569191E-02
   7127.60  4.4773023E-02
   7127.80  4.4610487E-02
   7128.00  4.5224765E-02
   7128.20  4.5970758E-02
   7128.40  4.6268818E-02
   7128.60  4.6064103E-02
   7128.80  4.5857219E-02
   7129.00  4.6307319E-02
   7129.20  4.7007967E-02
   7129.40  4.7387768E-02
   7129.60  4.8237697E-02
   7129.80  5.1095623E-02
   7130.00  5.3406809E-02
   7130.20  5.3222415E-02
   7130.40  5.2078048E-02
   7130.60  5.0811735E-02
   7130.80  4.9656639E-02
   7131.00  4.8676990E-02
   7131.20  4.7926800E-02
   7131.40  4.7426586E-02
   7131.60  4.7140951E-02
   7131.80  4.7007817E-02
   7132.00  4.6963768E-02
   7132.20  4.6950788E-02
   7132.40  4.6918765E-02
   7132.60  4.6828162E-02
   7132.80  4.6650476E-02
   7133.00  4.6363007E-02
   7133.20  4.5956390E-02
   7133.40  4.5435112E-02
   7133.60  4.4847207E-02
   7133.80  4.4426012E-02
   7134.00  4.4772059E-02
   7134.20  4.5798162E-02
   7134.40  4.6996501E-02
   7134.60  4.6354423E-02
   7134.80  4.5042724E-02
   7135.00  4.3784698E-02
   7135.20  4.2533924E-02
   7135.40  4.1340112E-02
   7135.60  4.0234652E-02
   7135.80  3.9223488E-02
   7136.00  3.8298553E-02
   7136.20  3.7447172E-02
   7136.40  3.6656479E-02
   7136.60  3.5915372E-02
   7136.80  3.5215303E-02
   7137.00  3.4549729E-02
   7137.20  3.3913864E-02
   7137.40  3.3303094E-02
   7137.60  3.2711893E-02
   7137.80  3.2132578E-02
   7138.00  3.1554425E-02
   7138.20  3.0964448E-02
   7138.40  3.0350102E-02
   7138.60  2.9709378E-02
   7138.80  2.9044193E-02
   7139.00  2.8362489E-02
   7139.20  2.7681810E-02
   7139.40  2.7021606E-02
   7139.60  2.6398848E-02
   7139.80  2.5827021E-02
   7140.00  2.5316604E-02
   7140.20  2.4875336E-02
   7140.40  2.4509478E-02
   7140.60  2.4222724E-02
   7140.80  2.4015982E-02
   7141.00  2.3885656E-02
   7141.20  2.3823268E-02
   7141.40  2.3815989E-02
   7141.60  2.3847702E-02
   7141.80  2.3901462E-02
   7142.00  2.3961675E-02
   7142.20  2.4015467E-02
   7142.40  2.4053560E-02
   7142.60  2.4070398E-02
   7142.80  2.4063665E-02
   7143.00  2.4033272E-02
   7143.20  2.3980575E-02
   7143.40  2.3907721E-02
   7143.60  2.3817011E-02
   7143.80  2.3710444E-02
   7144.00  2.3589290E-02
   7144.20  2.3454326E-02
   7144.40  2.3305784E-02
   7144.60  2.3143640E-02
   7144.80  2.2967796E-02
   7145.00  2.2778109E-02
   7145.20  2.2573953E-02
   7145.40  2.2357023E-02
   7145.60  2.2130066E-02
   7145.80  2.1894640E-02
   7146.00  2.1652616E-02
   7146.20  2.1406260E-02
   7146.40  2.1158212E-02
   7146.60  2.0911212E-02
   7146.80  2.0668047E-02
   7147.00  2.0431504E-02
   7147.20  2.0204127E-02
   7147.40  1.9988048E-02
   7147.60  1.9785172E-02
   7147.80  1.9597096E-02
   7148.00  1.9426015E-02
   7148.20  1.9271211E-02
   7148.40  1.9138163E-02
   7148.60  1.9022960E-02
   7148.80  1.8928523E-02
   7149.00  1.8855234E-02
   7149.20  1.8803335E-02
   7149.40  1.8773325E-02
   7149.60  1.8764732E-02
   7149.80  1.8773253E-02
   7150.00  1.8806382E-02
   7150.20  1.8859354E-02
   7150.40  1.8927282E-02
   7150.60  1.9008382E-02
   7150.80  1.9100010E-02
   7151.00  1.9198272E-02
   7151.20  1.9306793E-02
   7151.40  1.9409757E-02
   7151.60  1.9512186E-02
   7151.80  1.9614119E-02
   7152.00  1.9717153E-02
   7152.20  1.9837348E-02
   7152.40  1.9952459E-02
   7152.60  2.0079693E-02
   7152.80  2.0220035E-02
   7153.00  2.0373755E-02
   7153.20  2.0539810E-02
   7153.40  2.0717395E-02
   7153.60  2.0903173E-02
   7153.80  2.1094660E-02
   7154.00  2.1289539E-02
   7154.20  2.1486280E-02
   7154.40  2.1684220E-02
   7154.60  2.1881365E-02
   7154.80  2.2078901E-02
   7155.00  2.2276868E-02
   7155.20  2.2477660E-02
   7155.40  2.2680140E-02
   7155.60  2.2885096E-02
   7155.80  2.3093221E-02
   7156.00  2.3304748E-02
   7156.20  2.3519704E-02
   7156.40  2.3737889E-02
   7156.60  2.3958924E-02
   7156.80  2.4182392E-02
   7157.00  2.4407840E-02
   7157.20  2.4634790E-02
   7157.40  2.4862999E-02
   7157.60  2.5092671E-02
   7157.80  2.5324153E-02
   7158.00  2.5558336E-02
   7158.20  2.5796707E-02
   7158.40  2.6040914E-02
   7158.60  2.6292784E-02
   7158.80  2.6554266E-02
   7159.00  2.6827072E-02
   7159.20  2.7112318E-02
   7159.40  2.7410837E-02
   7159.60  2.7722620E-02
   7159.80  2.8047593E-02
   7160.00  2.8384420E-02
   7160.20  2.8731440E-02
   7160.40  2.9086377E-02
   7160.60  2.9448403E-02
   7160.80  2.9814297E-02
   7161.00  3.0180632E-02
   7161.20  3.0544413E-02
   7161.40  3.0902903E-02
   7161.60  3.1253671E-02
   7161.80  3.1594718E-02
   7162.00  3.1924447E-02
   7162.20  3.2239795E-02
   7162.40  3.2541404E-02
   7162.60  3.2831418E-02
   7162.80  3.3108448E-02
   7163.00  3.3370047E-02
   7163.20  3.3623824E-02
   7163.40  3.3867604E-02
   7163.60  3.4102564E-02
   7163.80  3.4329727E-02
   7164.00  3.4549954E-02
   7164.20  3.4764259E-02
   7164.40  3.4972781E-02
   7164.60  3.5175592E-02
   7164.80  3.5372802E-02
   7165.00  3.5564108E-02
   7165.20  3.5749242E-02
   7165.40  3.5927889E-02
   7165.60  3.6099992E-02
   7165.80  3.6265134E-02
   7166.00  3.6422839E-02
   7166.20  3.6573188E-02
   7166.40  3.6716490E-02
   7166.60  3.6852902E-02
   7166.80  3.6982606E-02
   7167.00  3.7105981E-02
   7167.20  3.7223951E-02
   7167.40  3.7336614E-02
   7167.60  3.7444358E-02
   7167.80  3.7547744E-02
   7168.00  3.7647189E-02
   7168.20  3.7743091E-02
   7168.40  3.7835810E-02
   7168.60  3.7925643E-02
   7168.80  3.8012814E-02
   7169.00  3.8097746E-02
   7169.20  3.8180045E-02
   7169.40  3.8259850E-02
   7169.60  3.8336879E-02
   7169.80  3.8410973E-02
   7170.00  3.8481781E-02
   7170.20  3.8549070E-02
   7170.40  3.8612373E-02
   7170.60  3.8671217E-02
   7170.80  3.8724927E-02
   7171.00  3.8773708E-02
   7171.20  3.8816579E-02
   7171.40  3.8853166E-02
   7171.60  3.8883435E-02
   7171.80  3.8907181E-02
   7172.00  3.8924214E-02
