  7112.000   26  1  1  1.3237600E-02 -2.1045495E+00 -1.5922124E+00  1  1  7.2656521E+03  0.0000000E+00  0.0000000E+00  2.1936557E+00  1.0000000E+00  0.0000000E+00 = E_edge, Z, n_edge, j_edge, Abs_before_edge, VO_interstitial, E_cut, ninitl, ninit1, Epsii, UnitCell_Volume, Surface_ref, f0_forward, natomsym_f, abs_u_i
    Energy    <xanes>    
   7097.00  1.0350047E-04
   7097.20  3.3632273E-04
   7097.40  5.8030181E-02
   7097.60  4.2234946E-04
   7097.80  1.1477228E-04
   7098.00  6.1518422E-05
   7098.20  4.3493027E-05
   7098.40  3.5456536E-05
   7098.60  3.1365168E-05
   7098.80  2.9207243E-05
   7099.00  2.8193215E-05
   7099.20  2.8021358E-05
   7099.40  2.8663770E-05
   7099.60  3.0363892E-05
   7099.80  3.3857533E-05
   7100.00  4.1221927E-05
   7100.20  5.9697991E-05
   7100.40  1.3058250E-04
   7100.60  1.8335803E-03
   7100.80  2.7082918E-03
   7101.00  4.1119318E-04
   7101.20  6.8143648E-05
   7101.40  1.4184439E-04
   7101.60  3.7150844E-05
   7101.80  3.3826841E-05
   7102.00  3.3018781E-05
   7102.20  3.4056408E-05
   7102.40  3.7540981E-05
   7102.60  4.6646040E-05
   7102.80  7.9897440E-05
   7103.00  7.3956054E-04
   7103.20  2.8194549E-04
   7103.40  1.1475091E-04
   7103.60  3.2390422E-04
   7103.80  2.5961824E-03
   7104.00  3.1646519E-04
   7104.20  6.1648141E-04
   7104.40  3.1757823E-03
   7104.60  2.6846138E-04
   7104.80  8.0650835E-05
   7105.00  5.5749380E-05
   7105.20  4.9662838E-05
   7105.40  5.1327873E-05
   7105.60  6.3134505E-05
   7105.80  1.1493558E-04
   7106.00  1.1404860E-03
   7106.20  3.8298038E-04
   7106.40  1.9216393E-04
   7106.60  1.3434398E-04
   7106.80  1.2822542E-04
   7107.00  1.3113025E-04
   7107.20  1.7639294E-04
   7107.40  7.8143764E-03
   7107.60  9.7492148E-03
   7107.80  5.6969657E-04
   7108.00  2.6259565E-04
   7108.20  1.6568141E-03
   7108.40  1.3691811E-03
   7108.60  3.1305516E-04
   7108.80  3.2375834E-04
   7109.00  1.3777259E-02
   7109.20  8.0675187E-02
   7109.40  3.4717963E-03
   7109.60  2.8153337E-03
   7109.80  6.3046206E-04
   7110.00  4.4535478E-03
   7110.20  4.3111158E-03
   7110.40  4.2752342E-03
   7110.60  1.5473488E-02
   7110.80  5.9298769E-03
   7111.00  5.8377089E-03
   7111.20  3.5277395E-03
   7111.40  1.0718258E-02
   7111.60  1.0200648E-02
   7111.80  1.1614337E-02
   7112.00  8.4060453E-03
   7112.20  1.4493761E-02
   7112.40  3.3208734E-02
   7112.60  4.2370258E-02
   7112.80  2.4408763E-02
   7113.00  2.2119951E-02
   7113.20  3.1126997E-02
   7113.40  5.6255409E-02
   7113.60  7.3789071E-02
   7113.80  3.5024301E-02
   7114.00  1.4128891E-02
   7114.20  7.2488904E-03
   7114.40  4.5586888E-03
   7114.60  3.3608520E-03
   7114.80  2.8212847E-03
   7115.00  2.6635732E-03
   7115.20  2.8313882E-03
   7115.40  3.4200756E-03
   7115.60  4.7375180E-03
   7115.80  7.5439822E-03
   7116.00  1.3343570E-02
   7116.20  2.2837888E-02
   7116.40  3.1230036E-02
   7116.60  3.3829244E-02
   7116.80  2.7556312E-02
   7117.00  1.9717247E-02
   7117.20  1.4461955E-02
   7117.40  1.1330909E-02
   7117.60  9.4580187E-03
   7117.80  8.3239381E-03
   7118.00  7.6484319E-03
   7118.20  7.2632760E-03
   7118.40  6.9786104E-03
   7118.60  6.5127356E-03
   7118.80  5.9237033E-03
   7119.00  5.6076735E-03
   7119.20  5.4604353E-03
   7119.40  5.3998743E-03
   7119.60  5.3733369E-03
   7119.80  5.3618971E-03
   7120.00  5.3841837E-03
   7120.20  5.3564988E-03
   7120.40  5.1292166E-03
   7120.60  4.7819156E-03
   7120.80  4.4995612E-03
   7121.00  4.3491031E-03
   7121.20  4.3263101E-03
   7121.40  4.4279543E-03
   7121.60  4.6692814E-03
   7121.80  5.0679723E-03
   7122.00  5.6153163E-03
   7122.20  6.2678804E-03
   7122.40  6.9753493E-03
   7122.60  7.7442367E-03
   7122.80  8.4542889E-03
   7123.00  9.1623022E-03
   7123.20  9.8448721E-03
   7123.40  1.0532702E-02
   7123.60  1.1232988E-02
   7123.80  1.1947947E-02
   7124.00  1.2680208E-02
   7124.20  1.3437650E-02
   7124.40  1.4229097E-02
   7124.60  1.5049204E-02
   7124.80  1.5864855E-02
   7125.00  1.6623345E-02
   7125.20  1.7273131E-02
   7125.40  1.7774624E-02
   7125.60  1.8128767E-02
   7125.80  1.8372222E-02
   7126.00  1.8537325E-02
   7126.20  1.8632365E-02
   7126.40  1.8684793E-02
   7126.60  1.8698597E-02
   7126.80  1.8768523E-02
   7127.00  1.8893390E-02
   7127.20  1.9092251E-02
   7127.40  1.9360339E-02
   7127.60  1.9694174E-02
   7127.80  2.0105643E-02
   7128.00  2.0631954E-02
   7128.20  2.1329608E-02
   7128.40  2.2257284E-02
   7128.60  2.3463046E-02
   7128.80  2.5029524E-02
   7129.00  2.6865593E-02
   7129.20  2.8995495E-02
   7129.40  3.1364320E-02
   7129.60  3.3884679E-02
   7129.80  3.6450990E-02
   7130.00  3.8967497E-02
   7130.20  4.1387491E-02
   7130.40  4.3726662E-02
   7130.60  4.6068556E-02
   7130.80  4.8444513E-02
   7131.00  5.0831017E-02
   7131.20  5.3149924E-02
   7131.40  5.5294083E-02
   7131.60  5.7156779E-02
   7131.80  5.8656368E-02
   7132.00  5.9750836E-02
   7132.20  6.0435027E-02
   7132.40  6.0735378E-02
   7132.60  6.0718503E-02
   7132.80  6.0476152E-02
   7133.00  6.0123906E-02
   7133.20  5.9783524E-02
   7133.40  5.9557642E-02
   7133.60  5.9510998E-02
   7133.80  5.9662776E-02
   7134.00  5.9988474E-02
   7134.20  6.0430018E-02
   7134.40  6.0927144E-02
   7134.60  6.1481897E-02
   7134.80  6.2199582E-02
   7135.00  6.3165399E-02
   7135.20  6.4200386E-02
   7135.40  6.4861143E-02
   7135.60  6.4774742E-02
   7135.80  6.3877830E-02
   7136.00  6.2338818E-02
   7136.20  6.0426175E-02
   7136.40  5.8352028E-02
   7136.60  5.6266024E-02
   7136.80  5.4259419E-02
   7137.00  5.2381397E-02
   7137.20  5.0653594E-02
   7137.40  4.9081295E-02
   7137.60  4.7660056E-02
   7137.80  4.6381134E-02
   7138.00  4.5234390E-02
   7138.20  4.4227219E-02
   7138.40  4.3333512E-02
   7138.60  4.2545240E-02
   7138.80  4.1858503E-02
   7139.00  4.1271172E-02
   7139.20  4.0782246E-02
   7139.40  4.0390811E-02
   7139.60  4.0096108E-02
   7139.80  3.9896557E-02
   7140.00  3.9789453E-02
   7140.20  3.9770500E-02
   7140.40  3.9833847E-02
   7140.60  3.9971610E-02
   7140.80  4.0173704E-02
   7141.00  4.0428146E-02
   7141.20  4.0721022E-02
   7141.40  4.1036627E-02
   7141.60  4.1357869E-02
   7141.80  4.1666422E-02
   7142.00  4.1943085E-02
   7142.20  4.2168586E-02
   7142.40  4.2324287E-02
   7142.60  4.2393232E-02
   7142.80  4.2361320E-02
   7143.00  4.2218621E-02
   7143.20  4.1959999E-02
   7143.40  4.1586042E-02
   7143.60  4.1102771E-02
   7143.80  4.0520991E-02
   7144.00  3.9855139E-02
   7144.20  3.9121910E-02
   7144.40  3.8338842E-02
   7144.60  3.7523315E-02
   7144.80  3.6729520E-02
   7145.00  3.5935615E-02
   7145.20  3.5149662E-02
   7145.40  3.4381928E-02
   7145.60  3.3641298E-02
   7145.80  3.2935377E-02
   7146.00  3.2270632E-02
   7146.20  3.1652810E-02
   7146.40  3.1086923E-02
   7146.60  3.0577356E-02
   7146.80  3.0118808E-02
   7147.00  2.9733054E-02
   7147.20  2.9411635E-02
   7147.40  2.9154491E-02
   7147.60  2.8959942E-02
   7147.80  2.8805627E-02
   7148.00  2.8722385E-02
   7148.20  2.8693873E-02
   7148.40  2.8706991E-02
   7148.60  2.8755003E-02
   7148.80  2.8831340E-02
   7149.00  2.8929862E-02
   7149.20  2.9045962E-02
   7149.40  2.9173063E-02
   7149.60  2.9307797E-02
   7149.80  2.9446603E-02
   7150.00  2.9586840E-02
   7150.20  2.9726535E-02
   7150.40  2.9864237E-02
   7150.60  2.9999241E-02
   7150.80  3.0131645E-02
   7151.00  3.0261829E-02
   7151.20  3.0390559E-02
   7151.40  3.0519234E-02
   7151.60  3.0649648E-02
   7151.80  3.0782532E-02
   7152.00  3.0920333E-02
   7152.20  3.1064801E-02
   7152.40  3.1216726E-02
   7152.60  3.1377608E-02
   7152.80  3.1548588E-02
   7153.00  3.1730489E-02
   7153.20  3.1923902E-02
   7153.40  3.2129173E-02
   7153.60  3.2346475E-02
   7153.80  3.2575439E-02
   7154.00  3.2815255E-02
   7154.20  3.3064814E-02
   7154.40  3.3322717E-02
   7154.60  3.3586998E-02
   7154.80  3.3855283E-02
   7155.00  3.4125073E-02
   7155.20  3.4393639E-02
   7155.40  3.4658057E-02
   7155.60  3.4915409E-02
   7155.80  3.5162822E-02
   7156.00  3.5397705E-02
   7156.20  3.5617393E-02
   7156.40  3.5819666E-02
   7156.60  3.6002833E-02
   7156.80  3.6165355E-02
   7157.00  3.6306262E-02
   7157.20  3.6425003E-02
   7157.40  3.6521433E-02
   7157.60  3.6595785E-02
   7157.80  3.6648655E-02
   7158.00  3.6680849E-02
   7158.20  3.6693560E-02
   7158.40  3.6687810E-02
   7158.60  3.6664923E-02
   7158.80  3.6626131E-02
   7159.00  3.6572731E-02
   7159.20  3.6504806E-02
   7159.40  3.6426156E-02
   7159.60  3.6336622E-02
   7159.80  3.6237284E-02
   7160.00  3.6129050E-02
   7160.20  3.6012687E-02
   7160.40  3.5889206E-02
   7160.60  3.5759335E-02
   7160.80  3.5623749E-02
   7161.00  3.5476880E-02
   7161.20  3.5331649E-02
   7161.40  3.5182282E-02
   7161.60  3.5029194E-02
   7161.80  3.4872754E-02
   7162.00  3.4713523E-02
   7162.20  3.4551862E-02
   7162.40  3.4387213E-02
   7162.60  3.4220797E-02
   7162.80  3.4053426E-02
   7163.00  3.3885498E-02
   7163.20  3.3716820E-02
   7163.40  3.3547776E-02
   7163.60  3.3378750E-02
   7163.80  3.3210228E-02
   7164.00  3.3041777E-02
   7164.20  3.2873365E-02
   7164.40  3.2704967E-02
   7164.60  3.2536386E-02
   7164.80  3.2367169E-02
   7165.00  3.2196472E-02
   7165.20  3.2023768E-02
   7165.40  3.1848577E-02
   7165.60  3.1670467E-02
   7165.80  3.1489706E-02
   7166.00  3.1305654E-02
   7166.20  3.1118243E-02
   7166.40  3.0927704E-02
   7166.60  3.0734465E-02
   7166.80  3.0539168E-02
   7167.00  3.0342546E-02
   7167.20  3.0145242E-02
   7167.40  2.9947604E-02
   7167.60  2.9750275E-02
   7167.80  2.9553915E-02
   7168.00  2.9353026E-02
   7168.20  2.9160316E-02
   7168.40  2.8970173E-02
   7168.60  2.8784497E-02
   7168.80  2.8600478E-02
   7169.00  2.8419956E-02
   7169.20  2.8243289E-02
   7169.40  2.8070763E-02
   7169.60  2.7902937E-02
   7169.80  2.7739936E-02
   7170.00  2.7582155E-02
   7170.20  2.7430365E-02
   7170.40  2.7284504E-02
   7170.60  2.7144969E-02
   7170.80  2.7012151E-02
   7171.00  2.6886389E-02
   7171.20  2.6768034E-02
   7171.40  2.6657421E-02
   7171.60  2.6554863E-02
   7171.80  2.6460603E-02
   7172.00  2.6375136E-02
