  7112.000   26  1  1  3.3967316E-02 -1.8848982E+00 -1.8055984E+00  1  1  7.2656775E+03  0.0000000E+00  0.0000000E+00  3.2295244E+00  1.0000000E+00  0.0000000E+00 = E_edge, Z, n_edge, j_edge, Abs_before_edge, VO_interstitial, E_cut, ninitl, ninit1, Epsii, UnitCell_Volume, Surface_ref, f0_forward, natomsym_f, abs_u_i
    Energy    <xanes>    
   7097.00  2.4762428E-05
   7097.20  2.5876646E-05
   7097.40  2.7460381E-05
   7097.60  2.9856010E-05
   7097.80  3.3830555E-05
   7098.00  4.1466103E-05
   7098.20  6.0617010E-05
   7098.40  1.5227636E-04
   7098.60  2.1101818E-02
   7098.80  4.0425743E-04
   7099.00  1.9204656E-03
   7099.20  1.3562874E-04
   7099.40  7.3812819E-05
   7099.60  6.6919199E-05
   7099.80  8.2934069E-05
   7100.00  1.5391009E-04
   7100.20  8.1084152E-04
   7100.40  3.0890791E-03
   7100.60  2.2325271E-04
   7100.80  1.0655402E-04
   7101.00  9.4394510E-05
   7101.20  1.6831976E-04
   7101.40  1.2122772E-02
   7101.60  4.1609937E-04
   7101.80  9.7839855E-04
   7102.00  2.6409688E-03
   7102.20  2.2325314E-04
   7102.40  7.1624673E-04
   7102.60  2.3248321E-04
   7102.80  8.1663511E-05
   7103.00  6.7192551E-05
   7103.20  1.0645595E-04
   7103.40  2.3044222E-04
   7103.60  2.7163315E-04
   7103.80  1.3100958E-03
   7104.00  8.0867642E-04
   7104.20  1.6053815E-04
   7104.40  3.8980851E-04
   7104.60  2.7214505E-04
   7104.80  1.1684246E-03
   7105.00  1.3929726E-04
   7105.20  1.5050401E-04
   7105.40  2.4761977E-04
   7105.60  5.4437751E-04
   7105.80  2.4074626E-02
   7106.00  1.3337160E-02
   7106.20  2.2150220E-03
   7106.40  1.1740248E-03
   7106.60  1.8332737E-04
   7106.80  8.4108134E-04
   7107.00  6.0605263E-04
   7107.20  1.5161962E-02
   7107.40  6.5294575E-04
   7107.60  3.1827757E-04
   7107.80  7.3611094E-04
   7108.00  8.3471352E-04
   7108.20  2.7127691E-02
   7108.40  7.0855719E-04
   7108.60  1.8711036E-02
   7108.80  6.4619716E-03
   7109.00  6.9324072E-03
   7109.20  2.6740169E-03
   7109.40  1.5494829E-03
   7109.60  8.5785338E-03
   7109.80  3.5545781E-03
   7110.00  1.1154188E-02
   7110.20  4.3075561E-03
   7110.40  2.5203179E-04
   7110.60  4.0330487E-03
   7110.80  9.6029980E-03
   7111.00  8.1611647E-03
   7111.20  5.8437464E-03
   7111.40  1.6103916E-02
   7111.60  2.5569878E-02
   7111.80  3.9082759E-02
   7112.00  2.8802221E-02
   7112.20  6.2074500E-02
   7112.40  8.0677806E-02
   7112.60  6.1143818E-02
   7112.80  6.0153239E-02
   7113.00  8.4290914E-02
   7113.20  5.8298248E-02
   7113.40  4.3337539E-02
   7113.60  2.7856438E-02
   7113.80  1.7970026E-02
   7114.00  1.4759646E-02
   7114.20  1.5340620E-02
   7114.40  1.2903006E-02
   7114.60  9.0146611E-03
   7114.80  6.9914340E-03
   7115.00  5.3707299E-03
   7115.20  4.7073815E-03
   7115.40  4.1550428E-03
   7115.60  3.8332484E-03
   7115.80  3.7687851E-03
   7116.00  4.1416123E-03
   7116.20  4.3797856E-03
   7116.40  3.2035091E-03
   7116.60  2.7376412E-03
   7116.80  2.5793770E-03
   7117.00  2.5382802E-03
   7117.20  2.5624404E-03
   7117.40  2.6361859E-03
   7117.60  2.7554245E-03
   7117.80  2.9194508E-03
   7118.00  3.1218954E-03
   7118.20  3.3413558E-03
   7118.40  3.5792803E-03
   7118.60  3.8288642E-03
   7118.80  4.1382958E-03
   7119.00  4.5335404E-03
   7119.20  5.0601033E-03
   7119.40  5.8253036E-03
   7119.60  7.0163087E-03
   7119.80  8.6134432E-03
   7120.00  9.9552487E-03
   7120.20  1.1229221E-02
   7120.40  1.2630557E-02
   7120.60  1.3312759E-02
   7120.80  1.2932765E-02
   7121.00  1.2089525E-02
   7121.20  1.1355955E-02
   7121.40  1.0793456E-02
   7121.60  1.0299765E-02
   7121.80  9.9736661E-03
   7122.00  9.9691024E-03
   7122.20  1.0341507E-02
   7122.40  1.1083572E-02
   7122.60  1.2171972E-02
   7122.80  1.3686045E-02
   7123.00  1.5378246E-02
   7123.20  1.7238114E-02
   7123.40  1.9159943E-02
   7123.60  2.1138303E-02
   7123.80  2.3131534E-02
   7124.00  2.5126667E-02
   7124.20  2.7337307E-02
   7124.40  2.9698999E-02
   7124.60  3.2361940E-02
   7124.80  3.5196153E-02
   7125.00  3.8010026E-02
   7125.20  4.0742126E-02
   7125.40  4.3343762E-02
   7125.60  4.5519516E-02
   7125.80  4.6912149E-02
   7126.00  4.7499028E-02
   7126.20  4.7559383E-02
   7126.40  4.7434425E-02
   7126.60  4.7402535E-02
   7126.80  4.7737739E-02
   7127.00  4.8593735E-02
   7127.20  5.0042091E-02
   7127.40  5.1772138E-02
   7127.60  5.3275027E-02
   7127.80  5.4104874E-02
   7128.00  5.4185073E-02
   7128.20  5.3771625E-02
   7128.40  5.3192840E-02
   7128.60  5.2793663E-02
   7128.80  5.2354501E-02
   7129.00  5.1908660E-02
   7129.20  5.1334464E-02
   7129.40  5.0492555E-02
   7129.60  4.9233975E-02
   7129.80  4.7436570E-02
   7130.00  4.5118050E-02
   7130.20  4.2497830E-02
   7130.40  3.9889727E-02
   7130.60  3.7545389E-02
   7130.80  3.5596463E-02
   7131.00  3.4077364E-02
   7131.20  3.2963125E-02
   7131.40  3.2198610E-02
   7131.60  3.1719044E-02
   7131.80  3.1470695E-02
   7132.00  3.1410994E-02
   7132.20  3.1513709E-02
   7132.40  3.1760815E-02
   7132.60  3.2131324E-02
   7132.80  3.2591409E-02
   7133.00  3.3091401E-02
   7133.20  3.3574091E-02
   7133.40  3.4001885E-02
   7133.60  3.4402019E-02
   7133.80  3.4898701E-02
   7134.00  3.5660366E-02
   7134.20  3.6752382E-02
   7134.40  3.7867329E-02
   7134.60  3.8734074E-02
   7134.80  3.9260343E-02
   7135.00  3.9523404E-02
   7135.20  3.9630810E-02
   7135.40  3.9664153E-02
   7135.60  3.9675114E-02
   7135.80  3.9692206E-02
   7136.00  3.9728212E-02
   7136.20  3.9786622E-02
   7136.40  3.9866246E-02
   7136.60  3.9962943E-02
   7136.80  4.0069098E-02
   7137.00  4.0172264E-02
   7137.20  4.0258321E-02
   7137.40  4.0305793E-02
   7137.60  4.0292648E-02
   7137.80  4.0204120E-02
   7138.00  4.0017263E-02
   7138.20  3.9754311E-02
   7138.40  3.9440202E-02
   7138.60  3.9102696E-02
   7138.80  3.8771810E-02
   7139.00  3.8474792E-02
   7139.20  3.8232233E-02
   7139.40  3.8055934E-02
   7139.60  3.7947832E-02
   7139.80  3.7901703E-02
   7140.00  3.7905077E-02
   7140.20  3.7942481E-02
   7140.40  3.7998632E-02
   7140.60  3.8060374E-02
   7140.80  3.8116487E-02
   7141.00  3.8156428E-02
   7141.20  3.8169244E-02
   7141.40  3.8144782E-02
   7141.60  3.8075270E-02
   7141.80  3.7957147E-02
   7142.00  3.7791772E-02
   7142.20  3.7584966E-02
   7142.40  3.7345756E-02
   7142.60  3.7085232E-02
   7142.80  3.6815109E-02
   7143.00  3.6546597E-02
   7143.20  3.6289647E-02
   7143.40  3.6052459E-02
   7143.60  3.5834974E-02
   7143.80  3.5645024E-02
   7144.00  3.5485304E-02
   7144.20  3.5357147E-02
   7144.40  3.5260607E-02
   7144.60  3.5194700E-02
   7144.80  3.5157888E-02
   7145.00  3.5148540E-02
   7145.20  3.5162386E-02
   7145.40  3.5195535E-02
   7145.60  3.5243676E-02
   7145.80  3.5302375E-02
   7146.00  3.5367042E-02
   7146.20  3.5433040E-02
   7146.40  3.5495713E-02
   7146.60  3.5551094E-02
   7146.80  3.5594793E-02
   7147.00  3.5623252E-02
   7147.20  3.5633693E-02
   7147.40  3.5623461E-02
   7147.60  3.5590893E-02
   7147.80  3.5535263E-02
   7148.00  3.5465122E-02
   7148.20  3.5362011E-02
   7148.40  3.5239373E-02
   7148.60  3.5097564E-02
   7148.80  3.4938887E-02
   7149.00  3.4765958E-02
   7149.20  3.4581433E-02
   7149.40  3.4389142E-02
   7149.60  3.4189295E-02
   7149.80  3.3984574E-02
   7150.00  3.3776200E-02
   7150.20  3.3564839E-02
   7150.40  3.3350650E-02
   7150.60  3.3133706E-02
   7150.80  3.2912471E-02
   7151.00  3.2685528E-02
   7151.20  3.2449903E-02
   7151.40  3.2207000E-02
   7151.60  3.1953318E-02
   7151.80  3.1687308E-02
   7152.00  3.1407411E-02
   7152.20  3.1112361E-02
   7152.40  3.0801423E-02
   7152.60  3.0474435E-02
   7152.80  3.0132010E-02
   7153.00  2.9775318E-02
   7153.20  2.9406656E-02
   7153.40  2.9028829E-02
   7153.60  2.8645463E-02
   7153.80  2.8260963E-02
   7154.00  2.7880168E-02
   7154.20  2.7508108E-02
   7154.40  2.7149855E-02
   7154.60  2.6810131E-02
   7154.80  2.6493306E-02
   7155.00  2.6202511E-02
   7155.20  2.5940341E-02
   7155.40  2.5708299E-02
   7155.60  2.5507033E-02
   7155.80  2.5336308E-02
   7156.00  2.5195094E-02
   7156.20  2.5081730E-02
   7156.40  2.4993994E-02
   7156.60  2.4929134E-02
   7156.80  2.4884176E-02
   7157.00  2.4855779E-02
   7157.20  2.4839824E-02
   7157.40  2.4832424E-02
   7157.60  2.4829063E-02
   7157.80  2.4825736E-02
   7158.00  2.4817564E-02
   7158.20  2.4801169E-02
   7158.40  2.4771602E-02
   7158.60  2.4724080E-02
   7158.80  2.4654939E-02
   7159.00  2.4561006E-02
   7159.20  2.4439239E-02
   7159.40  2.4287772E-02
   7159.60  2.4106024E-02
   7159.80  2.3892297E-02
   7160.00  2.3647199E-02
   7160.20  2.3371185E-02
   7160.40  2.3066007E-02
   7160.60  2.2737115E-02
   7160.80  2.2385409E-02
   7161.00  2.2014607E-02
   7161.20  2.1629061E-02
   7161.40  2.1233594E-02
   7161.60  2.0833930E-02
   7161.80  2.0435013E-02
   7162.00  2.0043956E-02
   7162.20  1.9662142E-02
   7162.40  1.9297256E-02
   7162.60  1.8952694E-02
   7162.80  1.8633187E-02
   7163.00  1.8341386E-02
   7163.20  1.8079050E-02
   7163.40  1.7847396E-02
   7163.60  1.7647584E-02
   7163.80  1.7479934E-02
   7164.00  1.7344142E-02
   7164.20  1.7240044E-02
   7164.40  1.7166184E-02
   7164.60  1.7121415E-02
   7164.80  1.7104305E-02
   7165.00  1.7113420E-02
   7165.20  1.7147257E-02
   7165.40  1.7204286E-02
   7165.60  1.7282867E-02
   7165.80  1.7381852E-02
   7166.00  1.7499603E-02
   7166.20  1.7634738E-02
   7166.40  1.7786201E-02
   7166.60  1.7953343E-02
   7166.80  1.8134558E-02
   7167.00  1.8328873E-02
   7167.20  1.8535557E-02
   7167.40  1.8753932E-02
   7167.60  1.8983311E-02
   7167.80  1.9226512E-02
   7168.00  1.9476378E-02
   7168.20  1.9735497E-02
   7168.40  2.0003565E-02
   7168.60  2.0280218E-02
   7168.80  2.0564829E-02
   7169.00  2.0857142E-02
   7169.20  2.1156676E-02
   7169.40  2.1462953E-02
   7169.60  2.1775328E-02
   7169.80  2.2093117E-02
   7170.00  2.2415887E-02
   7170.20  2.2742496E-02
   7170.40  2.3072234E-02
   7170.60  2.3404573E-02
   7170.80  2.3738709E-02
   7171.00  2.4073639E-02
   7171.20  2.4408156E-02
   7171.40  2.4741169E-02
   7171.60  2.5071987E-02
   7171.80  2.5399523E-02
   7172.00  2.5722625E-02
