  7112.000   26  1  1  8.7175919E-03 -2.7615793E+00 -1.7702808E+00  1  1  7.2657151E+03  0.0000000E+00  0.0000000E+00  2.2015364E+00  1.0000000E+00  0.0000000E+00 = E_edge, Z, n_edge, j_edge, Abs_before_edge, VO_interstitial, E_cut, ninitl, ninit1, Epsii, UnitCell_Volume, Surface_ref, f0_forward, natomsym_f, abs_u_i
    Energy    <xanes>    
   7097.00  8.4307847E-05
   7097.20  2.1496915E-05
   7097.40  2.0382294E-05
   7097.60  2.0214743E-05
   7097.80  2.0235159E-05
   7098.00  2.0334659E-05
   7098.20  2.0489486E-05
   7098.40  2.0698446E-05
   7098.60  2.0971936E-05
   7098.80  2.1332811E-05
   7099.00  2.1825339E-05
   7099.20  2.2541243E-05
   7099.40  2.3700903E-05
   7099.60  2.5974110E-05
   7099.80  3.2416380E-05
   7100.00  7.9465175E-05
   7100.20  3.6182653E-04
   7100.40  4.3156050E-05
   7100.60  3.3683138E-05
   7100.80  3.7342059E-05
   7101.00  6.1865189E-05
   7101.20  4.6469348E-05
   7101.40  6.6222712E-05
   7101.60  1.3659490E-04
   7101.80  8.2110775E-04
   7102.00  1.8580405E-03
   7102.20  1.8237541E-04
   7102.40  7.7950057E-05
   7102.60  5.3656906E-05
   7102.80  4.7460995E-05
   7103.00  6.9578097E-05
   7103.20  1.0997875E-04
   7103.40  6.9888455E-04
   7103.60  2.0252328E-04
   7103.80  6.3316105E-05
   7104.00  1.1052573E-04
   7104.20  2.4028165E-03
   7104.40  1.2139646E-03
   7104.60  2.0714449E-03
   7104.80  9.2128238E-04
   7105.00  1.4196330E-04
   7105.20  8.1366515E-05
   7105.40  9.5414297E-04
   7105.60  6.3623707E-05
   7105.80  1.2477971E-04
   7106.00  4.1087338E-04
   7106.20  1.5453840E-04
   7106.40  9.7996928E-05
   7106.60  7.9796127E-05
   7106.80  1.0929802E-04
   7107.00  2.3654519E-04
   7107.20  4.4358342E-03
   7107.40  2.5883423E-02
   7107.60  7.6806538E-04
   7107.80  1.4890740E-03
   7108.00  1.0127735E-03
   7108.20  8.1168814E-04
   7108.40  4.8864038E-04
   7108.60  2.3094616E-04
   7108.80  6.2164806E-04
   7109.00  1.0011648E-02
   7109.20  2.6391679E-03
   7109.40  2.5175944E-03
   7109.60  1.2429867E-03
   7109.80  3.2342074E-02
   7110.00  3.2566669E-02
   7110.20  3.5410515E-03
   7110.40  1.2086835E-02
   7110.60  1.0139535E-02
   7110.80  9.3979692E-03
   7111.00  7.5568367E-03
   7111.20  1.2978229E-02
   7111.40  2.0954521E-02
   7111.60  2.5455199E-02
   7111.80  2.3497861E-02
   7112.00  2.1907747E-02
   7112.20  2.4606922E-02
   7112.40  2.2768117E-02
   7112.60  2.0222104E-02
   7112.80  2.0703094E-02
   7113.00  2.6325107E-02
   7113.20  3.8901542E-02
   7113.40  4.6479450E-02
   7113.60  4.3086131E-02
   7113.80  4.3523810E-02
   7114.00  4.4903447E-02
   7114.20  3.8660781E-02
   7114.40  2.9592904E-02
   7114.60  2.2783393E-02
   7114.80  1.8433498E-02
   7115.00  1.5717620E-02
   7115.20  1.4036667E-02
   7115.40  1.3055408E-02
   7115.60  1.2590516E-02
   7115.80  1.2539887E-02
   7116.00  1.2718891E-02
   7116.20  1.3111537E-02
   7116.40  1.3590452E-02
   7116.60  1.4442344E-02
   7116.80  1.5483523E-02
   7117.00  1.5299161E-02
   7117.20  1.3129701E-02
   7117.40  1.0442321E-02
   7117.60  8.4189660E-03
   7117.80  7.1312981E-03
   7118.00  6.3389806E-03
   7118.20  5.8447824E-03
   7118.40  5.5419442E-03
   7118.60  5.3960708E-03
   7118.80  5.4088741E-03
   7119.00  5.5725710E-03
   7119.20  5.8292990E-03
   7119.40  6.0826091E-03
   7119.60  6.2607190E-03
   7119.80  6.3499220E-03
   7120.00  6.3749955E-03
   7120.20  6.3885213E-03
   7120.40  6.4699519E-03
   7120.60  6.6699391E-03
   7120.80  6.8777167E-03
   7121.00  6.8651654E-03
   7121.20  6.6272322E-03
   7121.40  6.3150793E-03
   7121.60  6.0195946E-03
   7121.80  5.7820398E-03
   7122.00  5.6342398E-03
   7122.20  5.5969729E-03
   7122.40  5.6654676E-03
   7122.60  5.8309747E-03
   7122.80  6.0686829E-03
   7123.00  6.3911190E-03
   7123.20  6.8171106E-03
   7123.40  7.3761399E-03
   7123.60  8.0745539E-03
   7123.80  8.8562534E-03
   7124.00  9.5466011E-03
   7124.20  1.0091462E-02
   7124.40  1.0591588E-02
   7124.60  1.1134946E-02
   7124.80  1.1739781E-02
   7125.00  1.2374988E-02
   7125.20  1.3021445E-02
   7125.40  1.3710136E-02
   7125.60  1.4503974E-02
   7125.80  1.5450945E-02
   7126.00  1.6557705E-02
   7126.20  1.7790213E-02
   7126.40  1.9087980E-02
   7126.60  2.0481006E-02
   7126.80  2.1652136E-02
   7127.00  2.2722174E-02
   7127.20  2.3735364E-02
   7127.40  2.4728386E-02
   7127.60  2.5706748E-02
   7127.80  2.6656993E-02
   7128.00  2.7551983E-02
   7128.20  2.8342041E-02
   7128.40  2.8971523E-02
   7128.60  2.9492104E-02
   7128.80  2.9875710E-02
   7129.00  3.0221180E-02
   7129.20  3.0635186E-02
   7129.40  3.1233177E-02
   7129.60  3.2032384E-02
   7129.80  3.3082138E-02
   7130.00  3.4433116E-02
   7130.20  3.6122291E-02
   7130.40  3.8150632E-02
   7130.60  4.0469689E-02
   7130.80  4.2981709E-02
   7131.00  4.5555252E-02
   7131.20  4.8048550E-02
   7131.40  5.0343738E-02
   7131.60  5.2382732E-02
   7131.80  5.4190037E-02
   7132.00  5.5863858E-02
   7132.20  5.7529485E-02
   7132.40  5.9287470E-02
   7132.60  6.1179892E-02
   7132.80  6.3187801E-02
   7133.00  6.5245889E-02
   7133.20  6.7261229E-02
   7133.40  6.9132722E-02
   7133.60  7.0763237E-02
   7133.80  7.2070809E-02
   7134.00  7.2989814E-02
   7134.20  7.3470769E-02
   7134.40  7.3483849E-02
   7134.60  7.3024713E-02
   7134.80  7.2118223E-02
   7135.00  7.0815323E-02
   7135.20  6.9184593E-02
   7135.40  6.7301319E-02
   7135.60  6.5238178E-02
   7135.80  6.3058652E-02
   7136.00  6.0814908E-02
   7136.20  5.8548088E-02
   7136.40  5.6290201E-02
   7136.60  5.4066305E-02
   7136.80  5.1897277E-02
   7137.00  4.9801091E-02
   7137.20  4.7795116E-02
   7137.40  4.5895154E-02
   7137.60  4.4116826E-02
   7137.80  4.2474113E-02
   7138.00  4.0979767E-02
   7138.20  3.9643511E-02
   7138.40  3.8471930E-02
   7138.60  3.7467108E-02
   7138.80  3.6626121E-02
   7139.00  3.5942005E-02
   7139.20  3.5403597E-02
   7139.40  3.4996668E-02
   7139.60  3.4705357E-02
   7139.80  3.4513206E-02
   7140.00  3.4406491E-02
   7140.20  3.4367267E-02
   7140.40  3.4382969E-02
   7140.60  3.4442944E-02
   7140.80  3.4537942E-02
   7141.00  3.4660171E-02
   7141.20  3.4802920E-02
   7141.40  3.4960211E-02
   7141.60  3.5126497E-02
   7141.80  3.5296508E-02
   7142.00  3.5464758E-02
   7142.20  3.5625648E-02
   7142.40  3.5773493E-02
   7142.60  3.5902378E-02
   7142.80  3.6006357E-02
   7143.00  3.6079715E-02
   7143.20  3.6117067E-02
   7143.40  3.6113447E-02
   7143.60  3.6064880E-02
   7143.80  3.5968600E-02
   7144.00  3.5823332E-02
   7144.20  3.5629511E-02
   7144.40  3.5389429E-02
   7144.60  3.5107044E-02
   7144.80  3.4787821E-02
   7145.00  3.4438622E-02
   7145.20  3.4067211E-02
   7145.40  3.3681736E-02
   7145.60  3.3290283E-02
   7145.80  3.2900403E-02
   7146.00  3.2518841E-02
   7146.20  3.2151497E-02
   7146.40  3.1803157E-02
   7146.60  3.1477537E-02
   7146.80  3.1177381E-02
   7147.00  3.0905236E-02
   7147.20  3.0674541E-02
   7147.40  3.0466169E-02
   7147.60  3.0285037E-02
   7147.80  3.0125493E-02
   7148.00  2.9989007E-02
   7148.20  2.9874264E-02
   7148.40  2.9779521E-02
   7148.60  2.9702717E-02
   7148.80  2.9641476E-02
   7149.00  2.9594403E-02
   7149.20  2.9554684E-02
   7149.40  2.9524381E-02
   7149.60  2.9499685E-02
   7149.80  2.9478341E-02
   7150.00  2.9458609E-02
   7150.20  2.9439534E-02
   7150.40  2.9420442E-02
   7150.60  2.9401243E-02
   7150.80  2.9382472E-02
   7151.00  2.9365329E-02
   7151.20  2.9350956E-02
   7151.40  2.9341088E-02
   7151.60  2.9337505E-02
   7151.80  2.9342343E-02
   7152.00  2.9357444E-02
   7152.20  2.9384602E-02
   7152.40  2.9425544E-02
   7152.60  2.9481795E-02
   7152.80  2.9554771E-02
   7153.00  2.9645205E-02
   7153.20  2.9753617E-02
   7153.40  2.9880521E-02
   7153.60  3.0025798E-02
   7153.80  3.0188190E-02
   7154.00  3.0368226E-02
   7154.20  3.0563921E-02
   7154.40  3.0773902E-02
   7154.60  3.0996581E-02
   7154.80  3.1230297E-02
   7155.00  3.1474168E-02
   7155.20  3.1726699E-02
   7155.40  3.1984264E-02
   7155.60  3.2244677E-02
   7155.80  3.2505736E-02
   7156.00  3.2765397E-02
   7156.20  3.3021242E-02
   7156.40  3.3271047E-02
   7156.60  3.3512703E-02
   7156.80  3.3744112E-02
   7157.00  3.3963274E-02
   7157.20  3.4168307E-02
   7157.40  3.4357473E-02
   7157.60  3.4529207E-02
   7157.80  3.4682233E-02
   7158.00  3.4815366E-02
   7158.20  3.4927839E-02
   7158.40  3.5019089E-02
   7158.60  3.5089020E-02
   7158.80  3.5137611E-02
   7159.00  3.5165342E-02
   7159.20  3.5173036E-02
   7159.40  3.5161842E-02
   7159.60  3.5133199E-02
   7159.80  3.5088802E-02
   7160.00  3.5030686E-02
   7160.20  3.4958115E-02
   7160.40  3.4878569E-02
   7160.60  3.4791473E-02
   7160.80  3.4697878E-02
   7161.00  3.4601756E-02
   7161.20  3.4504262E-02
   7161.40  3.4406938E-02
   7161.60  3.4311194E-02
   7161.80  3.4217774E-02
   7162.00  3.4128419E-02
   7162.20  3.4043838E-02
   7162.40  3.3964993E-02
   7162.60  3.3903110E-02
   7162.80  3.3834803E-02
   7163.00  3.3772114E-02
   7163.20  3.3715025E-02
   7163.40  3.3662835E-02
   7163.60  3.3615062E-02
   7163.80  3.3571530E-02
   7164.00  3.3531713E-02
   7164.20  3.3494416E-02
   7164.40  3.3459110E-02
   7164.60  3.3424933E-02
   7164.80  3.3391345E-02
   7165.00  3.3357785E-02
   7165.20  3.3323309E-02
   7165.40  3.3287338E-02
   7165.60  3.3249432E-02
   7165.80  3.3209251E-02
   7166.00  3.3167116E-02
   7166.20  3.3122253E-02
   7166.40  3.3074550E-02
   7166.60  3.3024025E-02
   7166.80  3.2970957E-02
   7167.00  3.2915343E-02
   7167.20  3.2857800E-02
   7167.40  3.2798210E-02
   7167.60  3.2736628E-02
   7167.80  3.2673407E-02
   7168.00  3.2608804E-02
   7168.20  3.2542927E-02
   7168.40  3.2475994E-02
   7168.60  3.2408598E-02
   7168.80  3.2340614E-02
   7169.00  3.2269655E-02
   7169.20  3.2197909E-02
   7169.40  3.2128659E-02
   7169.60  3.2058905E-02
   7169.80  3.1988386E-02
   7170.00  3.1917026E-02
   7170.20  3.1844930E-02
   7170.40  3.1771809E-02
   7170.60  3.1697238E-02
   7170.80  3.1621060E-02
   7171.00  3.1543051E-02
   7171.20  3.1462988E-02
   7171.40  3.1380770E-02
   7171.60  3.1296248E-02
   7171.80  3.1209442E-02
   7172.00  3.1120440E-02
