  7112.000   26  1  1  3.0295461E-02 -3.6898963E+00 -2.1871762E+00  1  1  7.2661173E+03  0.0000000E+00  0.0000000E+00  3.0496731E+00  1.0000000E+00  0.0000000E+00 = E_edge, Z, n_edge, j_edge, Abs_before_edge, VO_interstitial, E_cut, ninitl, ninit1, Epsii, UnitCell_Volume, Surface_ref, f0_forward, natomsym_f, abs_u_i
    Energy    <xanes>    
   7097.00  2.1752980E-05
   7097.20  2.1265318E-05
   7097.40  2.1193106E-05
   7097.60  2.1300494E-05
   7097.80  2.1529208E-05
   7098.00  2.1871755E-05
   7098.20  2.2344662E-05
   7098.40  2.2985947E-05
   7098.60  2.3866727E-05
   7098.80  2.5110534E-05
   7099.00  2.6943493E-05
   7099.20  2.9808712E-05
   7099.40  3.4723986E-05
   7099.60  4.4387124E-05
   7099.80  6.8757525E-05
   7100.00  2.0141011E-04
   7100.20  6.8258821E-04
   7100.40  7.9585605E-03
   7100.60  2.6855328E-04
   7100.80  9.6620878E-05
   7101.00  5.2895732E-05
   7101.20  4.0129966E-05
   7101.40  3.4538800E-05
   7101.60  3.1851875E-05
   7101.80  3.0691860E-05
   7102.00  3.0568956E-05
   7102.20  3.1419894E-05
   7102.40  3.3600662E-05
   7102.60  3.8409668E-05
   7102.80  5.1206961E-05
   7103.00  1.3793266E-04
   7103.20  2.2306234E-03
   7103.40  3.5189885E-03
   7103.60  2.0140757E-04
   7103.80  1.7415932E-04
   7104.00  3.4236455E-03
   7104.20  8.0980298E-05
   7104.40  5.1811251E-05
   7104.60  4.8181108E-05
   7104.80  6.7219713E-05
   7105.00  7.8257903E-05
   7105.20  2.5832124E-04
   7105.40  5.2973521E-03
   7105.60  9.2389493E-05
   7105.80  9.1424672E-05
   7106.00  1.5346222E-04
   7106.20  1.2257997E-02
   7106.40  3.9626861E-03
   7106.60  7.7046035E-03
   7106.80  1.2876862E-03
   7107.00  3.5604015E-04
   7107.20  2.6273502E-04
   7107.40  2.2268352E-03
   7107.60  2.3978078E-04
   7107.80  1.5824650E-04
   7108.00  1.2505912E-03
   7108.20  1.5099710E-03
   7108.40  8.9964091E-03
   7108.60  1.7146263E-04
   7108.80  5.9948570E-04
   7109.00  5.9366826E-03
   7109.20  5.7116424E-03
   7109.40  5.5832961E-03
   7109.60  1.6549800E-02
   7109.80  1.7970565E-02
   7110.00  8.2278995E-03
   7110.20  5.9604045E-03
   7110.40  5.1679193E-03
   7110.60  7.8934526E-03
   7110.80  2.3915581E-02
   7111.00  2.0587028E-02
   7111.20  1.9873147E-02
   7111.40  2.2537770E-02
   7111.60  2.6472803E-02
   7111.80  2.3788325E-02
   7112.00  3.1370200E-02
   7112.20  4.2247683E-02
   7112.40  5.3124159E-02
   7112.60  5.9865476E-02
   7112.80  5.9034329E-02
   7113.00  5.1317498E-02
   7113.20  4.0233116E-02
   7113.40  3.1186302E-02
   7113.60  2.4734822E-02
   7113.80  1.9894636E-02
   7114.00  1.6220492E-02
   7114.20  1.3765330E-02
   7114.40  1.2962309E-02
   7114.60  1.5171721E-02
   7114.80  1.5260057E-02
   7115.00  9.7882401E-03
   7115.20  7.1343479E-03
   7115.40  6.1523425E-03
   7115.60  5.7124819E-03
   7115.80  5.6148215E-03
   7116.00  5.8736620E-03
   7116.20  6.6579394E-03
   7116.40  8.3006949E-03
   7116.60  1.1075283E-02
   7116.80  1.4181451E-02
   7117.00  1.5467092E-02
   7117.20  1.4534035E-02
   7117.40  1.2849785E-02
   7117.60  1.1262251E-02
   7117.80  9.9285581E-03
   7118.00  8.8883901E-03
   7118.20  8.3224478E-03
   7118.40  8.2938161E-03
   7118.60  8.7811807E-03
   7118.80  9.5322304E-03
   7119.00  1.0074457E-02
   7119.20  1.0130138E-02
   7119.40  9.8982446E-03
   7119.60  9.7744811E-03
   7119.80  1.0045813E-02
   7120.00  1.0650477E-02
   7120.20  1.0930850E-02
   7120.40  1.0054507E-02
   7120.60  8.7773620E-03
   7120.80  7.9378052E-03
   7121.00  7.5179731E-03
   7121.20  7.3796840E-03
   7121.40  7.4431029E-03
   7121.60  7.6767799E-03
   7121.80  8.0836652E-03
   7122.00  8.7004739E-03
   7122.20  9.6704746E-03
   7122.40  1.1091081E-02
   7122.60  1.3090598E-02
   7122.80  1.5610756E-02
   7123.00  1.7989746E-02
   7123.20  1.9646180E-02
   7123.40  2.0502495E-02
   7123.60  2.0348971E-02
   7123.80  1.9186387E-02
   7124.00  1.7666413E-02
   7124.20  1.6528386E-02
   7124.40  1.5882931E-02
   7124.60  1.5514832E-02
   7124.80  1.5231494E-02
   7125.00  1.5032128E-02
   7125.20  1.5160973E-02
   7125.40  1.5772949E-02
   7125.60  1.6798390E-02
   7125.80  1.8006086E-02
   7126.00  1.9167996E-02
   7126.20  2.0162435E-02
   7126.40  2.0889634E-02
   7126.60  2.1431746E-02
   7126.80  2.1957558E-02
   7127.00  2.2654843E-02
   7127.20  2.3625090E-02
   7127.40  2.4695468E-02
   7127.60  2.5805412E-02
   7127.80  2.6910337E-02
   7128.00  2.7992380E-02
   7128.20  2.9034846E-02
   7128.40  3.0031314E-02
   7128.60  3.0895563E-02
   7128.80  3.1826302E-02
   7129.00  3.2793207E-02
   7129.20  3.3826556E-02
   7129.40  3.4921738E-02
   7129.60  3.6006227E-02
   7129.80  3.6911173E-02
   7130.00  3.7404008E-02
   7130.20  3.7329164E-02
   7130.40  3.6819409E-02
   7130.60  3.6336111E-02
   7130.80  3.6237448E-02
   7131.00  3.6560361E-02
   7131.20  3.7213481E-02
   7131.40  3.8113441E-02
   7131.60  3.9202316E-02
   7131.80  4.0433410E-02
   7132.00  4.1756030E-02
   7132.20  4.3108148E-02
   7132.40  4.4417127E-02
   7132.60  4.5607899E-02
   7132.80  4.6617441E-02
   7133.00  4.7408428E-02
   7133.20  4.7975643E-02
   7133.40  4.8342054E-02
   7133.60  4.8547318E-02
   7133.80  4.8636154E-02
   7134.00  4.8652152E-02
   7134.20  4.8635750E-02
   7134.40  4.8619576E-02
   7134.60  4.8634571E-02
   7134.80  4.8689848E-02
   7135.00  4.8772596E-02
   7135.20  4.8846574E-02
   7135.40  4.8856456E-02
   7135.60  4.8737150E-02
   7135.80  4.8427728E-02
   7136.00  4.7887017E-02
   7136.20  4.7106142E-02
   7136.40  4.6112383E-02
   7136.60  4.4981776E-02
   7136.80  4.3751587E-02
   7137.00  4.2516842E-02
   7137.20  4.1344071E-02
   7137.40  4.0284224E-02
   7137.60  3.9371748E-02
   7137.80  3.8627283E-02
   7138.00  3.8061451E-02
   7138.20  3.7678468E-02
   7138.40  3.7477985E-02
   7138.60  3.7456474E-02
   7138.80  3.7605937E-02
   7139.00  3.7911160E-02
   7139.20  3.8346322E-02
   7139.40  3.8871415E-02
   7139.60  3.9432815E-02
   7139.80  3.9970417E-02
   7140.00  4.0430889E-02
   7140.20  4.0782124E-02
   7140.40  4.1021136E-02
   7140.60  4.1170488E-02
   7140.80  4.1266312E-02
   7141.00  4.1345549E-02
   7141.20  4.1448734E-02
   7141.40  4.1585355E-02
   7141.60  4.1762136E-02
   7141.80  4.1982325E-02
   7142.00  4.2240937E-02
   7142.20  4.2540476E-02
   7142.40  4.2869798E-02
   7142.60  4.3220027E-02
   7142.80  4.3581654E-02
   7143.00  4.3944779E-02
   7143.20  4.4299477E-02
   7143.40  4.4636030E-02
   7143.60  4.4945232E-02
   7143.80  4.5218535E-02
   7144.00  4.5448081E-02
   7144.20  4.5627074E-02
   7144.40  4.5749935E-02
   7144.60  4.5812509E-02
   7144.80  4.5812145E-02
   7145.00  4.5747615E-02
   7145.20  4.5619447E-02
   7145.40  4.5429495E-02
   7145.60  4.5181051E-02
   7145.80  4.4878651E-02
   7146.00  4.4527641E-02
   7146.20  4.4134200E-02
   7146.40  4.3704731E-02
   7146.60  4.3245515E-02
   7146.80  4.2762653E-02
   7147.00  4.2261774E-02
   7147.20  4.1747816E-02
   7147.40  4.1225093E-02
   7147.60  4.0697134E-02
   7147.80  4.0166934E-02
   7148.00  3.9637027E-02
   7148.20  3.9109439E-02
   7148.40  3.8585218E-02
   7148.60  3.8060473E-02
   7148.80  3.7553401E-02
   7149.00  3.7062611E-02
   7149.20  3.6579355E-02
   7149.40  3.6104654E-02
   7149.60  3.5638040E-02
   7149.80  3.5183828E-02
   7150.00  3.4741012E-02
   7150.20  3.4310925E-02
   7150.40  3.3893931E-02
   7150.60  3.3491366E-02
   7150.80  3.3100902E-02
   7151.00  3.2724094E-02
   7151.20  3.2360913E-02
   7151.40  3.2011390E-02
   7151.60  3.1675291E-02
   7151.80  3.1351929E-02
   7152.00  3.1040843E-02
   7152.20  3.0741554E-02
   7152.40  3.0453580E-02
   7152.60  3.0176665E-02
   7152.80  2.9910386E-02
   7153.00  2.9654249E-02
   7153.20  2.9408055E-02
   7153.40  2.9171774E-02
   7153.60  2.8945585E-02
   7153.80  2.8729900E-02
   7154.00  2.8525653E-02
   7154.20  2.8333623E-02
   7154.40  2.8155125E-02
   7154.60  2.7991792E-02
   7154.80  2.7845595E-02
   7155.00  2.7718755E-02
   7155.20  2.7613731E-02
   7155.40  2.7533138E-02
   7155.60  2.7479532E-02
   7155.80  2.7455277E-02
   7156.00  2.7462607E-02
   7156.20  2.7503451E-02
   7156.40  2.7579317E-02
   7156.60  2.7691200E-02
   7156.80  2.7839519E-02
   7157.00  2.8024069E-02
   7157.20  2.8244045E-02
   7157.40  2.8500737E-02
   7157.60  2.8790272E-02
   7157.80  2.9110115E-02
   7158.00  2.9457431E-02
   7158.20  2.9828883E-02
   7158.40  3.0221075E-02
   7158.60  3.0630441E-02
   7158.80  3.1053265E-02
   7159.00  3.1487068E-02
   7159.20  3.1924961E-02
   7159.40  3.2364316E-02
   7159.60  3.2800854E-02
   7159.80  3.3230016E-02
   7160.00  3.3646974E-02
   7160.20  3.4046631E-02
   7160.40  3.4423674E-02
   7160.60  3.4772792E-02
   7160.80  3.5088691E-02
   7161.00  3.5366108E-02
   7161.20  3.5600433E-02
   7161.40  3.5787792E-02
   7161.60  3.5925364E-02
   7161.80  3.6011566E-02
   7162.00  3.6046814E-02
   7162.20  3.6032100E-02
   7162.40  3.5969648E-02
   7162.60  3.5863038E-02
   7162.80  3.5716447E-02
   7163.00  3.5537127E-02
   7163.20  3.5330566E-02
   7163.40  3.5102348E-02
   7163.60  3.4857911E-02
   7163.80  3.4602609E-02
   7164.00  3.4341202E-02
   7164.20  3.4078262E-02
   7164.40  3.3816928E-02
   7164.60  3.3559749E-02
   7164.80  3.3308773E-02
   7165.00  3.3065593E-02
   7165.20  3.2831221E-02
   7165.40  3.2606129E-02
   7165.60  3.2391515E-02
   7165.80  3.2177375E-02
   7166.00  3.1982563E-02
   7166.20  3.1797236E-02
   7166.40  3.1624548E-02
   7166.60  3.1456921E-02
   7166.80  3.1297385E-02
   7167.00  3.1145442E-02
   7167.20  3.1001726E-02
   7167.40  3.0865098E-02
   7167.60  3.0733375E-02
   7167.80  3.0610332E-02
   7168.00  3.0493350E-02
   7168.20  3.0382052E-02
   7168.40  3.0276236E-02
   7168.60  3.0175494E-02
   7168.80  3.0080020E-02
   7169.00  2.9988724E-02
   7169.20  2.9901306E-02
   7169.40  2.9817213E-02
   7169.60  2.9735929E-02
   7169.80  2.9657404E-02
   7170.00  2.9581347E-02
   7170.20  2.9507322E-02
   7170.40  2.9435034E-02
   7170.60  2.9364497E-02
   7170.80  2.9295503E-02
   7171.00  2.9227663E-02
   7171.20  2.9160848E-02
   7171.40  2.9094984E-02
   7171.60  2.9030054E-02
   7171.80  2.8966135E-02
   7172.00  2.8903198E-02
