  7112.000   26  1  1  3.2279801E-02 -2.5445973E+00 -1.9316149E+00  1  1  7.2659509E+03  0.0000000E+00  0.0000000E+00  3.9396579E+00  1.0000000E+00  0.0000000E+00 = E_edge, Z, n_edge, j_edge, Abs_before_edge, VO_interstitial, E_cut, ninitl, ninit1, Epsii, UnitCell_Volume, Surface_ref, f0_forward, natomsym_f, abs_u_i
    Energy    <xanes>    
   7097.00  3.4444684E-05
   7097.20  3.6831873E-05
   7097.40  4.2566369E-05
   7097.60  5.3880781E-05
   7097.80  8.0076814E-05
   7098.00  1.6940844E-04
   7098.20  1.1777820E-03
   7098.40  1.3953595E-03
   7098.60  3.0007728E-04
   7098.80  6.8701037E-03
   7099.00  3.0065105E-04
   7099.20  1.2418396E-04
   7099.40  2.2357175E-04
   7099.60  7.5270743E-04
   7099.80  1.2916844E-04
   7100.00  2.0072607E-04
   7100.20  2.4113169E-03
   7100.40  6.2865844E-04
   7100.60  1.4215451E-04
   7100.80  1.0377831E-04
   7101.00  1.5395461E-04
   7101.20  9.2220740E-05
   7101.40  1.3967592E-04
   7101.60  7.7332909E-04
   7101.80  5.9078837E-04
   7102.00  1.1227967E-03
   7102.20  1.1857087E-01
   7102.40  5.0821292E-04
   7102.60  1.8439166E-04
   7102.80  1.3766316E-04
   7103.00  2.3470864E-04
   7103.20  4.4079552E-03
   7103.40  1.8282509E-03
   7103.60  4.3912590E-04
   7103.80  3.9269414E-04
   7104.00  3.5978114E-04
   7104.20  7.5657349E-03
   7104.40  1.6721299E-03
   7104.60  4.8196812E-03
   7104.80  2.3053863E-03
   7105.00  2.3673098E-04
   7105.20  1.5105972E-04
   7105.40  2.8772109E-04
   7105.60  2.9962697E-04
   7105.80  1.3758463E-03
   7106.00  1.0611694E-01
   7106.20  3.6592836E-02
   7106.40  9.0847600E-04
   7106.60  8.2920799E-04
   7106.80  2.7598041E-04
   7107.00  1.6740402E-03
   7107.20  8.7767307E-04
   7107.40  3.7542707E-04
   7107.60  9.7361624E-04
   7107.80  3.2646306E-03
   7108.00  3.2427233E-02
   7108.20  1.9357404E-03
   7108.40  3.2945305E-03
   7108.60  7.0618058E-03
   7108.80  6.8072453E-03
   7109.00  2.2485565E-02
   7109.20  1.2975856E-03
   7109.40  8.2880070E-03
   7109.60  8.0418948E-03
   7109.80  1.5435225E-03
   7110.00  1.1680400E-02
   7110.20  1.4102656E-02
   7110.40  3.8371198E-02
   7110.60  1.5807857E-02
   7110.80  2.4111264E-02
   7111.00  2.5932982E-02
   7111.20  1.6586922E-02
   7111.40  1.8348811E-02
   7111.60  1.6960045E-02
   7111.80  3.1355024E-02
   7112.00  2.6412067E-02
   7112.20  1.8987264E-02
   7112.40  1.5897654E-02
   7112.60  1.6959546E-02
   7112.80  3.3736531E-02
   7113.00  1.2636406E-01
   7113.20  4.1704441E-02
   7113.40  1.7041186E-02
   7113.60  1.0776303E-02
   7113.80  8.0679223E-03
   7114.00  6.0747215E-03
   7114.20  5.3066146E-03
   7114.40  4.9956443E-03
   7114.60  5.1623727E-03
   7114.80  6.0489102E-03
   7115.00  7.3897961E-03
   7115.20  7.2308527E-03
   7115.40  5.8467349E-03
   7115.60  4.8564119E-03
   7115.80  4.3276270E-03
   7116.00  4.1452595E-03
   7116.20  4.1445603E-03
   7116.40  4.1850481E-03
   7116.60  4.2789832E-03
   7116.80  4.4961750E-03
   7117.00  4.9276933E-03
   7117.20  5.7162116E-03
   7117.40  7.1190362E-03
   7117.60  9.3709711E-03
   7117.80  8.5148350E-03
   7118.00  5.9980257E-03
   7118.20  5.1290630E-03
   7118.40  4.9615144E-03
   7118.60  5.1914739E-03
   7118.80  5.7624602E-03
   7119.00  6.6298871E-03
   7119.20  7.6548093E-03
   7119.40  8.4263959E-03
   7119.60  8.7190578E-03
   7119.80  8.8749110E-03
   7120.00  9.1422340E-03
   7120.20  9.6222618E-03
   7120.40  1.0314215E-02
   7120.60  1.1189136E-02
   7120.80  1.2229638E-02
   7121.00  1.3518849E-02
   7121.20  1.5142177E-02
   7121.40  1.7209253E-02
   7121.60  1.9812470E-02
   7121.80  2.2773459E-02
   7122.00  2.5730237E-02
   7122.20  2.8669838E-02
   7122.40  3.1289274E-02
   7122.60  3.3367195E-02
   7122.80  3.4720263E-02
   7123.00  3.5224741E-02
   7123.20  3.5334864E-02
   7123.40  3.5184564E-02
   7123.60  3.5046223E-02
   7123.80  3.5242046E-02
   7124.00  3.5793105E-02
   7124.20  3.6531575E-02
   7124.40  3.7141935E-02
   7124.60  3.7493205E-02
   7124.80  3.7526042E-02
   7125.00  3.7203239E-02
   7125.20  3.6533920E-02
   7125.40  3.5877426E-02
   7125.60  3.5681954E-02
   7125.80  3.5730803E-02
   7126.00  3.5809360E-02
   7126.20  3.5955071E-02
   7126.40  3.6116039E-02
   7126.60  3.6248023E-02
   7126.80  3.6488718E-02
   7127.00  3.6941126E-02
   7127.20  3.7435911E-02
   7127.40  3.8148944E-02
   7127.60  3.9037027E-02
   7127.80  4.0015380E-02
   7128.00  4.0985992E-02
   7128.20  4.1870383E-02
   7128.40  4.2635240E-02
   7128.60  4.3292186E-02
   7128.80  4.3847994E-02
   7129.00  4.4231182E-02
   7129.20  4.4324504E-02
   7129.40  4.4092498E-02
   7129.60  4.3629002E-02
   7129.80  4.3094848E-02
   7130.00  4.2636385E-02
   7130.20  4.2348588E-02
   7130.40  4.2263953E-02
   7130.60  4.2350596E-02
   7130.80  4.2530698E-02
   7131.00  4.2720067E-02
   7131.20  4.2872628E-02
   7131.40  4.3000138E-02
   7131.60  4.3156403E-02
   7131.80  4.3403896E-02
   7132.00  4.3787389E-02
   7132.20  4.4324312E-02
   7132.40  4.4992265E-02
   7132.60  4.5705040E-02
   7132.80  4.6309402E-02
   7133.00  4.6627268E-02
   7133.20  4.6564519E-02
   7133.40  4.6179190E-02
   7133.60  4.5620925E-02
   7133.80  4.5026985E-02
   7134.00  4.4553811E-02
   7134.20  4.4467000E-02
   7134.40  4.4537469E-02
   7134.60  4.4531734E-02
   7134.80  4.4461413E-02
   7135.00  4.4315703E-02
   7135.20  4.4076880E-02
   7135.40  4.3739308E-02
   7135.60  4.3312284E-02
   7135.80  4.2815835E-02
   7136.00  4.2274570E-02
   7136.20  4.1784057E-02
   7136.40  4.1222685E-02
   7136.60  4.0668661E-02
   7136.80  4.0129038E-02
   7137.00  3.9609343E-02
   7137.20  3.9115350E-02
   7137.40  3.8653968E-02
   7137.60  3.8235653E-02
   7137.80  3.7873872E-02
   7138.00  3.7583077E-02
   7138.20  3.7374476E-02
   7138.40  3.7244334E-02
   7138.60  3.7163077E-02
   7138.80  3.7089408E-02
   7139.00  3.6974455E-02
   7139.20  3.6778821E-02
   7139.40  3.6487131E-02
   7139.60  3.6109521E-02
   7139.80  3.5673721E-02
   7140.00  3.5214054E-02
   7140.20  3.4762602E-02
   7140.40  3.4344084E-02
   7140.60  3.3974033E-02
   7140.80  3.3659062E-02
   7141.00  3.3398218E-02
   7141.20  3.3185040E-02
   7141.40  3.3009222E-02
   7141.60  3.2858020E-02
   7141.80  3.2717451E-02
   7142.00  3.2573129E-02
   7142.20  3.2411044E-02
   7142.40  3.2227177E-02
   7142.60  3.1995512E-02
   7142.80  3.1720150E-02
   7143.00  3.1402467E-02
   7143.20  3.1049921E-02
   7143.40  3.0675219E-02
   7143.60  3.0294485E-02
   7143.80  2.9925025E-02
   7144.00  2.9582654E-02
   7144.20  2.9279806E-02
   7144.40  2.9024469E-02
   7144.60  2.8819970E-02
   7144.80  2.8665566E-02
   7145.00  2.8547876E-02
   7145.20  2.8463015E-02
   7145.40  2.8410657E-02
   7145.60  2.8384326E-02
   7145.80  2.8377048E-02
   7146.00  2.8382002E-02
   7146.20  2.8393142E-02
   7146.40  2.8404855E-02
   7146.60  2.8412128E-02
   7146.80  2.8410735E-02
   7147.00  2.8399973E-02
   7147.20  2.8373869E-02
   7147.40  2.8335083E-02
   7147.60  2.8273999E-02
   7147.80  2.8206380E-02
   7148.00  2.8126452E-02
   7148.20  2.8035444E-02
   7148.40  2.7933850E-02
   7148.60  2.7821965E-02
   7148.80  2.7699739E-02
   7149.00  2.7566943E-02
   7149.20  2.7422721E-02
   7149.40  2.7265947E-02
   7149.60  2.7097259E-02
   7149.80  2.6916161E-02
   7150.00  2.6724397E-02
   7150.20  2.6523440E-02
   7150.40  2.6316768E-02
   7150.60  2.6109451E-02
   7150.80  2.5907514E-02
   7151.00  2.5718204E-02
   7151.20  2.5548813E-02
   7151.40  2.5406728E-02
   7151.60  2.5298116E-02
   7151.80  2.5227298E-02
   7152.00  2.5196441E-02
   7152.20  2.5205306E-02
   7152.40  2.5252055E-02
   7152.60  2.5332439E-02
   7152.80  2.5439382E-02
   7153.00  2.5565567E-02
   7153.20  2.5703168E-02
   7153.40  2.5844386E-02
   7153.60  2.5981643E-02
   7153.80  2.6108081E-02
   7154.00  2.6219173E-02
   7154.20  2.6308635E-02
   7154.40  2.6375305E-02
   7154.60  2.6415563E-02
   7154.80  2.6430849E-02
   7155.00  2.6422530E-02
   7155.20  2.6392664E-02
   7155.40  2.6343666E-02
   7155.60  2.6278151E-02
   7155.80  2.6198486E-02
   7156.00  2.6106662E-02
   7156.20  2.6003989E-02
   7156.40  2.5891169E-02
   7156.60  2.5768463E-02
   7156.80  2.5635763E-02
   7157.00  2.5492644E-02
   7157.20  2.5338814E-02
   7157.40  2.5174105E-02
   7157.60  2.4998628E-02
   7157.80  2.4813838E-02
   7158.00  2.4619967E-02
   7158.20  2.4418090E-02
   7158.40  2.4209312E-02
   7158.60  2.3995734E-02
   7158.80  2.3778584E-02
   7159.00  2.3560373E-02
   7159.20  2.3342414E-02
   7159.40  2.3126215E-02
   7159.60  2.2913931E-02
   7159.80  2.2706198E-02
   7160.00  2.2504158E-02
   7160.20  2.2309003E-02
   7160.40  2.2121202E-02
   7160.60  2.1944450E-02
   7160.80  2.1776185E-02
   7161.00  2.1617520E-02
   7161.20  2.1470276E-02
   7161.40  2.1333865E-02
   7161.60  2.1209476E-02
   7161.80  2.1097929E-02
   7162.00  2.0999960E-02
   7162.20  2.0916824E-02
   7162.40  2.0848922E-02
   7162.60  2.0796168E-02
   7162.80  2.0759281E-02
   7163.00  2.0740755E-02
   7163.20  2.0740021E-02
   7163.40  2.0752380E-02
   7163.60  2.0781003E-02
   7163.80  2.0825873E-02
   7164.00  2.0886763E-02
   7164.20  2.0963378E-02
   7164.40  2.1055257E-02
   7164.60  2.1162119E-02
   7164.80  2.1283489E-02
   7165.00  2.1418547E-02
   7165.20  2.1566561E-02
   7165.40  2.1726652E-02
   7165.60  2.1897885E-02
   7165.80  2.2079380E-02
   7166.00  2.2270091E-02
   7166.20  2.2469023E-02
   7166.40  2.2675044E-02
   7166.60  2.2886936E-02
   7166.80  2.3103516E-02
   7167.00  2.3323865E-02
   7167.20  2.3547009E-02
   7167.40  2.3771790E-02
   7167.60  2.3997436E-02
   7167.80  2.4223107E-02
   7168.00  2.4448148E-02
   7168.20  2.4671637E-02
   7168.40  2.4893072E-02
   7168.60  2.5112111E-02
   7168.80  2.5328291E-02
   7169.00  2.5541289E-02
   7169.20  2.5750944E-02
   7169.40  2.5957121E-02
   7169.60  2.6159729E-02
   7169.80  2.6358600E-02
   7170.00  2.6553714E-02
   7170.20  2.6745028E-02
   7170.40  2.6932697E-02
   7170.60  2.7116877E-02
   7170.80  2.7297755E-02
   7171.00  2.7475538E-02
   7171.20  2.7650458E-02
   7171.40  2.7822308E-02
   7171.60  2.7991506E-02
   7171.80  2.8158370E-02
   7172.00  2.8323504E-02
