  7112.000   26  1  1  1.4467017E-02 -3.9652073E+00 -2.1696024E+00  1  1  7.2660852E+03  0.0000000E+00  0.0000000E+00  2.6778498E+00  1.0000000E+00  0.0000000E+00 = E_edge, Z, n_edge, j_edge, Abs_before_edge, VO_interstitial, E_cut, ninitl, ninit1, Epsii, UnitCell_Volume, Surface_ref, f0_forward, natomsym_f, abs_u_i
    Energy    <xanes>    
   7097.00  2.0303617E-05
   7097.20  2.0381505E-05
   7097.40  2.0497935E-05
   7097.60  2.0650634E-05
   7097.80  2.0841865E-05
   7098.00  2.1077397E-05
   7098.20  2.1366821E-05
   7098.40  2.1725164E-05
   7098.60  2.2176333E-05
   7098.80  2.2761198E-05
   7099.00  2.3559621E-05
   7099.20  2.4768261E-05
   7099.40  2.7139097E-05
   7099.60  3.8914338E-05
   7099.80  8.9818447E-05
   7100.00  4.1186464E-05
   7100.20  3.8638369E-05
   7100.40  4.7558244E-05
   7100.60  7.0287086E-05
   7100.80  1.4770555E-04
   7101.00  8.8643513E-04
   7101.20  7.5724103E-03
   7101.40  2.0265978E-04
   7101.60  1.7719086E-04
   7101.80  6.0535726E-05
   7102.00  5.8019386E-05
   7102.20  1.5358611E-04
   7102.40  1.5056806E-04
   7102.60  2.2124840E-04
   7102.80  2.4231352E-04
   7103.00  5.5631898E-05
   7103.20  6.8266515E-05
   7103.40  1.1698226E-04
   7103.60  5.6943469E-04
   7103.80  1.4769916E-03
   7104.00  7.6040330E-03
   7104.20  1.8218892E-04
   7104.40  9.1076461E-05
   7104.60  1.6466512E-04
   7104.80  7.3981762E-05
   7105.00  1.3994948E-03
   7105.20  3.6291747E-04
   7105.40  7.7024606E-04
   7105.60  1.2921170E-04
   7105.80  1.4100534E-04
   7106.00  1.4867418E-04
   7106.20  2.7641620E-04
   7106.40  8.8615354E-03
   7106.60  1.7299130E-03
   7106.80  4.4070178E-03
   7107.00  3.7469963E-03
   7107.20  1.5362724E-03
   7107.40  7.7856577E-03
   7107.60  2.0164809E-04
   7107.80  1.7360836E-04
   7108.00  5.4523826E-03
   7108.20  7.4240801E-04
   7108.40  2.2374775E-03
   7108.60  3.7270435E-02
   7108.80  2.9835354E-03
   7109.00  5.6799518E-03
   7109.20  1.2518465E-02
   7109.40  9.9605867E-03
   7109.60  1.4109677E-02
   7109.80  1.6893294E-02
   7110.00  1.6429028E-02
   7110.20  9.4922636E-03
   7110.40  1.1839054E-02
   7110.60  1.9294919E-02
   7110.80  1.9093882E-02
   7111.00  2.0133696E-02
   7111.20  2.1300188E-02
   7111.40  1.9866490E-02
   7111.60  2.1305914E-02
   7111.80  1.7858102E-02
   7112.00  2.0666108E-02
   7112.20  2.2340436E-02
   7112.40  2.2951554E-02
   7112.60  2.5416744E-02
   7112.80  3.2483337E-02
   7113.00  4.4763039E-02
   7113.20  5.7380007E-02
   7113.40  5.5958129E-02
   7113.60  4.2560880E-02
   7113.80  3.0642492E-02
   7114.00  2.3071780E-02
   7114.20  1.8481817E-02
   7114.40  1.5653733E-02
   7114.60  1.3897339E-02
   7114.80  1.2789397E-02
   7115.00  1.2299768E-02
   7115.20  1.2205228E-02
   7115.40  1.2567768E-02
   7115.60  1.3187622E-02
   7115.80  1.3619978E-02
   7116.00  1.3183175E-02
   7116.20  1.1670672E-02
   7116.40  9.7303562E-03
   7116.60  8.1470325E-03
   7116.80  7.1629149E-03
   7117.00  6.6760860E-03
   7117.20  6.5488324E-03
   7117.40  6.6924925E-03
   7117.60  7.0466397E-03
   7117.80  7.5190282E-03
   7118.00  7.9550325E-03
   7118.20  8.1802061E-03
   7118.40  8.0705457E-03
   7118.60  7.7366290E-03
   7118.80  7.4324804E-03
   7119.00  7.3186197E-03
   7119.20  7.4998334E-03
   7119.40  8.0518177E-03
   7119.60  8.8591001E-03
   7119.80  9.4438531E-03
   7120.00  9.3667601E-03
   7120.20  8.7875036E-03
   7120.40  8.2487819E-03
   7120.60  8.0098887E-03
   7120.80  8.0526407E-03
   7121.00  8.3295127E-03
   7121.20  8.4351837E-03
   7121.40  8.1914039E-03
   7121.60  8.3001337E-03
   7121.80  8.6569458E-03
   7122.00  9.0804272E-03
   7122.20  9.4733669E-03
   7122.40  9.8361714E-03
   7122.60  1.0256370E-02
   7122.80  1.0825454E-02
   7123.00  1.1597291E-02
   7123.20  1.2564683E-02
   7123.40  1.3670957E-02
   7123.60  1.4796693E-02
   7123.80  1.5775590E-02
   7124.00  1.6465791E-02
   7124.20  1.6838364E-02
   7124.40  1.6979327E-02
   7124.60  1.6986500E-02
   7124.80  1.6969713E-02
   7125.00  1.6966282E-02
   7125.20  1.7012058E-02
   7125.40  1.7174780E-02
   7125.60  1.7436621E-02
   7125.80  1.7738699E-02
   7126.00  1.8031164E-02
   7126.20  1.8290887E-02
   7126.40  1.8508344E-02
   7126.60  1.8696812E-02
   7126.80  1.8925778E-02
   7127.00  1.9318399E-02
   7127.20  1.9989683E-02
   7127.40  2.0978421E-02
   7127.60  2.2301410E-02
   7127.80  2.3823221E-02
   7128.00  2.5525639E-02
   7128.20  2.7313445E-02
   7128.40  2.9050165E-02
   7128.60  3.0589013E-02
   7128.80  3.1868802E-02
   7129.00  3.2950022E-02
   7129.20  3.4067888E-02
   7129.40  3.5448882E-02
   7129.60  3.7320880E-02
   7129.80  3.9840280E-02
   7130.00  4.3027785E-02
   7130.20  4.6677006E-02
   7130.40  5.0291412E-02
   7130.60  5.3222423E-02
   7130.80  5.5069943E-02
   7131.00  5.6002359E-02
   7131.20  5.6609384E-02
   7131.40  5.7492445E-02
   7131.60  5.9008459E-02
   7131.80  6.1224242E-02
   7132.00  6.3944595E-02
   7132.20  6.6750123E-02
   7132.40  6.9089650E-02
   7132.60  7.0477037E-02
   7132.80  7.0717004E-02
   7133.00  6.9983682E-02
   7133.20  6.8688417E-02
   7133.40  6.7262914E-02
   7133.60  6.6001327E-02
   7133.80  6.4990628E-02
   7134.00  6.4127411E-02
   7134.20  6.3247108E-02
   7134.40  6.2285304E-02
   7134.60  6.1300875E-02
   7134.80  6.0351282E-02
   7135.00  5.9402153E-02
   7135.20  5.8352840E-02
   7135.40  5.7103453E-02
   7135.60  5.5609634E-02
   7135.80  5.3898758E-02
   7136.00  5.2048974E-02
   7136.20  5.0153677E-02
   7136.40  4.8294136E-02
   7136.60  4.6527397E-02
   7136.80  4.4885698E-02
   7137.00  4.3380195E-02
   7137.20  4.2008156E-02
   7137.40  4.0755906E-02
   7137.60  3.9604603E-02
   7137.80  3.8532035E-02
   7138.00  3.7516625E-02
   7138.20  3.6539704E-02
   7138.40  3.5587410E-02
   7138.60  3.4652421E-02
   7138.80  3.3733761E-02
   7139.00  3.2835539E-02
   7139.20  3.1965497E-02
   7139.40  3.1133222E-02
   7139.60  3.0348269E-02
   7139.80  2.9619096E-02
   7140.00  2.8952475E-02
   7140.20  2.8354102E-02
   7140.40  2.7828239E-02
   7140.60  2.7378327E-02
   7140.80  2.7006976E-02
   7141.00  2.6715963E-02
   7141.20  2.6505535E-02
   7141.40  2.6382217E-02
   7141.60  2.6336513E-02
   7141.80  2.6357031E-02
   7142.00  2.6437730E-02
   7142.20  2.6572275E-02
   7142.40  2.6754632E-02
   7142.60  2.6979695E-02
   7142.80  2.7243371E-02
   7143.00  2.7542127E-02
   7143.20  2.7871916E-02
   7143.40  2.8230984E-02
   7143.60  2.8615635E-02
   7143.80  2.9022975E-02
   7144.00  2.9450758E-02
   7144.20  2.9897867E-02
   7144.40  3.0364069E-02
   7144.60  3.0850368E-02
   7144.80  3.1358618E-02
   7145.00  3.1890680E-02
   7145.20  3.2447560E-02
   7145.40  3.3028329E-02
   7145.60  3.3629343E-02
   7145.80  3.4243477E-02
   7146.00  3.4859645E-02
   7146.20  3.5463151E-02
   7146.40  3.6036369E-02
   7146.60  3.6560009E-02
   7146.80  3.7015178E-02
   7147.00  3.7385969E-02
   7147.20  3.7661633E-02
   7147.40  3.7837998E-02
   7147.60  3.7915542E-02
   7147.80  3.7908179E-02
   7148.00  3.7825785E-02
   7148.20  3.7685920E-02
   7148.40  3.7504637E-02
   7148.60  3.7296734E-02
   7148.80  3.7074758E-02
   7149.00  3.6848410E-02
   7149.20  3.6629851E-02
   7149.40  3.6422087E-02
   7149.60  3.6224955E-02
   7149.80  3.6040492E-02
   7150.00  3.5869757E-02
   7150.20  3.5713063E-02
   7150.40  3.5570571E-02
   7150.60  3.5442224E-02
   7150.80  3.5327374E-02
   7151.00  3.5225533E-02
   7151.20  3.5136108E-02
   7151.40  3.5058676E-02
   7151.60  3.4992661E-02
   7151.80  3.4937442E-02
   7152.00  3.4892485E-02
   7152.20  3.4857408E-02
   7152.40  3.4832054E-02
   7152.60  3.4816096E-02
   7152.80  3.4809347E-02
   7153.00  3.4811771E-02
   7153.20  3.4823556E-02
   7153.40  3.4844864E-02
   7153.60  3.4875830E-02
   7153.80  3.4916290E-02
   7154.00  3.4966313E-02
   7154.20  3.5025848E-02
   7154.40  3.5094761E-02
   7154.60  3.5172607E-02
   7154.80  3.5258781E-02
   7155.00  3.5352238E-02
   7155.20  3.5451640E-02
   7155.40  3.5555385E-02
   7155.60  3.5661700E-02
   7155.80  3.5768292E-02
   7156.00  3.5872690E-02
   7156.20  3.5972395E-02
   7156.40  3.6064739E-02
   7156.60  3.6146985E-02
   7156.80  3.6216536E-02
   7157.00  3.6270916E-02
   7157.20  3.6307821E-02
   7157.40  3.6325226E-02
   7157.60  3.6321278E-02
   7157.80  3.6294463E-02
   7158.00  3.6243253E-02
   7158.20  3.6166496E-02
   7158.40  3.6060580E-02
   7158.60  3.5930954E-02
   7158.80  3.5775106E-02
   7159.00  3.5591555E-02
   7159.20  3.5384407E-02
   7159.40  3.5155012E-02
   7159.60  3.4904387E-02
   7159.80  3.4635041E-02
   7160.00  3.4349418E-02
   7160.20  3.4050541E-02
   7160.40  3.3744455E-02
   7160.60  3.3428545E-02
   7160.80  3.3110904E-02
   7161.00  3.2794496E-02
   7161.20  3.2489893E-02
   7161.40  3.2184450E-02
   7161.60  3.1889033E-02
   7161.80  3.1606303E-02
   7162.00  3.1337738E-02
   7162.20  3.1084627E-02
   7162.40  3.0847716E-02
   7162.60  3.0627270E-02
   7162.80  3.0423722E-02
   7163.00  3.0235993E-02
   7163.20  3.0063418E-02
   7163.40  2.9905257E-02
   7163.60  2.9761412E-02
   7163.80  2.9630685E-02
   7164.00  2.9512755E-02
   7164.20  2.9407202E-02
   7164.40  2.9313766E-02
   7164.60  2.9232862E-02
   7164.80  2.9163921E-02
   7165.00  2.9106939E-02
   7165.20  2.9061854E-02
   7165.40  2.9028540E-02
   7165.60  2.9007043E-02
   7165.80  2.8996695E-02
   7166.00  2.8996591E-02
   7166.20  2.9005801E-02
   7166.40  2.9023229E-02
   7166.60  2.9047522E-02
   7166.80  2.9077156E-02
   7167.00  2.9110436E-02
   7167.20  2.9145524E-02
   7167.40  2.9180825E-02
   7167.60  2.9213818E-02
   7167.80  2.9242424E-02
   7168.00  2.9261018E-02
   7168.20  2.9275466E-02
   7168.40  2.9281116E-02
   7168.60  2.9276560E-02
   7168.80  2.9261081E-02
   7169.00  2.9234281E-02
   7169.20  2.9196017E-02
   7169.40  2.9146333E-02
   7169.60  2.9085508E-02
   7169.80  2.9014123E-02
   7170.00  2.8933096E-02
   7170.20  2.8842797E-02
   7170.40  2.8744081E-02
   7170.60  2.8637970E-02
   7170.80  2.8525375E-02
   7171.00  2.8407382E-02
   7171.20  2.8285152E-02
   7171.40  2.8159935E-02
   7171.60  2.8033008E-02
   7171.80  2.7906023E-02
   7172.00  2.7780018E-02
