  7112.000   26  1  1  3.4350365E-02 -1.5427006E+00 -2.2773043E+00  1  1  7.2664361E+03  0.0000000E+00  0.0000000E+00  1.8538855E+00  1.0000000E+00  0.0000000E+00 = E_edge, Z, n_edge, j_edge, Abs_before_edge, VO_interstitial, E_cut, ninitl, ninit1, Epsii, UnitCell_Volume, Surface_ref, f0_forward, natomsym_f, abs_u_i
    Energy    <xanes>    
   7097.00  1.9922287E-05
   7097.20  2.0163790E-05
   7097.40  2.0491394E-05
   7097.60  2.0952100E-05
   7097.80  2.1637592E-05
   7098.00  2.2749874E-05
   7098.20  2.4813756E-05
   7098.40  2.9599530E-05
   7098.60  4.6708324E-05
   7098.80  2.8264430E-04
   7099.00  2.0472153E-04
   7099.20  4.5704949E-05
   7099.40  3.2394798E-05
   7099.60  3.0065046E-05
   7099.80  3.1378301E-05
   7100.00  3.6727838E-05
   7100.20  5.4381489E-05
   7100.40  1.8228335E-04
   7100.60  1.3697781E-03
   7100.80  8.8256881E-05
   7101.00  5.4987085E-05
   7101.20  5.5870392E-05
   7101.40  7.3946154E-05
   7101.60  1.3797452E-04
   7101.80  7.6835936E-04
   7102.00  2.2992093E-03
   7102.20  9.3967087E-04
   7102.40  2.3433298E-04
   7102.60  1.7206858E-02
   7102.80  1.1595789E-04
   7103.00  5.8820799E-05
   7103.20  4.4870541E-05
   7103.40  3.9490092E-05
   7103.60  3.7659130E-05
   7103.80  3.8293779E-05
   7104.00  4.1894025E-05
   7104.20  5.1400495E-05
   7104.40  7.9487396E-05
   7104.60  2.2605811E-04
   7104.80  2.4156502E-02
   7105.00  2.9909109E-04
   7105.20  9.1748937E-05
   7105.40  7.0903121E-05
   7105.60  8.0466649E-05
   7105.80  5.1093342E-05
   7106.00  6.2078367E-05
   7106.20  2.0668704E-04
   7106.40  3.0807598E-04
   7106.60  7.9537098E-05
   7106.80  8.8687328E-05
   7107.00  2.2865753E-04
   7107.20  1.0972664E-02
   7107.40  1.8589392E-04
   7107.60  2.5884356E-04
   7107.80  3.1416401E-04
   7108.00  8.9678334E-04
   7108.20  1.8169509E-04
   7108.40  3.8288931E-04
   7108.60  1.0273585E-03
   7108.80  5.7822097E-03
   7109.00  2.9535072E-03
   7109.20  8.3177946E-04
   7109.40  4.3728694E-03
   7109.60  1.1737810E-02
   7109.80  5.9730972E-04
   7110.00  9.1096836E-04
   7110.20  3.5673991E-04
   7110.40  4.9594924E-03
   7110.60  1.4759244E-03
   7110.80  4.5856716E-04
   7111.00  3.5873353E-03
   7111.20  6.4197114E-03
   7111.40  1.7308543E-02
   7111.60  8.0416249E-03
   7111.80  1.3150728E-02
   7112.00  8.8342708E-03
   7112.20  1.6501597E-02
   7112.40  1.7101220E-02
   7112.60  1.8090112E-02
   7112.80  2.2944474E-02
   7113.00  2.1719619E-02
   7113.20  2.1918299E-02
   7113.40  2.9268093E-02
   7113.60  3.3336601E-02
   7113.80  4.0968963E-02
   7114.00  5.5224651E-02
   7114.20  3.8300183E-02
   7114.40  2.2959959E-02
   7114.60  1.5771562E-02
   7114.80  1.2246223E-02
   7115.00  1.0425548E-02
   7115.20  9.5468690E-03
   7115.40  9.2519323E-03
   7115.60  9.2880207E-03
   7115.80  9.4252953E-03
   7116.00  9.5645535E-03
   7116.20  9.5008830E-03
   7116.40  9.1098626E-03
   7116.60  8.3756278E-03
   7116.80  7.5588816E-03
   7117.00  6.9012913E-03
   7117.20  6.3548595E-03
   7117.40  6.1403783E-03
   7117.60  6.0411992E-03
   7117.80  6.0499476E-03
   7118.00  6.1557859E-03
   7118.20  6.3602538E-03
   7118.40  6.6711985E-03
   7118.60  7.0936391E-03
   7118.80  7.6185666E-03
   7119.00  8.2129803E-03
   7119.20  8.8145164E-03
   7119.40  9.3342271E-03
   7119.60  9.6820295E-03
   7119.80  9.8234302E-03
   7120.00  9.8070068E-03
   7120.20  9.7133106E-03
   7120.40  9.5971479E-03
   7120.60  9.4803490E-03
   7120.80  9.3754960E-03
   7121.00  9.3019525E-03
   7121.20  9.2768764E-03
   7121.40  9.3034471E-03
   7121.60  9.3777553E-03
   7121.80  9.5026918E-03
   7122.00  9.6942445E-03
   7122.20  9.9778272E-03
   7122.40  1.0405240E-02
   7122.60  1.0960820E-02
   7122.80  1.1685682E-02
   7123.00  1.2591320E-02
   7123.20  1.3674160E-02
   7123.40  1.4910050E-02
   7123.60  1.6249781E-02
   7123.80  1.7634277E-02
   7124.00  1.8999914E-02
   7124.20  2.0298224E-02
   7124.40  2.1502482E-02
   7124.60  2.2602108E-02
   7124.80  2.3594462E-02
   7125.00  2.4476951E-02
   7125.20  2.5245556E-02
   7125.40  2.5897311E-02
   7125.60  2.6434707E-02
   7125.80  2.6868866E-02
   7126.00  2.7220287E-02
   7126.20  2.7517995E-02
   7126.40  2.7799103E-02
   7126.60  2.8096356E-02
   7126.80  2.8445210E-02
   7127.00  2.8875247E-02
   7127.20  2.9410341E-02
   7127.40  3.0068483E-02
   7127.60  3.0860842E-02
   7127.80  3.1871037E-02
   7128.00  3.2956663E-02
   7128.20  3.4185496E-02
   7128.40  3.5551898E-02
   7128.60  3.7044772E-02
   7128.80  3.8647569E-02
   7129.00  4.0346514E-02
   7129.20  4.2084114E-02
   7129.40  4.3811978E-02
   7129.60  4.5580748E-02
   7129.80  4.7150257E-02
   7130.00  4.8628361E-02
   7130.20  4.9962717E-02
   7130.40  5.1183090E-02
   7130.60  5.2332842E-02
   7130.80  5.3399586E-02
   7131.00  5.4406509E-02
   7131.20  5.5358633E-02
   7131.40  5.6258442E-02
   7131.60  5.7107470E-02
   7131.80  5.7907764E-02
   7132.00  5.8661640E-02
   7132.20  5.9372194E-02
   7132.40  6.0043074E-02
   7132.60  6.0677594E-02
   7132.80  6.1277897E-02
   7133.00  6.1844386E-02
   7133.20  6.2374240E-02
   7133.40  6.2860270E-02
   7133.60  6.3289787E-02
   7133.80  6.3650715E-02
   7134.00  6.3911904E-02
   7134.20  6.4036205E-02
   7134.40  6.3983068E-02
   7134.60  6.3710599E-02
   7134.80  6.3182392E-02
   7135.00  6.2375099E-02
   7135.20  6.1284380E-02
   7135.40  5.9928470E-02
   7135.60  5.8346134E-02
   7135.80  5.6593023E-02
   7136.00  5.4732684E-02
   7136.20  5.2829001E-02
   7136.40  5.0940516E-02
   7136.60  4.9115481E-02
   7136.80  4.7390407E-02
   7137.00  4.5791541E-02
   7137.20  4.4335007E-02
   7137.40  4.3028888E-02
   7137.60  4.1875424E-02
   7137.80  4.0872290E-02
   7138.00  4.0013780E-02
   7138.20  3.9291900E-02
   7138.40  3.8697180E-02
   7138.60  3.8219299E-02
   7138.80  3.7847286E-02
   7139.00  3.7569845E-02
   7139.20  3.7389501E-02
   7139.40  3.7288586E-02
   7139.60  3.7246338E-02
   7139.80  3.7253423E-02
   7140.00  3.7300670E-02
   7140.20  3.7379092E-02
   7140.40  3.7479941E-02
   7140.60  3.7594860E-02
   7140.80  3.7715850E-02
   7141.00  3.7835213E-02
   7141.20  3.7945880E-02
   7141.40  3.8041561E-02
   7141.60  3.8116607E-02
   7141.80  3.8166307E-02
   7142.00  3.8187047E-02
   7142.20  3.8176036E-02
   7142.40  3.8142690E-02
   7142.60  3.8063654E-02
   7142.80  3.7950178E-02
   7143.00  3.7802961E-02
   7143.20  3.7623432E-02
   7143.40  3.7413393E-02
   7143.60  3.7175105E-02
   7143.80  3.6911066E-02
   7144.00  3.6623934E-02
   7144.20  3.6316594E-02
   7144.40  3.5991932E-02
   7144.60  3.5652843E-02
   7144.80  3.5302173E-02
   7145.00  3.4942610E-02
   7145.20  3.4576010E-02
   7145.40  3.4204985E-02
   7145.60  3.3832708E-02
   7145.80  3.3461450E-02
   7146.00  3.3093605E-02
   7146.20  3.2730591E-02
   7146.40  3.2374055E-02
   7146.60  3.2026959E-02
   7146.80  3.1688290E-02
   7147.00  3.1359929E-02
   7147.20  3.1043034E-02
   7147.40  3.0738604E-02
   7147.60  3.0447102E-02
   7147.80  3.0169079E-02
   7148.00  2.9905103E-02
   7148.20  2.9655718E-02
   7148.40  2.9420991E-02
   7148.60  2.9201094E-02
   7148.80  2.8996189E-02
   7149.00  2.8806576E-02
   7149.20  2.8632234E-02
   7149.40  2.8473079E-02
   7149.60  2.8329157E-02
   7149.80  2.8200458E-02
   7150.00  2.8086986E-02
   7150.20  2.7988706E-02
   7150.40  2.7909451E-02
   7150.60  2.7841384E-02
   7150.80  2.7788049E-02
   7151.00  2.7748988E-02
   7151.20  2.7724055E-02
   7151.40  2.7712947E-02
   7151.60  2.7715114E-02
   7151.80  2.7730537E-02
   7152.00  2.7758675E-02
   7152.20  2.7798565E-02
   7152.40  2.7849414E-02
   7152.60  2.7910470E-02
   7152.80  2.7980815E-02
   7153.00  2.8059179E-02
   7153.20  2.8144413E-02
   7153.40  2.8235249E-02
   7153.60  2.8330387E-02
   7153.80  2.8428561E-02
   7154.00  2.8528354E-02
   7154.20  2.8628554E-02
   7154.40  2.8727922E-02
   7154.60  2.8825383E-02
   7154.80  2.8919945E-02
   7155.00  2.9010868E-02
   7155.20  2.9097603E-02
   7155.40  2.9179819E-02
   7155.60  2.9257393E-02
   7155.80  2.9330371E-02
   7156.00  2.9398915E-02
   7156.20  2.9463184E-02
   7156.40  2.9523447E-02
   7156.60  2.9579998E-02
   7156.80  2.9633161E-02
   7157.00  2.9683116E-02
   7157.20  2.9730103E-02
   7157.40  2.9774119E-02
   7157.60  2.9815187E-02
   7157.80  2.9853378E-02
   7158.00  2.9888472E-02
   7158.20  2.9920291E-02
   7158.40  2.9948646E-02
   7158.60  2.9973325E-02
   7158.80  2.9994119E-02
   7159.00  3.0011094E-02
   7159.20  3.0024514E-02
   7159.40  3.0033695E-02
   7159.60  3.0038672E-02
   7159.80  3.0039636E-02
   7160.00  3.0037303E-02
   7160.20  3.0031789E-02
   7160.40  3.0023185E-02
   7160.60  3.0012044E-02
   7160.80  2.9998970E-02
   7161.00  2.9984750E-02
   7161.20  2.9970403E-02
   7161.40  2.9956193E-02
   7161.60  2.9942866E-02
   7161.80  2.9931101E-02
   7162.00  2.9921624E-02
   7162.20  2.9915254E-02
   7162.40  2.9912851E-02
   7162.60  2.9914487E-02
   7162.80  2.9920617E-02
   7163.00  2.9931635E-02
   7163.20  2.9947891E-02
   7163.40  2.9969504E-02
   7163.60  2.9996741E-02
   7163.80  3.0030202E-02
   7164.00  3.0068712E-02
   7164.20  3.0121230E-02
   7164.40  3.0169757E-02
   7164.60  3.0222981E-02
   7164.80  3.0280591E-02
   7165.00  3.0342247E-02
   7165.20  3.0407831E-02
   7165.40  3.0476780E-02
   7165.60  3.0548486E-02
   7165.80  3.0622501E-02
   7166.00  3.0698257E-02
   7166.20  3.0775280E-02
   7166.40  3.0853055E-02
   7166.60  3.0931243E-02
   7166.80  3.1009542E-02
   7167.00  3.1087482E-02
   7167.20  3.1164319E-02
   7167.40  3.1239522E-02
   7167.60  3.1312629E-02
   7167.80  3.1383335E-02
   7168.00  3.1451242E-02
   7168.20  3.1516043E-02
   7168.40  3.1577486E-02
   7168.60  3.1635351E-02
   7168.80  3.1689489E-02
   7169.00  3.1739953E-02
   7169.20  3.1786313E-02
   7169.40  3.1828566E-02
   7169.60  3.1866668E-02
   7169.80  3.1898159E-02
   7170.00  3.1928222E-02
   7170.20  3.1954279E-02
   7170.40  3.1976303E-02
   7170.60  3.1994378E-02
   7170.80  3.2008683E-02
   7171.00  3.2019311E-02
   7171.20  3.2026613E-02
   7171.40  3.2030422E-02
   7171.60  3.2030951E-02
   7171.80  3.2028300E-02
   7172.00  3.2022642E-02
