  7112.000   26  1  1  1.1003241E-02 -4.2133089E+00 -2.7048396E+00  1  1  7.2665474E+03  0.0000000E+00  0.0000000E+00  3.0612686E+00  1.0000000E+00  0.0000000E+00 = E_edge, Z, n_edge, j_edge, Abs_before_edge, VO_interstitial, E_cut, ninitl, ninit1, Epsii, UnitCell_Volume, Surface_ref, f0_forward, natomsym_f, abs_u_i
    Energy    <xanes>    
   7097.00  2.5841638E-05
   7097.20  2.8315138E-05
   7097.40  3.2555975E-05
   7097.60  4.0812711E-05
   7097.80  6.0553557E-05
   7098.00  1.3047012E-04
   7098.20  9.2479344E-04
   7098.40  1.1941020E-03
   7098.60  1.4132002E-04
   7098.80  6.4003036E-05
   7099.00  4.3454316E-05
   7099.20  3.5502102E-05
   7099.40  3.2095948E-05
   7099.60  3.1197467E-05
   7099.80  3.3912076E-05
   7100.00  1.0957208E-03
   7100.20  6.2967396E-05
   7100.40  1.0047890E-04
   7100.60  4.4059113E-04
   7100.80  1.7642891E-04
   7101.00  5.1078517E-05
   7101.20  4.0362624E-05
   7101.40  4.2051557E-05
   7101.60  5.6581150E-05
   7101.80  1.5951053E-04
   7102.00  9.3269332E-03
   7102.20  1.3770657E-04
   7102.40  7.7146279E-05
   7102.60  1.0923023E-03
   7102.80  2.2944773E-04
   7103.00  3.1442035E-03
   7103.20  1.9321317E-04
   7103.40  2.8850881E-03
   7103.60  1.1823273E-02
   7103.80  3.0496590E-04
   7104.00  1.0340302E-04
   7104.20  1.4833046E-04
   7104.40  1.0850913E-04
   7104.60  9.6405073E-04
   7104.80  1.6497394E-04
   7105.00  1.1747238E-04
   7105.20  1.8424188E-04
   7105.40  3.0721769E-04
   7105.60  2.5158137E-04
   7105.80  2.2973174E-04
   7106.00  8.0811486E-04
   7106.20  7.0044208E-03
   7106.40  4.5067466E-02
   7106.60  6.7102045E-04
   7106.80  1.0941748E-03
   7107.00  2.7958630E-04
   7107.20  3.0645510E-04
   7107.40  4.9848286E-03
   7107.60  5.1690810E-04
   7107.80  7.8560604E-04
   7108.00  3.9631132E-02
   7108.20  3.3704679E-02
   7108.40  1.4883863E-02
   7108.60  5.7820633E-03
   7108.80  8.5056131E-03
   7109.00  7.1512866E-03
   7109.20  1.4244492E-02
   7109.40  1.7164348E-02
   7109.60  9.2250047E-03
   7109.80  6.6589905E-03
   7110.00  7.4256880E-03
   7110.20  8.9841128E-03
   7110.40  3.2222118E-02
   7110.60  5.1428015E-02
   7110.80  1.8662031E-02
   7111.00  1.0978546E-02
   7111.20  8.9314927E-03
   7111.40  9.2713818E-03
   7111.60  1.5444829E-02
   7111.80  2.4076489E-02
   7112.00  2.7400466E-02
   7112.20  4.9549007E-02
   7112.40  7.4991996E-02
   7112.60  6.1749704E-02
   7112.80  6.8105907E-02
   7113.00  5.6993523E-02
   7113.20  3.3526202E-02
   7113.40  2.2701021E-02
   7113.60  1.7250211E-02
   7113.80  1.4028269E-02
   7114.00  1.1935954E-02
   7114.20  1.0547587E-02
   7114.40  9.6842093E-03
   7114.60  9.2323511E-03
   7114.80  9.3607479E-03
   7115.00  1.0200907E-02
   7115.20  1.2256940E-02
   7115.40  1.6195718E-02
   7115.60  2.0464171E-02
   7115.80  2.0978307E-02
   7116.00  1.9053749E-02
   7116.20  1.6696428E-02
   7116.40  1.4174332E-02
   7116.60  1.1954562E-02
   7116.80  1.0424809E-02
   7117.00  9.3775123E-03
   7117.20  8.6224944E-03
   7117.40  8.1395961E-03
   7117.60  7.9569805E-03
   7117.80  7.9864001E-03
   7118.00  8.0961358E-03
   7118.20  8.3545045E-03
   7118.40  8.8337385E-03
   7118.60  9.4535309E-03
   7118.80  9.9946166E-03
   7119.00  1.0161579E-02
   7119.20  9.7924093E-03
   7119.40  9.0175639E-03
   7119.60  8.1193841E-03
   7119.80  7.3040884E-03
   7120.00  6.6500005E-03
   7120.20  6.1845459E-03
   7120.40  5.9369607E-03
   7120.60  5.8958623E-03
   7120.80  5.9739734E-03
   7121.00  6.0838303E-03
   7121.20  6.2053807E-03
   7121.40  6.3342555E-03
   7121.60  6.4655546E-03
   7121.80  6.6100700E-03
   7122.00  6.7652515E-03
   7122.20  6.9357809E-03
   7122.40  7.1210179E-03
   7122.60  7.3156258E-03
   7122.80  7.5230051E-03
   7123.00  7.7504067E-03
   7123.20  8.0079884E-03
   7123.40  8.3038113E-03
   7123.60  8.6413470E-03
   7123.80  9.0168417E-03
   7124.00  9.4399006E-03
   7124.20  9.9602653E-03
   7124.40  1.0608311E-02
   7124.60  1.1311515E-02
   7124.80  1.1924683E-02
   7125.00  1.2354777E-02
   7125.20  1.2657217E-02
   7125.40  1.2958059E-02
   7125.60  1.3356554E-02
   7125.80  1.3883521E-02
   7126.00  1.4509398E-02
   7126.20  1.5173470E-02
   7126.40  1.5821560E-02
   7126.60  1.6433787E-02
   7126.80  1.7023488E-02
   7127.00  1.7660790E-02
   7127.20  1.8279565E-02
   7127.40  1.8930358E-02
   7127.60  1.9631363E-02
   7127.80  2.0424170E-02
   7128.00  2.1380931E-02
   7128.20  2.2570151E-02
   7128.40  2.4054959E-02
   7128.60  2.5871649E-02
   7128.80  2.8021223E-02
   7129.00  3.0471834E-02
   7129.20  3.3153347E-02
   7129.40  3.5915820E-02
   7129.60  3.8499162E-02
   7129.80  4.0628729E-02
   7130.00  4.2237760E-02
   7130.20  4.3581378E-02
   7130.40  4.5071143E-02
   7130.60  4.7030897E-02
   7130.80  4.9600797E-02
   7131.00  5.2768620E-02
   7131.20  5.6416369E-02
   7131.40  6.0360264E-02
   7131.60  6.4422335E-02
   7131.80  6.8424758E-02
   7132.00  7.2062169E-02
   7132.20  7.5040436E-02
   7132.40  7.7265748E-02
   7132.60  7.8806941E-02
   7132.80  7.9755150E-02
   7133.00  8.0129795E-02
   7133.20  7.9878160E-02
   7133.40  7.8938906E-02
   7133.60  7.7308015E-02
   7133.80  7.5060930E-02
   7134.00  7.2331733E-02
   7134.20  6.9265367E-02
   7134.40  6.6004703E-02
   7134.60  6.2675686E-02
   7134.80  5.9363158E-02
   7135.00  5.6125586E-02
   7135.20  5.3002131E-02
   7135.40  5.0018585E-02
   7135.60  4.7191838E-02
   7135.80  4.4532723E-02
   7136.00  4.2048560E-02
   7136.20  3.9743928E-02
   7136.40  3.7621996E-02
   7136.60  3.5685456E-02
   7136.80  3.3937307E-02
   7137.00  3.2381035E-02
   7137.20  3.1022364E-02
   7137.40  2.9868049E-02
   7137.60  2.8925982E-02
   7137.80  2.8203465E-02
   7138.00  2.7705987E-02
   7138.20  2.7434120E-02
   7138.40  2.7380549E-02
   7138.60  2.7525952E-02
   7138.80  2.7836025E-02
   7139.00  2.8260854E-02
   7139.20  2.8739089E-02
   7139.40  2.9207089E-02
   7139.60  2.9611016E-02
   7139.80  2.9917653E-02
   7140.00  3.0119121E-02
   7140.20  3.0229858E-02
   7140.40  3.0278626E-02
   7140.60  3.0299236E-02
   7140.80  3.0323447E-02
   7141.00  3.0377093E-02
   7141.20  3.0483522E-02
   7141.40  3.0650614E-02
   7141.60  3.0877855E-02
   7141.80  3.1166062E-02
   7142.00  3.1512477E-02
   7142.20  3.1911544E-02
   7142.40  3.2355614E-02
   7142.60  3.2835509E-02
   7142.80  3.3340680E-02
   7143.00  3.3859795E-02
   7143.20  3.4380801E-02
   7143.40  3.4891395E-02
   7143.60  3.5379517E-02
   7143.80  3.5834038E-02
   7144.00  3.6245575E-02
   7144.20  3.6606963E-02
   7144.40  3.6913974E-02
   7144.60  3.7165324E-02
   7144.80  3.7364420E-02
   7145.00  3.7508302E-02
   7145.20  3.7614022E-02
   7145.40  3.7684227E-02
   7145.60  3.7726549E-02
   7145.80  3.7748182E-02
   7146.00  3.7754789E-02
   7146.20  3.7750727E-02
   7146.40  3.7738533E-02
   7146.60  3.7719213E-02
   7146.80  3.7692523E-02
   7147.00  3.7657245E-02
   7147.20  3.7614601E-02
   7147.40  3.7556978E-02
   7147.60  3.7485985E-02
   7147.80  3.7401026E-02
   7148.00  3.7302407E-02
   7148.20  3.7187266E-02
   7148.40  3.7066079E-02
   7148.60  3.6937824E-02
   7148.80  3.6806549E-02
   7149.00  3.6676788E-02
   7149.20  3.6553098E-02
   7149.40  3.6435217E-02
   7149.60  3.6325702E-02
   7149.80  3.6226669E-02
   7150.00  3.6139971E-02
   7150.20  3.6067072E-02
   7150.40  3.6008520E-02
   7150.60  3.5965103E-02
   7150.80  3.5937286E-02
   7151.00  3.5925233E-02
   7151.20  3.5929213E-02
   7151.40  3.5949716E-02
   7151.60  3.5986623E-02
   7151.80  3.6040230E-02
   7152.00  3.6110852E-02
   7152.20  3.6199081E-02
   7152.40  3.6304862E-02
   7152.60  3.6428392E-02
   7152.80  3.6569694E-02
   7153.00  3.6728745E-02
   7153.20  3.6905209E-02
   7153.40  3.7098198E-02
   7153.60  3.7306404E-02
   7153.80  3.7528329E-02
   7154.00  3.7762178E-02
   7154.20  3.8005950E-02
   7154.40  3.8256844E-02
   7154.60  3.8512089E-02
   7154.80  3.8768647E-02
   7155.00  3.9023311E-02
   7155.20  3.9272819E-02
   7155.40  3.9513825E-02
   7155.60  3.9743002E-02
   7155.80  3.9956932E-02
   7156.00  4.0152501E-02
   7156.20  4.0326757E-02
   7156.40  4.0477037E-02
   7156.60  4.0600987E-02
   7156.80  4.0696755E-02
   7157.00  4.0762648E-02
   7157.20  4.0797594E-02
   7157.40  4.0800818E-02
   7157.60  4.0771755E-02
   7157.80  4.0709590E-02
   7158.00  4.0617551E-02
   7158.20  4.0494510E-02
   7158.40  4.0343839E-02
   7158.60  4.0167907E-02
   7158.80  3.9969839E-02
   7159.00  3.9749889E-02
   7159.20  3.9510958E-02
   7159.40  3.9257774E-02
   7159.60  3.8994530E-02
   7159.80  3.8722085E-02
   7160.00  3.8442849E-02
   7160.20  3.8159105E-02
   7160.40  3.7872361E-02
   7160.60  3.7583979E-02
   7160.80  3.7295127E-02
   7161.00  3.7006763E-02
   7161.20  3.6719519E-02
   7161.40  3.6433881E-02
   7161.60  3.6150183E-02
   7161.80  3.5868619E-02
   7162.00  3.5589358E-02
   7162.20  3.5312546E-02
   7162.40  3.5037746E-02
   7162.60  3.4764714E-02
   7162.80  3.4493142E-02
   7163.00  3.4222674E-02
   7163.20  3.3952931E-02
   7163.40  3.3683535E-02
   7163.60  3.3414162E-02
   7163.80  3.3144608E-02
   7164.00  3.2874685E-02
   7164.20  3.2604450E-02
   7164.40  3.2334255E-02
   7164.60  3.2064028E-02
   7164.80  3.1794375E-02
   7165.00  3.1526456E-02
   7165.20  3.1260053E-02
   7165.40  3.0995869E-02
   7165.60  3.0734685E-02
   7165.80  3.0478043E-02
   7166.00  3.0226283E-02
   7166.20  2.9979880E-02
   7166.40  2.9737482E-02
   7166.60  2.9500294E-02
   7166.80  2.9273999E-02
   7167.00  2.9053572E-02
   7167.20  2.8845732E-02
   7167.40  2.8646349E-02
   7167.60  2.8455565E-02
   7167.80  2.8273411E-02
   7168.00  2.8100534E-02
   7168.20  2.7936430E-02
   7168.40  2.7780990E-02
   7168.60  2.7634036E-02
   7168.80  2.7495385E-02
   7169.00  2.7364870E-02
   7169.20  2.7242331E-02
   7169.40  2.7128130E-02
   7169.60  2.7021443E-02
   7169.80  2.6921817E-02
   7170.00  2.6829013E-02
   7170.20  2.6742606E-02
   7170.40  2.6662242E-02
   7170.60  2.6587535E-02
   7170.80  2.6518247E-02
   7171.00  2.6454194E-02
   7171.20  2.6394515E-02
   7171.40  2.6338711E-02
   7171.60  2.6286320E-02
   7171.80  2.6236863E-02
   7172.00  2.6189862E-02
