  7112.000   26  1  1  2.0093771E-02 -3.5269590E+00 -2.1467475E+00  1  1  7.2661632E+03  0.0000000E+00  0.0000000E+00  3.2822218E+00  1.0000000E+00  0.0000000E+00 = E_edge, Z, n_edge, j_edge, Abs_before_edge, VO_interstitial, E_cut, ninitl, ninit1, Epsii, UnitCell_Volume, Surface_ref, f0_forward, natomsym_f, abs_u_i
    Energy    <xanes>    
   7097.00  2.2016358E-05
   7097.20  2.2367238E-05
   7097.40  2.2793931E-05
   7097.60  2.3321696E-05
   7097.80  2.3989803E-05
   7098.00  2.4863386E-05
   7098.20  2.6058538E-05
   7098.40  2.7804994E-05
   7098.60  3.0623884E-05
   7098.80  3.5964572E-05
   7099.00  4.9510484E-05
   7099.20  1.1929643E-04
   7099.40  3.4046316E-03
   7099.60  2.1070993E-02
   7099.80  1.0459383E-04
   7100.00  6.0406658E-05
   7100.20  6.8169228E-05
   7100.40  1.6519391E-04
   7100.60  8.2858868E-05
   7100.80  1.3095013E-04
   7101.00  3.7866833E-04
   7101.20  8.3349946E-02
   7101.40  5.8516438E-02
   7101.60  4.2736937E-04
   7101.80  1.7699616E-04
   7102.00  3.0724455E-04
   7102.20  1.1634976E-03
   7102.40  1.5309415E-04
   7102.60  1.9364862E-04
   7102.80  1.4314007E-03
   7103.00  8.6620705E-04
   7103.20  1.0936713E-03
   7103.40  6.0832167E-04
   7103.60  1.7114572E-04
   7103.80  3.2032222E-04
   7104.00  5.5504966E-02
   7104.20  2.3188153E-02
   7104.40  1.0945088E-03
   7104.60  2.9510100E-03
   7104.80  2.7271065E-04
   7105.00  1.6120136E-04
   7105.20  2.1932283E-04
   7105.40  4.4343720E-03
   7105.60  3.7731110E-04
   7105.80  1.9599175E-04
   7106.00  1.3761316E-03
   7106.20  2.5186054E-04
   7106.40  2.7215418E-03
   7106.60  3.3377474E-03
   7106.80  8.4131210E-04
   7107.00  7.2742324E-04
   7107.20  3.6771140E-04
   7107.40  5.9632391E-04
   7107.60  2.8456595E-03
   7107.80  1.8888513E-03
   7108.00  5.9568197E-03
   7108.20  1.4575790E-03
   7108.40  1.6837008E-03
   7108.60  2.4431326E-03
   7108.80  5.0622094E-04
   7109.00  7.6703162E-03
   7109.20  9.8783938E-03
   7109.40  5.9987807E-03
   7109.60  5.5005137E-03
   7109.80  3.8736100E-03
   7110.00  5.5728945E-03
   7110.20  9.1148833E-03
   7110.40  1.7721822E-02
   7110.60  3.0157165E-02
   7110.80  3.3798907E-02
   7111.00  3.8972865E-02
   7111.20  3.5034618E-02
   7111.40  3.2086463E-02
   7111.60  2.6953046E-02
   7111.80  2.0644662E-02
   7112.00  2.0352433E-02
   7112.20  2.7981405E-02
   7112.40  4.0391328E-02
   7112.60  4.3769546E-02
   7112.80  4.1173802E-02
   7113.00  3.6070042E-02
   7113.20  3.0747890E-02
   7113.40  2.7297830E-02
   7113.60  2.8400255E-02
   7113.80  3.0627443E-02
   7114.00  2.4471417E-02
   7114.20  1.8213509E-02
   7114.40  1.3671322E-02
   7114.60  1.0001294E-02
   7114.80  8.3004568E-03
   7115.00  7.2491984E-03
   7115.20  6.5504843E-03
   7115.40  6.0049314E-03
   7115.60  5.4327792E-03
   7115.80  4.7262817E-03
   7116.00  4.0217378E-03
   7116.20  3.5545453E-03
   7116.40  3.3542700E-03
   7116.60  3.3285147E-03
   7116.80  3.4008613E-03
   7117.00  3.5282937E-03
   7117.20  3.6834019E-03
   7117.40  3.8432839E-03
   7117.60  3.9925837E-03
   7117.80  4.1338683E-03
   7118.00  4.2764739E-03
   7118.20  4.3791773E-03
   7118.40  4.3420665E-03
   7118.60  4.1712677E-03
   7118.80  3.9959097E-03
   7119.00  3.8953562E-03
   7119.20  3.8830195E-03
   7119.40  3.9577937E-03
   7119.60  4.1077208E-03
   7119.80  4.2999635E-03
   7120.00  4.5105319E-03
   7120.20  4.7451995E-03
   7120.40  5.0232342E-03
   7120.60  5.3726070E-03
   7120.80  5.8365289E-03
   7121.00  6.4703561E-03
   7121.20  7.2966431E-03
   7121.40  8.1970323E-03
   7121.60  9.0829309E-03
   7121.80  1.0015220E-02
   7122.00  1.1206740E-02
   7122.20  1.2659709E-02
   7122.40  1.4098352E-02
   7122.60  1.5083735E-02
   7122.80  1.5361152E-02
   7123.00  1.5180256E-02
   7123.20  1.5039332E-02
   7123.40  1.5270895E-02
   7123.60  1.6015464E-02
   7123.80  1.7286572E-02
   7124.00  1.8929981E-02
   7124.20  2.0616000E-02
   7124.40  2.2073936E-02
   7124.60  2.3332765E-02
   7124.80  2.4567667E-02
   7125.00  2.5770272E-02
   7125.20  2.6642556E-02
   7125.40  2.7089925E-02
   7125.60  2.7396452E-02
   7125.80  2.8044251E-02
   7126.00  2.9287189E-02
   7126.20  3.0917578E-02
   7126.40  3.2723592E-02
   7126.60  3.4639364E-02
   7126.80  3.6301900E-02
   7127.00  3.7904383E-02
   7127.20  3.9436998E-02
   7127.40  4.0813752E-02
   7127.60  4.1924909E-02
   7127.80  4.2686504E-02
   7128.00  4.3120605E-02
   7128.20  4.3389131E-02
   7128.40  4.3716084E-02
   7128.60  4.4259267E-02
   7128.80  4.5035600E-02
   7129.00  4.5939641E-02
   7129.20  4.6842401E-02
   7129.40  4.7711575E-02
   7129.60  4.8640102E-02
   7129.80  4.9713091E-02
   7130.00  5.0844651E-02
   7130.20  5.1767679E-02
   7130.40  5.2191343E-02
   7130.60  5.1974963E-02
   7130.80  5.1183226E-02
   7131.00  5.0013963E-02
   7131.20  4.8691249E-02
   7131.40  4.7397125E-02
   7131.60  4.6251414E-02
   7131.80  4.5317998E-02
   7132.00  4.4616372E-02
   7132.20  4.4139975E-02
   7132.40  4.3885237E-02
   7132.60  4.3871972E-02
   7132.80  4.4130331E-02
   7133.00  4.4664394E-02
   7133.20  4.5423296E-02
   7133.40  4.6296017E-02
   7133.60  4.7134722E-02
   7133.80  4.7819014E-02
   7134.00  4.8332831E-02
   7134.20  4.8764521E-02
   7134.40  4.9209593E-02
   7134.60  4.9692589E-02
   7134.80  5.0177495E-02
   7135.00  5.0604374E-02
   7135.20  5.0907016E-02
   7135.40  5.1023941E-02
   7135.60  5.0913158E-02
   7135.80  5.0565730E-02
   7136.00  5.0011881E-02
   7136.20  4.9313878E-02
   7136.40  4.8549402E-02
   7136.60  4.7792872E-02
   7136.80  4.7099506E-02
   7137.00  4.6498561E-02
   7137.20  4.5993080E-02
   7137.40  4.5566550E-02
   7137.60  4.5192744E-02
   7137.80  4.4845651E-02
   7138.00  4.4505701E-02
   7138.20  4.4163688E-02
   7138.40  4.3819528E-02
   7138.60  4.3480053E-02
   7138.80  4.3155234E-02
   7139.00  4.2853846E-02
   7139.20  4.2579564E-02
   7139.40  4.2326078E-02
   7139.60  4.2076490E-02
   7139.80  4.1802917E-02
   7140.00  4.1477884E-02
   7140.20  4.1067719E-02
   7140.40  4.0537014E-02
   7140.60  3.9880514E-02
   7140.80  3.9120390E-02
   7141.00  3.8305009E-02
   7141.20  3.7498977E-02
   7141.40  3.6769388E-02
   7141.60  3.6174250E-02
   7141.80  3.5756508E-02
   7142.00  3.5543911E-02
   7142.20  3.5551581E-02
   7142.40  3.5785792E-02
   7142.60  3.6246406E-02
   7142.80  3.6926777E-02
   7143.00  3.7811747E-02
   7143.20  3.8872660E-02
   7143.40  4.0060669E-02
   7143.60  4.1301091E-02
   7143.80  4.2491293E-02
   7144.00  4.3508044E-02
   7144.20  4.4244608E-02
   7144.40  4.4545711E-02
   7144.60  4.4413590E-02
   7144.80  4.3879659E-02
   7145.00  4.3028947E-02
   7145.20  4.1972151E-02
   7145.40  4.0817469E-02
   7145.60  3.9653174E-02
   7145.80  3.8540672E-02
   7146.00  3.7516650E-02
   7146.20  3.6598569E-02
   7146.40  3.5790989E-02
   7146.60  3.5090396E-02
   7146.80  3.4489038E-02
   7147.00  3.3977247E-02
   7147.20  3.3544910E-02
   7147.40  3.3176126E-02
   7147.60  3.2865181E-02
   7147.80  3.2604138E-02
   7148.00  3.2383420E-02
   7148.20  3.2197187E-02
   7148.40  3.2038479E-02
   7148.60  3.1901715E-02
   7148.80  3.1781453E-02
   7149.00  3.1672929E-02
   7149.20  3.1572209E-02
   7149.40  3.1475359E-02
   7149.60  3.1379361E-02
   7149.80  3.1281888E-02
   7150.00  3.1181234E-02
   7150.20  3.1076102E-02
   7150.40  3.0965841E-02
   7150.60  3.0850242E-02
   7150.80  3.0729798E-02
   7151.00  3.0604818E-02
   7151.20  3.0476056E-02
   7151.40  3.0344505E-02
   7151.60  3.0211356E-02
   7151.80  3.0078091E-02
   7152.00  2.9945960E-02
   7152.20  2.9816593E-02
   7152.40  2.9691919E-02
   7152.60  2.9574138E-02
   7152.80  2.9465718E-02
   7153.00  2.9369572E-02
   7153.20  2.9288067E-02
   7153.40  2.9223976E-02
   7153.60  2.9179706E-02
   7153.80  2.9157462E-02
   7154.00  2.9158994E-02
   7154.20  2.9185642E-02
   7154.40  2.9237869E-02
   7154.60  2.9315278E-02
   7154.80  2.9416808E-02
   7155.00  2.9540577E-02
   7155.20  2.9683879E-02
   7155.40  2.9843351E-02
   7155.60  3.0017054E-02
   7155.80  3.0198425E-02
   7156.00  3.0381545E-02
   7156.20  3.0560614E-02
   7156.40  3.0729581E-02
   7156.60  3.0882222E-02
   7156.80  3.1012362E-02
   7157.00  3.1114087E-02
   7157.20  3.1181993E-02
   7157.40  3.1211571E-02
   7157.60  3.1198921E-02
   7157.80  3.1141428E-02
   7158.00  3.1037845E-02
   7158.20  3.0888097E-02
   7158.40  3.0693502E-02
   7158.60  3.0452205E-02
   7158.80  3.0176401E-02
   7159.00  2.9866284E-02
   7159.20  2.9527038E-02
   7159.40  2.9163825E-02
   7159.60  2.8781824E-02
   7159.80  2.8386228E-02
   7160.00  2.7981966E-02
   7160.20  2.7573949E-02
   7160.40  2.7166057E-02
   7160.60  2.6762578E-02
   7160.80  2.6366738E-02
   7161.00  2.5978666E-02
   7161.20  2.5607123E-02
   7161.40  2.5249023E-02
   7161.60  2.4906967E-02
   7161.80  2.4592133E-02
   7162.00  2.4288749E-02
   7162.20  2.4002886E-02
   7162.40  2.3737218E-02
   7162.60  2.3492519E-02
   7162.80  2.3268800E-02
   7163.00  2.3066825E-02
   7163.20  2.2884187E-02
   7163.40  2.2721266E-02
   7163.60  2.2577961E-02
   7163.80  2.2452722E-02
   7164.00  2.2344360E-02
   7164.20  2.2251577E-02
   7164.40  2.2173282E-02
   7164.60  2.2108869E-02
   7164.80  2.2056634E-02
   7165.00  2.2014845E-02
   7165.20  2.1982262E-02
   7165.40  2.1957812E-02
   7165.60  2.1940583E-02
   7165.80  2.1929789E-02
   7166.00  2.1925055E-02
   7166.20  2.1925699E-02
   7166.40  2.1931154E-02
   7166.60  2.1941122E-02
   7166.80  2.1955442E-02
   7167.00  2.1974115E-02
   7167.20  2.1997175E-02
   7167.40  2.2024822E-02
   7167.60  2.2057282E-02
   7167.80  2.2094451E-02
   7168.00  2.2136528E-02
   7168.20  2.2183671E-02
   7168.40  2.2236125E-02
   7168.60  2.2294073E-02
   7168.80  2.2357681E-02
   7169.00  2.2427022E-02
   7169.20  2.2502471E-02
   7169.40  2.2583805E-02
   7169.60  2.2671036E-02
   7169.80  2.2764153E-02
   7170.00  2.2863065E-02
   7170.20  2.2967672E-02
   7170.40  2.3077872E-02
   7170.60  2.3193512E-02
   7170.80  2.3314389E-02
   7171.00  2.3440477E-02
   7171.20  2.3571502E-02
   7171.40  2.3707159E-02
   7171.60  2.3847172E-02
   7171.80  2.3991248E-02
   7172.00  2.4139103E-02
