  7112.000   26  1  1  2.8952608E-02 -2.5042535E+00 -4.9576960E-01  1  1  7.2652218E+03  0.0000000E+00  0.0000000E+00  3.6833062E+00  1.0000000E+00  0.0000000E+00 = E_edge, Z, n_edge, j_edge, Abs_before_edge, VO_interstitial, E_cut, ninitl, ninit1, Epsii, UnitCell_Volume, Surface_ref, f0_forward, natomsym_f, abs_u_i
    Energy    <xanes>    
   7097.00  5.1175741E-04
   7097.20  1.4912990E-04
   7097.40  8.3786083E-05
   7097.60  5.9346391E-05
   7097.80  4.7241204E-05
   7098.00  4.0282975E-05
   7098.20  3.5906945E-05
   7098.40  3.2990236E-05
   7098.60  3.0973735E-05
   7098.80  2.9551674E-05
   7099.00  2.8547131E-05
   7099.20  2.7852278E-05
   7099.40  2.7402485E-05
   7099.60  2.7159696E-05
   7099.80  2.7107014E-05
   7100.00  2.7248457E-05
   7100.20  2.7615187E-05
   7100.40  2.8292466E-05
   7100.60  2.9509846E-05
   7100.80  3.2072337E-05
   7101.00  4.1256338E-05
   7101.20  6.5428643E-04
   7101.40  5.5056807E-05
   7101.60  4.5456933E-05
   7101.80  5.7148703E-05
   7102.00  1.1719100E-04
   7102.20  5.0816871E-03
   7102.40  1.9631287E-04
   7102.60  2.2228992E-04
   7102.80  4.6819513E-03
   7103.00  2.0532379E-04
   7103.20  9.4968456E-05
   7103.40  1.2467942E-04
   7103.60  2.0048773E-02
   7103.80  2.1361056E-04
   7104.00  1.3280102E-03
   7104.20  1.3294856E-02
   7104.40  3.3901478E-04
   7104.60  2.0075600E-04
   7104.80  1.0555229E-03
   7105.00  3.7152280E-04
   7105.20  1.4232917E-03
   7105.40  7.0733545E-04
   7105.60  2.9904596E-04
   7105.80  6.6070329E-03
   7106.00  1.3238399E-02
   7106.20  3.4562538E-02
   7106.40  6.9116578E-04
   7106.60  4.3779266E-04
   7106.80  9.7585813E-03
   7107.00  5.9851768E-02
   7107.20  7.2347778E-03
   7107.40  3.1722342E-03
   7107.60  1.6611287E-03
   7107.80  1.1627489E-01
   7108.00  1.2411156E-02
   7108.20  2.0895645E-03
   7108.40  2.9024817E-03
   7108.60  7.0487267E-03
   7108.80  2.1982143E-03
   7109.00  3.6853362E-02
   7109.20  2.9471425E-02
   7109.40  1.2611879E-03
   7109.60  2.8442305E-02
   7109.80  6.8008837E-04
   7110.00  1.3080274E-02
   7110.20  3.5208806E-02
   7110.40  1.8692025E-02
   7110.60  4.3449055E-02
   7110.80  3.4270744E-02
   7111.00  2.9777053E-02
   7111.20  1.2942200E-02
   7111.40  1.0633390E-02
   7111.60  3.7130544E-03
   7111.80  2.8524383E-03
   7112.00  3.7629638E-03
   7112.20  4.2404487E-03
   7112.40  9.0061237E-03
   7112.60  3.0464824E-02
   7112.80  1.8321645E-02
   7113.00  5.2436900E-03
   7113.20  2.9165930E-03
   7113.40  3.2203125E-03
   7113.60  8.1011759E-03
   7113.80  6.5852372E-03
   7114.00  3.5357609E-03
   7114.20  2.6851190E-03
   7114.40  3.7116115E-03
   7114.60  1.9886875E-03
   7114.80  1.9204563E-03
   7115.00  4.2992397E-03
   7115.20  1.3135155E-03
   7115.40  8.7316559E-04
   7115.60  7.0682246E-04
   7115.80  6.1913749E-04
   7116.00  5.6904985E-04
   7116.20  5.4356905E-04
   7116.40  5.3825150E-04
   7116.60  5.5226747E-04
   7116.80  5.8624809E-04
   7117.00  6.3985755E-04
   7117.20  7.0759555E-04
   7117.40  7.7403821E-04
   7117.60  8.1605926E-04
   7117.80  8.1853553E-04
   7118.00  7.8781166E-04
   7118.20  7.4343383E-04
   7118.40  7.0202023E-04
   7118.60  6.7162909E-04
   7118.80  6.5418543E-04
   7119.00  6.4892975E-04
   7119.20  6.5459565E-04
   7119.40  6.7060876E-04
   7119.60  6.9734830E-04
   7119.80  7.3608875E-04
   7120.00  7.8886042E-04
   7120.20  8.5833747E-04
   7120.40  9.4782498E-04
   7120.60  1.0613439E-03
   7120.80  1.2037757E-03
   7121.00  1.4041638E-03
   7121.20  1.6317222E-03
   7121.40  1.9136716E-03
   7121.60  2.2633214E-03
   7121.80  2.6997547E-03
   7122.00  3.2547710E-03
   7122.20  3.9637173E-03
   7122.40  4.8926901E-03
   7122.60  6.1146344E-03
   7122.80  7.7204480E-03
   7123.00  9.7418863E-03
   7123.20  1.2216392E-02
   7123.40  1.4792834E-02
   7123.60  1.6064890E-02
   7123.80  1.4678414E-02
   7124.00  1.3053484E-02
   7124.20  1.2866370E-02
   7124.40  1.4061771E-02
   7124.60  1.5934760E-02
   7124.80  1.8033547E-02
   7125.00  2.0300554E-02
   7125.20  2.2793881E-02
   7125.40  2.5455175E-02
   7125.60  2.7656390E-02
   7125.80  2.8685427E-02
   7126.00  2.8829082E-02
   7126.20  2.9057378E-02
   7126.40  3.0047537E-02
   7126.60  3.2366802E-02
   7126.80  3.5872729E-02
   7127.00  3.9891786E-02
   7127.20  4.2967701E-02
   7127.40  4.4863164E-02
   7127.60  4.6564260E-02
   7127.80  4.8353294E-02
   7128.00  4.9736663E-02
   7128.20  5.0059157E-02
   7128.40  4.9246661E-02
   7128.60  4.7980235E-02
   7128.80  4.7093875E-02
   7129.00  4.7154867E-02
   7129.20  4.8441256E-02
   7129.40  5.0954870E-02
   7129.60  5.4273675E-02
   7129.80  5.7524975E-02
   7130.00  5.9961769E-02
   7130.20  6.1500823E-02
   7130.40  6.2296463E-02
   7130.60  6.2313061E-02
   7130.80  6.1588719E-02
   7131.00  6.0436937E-02
   7131.20  5.9252740E-02
   7131.40  5.8298102E-02
   7131.60  5.7670154E-02
   7131.80  5.7367579E-02
   7132.00  5.7357784E-02
   7132.20  5.7609953E-02
   7132.40  5.8097799E-02
   7132.60  5.8789842E-02
   7132.80  5.9635168E-02
   7133.00  6.0546500E-02
   7133.20  6.1381699E-02
   7133.40  6.1934903E-02
   7133.60  6.1972494E-02
   7133.80  6.1340690E-02
   7134.00  6.0105573E-02
   7134.20  5.8587264E-02
   7134.40  5.7156431E-02
   7134.60  5.5970528E-02
   7134.80  5.4972100E-02
   7135.00  5.4035076E-02
   7135.20  5.3064002E-02
   7135.40  5.2016106E-02
   7135.60  5.0889203E-02
   7135.80  4.9704695E-02
   7136.00  4.8494938E-02
   7136.20  4.7295401E-02
   7136.40  4.6139247E-02
   7136.60  4.5053616E-02
   7136.80  4.4057365E-02
   7137.00  4.3159707E-02
   7137.20  4.2364866E-02
   7137.40  4.1671348E-02
   7137.60  4.1073333E-02
   7137.80  4.0562741E-02
   7138.00  4.0130917E-02
   7138.20  3.9768952E-02
   7138.40  3.9468569E-02
   7138.60  3.9221748E-02
   7138.80  3.9021140E-02
   7139.00  3.8859881E-02
   7139.20  3.8731495E-02
   7139.40  3.8630027E-02
   7139.60  3.8550277E-02
   7139.80  3.8488106E-02
   7140.00  3.8440461E-02
   7140.20  3.8405861E-02
   7140.40  3.8384197E-02
   7140.60  3.8373984E-02
   7140.80  3.8380002E-02
   7141.00  3.8405070E-02
   7141.20  3.8451465E-02
   7141.40  3.8519949E-02
   7141.60  3.8608953E-02
   7141.80  3.8714243E-02
   7142.00  3.8829239E-02
   7142.20  3.8945961E-02
   7142.40  3.9056542E-02
   7142.60  3.9154812E-02
   7142.80  3.9236953E-02
   7143.00  3.9289630E-02
   7143.20  3.9337178E-02
   7143.40  3.9369919E-02
   7143.60  3.9387222E-02
   7143.80  3.9385486E-02
   7144.00  3.9375753E-02
   7144.20  3.9348888E-02
   7144.40  3.9304840E-02
   7144.60  3.9246202E-02
   7144.80  3.9178946E-02
   7145.00  3.9111974E-02
   7145.20  3.9056355E-02
   7145.40  3.9023780E-02
   7145.60  3.9024978E-02
   7145.80  3.9068598E-02
   7146.00  3.9160298E-02
   7146.20  3.9311232E-02
   7146.40  3.9504423E-02
   7146.60  3.9745715E-02
   7146.80  4.0030252E-02
   7147.00  4.0351095E-02
   7147.20  4.0698832E-02
   7147.40  4.1069608E-02
   7147.60  4.1431122E-02
   7147.80  4.1754501E-02
   7148.00  4.2040095E-02
   7148.20  4.2287364E-02
   7148.40  4.2446599E-02
   7148.60  4.2523175E-02
   7148.80  4.2512725E-02
   7149.00  4.2382954E-02
   7149.20  4.2149441E-02
   7149.40  4.1814450E-02
   7149.60  4.1387474E-02
   7149.80  4.0880096E-02
   7150.00  4.0304423E-02
   7150.20  3.9674176E-02
   7150.40  3.9001942E-02
   7150.60  3.8298733E-02
   7150.80  3.7572951E-02
   7151.00  3.6831605E-02
   7151.20  3.6080171E-02
   7151.40  3.5322984E-02
   7151.60  3.4548523E-02
   7151.80  3.3787089E-02
   7152.00  3.3026230E-02
   7152.20  3.2267654E-02
   7152.40  3.1512139E-02
   7152.60  3.0760697E-02
   7152.80  3.0014582E-02
   7153.00  2.9275166E-02
   7153.20  2.8544267E-02
   7153.40  2.7823644E-02
   7153.60  2.7114957E-02
   7153.80  2.6420206E-02
   7154.00  2.5745086E-02
   7154.20  2.5084853E-02
   7154.40  2.4444741E-02
   7154.60  2.3826857E-02
   7154.80  2.3232407E-02
   7155.00  2.2662898E-02
   7155.20  2.2119569E-02
   7155.40  2.1603381E-02
   7155.60  2.1114916E-02
   7155.80  2.0652792E-02
   7156.00  2.0218660E-02
   7156.20  1.9811435E-02
   7156.40  1.9429566E-02
   7156.60  1.9071418E-02
   7156.80  1.8734445E-02
   7157.00  1.8416976E-02
   7157.20  1.8117296E-02
   7157.40  1.7833667E-02
   7157.60  1.7566458E-02
   7157.80  1.7314507E-02
   7158.00  1.7077911E-02
   7158.20  1.6857089E-02
   7158.40  1.6652783E-02
   7158.60  1.6465965E-02
   7158.80  1.6297668E-02
   7159.00  1.6148894E-02
   7159.20  1.6020516E-02
   7159.40  1.5913371E-02
   7159.60  1.5827647E-02
   7159.80  1.5763424E-02
   7160.00  1.5720527E-02
   7160.20  1.5698556E-02
   7160.40  1.5696936E-02
   7160.60  1.5714984E-02
   7160.80  1.5751944E-02
   7161.00  1.5807060E-02
   7161.20  1.5885970E-02
   7161.40  1.5983825E-02
   7161.60  1.6089466E-02
   7161.80  1.6210329E-02
   7162.00  1.6346099E-02
   7162.20  1.6495419E-02
   7162.40  1.6657593E-02
   7162.60  1.6835654E-02
   7162.80  1.7020517E-02
   7163.00  1.7214889E-02
   7163.20  1.7417828E-02
   7163.40  1.7630997E-02
   7163.60  1.7849267E-02
   7163.80  1.8073609E-02
   7164.00  1.8303443E-02
   7164.20  1.8538290E-02
   7164.40  1.8777589E-02
   7164.60  1.9022504E-02
   7164.80  1.9270881E-02
   7165.00  1.9522267E-02
   7165.20  1.9776101E-02
   7165.40  2.0031742E-02
   7165.60  2.0288558E-02
   7165.80  2.0545928E-02
   7166.00  2.0803226E-02
   7166.20  2.1059666E-02
   7166.40  2.1314615E-02
   7166.60  2.1567278E-02
   7166.80  2.1816955E-02
   7167.00  2.2062992E-02
   7167.20  2.2304778E-02
   7167.40  2.2541736E-02
   7167.60  2.2773640E-02
   7167.80  2.3000024E-02
   7168.00  2.3220535E-02
   7168.20  2.3435147E-02
   7168.40  2.3643731E-02
   7168.60  2.3846240E-02
   7168.80  2.4042700E-02
   7169.00  2.4233121E-02
   7169.20  2.4417954E-02
   7169.40  2.4597192E-02
   7169.60  2.4770947E-02
   7169.80  2.4939351E-02
   7170.00  2.5102557E-02
   7170.20  2.5260743E-02
   7170.40  2.5414146E-02
   7170.60  2.5562964E-02
   7170.80  2.5707451E-02
   7171.00  2.5848117E-02
   7171.20  2.5985261E-02
   7171.40  2.6119431E-02
   7171.60  2.6251083E-02
   7171.80  2.6380791E-02
   7172.00  2.6509113E-02
