  7112.000   26  1  1  4.0123481E-02 -2.3898544E+00 -1.3545440E+00  1  1  7.2661002E+03  0.0000000E+00  0.0000000E+00  3.0268705E+00  1.0000000E+00  0.0000000E+00 = E_edge, Z, n_edge, j_edge, Abs_before_edge, VO_interstitial, E_cut, ninitl, ninit1, Epsii, UnitCell_Volume, Surface_ref, f0_forward, natomsym_f, abs_u_i
    Energy    <xanes>    
   7097.00  7.2765710E-04
   7097.20  2.4313222E-04
   7097.40  6.3179106E-05
   7097.60  4.3451837E-05
   7097.80  3.8651218E-05
   7098.00  3.8320930E-05
   7098.20  4.0804034E-05
   7098.40  4.6707307E-05
   7098.60  5.9466173E-05
   7098.80  9.7375647E-05
   7099.00  9.5494632E-03
   7099.20  3.5250917E-04
   7099.40  3.1472026E-02
   7099.60  4.5727827E-03
   7099.80  3.1505048E-04
   7100.00  1.2392220E-04
   7100.20  7.5603740E-05
   7100.40  5.8152114E-05
   7100.60  7.1799192E-05
   7100.80  9.0198827E-05
   7101.00  4.9781010E-05
   7101.20  6.3474005E-05
   7101.40  1.4217769E-04
   7101.60  3.0622463E-02
   7101.80  3.9557659E-04
   7102.00  3.8574186E-04
   7102.20  1.0364308E-04
   7102.40  4.6498393E-03
   7102.60  1.1356886E-04
   7102.80  8.8132311E-04
   7103.00  2.1225259E-04
   7103.20  4.6703423E-05
   7103.40  4.6454959E-05
   7103.60  4.5443579E-05
   7103.80  6.0588707E-05
   7104.00  2.6511899E-04
   7104.20  8.2481159E-05
   7104.40  5.3026926E-04
   7104.60  1.6655329E-04
   7104.80  3.9118810E-04
   7105.00  3.1654828E-02
   7105.20  1.3640400E-03
   7105.40  4.0169816E-02
   7105.60  9.4249648E-04
   7105.80  2.0152079E-04
   7106.00  3.0505376E-04
   7106.20  5.0765325E-03
   7106.40  7.2904469E-04
   7106.60  4.0190809E-04
   7106.80  5.5419904E-04
   7107.00  2.5803887E-04
   7107.20  2.2255814E-03
   7107.40  1.8458619E-03
   7107.60  5.8433384E-03
   7107.80  2.0812644E-03
   7108.00  6.6737325E-04
   7108.20  7.1801221E-04
   7108.40  4.9058605E-03
   7108.60  9.8095792E-03
   7108.80  2.3530648E-03
   7109.00  1.6120826E-02
   7109.20  2.9709045E-03
   7109.40  6.2453212E-02
   7109.60  9.7024540E-02
   7109.80  1.6761515E-03
   7110.00  1.6560524E-03
   7110.20  9.1574827E-03
   7110.40  8.5982187E-03
   7110.60  1.7635585E-02
   7110.80  3.2922568E-02
   7111.00  1.9240204E-02
   7111.20  1.7142383E-02
   7111.40  2.0555927E-02
   7111.60  2.4845453E-02
   7111.80  1.7102864E-02
   7112.00  1.9439742E-02
   7112.20  1.6705163E-02
   7112.40  1.8687838E-02
   7112.60  1.8980898E-02
   7112.80  1.4506654E-02
   7113.00  1.1446245E-02
   7113.20  8.9550794E-03
   7113.40  7.1550613E-03
   7113.60  6.9547562E-03
   7113.80  7.6051887E-03
   7114.00  4.5756808E-03
   7114.20  3.1144403E-03
   7114.40  2.6684330E-03
   7114.60  2.5181757E-03
   7114.80  2.5121991E-03
   7115.00  2.6368898E-03
   7115.20  2.9228078E-03
   7115.40  3.2326542E-03
   7115.60  2.9677708E-03
   7115.80  2.4453147E-03
   7116.00  2.1876034E-03
   7116.20  2.1153415E-03
   7116.40  2.1346832E-03
   7116.60  2.2058265E-03
   7116.80  2.3126451E-03
   7117.00  2.4544149E-03
   7117.20  2.6479325E-03
   7117.40  2.9256668E-03
   7117.60  3.3174327E-03
   7117.80  3.7185483E-03
   7118.00  3.9268835E-03
   7118.20  4.1018349E-03
   7118.40  4.3605057E-03
   7118.60  4.6724764E-03
   7118.80  5.0401898E-03
   7119.00  5.4899753E-03
   7119.20  6.0250854E-03
   7119.40  6.6326024E-03
   7119.60  7.2940372E-03
   7119.80  8.0185485E-03
   7120.00  8.8396027E-03
   7120.20  9.7663792E-03
   7120.40  1.0794022E-02
   7120.60  1.1914775E-02
   7120.80  1.3113844E-02
   7121.00  1.4362914E-02
   7121.20  1.5614918E-02
   7121.40  1.6816092E-02
   7121.60  1.7894176E-02
   7121.80  1.8834212E-02
   7122.00  1.9661380E-02
   7122.20  2.0400608E-02
   7122.40  2.1111374E-02
   7122.60  2.1869257E-02
   7122.80  2.2832367E-02
   7123.00  2.4038289E-02
   7123.20  2.5333234E-02
   7123.40  2.6406379E-02
   7123.60  2.7143240E-02
   7123.80  2.7800619E-02
   7124.00  2.8497562E-02
   7124.20  2.9342605E-02
   7124.40  3.0468629E-02
   7124.60  3.1957803E-02
   7124.80  3.3484345E-02
   7125.00  3.4419367E-02
   7125.20  3.4805665E-02
   7125.40  3.5026117E-02
   7125.60  3.5291269E-02
   7125.80  3.5481805E-02
   7126.00  3.5453113E-02
   7126.20  3.5232461E-02
   7126.40  3.4990961E-02
   7126.60  3.4836901E-02
   7126.80  3.4787135E-02
   7127.00  3.4848998E-02
   7127.20  3.5005648E-02
   7127.40  3.5270865E-02
   7127.60  3.5574826E-02
   7127.80  3.5916061E-02
   7128.00  3.6267162E-02
   7128.20  3.6622659E-02
   7128.40  3.7023573E-02
   7128.60  3.7532467E-02
   7128.80  3.8170335E-02
   7129.00  3.8894615E-02
   7129.20  3.9643851E-02
   7129.40  4.0380565E-02
   7129.60  4.1090463E-02
   7129.80  4.1768236E-02
   7130.00  4.2415564E-02
   7130.20  4.3049703E-02
   7130.40  4.3701717E-02
   7130.60  4.4376346E-02
   7130.80  4.5006877E-02
   7131.00  4.5494024E-02
   7131.20  4.5795188E-02
   7131.40  4.5954695E-02
   7131.60  4.6075063E-02
   7131.80  4.6280511E-02
   7132.00  4.6680909E-02
   7132.20  4.7325416E-02
   7132.40  4.8162785E-02
   7132.60  4.9046459E-02
   7132.80  4.9800233E-02
   7133.00  5.0323517E-02
   7133.20  5.0536664E-02
   7133.40  5.0508793E-02
   7133.60  5.0326871E-02
   7133.80  5.0072575E-02
   7134.00  4.9810758E-02
   7134.20  4.9502012E-02
   7134.40  4.9190901E-02
   7134.60  4.8901659E-02
   7134.80  4.8643091E-02
   7135.00  4.8410185E-02
   7135.20  4.8191900E-02
   7135.40  4.7975882E-02
   7135.60  4.7750490E-02
   7135.80  4.7505725E-02
   7136.00  4.7240474E-02
   7136.20  4.6945939E-02
   7136.40  4.6618790E-02
   7136.60  4.6260458E-02
   7136.80  4.5874748E-02
   7137.00  4.5467323E-02
   7137.20  4.5044751E-02
   7137.40  4.4613673E-02
   7137.60  4.4180129E-02
   7137.80  4.3749282E-02
   7138.00  4.3324778E-02
   7138.20  4.2909143E-02
   7138.40  4.2503761E-02
   7138.60  4.2109195E-02
   7138.80  4.1725332E-02
   7139.00  4.1351647E-02
   7139.20  4.0987398E-02
   7139.40  4.0631809E-02
   7139.60  4.0284297E-02
   7139.80  3.9944228E-02
   7140.00  3.9611277E-02
   7140.20  3.9285329E-02
   7140.40  3.8966499E-02
   7140.60  3.8655173E-02
   7140.80  3.8351859E-02
   7141.00  3.8057219E-02
   7141.20  3.7771913E-02
   7141.40  3.7496601E-02
   7141.60  3.7231943E-02
   7141.80  3.6978396E-02
   7142.00  3.6736404E-02
   7142.20  3.6517305E-02
   7142.40  3.6308982E-02
   7142.60  3.6111913E-02
   7142.80  3.5926770E-02
   7143.00  3.5754420E-02
   7143.20  3.5595947E-02
   7143.40  3.5452695E-02
   7143.60  3.5326188E-02
   7143.80  3.5217973E-02
   7144.00  3.5129424E-02
   7144.20  3.5061628E-02
   7144.40  3.5015349E-02
   7144.60  3.4990782E-02
   7144.80  3.4987670E-02
   7145.00  3.5005222E-02
   7145.20  3.5042271E-02
   7145.40  3.5096747E-02
   7145.60  3.5167504E-02
   7145.80  3.5250817E-02
   7146.00  3.5343721E-02
   7146.20  3.5442940E-02
   7146.40  3.5544783E-02
   7146.60  3.5645951E-02
   7146.80  3.5742717E-02
   7147.00  3.5831448E-02
   7147.20  3.5908816E-02
   7147.40  3.5971634E-02
   7147.60  3.6016871E-02
   7147.80  3.6042085E-02
   7148.00  3.6045415E-02
   7148.20  3.6025394E-02
   7148.40  3.5980977E-02
   7148.60  3.5911730E-02
   7148.80  3.5817663E-02
   7149.00  3.5699836E-02
   7149.20  3.5558838E-02
   7149.40  3.5395349E-02
   7149.60  3.5211473E-02
   7149.80  3.5008208E-02
   7150.00  3.4790267E-02
   7150.20  3.4557543E-02
   7150.40  3.4312780E-02
   7150.60  3.4055994E-02
   7150.80  3.3792079E-02
   7151.00  3.3521417E-02
   7151.20  3.3245744E-02
   7151.40  3.2967687E-02
   7151.60  3.2685385E-02
   7151.80  3.2399263E-02
   7152.00  3.2113942E-02
   7152.20  3.1828106E-02
   7152.40  3.1542431E-02
   7152.60  3.1257410E-02
   7152.80  3.0973224E-02
   7153.00  3.0690182E-02
   7153.20  3.0408589E-02
   7153.40  3.0128696E-02
   7153.60  2.9850673E-02
   7153.80  2.9574696E-02
   7154.00  2.9297116E-02
   7154.20  2.9025964E-02
   7154.40  2.8757457E-02
   7154.60  2.8491693E-02
   7154.80  2.8224448E-02
   7155.00  2.7964881E-02
   7155.20  2.7708715E-02
   7155.40  2.7456208E-02
   7155.60  2.7207788E-02
   7155.80  2.6963817E-02
   7156.00  2.6724478E-02
   7156.20  2.6490162E-02
   7156.40  2.6260880E-02
   7156.60  2.6037280E-02
   7156.80  2.5819989E-02
   7157.00  2.5609531E-02
   7157.20  2.5406316E-02
   7157.40  2.5211033E-02
   7157.60  2.5024736E-02
   7157.80  2.4846779E-02
   7158.00  2.4677993E-02
   7158.20  2.4518359E-02
   7158.40  2.4368671E-02
   7158.60  2.4228955E-02
   7158.80  2.4099375E-02
   7159.00  2.3980434E-02
   7159.20  2.3872734E-02
   7159.40  2.3776332E-02
   7159.60  2.3691728E-02
   7159.80  2.3619546E-02
   7160.00  2.3560458E-02
   7160.20  2.3514609E-02
   7160.40  2.3482478E-02
   7160.60  2.3464971E-02
   7160.80  2.3462859E-02
   7161.00  2.3476244E-02
   7161.20  2.3504172E-02
   7161.40  2.3547897E-02
   7161.60  2.3608083E-02
   7161.80  2.3683690E-02
   7162.00  2.3776191E-02
   7162.20  2.3883582E-02
   7162.40  2.4005871E-02
   7162.60  2.4142617E-02
   7162.80  2.4300464E-02
   7163.00  2.4463715E-02
   7163.20  2.4638571E-02
   7163.40  2.4824031E-02
   7163.60  2.5018450E-02
   7163.80  2.5220350E-02
   7164.00  2.5428222E-02
   7164.20  2.5640492E-02
   7164.40  2.5855693E-02
   7164.60  2.6072479E-02
   7164.80  2.6288922E-02
   7165.00  2.6503423E-02
   7165.20  2.6714267E-02
   7165.40  2.6920119E-02
   7165.60  2.7119681E-02
   7165.80  2.7311853E-02
   7166.00  2.7495671E-02
   7166.20  2.7670349E-02
   7166.40  2.7835366E-02
   7166.60  2.7990696E-02
   7166.80  2.8135870E-02
   7167.00  2.8270956E-02
   7167.20  2.8396155E-02
   7167.40  2.8511798E-02
   7167.60  2.8618491E-02
   7167.80  2.8716824E-02
   7168.00  2.8807466E-02
   7168.20  2.8891085E-02
   7168.40  2.8968465E-02
   7168.60  2.9040428E-02
   7168.80  2.9107406E-02
   7169.00  2.9170001E-02
   7169.20  2.9228787E-02
   7169.40  2.9284256E-02
   7169.60  2.9336892E-02
   7169.80  2.9387168E-02
   7170.00  2.9435557E-02
   7170.20  2.9482580E-02
   7170.40  2.9528434E-02
   7170.60  2.9573558E-02
   7170.80  2.9618345E-02
   7171.00  2.9662958E-02
   7171.20  2.9707629E-02
   7171.40  2.9752482E-02
   7171.60  2.9797582E-02
   7171.80  2.9843078E-02
   7172.00  2.9888991E-02
