  7112.000   26  1  1  1.1283373E-02 -3.3218705E+00 -5.5449617E-01  1  1  7.2652015E+03  0.0000000E+00  0.0000000E+00  3.3572471E+00  1.0000000E+00  0.0000000E+00 = E_edge, Z, n_edge, j_edge, Abs_before_edge, VO_interstitial, E_cut, ninitl, ninit1, Epsii, UnitCell_Volume, Surface_ref, f0_forward, natomsym_f, abs_u_i
    Energy    <xanes>    
   7097.00  8.5063171E-05
   7097.20  5.6223138E-05
   7097.40  4.4407989E-05
   7097.60  3.8627205E-05
   7097.80  3.5692064E-05
   7098.00  3.4514520E-05
   7098.20  3.4892711E-05
   7098.40  3.7472692E-05
   7098.60  4.5091616E-05
   7098.80  7.2167316E-05
   7099.00  3.1865044E-04
   7099.20  9.5417289E-04
   7099.40  9.3750884E-05
   7099.60  5.1553585E-05
   7099.80  4.2657556E-05
   7100.00  4.1980622E-05
   7100.20  4.7422137E-05
   7100.40  6.7707362E-05
   7100.60  2.0756555E-04
   7100.80  2.0186600E-03
   7101.00  1.6489150E-04
   7101.20  1.1406135E-03
   7101.40  2.9971176E-04
   7101.60  9.6181655E-05
   7101.80  1.0990784E-04
   7102.00  8.7036239E-04
   7102.20  3.9122744E-04
   7102.40  1.1534529E-04
   7102.60  6.9073340E-04
   7102.80  6.3239636E-05
   7103.00  5.0613053E-05
   7103.20  4.9265763E-05
   7103.40  5.1522933E-05
   7103.60  5.6834991E-05
   7103.80  6.7054548E-05
   7104.00  9.1234322E-05
   7104.20  2.5241930E-04
   7104.40  5.0041079E-04
   7104.60  4.4500920E-03
   7104.80  8.2241382E-03
   7105.00  1.7770855E-03
   7105.20  3.1621374E-03
   7105.40  5.2534762E-02
   7105.60  1.0042290E-03
   7105.80  9.6389771E-03
   7106.00  8.3341656E-04
   7106.20  3.2072821E-04
   7106.40  3.2506577E-04
   7106.60  7.7505554E-04
   7106.80  1.0326059E-03
   7107.00  9.7424062E-03
   7107.20  9.6642092E-03
   7107.40  7.1826411E-03
   7107.60  3.0676600E-03
   7107.80  1.6306218E-03
   7108.00  2.7502642E-02
   7108.20  3.2619499E-03
   7108.40  1.4964939E-02
   7108.60  1.9546010E-02
   7108.80  3.8684436E-03
   7109.00  2.0666258E-03
   7109.20  1.6372285E-02
   7109.40  8.9930767E-03
   7109.60  6.9545428E-03
   7109.80  1.0854697E-02
   7110.00  2.2266052E-02
   7110.20  2.7708859E-02
   7110.40  2.4447584E-02
   7110.60  1.5484872E-02
   7110.80  1.8284429E-02
   7111.00  1.6783931E-02
   7111.20  1.7676031E-02
   7111.40  3.1423529E-02
   7111.60  7.7871400E-02
   7111.80  4.1269930E-02
   7112.00  3.2910215E-02
   7112.20  2.2199945E-02
   7112.40  9.9330111E-03
   7112.60  6.3344825E-03
   7112.80  4.8431446E-03
   7113.00  4.1271978E-03
   7113.20  3.7377835E-03
   7113.40  3.4740343E-03
   7113.60  3.2428386E-03
   7113.80  3.1119482E-03
   7114.00  3.4596842E-03
   7114.20  7.0471403E-03
   7114.40  1.0076217E-02
   7114.60  2.3614975E-03
   7114.80  1.6383687E-03
   7115.00  1.9437647E-03
   7115.20  4.3160890E-03
   7115.40  5.2699768E-03
   7115.60  1.8595315E-03
   7115.80  1.3254486E-03
   7116.00  1.2690311E-03
   7116.20  1.2885697E-03
   7116.40  1.2505410E-03
   7116.60  1.1435290E-03
   7116.80  1.0180070E-03
   7117.00  9.1233822E-04
   7117.20  8.3823860E-04
   7117.40  7.9357653E-04
   7117.60  7.7144770E-04
   7117.80  7.6408077E-04
   7118.00  7.6541044E-04
   7118.20  7.7223923E-04
   7118.40  7.8415907E-04
   7118.60  8.0332611E-04
   7118.80  8.3273838E-04
   7119.00  8.7368099E-04
   7119.20  9.2424831E-04
   7119.40  9.7888858E-04
   7119.60  1.0289507E-03
   7119.80  1.0668123E-03
   7120.00  1.0918525E-03
   7120.20  1.1115363E-03
   7120.40  1.1353703E-03
   7120.60  1.1689657E-03
   7120.80  1.2141443E-03
   7121.00  1.2732042E-03
   7121.20  1.3514226E-03
   7121.40  1.4547535E-03
   7121.60  1.5863155E-03
   7121.80  1.7458028E-03
   7122.00  1.9313348E-03
   7122.20  2.1463869E-03
   7122.40  2.4022993E-03
   7122.60  2.7125053E-03
   7122.80  3.0899313E-03
   7123.00  3.5594397E-03
   7123.20  4.1807636E-03
   7123.40  5.0585658E-03
   7123.60  6.3854810E-03
   7123.80  8.5895488E-03
   7124.00  1.0540430E-02
   7124.20  1.0427622E-02
   7124.40  9.5965619E-03
   7124.60  9.5185845E-03
   7124.80  1.0157337E-02
   7125.00  1.1319560E-02
   7125.20  1.2872695E-02
   7125.40  1.4652385E-02
   7125.60  1.6467631E-02
   7125.80  1.8347404E-02
   7126.00  2.0417853E-02
   7126.20  2.2797624E-02
   7126.40  2.5509092E-02
   7126.60  2.8552010E-02
   7126.80  3.1737413E-02
   7127.00  3.4587727E-02
   7127.20  3.6749246E-02
   7127.40  3.8080372E-02
   7127.60  3.8790433E-02
   7127.80  3.9118773E-02
   7128.00  3.9071392E-02
   7128.20  3.8603687E-02
   7128.40  3.7842972E-02
   7128.60  3.7040246E-02
   7128.80  3.6453688E-02
   7129.00  3.6291663E-02
   7129.20  3.6652106E-02
   7129.40  3.7495240E-02
   7129.60  3.8699809E-02
   7129.80  4.0120365E-02
   7130.00  4.1625181E-02
   7130.20  4.3116858E-02
   7130.40  4.4546841E-02
   7130.60  4.5924874E-02
   7130.80  4.7317249E-02
   7131.00  4.8818416E-02
   7131.20  5.0500982E-02
   7131.40  5.2389040E-02
   7131.60  5.4477940E-02
   7131.80  5.6717762E-02
   7132.00  5.8901891E-02
   7132.20  6.0611603E-02
   7132.40  6.1407829E-02
   7132.60  6.1132160E-02
   7132.80  5.9993170E-02
   7133.00  5.8388396E-02
   7133.20  5.6689543E-02
   7133.40  5.5138794E-02
   7133.60  5.3839360E-02
   7133.80  5.2784333E-02
   7134.00  5.1910557E-02
   7134.20  5.1185410E-02
   7134.40  5.0669186E-02
   7134.60  5.0424224E-02
   7134.80  5.0393487E-02
   7135.00  5.0508389E-02
   7135.20  5.0786278E-02
   7135.40  5.1267967E-02
   7135.60  5.1945265E-02
   7135.80  5.2760286E-02
   7136.00  5.3625712E-02
   7136.20  5.4446630E-02
   7136.40  5.5139834E-02
   7136.60  5.5646533E-02
   7136.80  5.5937212E-02
   7137.00  5.6009321E-02
   7137.20  5.5880724E-02
   7137.40  5.5581413E-02
   7137.60  5.5146216E-02
   7137.80  5.4609363E-02
   7138.00  5.4001669E-02
   7138.20  5.3348114E-02
   7138.40  5.2668930E-02
   7138.60  5.1980468E-02
   7138.80  5.1294041E-02
   7139.00  5.0617666E-02
   7139.20  4.9956242E-02
   7139.40  4.9312641E-02
   7139.60  4.8687809E-02
   7139.80  4.8081715E-02
   7140.00  4.7493432E-02
   7140.20  4.6921261E-02
   7140.40  4.6363552E-02
   7140.60  4.5818510E-02
   7140.80  4.5284445E-02
   7141.00  4.4759980E-02
   7141.20  4.4244198E-02
   7141.40  4.3736643E-02
   7141.60  4.3237349E-02
   7141.80  4.2746868E-02
   7142.00  4.2268203E-02
   7142.20  4.1808255E-02
   7142.40  4.1360954E-02
   7142.60  4.0928137E-02
   7142.80  4.0511881E-02
   7143.00  4.0114295E-02
   7143.20  3.9737441E-02
   7143.40  3.9383412E-02
   7143.60  3.9054278E-02
   7143.80  3.8752082E-02
   7144.00  3.8478935E-02
   7144.20  3.8236918E-02
   7144.40  3.8028215E-02
   7144.60  3.7823444E-02
   7144.80  3.7689255E-02
   7145.00  3.7596389E-02
   7145.20  3.7547711E-02
   7145.40  3.7546252E-02
   7145.60  3.7594938E-02
   7145.80  3.7696251E-02
   7146.00  3.7851798E-02
   7146.20  3.8061759E-02
   7146.40  3.8324231E-02
   7146.60  3.8634618E-02
   7146.80  3.8985356E-02
   7147.00  3.9365923E-02
   7147.20  3.9763394E-02
   7147.40  4.0163120E-02
   7147.60  4.0550107E-02
   7147.80  4.0910404E-02
   7148.00  4.1226236E-02
   7148.20  4.1496788E-02
   7148.40  4.1717291E-02
   7148.60  4.1882410E-02
   7148.80  4.1992235E-02
   7149.00  4.2048836E-02
   7149.20  4.2055273E-02
   7149.40  4.2015161E-02
   7149.60  4.1933859E-02
   7149.80  4.1815446E-02
   7150.00  4.1663854E-02
   7150.20  4.1486462E-02
   7150.40  4.1281212E-02
   7150.60  4.1053523E-02
   7150.80  4.0805744E-02
   7151.00  4.0529994E-02
   7151.20  4.0243627E-02
   7151.40  3.9939332E-02
   7151.60  3.9617646E-02
   7151.80  3.9278067E-02
   7152.00  3.8920475E-02
   7152.20  3.8544340E-02
   7152.40  3.8148671E-02
   7152.60  3.7732593E-02
   7152.80  3.7291813E-02
   7153.00  3.6832264E-02
   7153.20  3.6349399E-02
   7153.40  3.5843044E-02
   7153.60  3.5316468E-02
   7153.80  3.4759130E-02
   7154.00  3.4176064E-02
   7154.20  3.3567347E-02
   7154.40  3.2933331E-02
   7154.60  3.2275330E-02
   7154.80  3.1593917E-02
   7155.00  3.0890599E-02
   7155.20  3.0167382E-02
   7155.40  2.9426658E-02
   7155.60  2.8671312E-02
   7155.80  2.7905465E-02
   7156.00  2.7132362E-02
   7156.20  2.6356135E-02
   7156.40  2.5581348E-02
   7156.60  2.4812817E-02
   7156.80  2.4055461E-02
   7157.00  2.3314395E-02
   7157.20  2.2594688E-02
   7157.40  2.1900471E-02
   7157.60  2.1236026E-02
   7157.80  2.0605211E-02
   7158.00  2.0011435E-02
   7158.20  1.9457660E-02
   7158.40  1.8946147E-02
   7158.60  1.8476493E-02
   7158.80  1.8052985E-02
   7159.00  1.7676170E-02
   7159.20  1.7344061E-02
   7159.40  1.7061417E-02
   7159.60  1.6824853E-02
   7159.80  1.6633343E-02
   7160.00  1.6485528E-02
   7160.20  1.6379775E-02
   7160.40  1.6314345E-02
   7160.60  1.6287007E-02
   7160.80  1.6295467E-02
   7161.00  1.6337350E-02
   7161.20  1.6410664E-02
   7161.40  1.6517277E-02
   7161.60  1.6647968E-02
   7161.80  1.6798558E-02
   7162.00  1.6969699E-02
   7162.20  1.7171167E-02
   7162.40  1.7376108E-02
   7162.60  1.7593830E-02
   7162.80  1.7821860E-02
   7163.00  1.8057786E-02
   7163.20  1.8299285E-02
   7163.40  1.8544103E-02
   7163.60  1.8790092E-02
   7163.80  1.9035179E-02
   7164.00  1.9277458E-02
   7164.20  1.9515198E-02
   7164.40  1.9746866E-02
   7164.60  1.9971225E-02
   7164.80  2.0187718E-02
   7165.00  2.0395177E-02
   7165.20  2.0593259E-02
   7165.40  2.0781461E-02
   7165.60  2.0959988E-02
   7165.80  2.1128980E-02
   7166.00  2.1288745E-02
   7166.20  2.1439906E-02
   7166.40  2.1583212E-02
   7166.60  2.1719178E-02
   7166.80  2.1848540E-02
   7167.00  2.1972117E-02
   7167.20  2.2090906E-02
   7167.40  2.2205397E-02
   7167.60  2.2316305E-02
   7167.80  2.2424379E-02
   7168.00  2.2531190E-02
   7168.20  2.2637179E-02
   7168.40  2.2742467E-02
   7168.60  2.2847629E-02
   7168.80  2.2953344E-02
   7169.00  2.3060228E-02
   7169.20  2.3168898E-02
   7169.40  2.3280121E-02
   7169.60  2.3394285E-02
   7169.80  2.3511712E-02
   7170.00  2.3632824E-02
   7170.20  2.3757958E-02
   7170.40  2.3887381E-02
   7170.60  2.4021155E-02
   7170.80  2.4159380E-02
   7171.00  2.4302082E-02
   7171.20  2.4448971E-02
   7171.40  2.4599792E-02
   7171.60  2.4754257E-02
   7171.80  2.4911931E-02
   7172.00  2.5072300E-02
