  7112.000   26  1  1  1.7496593E-02 -2.2924470E+00 -1.8338782E+00  1  1  7.2661595E+03  0.0000000E+00  0.0000000E+00  2.7491338E+00  1.0000000E+00  0.0000000E+00 = E_edge, Z, n_edge, j_edge, Abs_before_edge, VO_interstitial, E_cut, ninitl, ninit1, Epsii, UnitCell_Volume, Surface_ref, f0_forward, natomsym_f, abs_u_i
    Energy    <xanes>    
   7097.00  2.6087762E-04
   7097.20  6.2440960E-03
   7097.40  6.6063466E-04
   7097.60  1.4572386E-04
   7097.80  6.8824904E-05
   7098.00  4.6311692E-05
   7098.20  3.6748282E-05
   7098.40  3.2333257E-05
   7098.60  4.6409217E-05
   7098.80  2.9414804E-05
   7099.00  2.7696365E-05
   7099.20  2.7906004E-05
   7099.40  2.9209465E-05
   7099.60  3.2086814E-05
   7099.80  3.8092639E-05
   7100.00  5.2236319E-05
   7100.20  9.7513296E-05
   7100.40  4.3631146E-04
   7100.60  5.2792575E-03
   7100.80  1.7767917E-04
   7101.00  6.9169611E-05
   7101.20  4.4730375E-05
   7101.40  3.5852639E-05
   7101.60  3.2082600E-05
   7101.80  3.0718828E-05
   7102.00  3.1059309E-05
   7102.20  3.3495921E-05
   7102.40  4.0563105E-05
   7102.60  6.7146005E-05
   7102.80  8.9360897E-04
   7103.00  3.3875521E-03
   7103.20  4.3751019E-04
   7103.40  6.8428754E-05
   7103.60  6.8459489E-05
   7103.80  1.7596065E-04
   7104.00  4.9554659E-04
   7104.20  2.1516434E-04
   7104.40  1.6529354E-02
   7104.60  1.0420006E-04
   7104.80  5.4591794E-05
   7105.00  4.7328943E-05
   7105.20  5.3953968E-05
   7105.40  1.6506562E-04
   7105.60  1.6555498E-04
   7105.80  3.2442648E-03
   7106.00  7.8303479E-05
   7106.20  7.5665104E-05
   7106.40  2.7720407E-04
   7106.60  9.2053587E-05
   7106.80  1.1882168E-04
   7107.00  2.3280509E-04
   7107.20  1.9323802E-03
   7107.40  1.5765619E-03
   7107.60  5.8343384E-03
   7107.80  4.7482493E-04
   7108.00  4.2777403E-03
   7108.20  9.8015853E-04
   7108.40  3.5228748E-03
   7108.60  1.2726067E-02
   7108.80  1.2051083E-03
   7109.00  1.4845965E-02
   7109.20  9.4067312E-03
   7109.40  1.0622690E-02
   7109.60  1.4899069E-02
   7109.80  3.5203669E-03
   7110.00  2.6401781E-04
   7110.20  3.9094999E-03
   7110.40  3.4151797E-03
   7110.60  1.2928760E-02
   7110.80  6.4727864E-03
   7111.00  1.1699099E-02
   7111.20  6.1074330E-03
   7111.40  4.2650431E-03
   7111.60  6.5544793E-03
   7111.80  5.4296079E-03
   7112.00  7.1420304E-03
   7112.20  1.4444623E-02
   7112.40  1.8211537E-02
   7112.60  2.2526986E-02
   7112.80  3.3932951E-02
   7113.00  4.5379429E-02
   7113.20  4.7874879E-02
   7113.40  4.2401084E-02
   7113.60  3.8984834E-02
   7113.80  3.4555330E-02
   7114.00  1.0120557E-02
   7114.20  4.6179192E-03
   7114.40  3.0008562E-03
   7114.60  2.3622260E-03
   7114.80  2.1445560E-03
   7115.00  2.2330184E-03
   7115.20  2.7175078E-03
   7115.40  4.0348081E-03
   7115.60  7.7628636E-03
   7115.80  1.7820189E-02
   7116.00  1.9024804E-02
   7116.20  1.0159588E-02
   7116.40  6.9931735E-03
   7116.60  7.1480488E-03
   7116.80  1.0369283E-02
   7117.00  2.0109618E-02
   7117.20  2.9109739E-02
   7117.40  1.6954320E-02
   7117.60  8.9723905E-03
   7117.80  5.8098803E-03
   7118.00  4.5223178E-03
   7118.20  4.1562175E-03
   7118.40  4.0815255E-03
   7118.60  3.6039646E-03
   7118.80  3.4508793E-03
   7119.00  3.7049790E-03
   7119.20  4.3955033E-03
   7119.40  5.3841558E-03
   7119.60  5.7879936E-03
   7119.80  5.5234740E-03
   7120.00  5.3083867E-03
   7120.20  5.4519154E-03
   7120.40  5.3574698E-03
   7120.60  4.9509303E-03
   7120.80  4.7105987E-03
   7121.00  4.6512994E-03
   7121.20  4.7077074E-03
   7121.40  4.8364916E-03
   7121.60  5.0153541E-03
   7121.80  5.2349733E-03
   7122.00  5.4860074E-03
   7122.20  5.7540733E-03
   7122.40  6.0144406E-03
   7122.60  6.2350940E-03
   7122.80  6.4360885E-03
   7123.00  6.6502724E-03
   7123.20  6.9003376E-03
   7123.40  7.1853719E-03
   7123.60  7.4974612E-03
   7123.80  7.8340875E-03
   7124.00  8.1981158E-03
   7124.20  8.5815106E-03
   7124.40  8.9756467E-03
   7124.60  9.3511002E-03
   7124.80  9.6830382E-03
   7125.00  9.9394051E-03
   7125.20  1.0169405E-02
   7125.40  1.0427590E-02
   7125.60  1.0725230E-02
   7125.80  1.1024261E-02
   7126.00  1.1280330E-02
   7126.20  1.1446130E-02
   7126.40  1.1526942E-02
   7126.60  1.1609081E-02
   7126.80  1.1755967E-02
   7127.00  1.2030316E-02
   7127.20  1.2494876E-02
   7127.40  1.3168811E-02
   7127.60  1.4037519E-02
   7127.80  1.5042255E-02
   7128.00  1.6092057E-02
   7128.20  1.7095545E-02
   7128.40  1.7981639E-02
   7128.60  1.8725549E-02
   7128.80  1.9362612E-02
   7129.00  1.9901368E-02
   7129.20  2.0405231E-02
   7129.40  2.0913590E-02
   7129.60  2.1460348E-02
   7129.80  2.2074625E-02
   7130.00  2.2779061E-02
   7130.20  2.3621959E-02
   7130.40  2.4600876E-02
   7130.60  2.5743587E-02
   7130.80  2.7024368E-02
   7131.00  2.8393226E-02
   7131.20  2.9790364E-02
   7131.40  3.1157456E-02
   7131.60  3.2446811E-02
   7131.80  3.3629540E-02
   7132.00  3.4699833E-02
   7132.20  3.5673219E-02
   7132.40  3.6581071E-02
   7132.60  3.7460647E-02
   7132.80  3.8348472E-02
   7133.00  3.9271430E-02
   7133.20  4.0240284E-02
   7133.40  4.1261759E-02
   7133.60  4.2336535E-02
   7133.80  4.3459200E-02
   7134.00  4.4616753E-02
   7134.20  4.5786801E-02
   7134.40  4.6935286E-02
   7134.60  4.8016711E-02
   7134.80  4.8973844E-02
   7135.00  4.9742103E-02
   7135.20  5.0268765E-02
   7135.40  5.0539300E-02
   7135.60  5.0576443E-02
   7135.80  5.0414152E-02
   7136.00  5.0064611E-02
   7136.20  4.9578580E-02
   7136.40  4.8950945E-02
   7136.60  4.8187323E-02
   7136.80  4.7294263E-02
   7137.00  4.6286390E-02
   7137.20  4.5191903E-02
   7137.40  4.4053643E-02
   7137.60  4.2922861E-02
   7137.80  4.1848337E-02
   7138.00  4.0866978E-02
   7138.20  4.0000013E-02
   7138.40  3.9254643E-02
   7138.60  3.8628947E-02
   7138.80  3.8116157E-02
   7139.00  3.7719357E-02
   7139.20  3.7418654E-02
   7139.40  3.7203755E-02
   7139.60  3.7068166E-02
   7139.80  3.7006055E-02
   7140.00  3.7011790E-02
   7140.20  3.7079478E-02
   7140.40  3.7202527E-02
   7140.60  3.7373285E-02
   7140.80  3.7583313E-02
   7141.00  3.7824231E-02
   7141.20  3.8088899E-02
   7141.40  3.8371679E-02
   7141.60  3.8668829E-02
   7141.80  3.8978239E-02
   7142.00  3.9299692E-02
   7142.20  3.9634319E-02
   7142.40  3.9984673E-02
   7142.60  4.0354013E-02
   7142.80  4.0746045E-02
   7143.00  4.1165543E-02
   7143.20  4.1618092E-02
   7143.40  4.2109989E-02
   7143.60  4.2648160E-02
   7143.80  4.3239305E-02
   7144.00  4.3888649E-02
   7144.20  4.4599647E-02
   7144.40  4.5372454E-02
   7144.60  4.6202373E-02
   7144.80  4.7078333E-02
   7145.00  4.7982609E-02
   7145.20  4.8887887E-02
   7145.40  4.9758013E-02
   7145.60  5.0548624E-02
   7145.80  5.1214492E-02
   7146.00  5.1714602E-02
   7146.20  5.2003594E-02
   7146.40  5.2047679E-02
   7146.60  5.1829971E-02
   7146.80  5.1329867E-02
   7147.00  5.0629318E-02
   7147.20  4.9697958E-02
   7147.40  4.8652692E-02
   7147.60  4.7613629E-02
   7147.80  4.6581285E-02
   7148.00  4.5597468E-02
   7148.20  4.4689956E-02
   7148.40  4.3873969E-02
   7148.60  4.3154766E-02
   7148.80  4.2530784E-02
   7149.00  4.1996193E-02
   7149.20  4.1543137E-02
   7149.40  4.1162939E-02
   7149.60  4.0847235E-02
   7149.80  4.0588496E-02
   7150.00  4.0379936E-02
   7150.20  4.0215734E-02
   7150.40  4.0090863E-02
   7150.60  4.0000959E-02
   7150.80  3.9942127E-02
   7151.00  3.9910869E-02
   7151.20  3.9903958E-02
   7151.40  3.9918272E-02
   7151.60  3.9951020E-02
   7151.80  3.9996538E-02
   7152.00  4.0057684E-02
   7152.20  4.0129166E-02
   7152.40  4.0208353E-02
   7152.60  4.0292730E-02
   7152.80  4.0379979E-02
   7153.00  4.0467806E-02
   7153.20  4.0554017E-02
   7153.40  4.0636463E-02
   7153.60  4.0713413E-02
   7153.80  4.0782301E-02
   7154.00  4.0844271E-02
   7154.20  4.0897106E-02
   7154.40  4.0940619E-02
   7154.60  4.0974801E-02
   7154.80  4.0999753E-02
   7155.00  4.1019966E-02
   7155.20  4.1027762E-02
   7155.40  4.1028081E-02
   7155.60  4.1021533E-02
   7155.80  4.1008743E-02
   7156.00  4.0990251E-02
   7156.20  4.0966527E-02
   7156.40  4.0937747E-02
   7156.60  4.0903865E-02
   7156.80  4.0864700E-02
   7157.00  4.0819978E-02
   7157.20  4.0769136E-02
   7157.40  4.0711601E-02
   7157.60  4.0646959E-02
   7157.80  4.0574228E-02
   7158.00  4.0492588E-02
   7158.20  4.0401632E-02
   7158.40  4.0300464E-02
   7158.60  4.0188372E-02
   7158.80  4.0064774E-02
   7159.00  3.9929099E-02
   7159.20  3.9781186E-02
   7159.40  3.9620448E-02
   7159.60  3.9446737E-02
   7159.80  3.9256117E-02
   7160.00  3.9057105E-02
   7160.20  3.8845945E-02
   7160.40  3.8623316E-02
   7160.60  3.8390362E-02
   7160.80  3.8148647E-02
   7161.00  3.7896215E-02
   7161.20  3.7640222E-02
   7161.40  3.7379623E-02
   7161.60  3.7115338E-02
   7161.80  3.6849441E-02
   7162.00  3.6584889E-02
   7162.20  3.6323655E-02
   7162.40  3.6067560E-02
   7162.60  3.5818172E-02
   7162.80  3.5576454E-02
   7163.00  3.5344735E-02
   7163.20  3.5123060E-02
   7163.40  3.4913013E-02
   7163.60  3.4712949E-02
   7163.80  3.4524065E-02
   7164.00  3.4346259E-02
   7164.20  3.4174697E-02
   7164.40  3.4018195E-02
   7164.60  3.3871730E-02
   7164.80  3.3734641E-02
   7165.00  3.3606151E-02
   7165.20  3.3485227E-02
   7165.40  3.3371446E-02
   7165.60  3.3264312E-02
   7165.80  3.3162505E-02
   7166.00  3.3065170E-02
   7166.20  3.2971435E-02
   7166.40  3.2880490E-02
   7166.60  3.2791605E-02
   7166.80  3.2704139E-02
   7167.00  3.2617449E-02
   7167.20  3.2531012E-02
   7167.40  3.2437985E-02
   7167.60  3.2350845E-02
   7167.80  3.2263032E-02
   7168.00  3.2174385E-02
   7168.20  3.2084723E-02
   7168.40  3.1993983E-02
   7168.60  3.1900033E-02
   7168.80  3.1807229E-02
   7169.00  3.1713544E-02
   7169.20  3.1619077E-02
   7169.40  3.1524006E-02
   7169.60  3.1428478E-02
   7169.80  3.1332714E-02
   7170.00  3.1236905E-02
   7170.20  3.1141336E-02
   7170.40  3.1046430E-02
   7170.60  3.0952186E-02
   7170.80  3.0859034E-02
   7171.00  3.0767613E-02
   7171.20  3.0678449E-02
   7171.40  3.0592153E-02
   7171.60  3.0509486E-02
   7171.80  3.0431081E-02
   7172.00  3.0357691E-02
