  7112.000   26  1  1  2.7840996E-02 -6.2205594E+00 -3.2188692E+00  1  1  7.2677037E+03  0.0000000E+00  0.0000000E+00  1.9838384E+00  1.0000000E+00  0.0000000E+00 = E_edge, Z, n_edge, j_edge, Abs_before_edge, VO_interstitial, E_cut, ninitl, ninit1, Epsii, UnitCell_Volume, Surface_ref, f0_forward, natomsym_f, abs_u_i
    Energy    <xanes>    
   7097.00  4.5303295E-05
   7097.20  7.7395671E-05
   7097.40  2.9870416E-04
   7097.60  3.2385588E-03
   7097.80  1.4516227E-04
   7098.00  7.7159188E-05
   7098.20  8.2882171E-05
   7098.40  1.8711540E-04
   7098.60  1.0098545E-02
   7098.80  2.2073808E-02
   7099.00  3.9379703E-04
   7099.20  1.8596607E-03
   7099.40  1.5212882E-04
   7099.60  6.3863142E-05
   7099.80  4.5385879E-05
   7100.00  3.8636929E-05
   7100.20  3.6006597E-05
   7100.40  3.9325131E-05
   7100.60  5.0782202E-05
   7100.80  1.7444926E-04
   7101.00  6.5337094E-05
   7101.20  4.2713814E-05
   7101.40  3.8790634E-05
   7101.60  4.1498523E-05
   7101.80  4.6752872E-05
   7102.00  5.7122356E-05
   7102.20  8.7667459E-05
   7102.40  5.9400507E-04
   7102.60  1.3041323E-03
   7102.80  1.4093701E-04
   7103.00  2.5291699E-04
   7103.20  3.6910528E-04
   7103.40  2.2473709E-03
   7103.60  4.2524788E-03
   7103.80  1.0700611E-03
   7104.00  1.8678431E-01
   7104.20  3.6254822E-03
   7104.40  2.7176483E-04
   7104.60  1.5842229E-04
   7104.80  1.3191490E-04
   7105.00  1.4760634E-04
   7105.20  2.7127823E-04
   7105.40  5.6971448E-03
   7105.60  1.4244900E-03
   7105.80  2.1648917E-03
   7106.00  1.9856896E-03
   7106.20  1.1059185E-02
   7106.40  3.0204022E-03
   7106.60  4.0719338E-03
   7106.80  2.8847836E-03
   7107.00  3.4884431E-03
   7107.20  6.9600635E-03
   7107.40  8.1463460E-03
   7107.60  8.9323478E-03
   7107.80  9.6644099E-03
   7108.00  7.7926403E-03
   7108.20  9.7144411E-03
   7108.40  2.0265756E-02
   7108.60  1.5789112E-02
   7108.80  1.5806989E-02
   7109.00  1.4345722E-02
   7109.20  1.4218091E-02
   7109.40  1.5904702E-02
   7109.60  1.9398187E-02
   7109.80  2.3641605E-02
   7110.00  2.6705834E-02
   7110.20  2.8380504E-02
   7110.40  3.2629104E-02
   7110.60  4.0184231E-02
   7110.80  4.5520699E-02
   7111.00  4.5484189E-02
   7111.20  3.5621456E-02
   7111.40  2.7786377E-02
   7111.60  2.5427088E-02
   7111.80  2.4988589E-02
   7112.00  2.1148042E-02
   7112.20  1.5791240E-02
   7112.40  1.1915951E-02
   7112.60  9.3584915E-03
   7112.80  7.6360470E-03
   7113.00  6.4136605E-03
   7113.20  5.5166960E-03
   7113.40  4.8665475E-03
   7113.60  4.4211052E-03
   7113.80  4.1452816E-03
   7114.00  4.0121137E-03
   7114.20  4.0198441E-03
   7114.40  4.0985633E-03
   7114.60  4.0296684E-03
   7114.80  3.8918131E-03
   7115.00  3.8180337E-03
   7115.20  3.7956960E-03
   7115.40  3.8084671E-03
   7115.60  3.8493613E-03
   7115.80  3.9136979E-03
   7116.00  3.9966598E-03
   7116.20  4.0981912E-03
   7116.40  4.2281713E-03
   7116.60  4.4021394E-03
   7116.80  4.6282490E-03
   7117.00  4.8941979E-03
   7117.20  5.1641969E-03
   7117.40  5.4006149E-03
   7117.60  5.5900339E-03
   7117.80  5.7455025E-03
   7118.00  5.8912037E-03
   7118.20  6.0497741E-03
   7118.40  6.2380788E-03
   7118.60  6.4670234E-03
   7118.80  6.7414236E-03
   7119.00  7.0593967E-03
   7119.20  7.4119094E-03
   7119.40  7.7780331E-03
   7119.60  8.1165696E-03
   7119.80  8.3887217E-03
   7120.00  8.6248438E-03
   7120.20  8.9066556E-03
   7120.40  9.2721865E-03
   7120.60  9.7133455E-03
   7120.80  1.0214931E-02
   7121.00  1.0767754E-02
   7121.20  1.1369066E-02
   7121.40  1.2023265E-02
   7121.60  1.2747308E-02
   7121.80  1.3554562E-02
   7122.00  1.4468621E-02
   7122.20  1.5554511E-02
   7122.40  1.6751790E-02
   7122.60  1.8087165E-02
   7122.80  1.9548506E-02
   7123.00  2.1099256E-02
   7123.20  2.2689072E-02
   7123.40  2.4259526E-02
   7123.60  2.5752656E-02
   7123.80  2.7126585E-02
   7124.00  2.8339930E-02
   7124.20  2.9410961E-02
   7124.40  3.0330061E-02
   7124.60  3.1078835E-02
   7124.80  3.1698218E-02
   7125.00  3.2195391E-02
   7125.20  3.2562000E-02
   7125.40  3.2785309E-02
   7125.60  3.2852741E-02
   7125.80  3.2758347E-02
   7126.00  3.2507024E-02
   7126.20  3.2117537E-02
   7126.40  3.1623111E-02
   7126.60  3.1068237E-02
   7126.80  3.0500516E-02
   7127.00  2.9961964E-02
   7127.20  2.9480180E-02
   7127.40  2.9073364E-02
   7127.60  2.8745154E-02
   7127.80  2.8490958E-02
   7128.00  2.8302535E-02
   7128.20  2.8170693E-02
   7128.40  2.8086854E-02
   7128.60  2.8043226E-02
   7128.80  2.8032738E-02
   7129.00  2.8048662E-02
   7129.20  2.8084520E-02
   7129.40  2.8134400E-02
   7129.60  2.8193294E-02
   7129.80  2.8257133E-02
   7130.00  2.8322207E-02
   7130.20  2.8384900E-02
   7130.40  2.8441501E-02
   7130.60  2.8487759E-02
   7130.80  2.8519344E-02
   7131.00  2.8532699E-02
   7131.20  2.8522296E-02
   7131.40  2.8496187E-02
   7131.60  2.8453844E-02
   7131.80  2.8400964E-02
   7132.00  2.8344555E-02
   7132.20  2.8291871E-02
   7132.40  2.8249177E-02
   7132.60  2.8221955E-02
   7132.80  2.8214359E-02
   7133.00  2.8229134E-02
   7133.20  2.8267624E-02
   7133.40  2.8330065E-02
   7133.60  2.8415530E-02
   7133.80  2.8521680E-02
   7134.00  2.8645248E-02
   7134.20  2.8781836E-02
   7134.40  2.8926155E-02
   7134.60  2.9072654E-02
   7134.80  2.9216334E-02
   7135.00  2.9354177E-02
   7135.20  2.9486184E-02
   7135.40  2.9616406E-02
   7135.60  2.9752591E-02
   7135.80  2.9904637E-02
   7136.00  3.0082441E-02
   7136.20  3.0293858E-02
   7136.40  3.0543857E-02
   7136.60  3.0834282E-02
   7136.80  3.1164447E-02
   7137.00  3.1531727E-02
   7137.20  3.1932643E-02
   7137.40  3.2363404E-02
   7137.60  3.2820393E-02
   7137.80  3.3300967E-02
   7138.00  3.3801582E-02
   7138.20  3.4319489E-02
   7138.40  3.4852525E-02
   7138.60  3.5398692E-02
   7138.80  3.5955975E-02
   7139.00  3.6521851E-02
   7139.20  3.7093908E-02
   7139.40  3.7669620E-02
   7139.60  3.8246412E-02
   7139.80  3.8822198E-02
   7140.00  3.9394274E-02
   7140.20  3.9960575E-02
   7140.40  4.0519514E-02
   7140.60  4.1069536E-02
   7140.80  4.1609362E-02
   7141.00  4.2140976E-02
   7141.20  4.2663414E-02
   7141.40  4.3173164E-02
   7141.60  4.3668574E-02
   7141.80  4.4147741E-02
   7142.00  4.4608550E-02
   7142.20  4.5048940E-02
   7142.40  4.5466930E-02
   7142.60  4.5860397E-02
   7142.80  4.6227625E-02
   7143.00  4.6567605E-02
   7143.20  4.6879968E-02
   7143.40  4.7164986E-02
   7143.60  4.7423533E-02
   7143.80  4.7657415E-02
   7144.00  4.7868098E-02
   7144.20  4.8057602E-02
   7144.40  4.8228022E-02
   7144.60  4.8381363E-02
   7144.80  4.8519589E-02
   7145.00  4.8644175E-02
   7145.20  4.8756255E-02
   7145.40  4.8856910E-02
   7145.60  4.8946617E-02
   7145.80  4.9025621E-02
   7146.00  4.9094145E-02
   7146.20  4.9152274E-02
   7146.40  4.9200069E-02
   7146.60  4.9237571E-02
   7146.80  4.9264814E-02
   7147.00  4.9281803E-02
   7147.20  4.9288721E-02
   7147.40  4.9285544E-02
   7147.60  4.9271889E-02
   7147.80  4.9247518E-02
   7148.00  4.9212097E-02
   7148.20  4.9165146E-02
   7148.40  4.9106085E-02
   7148.60  4.9034278E-02
   7148.80  4.8949049E-02
   7149.00  4.8850013E-02
   7149.20  4.8740267E-02
   7149.40  4.8622750E-02
   7149.60  4.8490195E-02
   7149.80  4.8342512E-02
   7150.00  4.8179827E-02
   7150.20  4.8002227E-02
   7150.40  4.7810340E-02
   7150.60  4.7604667E-02
   7150.80  4.7386113E-02
   7151.00  4.7155575E-02
   7151.20  4.6914204E-02
   7151.40  4.6663209E-02
   7151.60  4.6403742E-02
   7151.80  4.6136808E-02
   7152.00  4.5863500E-02
   7152.20  4.5584797E-02
   7152.40  4.5301521E-02
   7152.60  4.5014906E-02
   7152.80  4.4725241E-02
   7153.00  4.4432629E-02
   7153.20  4.4137206E-02
   7153.40  4.3839039E-02
   7153.60  4.3538099E-02
   7153.80  4.3234267E-02
   7154.00  4.2927262E-02
   7154.20  4.2616750E-02
   7154.40  4.2302109E-02
   7154.60  4.1982993E-02
   7154.80  4.1659076E-02
   7155.00  4.1328483E-02
   7155.20  4.0991755E-02
   7155.40  4.0649865E-02
   7155.60  4.0305631E-02
   7155.80  3.9955449E-02
   7156.00  3.9600440E-02
   7156.20  3.9243871E-02
   7156.40  3.8883955E-02
   7156.60  3.8521409E-02
   7156.80  3.8156816E-02
   7157.00  3.7790880E-02
   7157.20  3.7424391E-02
   7157.40  3.7056064E-02
   7157.60  3.6691226E-02
   7157.80  3.6328559E-02
   7158.00  3.5968619E-02
   7158.20  3.5612250E-02
   7158.40  3.5258220E-02
   7158.60  3.4909174E-02
   7158.80  3.4566369E-02
   7159.00  3.4230657E-02
   7159.20  3.3902804E-02
   7159.40  3.3583418E-02
   7159.60  3.3273119E-02
   7159.80  3.2972828E-02
   7160.00  3.2682569E-02
   7160.20  3.2402676E-02
   7160.40  3.2133371E-02
   7160.60  3.1878019E-02
   7160.80  3.1630189E-02
   7161.00  3.1392905E-02
   7161.20  3.1165921E-02
   7161.40  3.0948907E-02
   7161.60  3.0741432E-02
   7161.80  3.0542998E-02
   7162.00  3.0353240E-02
   7162.20  3.0171619E-02
   7162.40  2.9997356E-02
   7162.60  2.9829798E-02
   7162.80  2.9668303E-02
   7163.00  2.9512268E-02
   7163.20  2.9361113E-02
   7163.40  2.9214292E-02
   7163.60  2.9071287E-02
   7163.80  2.8931637E-02
   7164.00  2.8794977E-02
   7164.20  2.8660893E-02
   7164.40  2.8529022E-02
   7164.60  2.8399356E-02
   7164.80  2.8271461E-02
   7165.00  2.8145155E-02
   7165.20  2.8020226E-02
   7165.40  2.7896584E-02
   7165.60  2.7774216E-02
   7165.80  2.7653178E-02
   7166.00  2.7533467E-02
   7166.20  2.7415143E-02
   7166.40  2.7298281E-02
   7166.60  2.7183064E-02
   7166.80  2.7069701E-02
   7167.00  2.6958406E-02
   7167.20  2.6849438E-02
   7167.40  2.6743301E-02
   7167.60  2.6640075E-02
   7167.80  2.6540050E-02
   7168.00  2.6443538E-02
   7168.20  2.6350855E-02
   7168.40  2.6262191E-02
   7168.60  2.6177997E-02
   7168.80  2.6098586E-02
   7169.00  2.6024262E-02
   7169.20  2.5955313E-02
   7169.40  2.5892444E-02
   7169.60  2.5835622E-02
   7169.80  2.5785092E-02
   7170.00  2.5741004E-02
   7170.20  2.5703592E-02
   7170.40  2.5673144E-02
   7170.60  2.5649790E-02
   7170.80  2.5633666E-02
   7171.00  2.5624956E-02
   7171.20  2.5623816E-02
   7171.40  2.5630363E-02
   7171.60  2.5644903E-02
   7171.80  2.5667285E-02
   7172.00  2.5697536E-02
