  7112.000   26  1  1  1.5618657E-02 -2.2376595E+00 -6.5008299E-01  1  1  7.2651730E+03  0.0000000E+00  0.0000000E+00  2.4016461E+00  1.0000000E+00  0.0000000E+00 = E_edge, Z, n_edge, j_edge, Abs_before_edge, VO_interstitial, E_cut, ninitl, ninit1, Epsii, UnitCell_Volume, Surface_ref, f0_forward, natomsym_f, abs_u_i
    Energy    <xanes>    
   7097.00  1.7693219E-04
   7097.20  7.9629356E-05
   7097.40  5.1901126E-05
   7097.60  3.9918388E-05
   7097.80  3.3613492E-05
   7098.00  2.9883472E-05
   7098.20  2.7500405E-05
   7098.40  2.5895073E-05
   7098.60  2.4774246E-05
   7098.80  2.3974499E-05
   7099.00  2.3399119E-05
   7099.20  2.2988574E-05
   7099.40  2.2705360E-05
   7099.60  2.2526493E-05
   7099.80  2.2438466E-05
   7100.00  2.2436088E-05
   7100.20  2.2523155E-05
   7100.40  2.2714817E-05
   7100.60  2.3048724E-05
   7100.80  2.3614696E-05
   7101.00  2.4660528E-05
   7101.20  2.7111430E-05
   7101.40  3.7404062E-05
   7101.60  9.3882134E-04
   7101.80  4.8577830E-05
   7102.00  3.3557389E-05
   7102.20  4.2739763E-05
   7102.40  2.9882233E-04
   7102.60  7.4694722E-05
   7102.80  9.3005714E-05
   7103.00  4.1871550E-04
   7103.20  9.1594875E-05
   7103.40  1.5266373E-04
   7103.60  1.1479167E-03
   7103.80  1.0580549E-04
   7104.00  5.7539578E-04
   7104.20  5.7132325E-03
   7104.40  1.8954360E-04
   7104.60  1.3759402E-04
   7104.80  2.8740941E-04
   7105.00  4.8963111E-02
   7105.20  4.6280758E-04
   7105.40  6.9389200E-04
   7105.60  1.4195834E-03
   7105.80  2.1694588E-04
   7106.00  3.7187636E-04
   7106.20  3.0026869E-03
   7106.40  2.1564281E-04
   7106.60  1.2205915E-04
   7106.80  1.3990915E-04
   7107.00  2.5867099E-04
   7107.20  1.4092225E-03
   7107.40  2.1536790E-03
   7107.60  1.6986218E-02
   7107.80  1.7280892E-02
   7108.00  8.2093675E-04
   7108.20  2.1933333E-02
   7108.40  3.0528349E-03
   7108.60  2.2853980E-03
   7108.80  6.5212012E-04
   7109.00  2.7370213E-02
   7109.20  3.9251872E-04
   7109.40  5.5785871E-04
   7109.60  1.2929312E-03
   7109.80  3.6860224E-04
   7110.00  8.2460548E-04
   7110.20  1.4090466E-02
   7110.40  2.2344819E-03
   7110.60  5.5600047E-03
   7110.80  1.6677074E-02
   7111.00  1.4905420E-02
   7111.20  1.6043574E-02
   7111.40  3.6384851E-02
   7111.60  2.4813288E-02
   7111.80  1.0276651E-02
   7112.00  7.4423705E-03
   7112.20  1.1954435E-02
   7112.40  1.6879026E-02
   7112.60  9.8261054E-03
   7112.80  1.3454508E-02
   7113.00  7.5576469E-03
   7113.20  6.7550543E-03
   7113.40  4.3499186E-03
   7113.60  3.2855222E-03
   7113.80  2.8956733E-03
   7114.00  2.2925420E-03
   7114.20  1.7678794E-03
   7114.40  1.4683109E-03
   7114.60  1.2830266E-03
   7114.80  1.1124608E-03
   7115.00  1.0275273E-03
   7115.20  9.6995865E-04
   7115.40  9.3943101E-04
   7115.60  9.4102846E-04
   7115.80  9.8390617E-04
   7116.00  1.0806484E-03
   7116.20  1.2476466E-03
   7116.40  1.5052291E-03
   7116.60  1.8766781E-03
   7116.80  2.3846471E-03
   7117.00  3.0433920E-03
   7117.20  3.8465652E-03
   7117.40  4.7544527E-03
   7117.60  5.6904276E-03
   7117.80  6.5566240E-03
   7118.00  7.2668891E-03
   7118.20  7.7776277E-03
   7118.40  8.0967214E-03
   7118.60  8.2690290E-03
   7118.80  8.3514581E-03
   7119.00  8.3942261E-03
   7119.20  8.4349626E-03
   7119.40  8.5064782E-03
   7119.60  8.6489533E-03
   7119.80  8.9173801E-03
   7120.00  9.3502046E-03
   7120.20  9.9560526E-03
   7120.40  1.0660126E-02
   7120.60  1.1332599E-02
   7120.80  1.1890856E-02
   7121.00  1.2363942E-02
   7121.20  1.2849202E-02
   7121.40  1.3442722E-02
   7121.60  1.4210897E-02
   7121.80  1.5195437E-02
   7122.00  1.6447536E-02
   7122.20  1.8027505E-02
   7122.40  1.9932581E-02
   7122.60  2.2096430E-02
   7122.80  2.4524715E-02
   7123.00  2.7156656E-02
   7123.20  2.9810412E-02
   7123.40  3.2311400E-02
   7123.60  3.4650516E-02
   7123.80  3.6804308E-02
   7124.00  3.8708692E-02
   7124.20  4.0224012E-02
   7124.40  4.1204695E-02
   7124.60  4.1682248E-02
   7124.80  4.1980436E-02
   7125.00  4.2483004E-02
   7125.20  4.3384640E-02
   7125.40  4.4717299E-02
   7125.60  4.6473022E-02
   7125.80  4.8653188E-02
   7126.00  5.1243315E-02
   7126.20  5.4154717E-02
   7126.40  5.7153330E-02
   7126.60  6.0098581E-02
   7126.80  6.1718533E-02
   7127.00  6.1853358E-02
   7127.20  6.0615292E-02
   7127.40  5.8572992E-02
   7127.60  5.6407391E-02
   7127.80  5.4558276E-02
   7128.00  5.3155624E-02
   7128.20  5.2133608E-02
   7128.40  5.1365314E-02
   7128.60  5.0742487E-02
   7128.80  5.0199500E-02
   7129.00  4.9706145E-02
   7129.20  4.9252598E-02
   7129.40  4.8836229E-02
   7129.60  4.8453514E-02
   7129.80  4.8094996E-02
   7130.00  4.7743275E-02
   7130.20  4.7374106E-02
   7130.40  4.6960509E-02
   7130.60  4.6481787E-02
   7130.80  4.5932699E-02
   7131.00  4.5328815E-02
   7131.20  4.4703412E-02
   7131.40  4.4095865E-02
   7131.60  4.3539924E-02
   7131.80  4.3056412E-02
   7132.00  4.2648266E-02
   7132.20  4.2317701E-02
   7132.40  4.2054315E-02
   7132.60  4.1843164E-02
   7132.80  4.1670707E-02
   7133.00  4.1522936E-02
   7133.20  4.1386620E-02
   7133.40  4.1250386E-02
   7133.60  4.1105748E-02
   7133.80  4.0946629E-02
   7134.00  4.0770063E-02
   7134.20  4.0575029E-02
   7134.40  4.0361904E-02
   7134.60  4.0131224E-02
   7134.80  3.9883455E-02
   7135.00  3.9619558E-02
   7135.20  3.9341384E-02
   7135.40  3.9053156E-02
   7135.60  3.8762064E-02
   7135.80  3.8477885E-02
   7136.00  3.8211679E-02
   7136.20  3.7973944E-02
   7136.40  3.7772076E-02
   7136.60  3.7608406E-02
   7136.80  3.7479159E-02
   7137.00  3.7375221E-02
   7137.20  3.7284168E-02
   7137.40  3.7193383E-02
   7137.60  3.7093099E-02
   7137.80  3.6978448E-02
   7138.00  3.6849802E-02
   7138.20  3.6711134E-02
   7138.40  3.6568168E-02
   7138.60  3.6427149E-02
   7138.80  3.6285611E-02
   7139.00  3.6163700E-02
   7139.20  3.6056980E-02
   7139.40  3.5965129E-02
   7139.60  3.5897539E-02
   7139.80  3.5853577E-02
   7140.00  3.5835983E-02
   7140.20  3.5847120E-02
   7140.40  3.5888855E-02
   7140.60  3.5962075E-02
   7140.80  3.6066260E-02
   7141.00  3.6199252E-02
   7141.20  3.6357174E-02
   7141.40  3.6534310E-02
   7141.60  3.6723467E-02
   7141.80  3.6916608E-02
   7142.00  3.7103669E-02
   7142.20  3.7273899E-02
   7142.40  3.7416353E-02
   7142.60  3.7519775E-02
   7142.80  3.7573790E-02
   7143.00  3.7569103E-02
   7143.20  3.7499027E-02
   7143.40  3.7359332E-02
   7143.60  3.7149295E-02
   7143.80  3.6871908E-02
   7144.00  3.6532556E-02
   7144.20  3.6139450E-02
   7144.40  3.5710664E-02
   7144.60  3.5249201E-02
   7144.80  3.4762842E-02
   7145.00  3.4258796E-02
   7145.20  3.3743594E-02
   7145.40  3.3222367E-02
   7145.60  3.2699365E-02
   7145.80  3.2178073E-02
   7146.00  3.1661332E-02
   7146.20  3.1151443E-02
   7146.40  3.0653366E-02
   7146.60  3.0161773E-02
   7146.80  2.9677119E-02
   7147.00  2.9197286E-02
   7147.20  2.8724019E-02
   7147.40  2.8261098E-02
   7147.60  2.7802580E-02
   7147.80  2.7347178E-02
   7148.00  2.6893813E-02
   7148.20  2.6441850E-02
   7148.40  2.5991292E-02
   7148.60  2.5542286E-02
   7148.80  2.5095798E-02
   7149.00  2.4653313E-02
   7149.20  2.4216668E-02
   7149.40  2.3788030E-02
   7149.60  2.3369885E-02
   7149.80  2.2965308E-02
   7150.00  2.2574930E-02
   7150.20  2.2200260E-02
   7150.40  2.1845986E-02
   7150.60  2.1512256E-02
   7150.80  2.1200308E-02
   7151.00  2.0911138E-02
   7151.20  2.0645455E-02
   7151.40  2.0403483E-02
   7151.60  2.0185764E-02
   7151.80  1.9992270E-02
   7152.00  1.9823126E-02
   7152.20  1.9679089E-02
   7152.40  1.9558819E-02
   7152.60  1.9461705E-02
   7152.80  1.9387543E-02
   7153.00  1.9335567E-02
   7153.20  1.9305352E-02
   7153.40  1.9296788E-02
   7153.60  1.9309010E-02
   7153.80  1.9341644E-02
   7154.00  1.9394355E-02
   7154.20  1.9465883E-02
   7154.40  1.9555165E-02
   7154.60  1.9661083E-02
   7154.80  1.9781658E-02
   7155.00  1.9914483E-02
   7155.20  2.0057056E-02
   7155.40  2.0206664E-02
   7155.60  2.0360774E-02
   7155.80  2.0516305E-02
   7156.00  2.0670758E-02
   7156.20  2.0822020E-02
   7156.40  2.0968508E-02
   7156.60  2.1109413E-02
   7156.80  2.1244081E-02
   7157.00  2.1372550E-02
   7157.20  2.1495370E-02
   7157.40  2.1613270E-02
   7157.60  2.1727325E-02
   7157.80  2.1838897E-02
   7158.00  2.1949039E-02
   7158.20  2.2058969E-02
   7158.40  2.2169920E-02
   7158.60  2.2283067E-02
   7158.80  2.2399427E-02
   7159.00  2.2520195E-02
   7159.20  2.2646318E-02
   7159.40  2.2778658E-02
   7159.60  2.2918315E-02
   7159.80  2.3065017E-02
   7160.00  2.3219063E-02
   7160.20  2.3380708E-02
   7160.40  2.3549655E-02
   7160.60  2.3725737E-02
   7160.80  2.3908491E-02
   7161.00  2.4097210E-02
   7161.20  2.4293583E-02
   7161.40  2.4499555E-02
   7161.60  2.4709167E-02
   7161.80  2.4918760E-02
   7162.00  2.5125429E-02
   7162.20  2.5331073E-02
   7162.40  2.5536252E-02
   7162.60  2.5740243E-02
   7162.80  2.5941811E-02
   7163.00  2.6140510E-02
   7163.20  2.6336109E-02
   7163.40  2.6528461E-02
   7163.60  2.6717406E-02
   7163.80  2.6902916E-02
   7164.00  2.7085285E-02
   7164.20  2.7264921E-02
   7164.40  2.7442218E-02
   7164.60  2.7617361E-02
   7164.80  2.7790813E-02
   7165.00  2.7962948E-02
   7165.20  2.8133998E-02
   7165.40  2.8304245E-02
   7165.60  2.8474181E-02
   7165.80  2.8643761E-02
   7166.00  2.8813011E-02
   7166.20  2.8981989E-02
   7166.40  2.9150924E-02
   7166.60  2.9319602E-02
   7166.80  2.9487782E-02
   7167.00  2.9655371E-02
   7167.20  2.9822222E-02
   7167.40  2.9988279E-02
   7167.60  3.0153497E-02
   7167.80  3.0317596E-02
   7168.00  3.0480543E-02
   7168.20  3.0642355E-02
   7168.40  3.0802563E-02
   7168.60  3.0961180E-02
   7168.80  3.1118261E-02
   7169.00  3.1273366E-02
   7169.20  3.1426395E-02
   7169.40  3.1577211E-02
   7169.60  3.1725697E-02
   7169.80  3.1871613E-02
   7170.00  3.2014811E-02
   7170.20  3.2155583E-02
   7170.40  3.2293689E-02
   7170.60  3.2428846E-02
   7170.80  3.2560939E-02
   7171.00  3.2689873E-02
   7171.20  3.2815690E-02
   7171.40  3.2938270E-02
   7171.60  3.3057537E-02
   7171.80  3.3173720E-02
   7172.00  3.3286557E-02
