  7112.000   26  1  1  2.1491472E-02 -4.0663773E+00 -5.2275881E-01  1  1  7.2649655E+03  0.0000000E+00  0.0000000E+00  4.1505356E+00  1.0000000E+00  0.0000000E+00 = E_edge, Z, n_edge, j_edge, Abs_before_edge, VO_interstitial, E_cut, ninitl, ninit1, Epsii, UnitCell_Volume, Surface_ref, f0_forward, natomsym_f, abs_u_i
    Energy    <xanes>    
   7097.00  3.4649721E-05
   7097.20  3.1486903E-05
   7097.40  2.9609502E-05
   7097.60  2.8602063E-05
   7097.80  2.8330903E-05
   7098.00  2.8918112E-05
   7098.20  3.0971875E-05
   7098.40  3.6812485E-05
   7098.60  5.9812627E-05
   7098.80  4.7031738E-04
   7099.00  1.9928773E-04
   7099.20  3.4110962E-04
   7099.40  5.9540138E-05
   7099.60  5.9935360E-05
   7099.80  1.8284881E-04
   7100.00  1.7183546E-03
   7100.20  1.4087692E-04
   7100.40  5.6369274E-05
   7100.60  8.3997293E-05
   7100.80  3.8824158E-04
   7101.00  4.8941556E-04
   7101.20  4.1968450E-05
   7101.40  3.7419205E-05
   7101.60  1.8631707E-04
   7101.80  4.9067935E-05
   7102.00  1.0482491E-04
   7102.20  1.5260846E-03
   7102.40  2.4196563E-04
   7102.60  1.2177922E-03
   7102.80  8.4377349E-05
   7103.00  1.2936034E-04
   7103.20  8.5468624E-04
   7103.40  3.9164350E-03
   7103.60  1.0592913E-03
   7103.80  2.2545964E-04
   7104.00  3.1383228E-04
   7104.20  1.2633261E-04
   7104.40  9.0957247E-05
   7104.60  7.1222412E-05
   7104.80  2.8141533E-04
   7105.00  3.3736619E-04
   7105.20  5.9655204E-04
   7105.40  1.8816082E-03
   7105.60  2.9749177E-03
   7105.80  1.9418589E-04
   7106.00  1.4397353E-04
   7106.20  2.4260934E-04
   7106.40  1.4446875E-02
   7106.60  8.1666393E-03
   7106.80  1.6181678E-03
   7107.00  9.7659183E-04
   7107.20  2.9419091E-03
   7107.40  2.0735812E-03
   7107.60  3.2870098E-03
   7107.80  3.2900555E-03
   7108.00  1.0424471E-02
   7108.20  2.2152614E-03
   7108.40  1.9467869E-02
   7108.60  2.8351462E-02
   7108.80  1.0918396E-02
   7109.00  8.4399697E-03
   7109.20  6.2845880E-03
   7109.40  5.3032577E-03
   7109.60  3.5620172E-03
   7109.80  5.2111064E-03
   7110.00  6.3975963E-03
   7110.20  7.5111132E-03
   7110.40  6.8405721E-03
   7110.60  6.0493526E-03
   7110.80  7.8237822E-03
   7111.00  9.1703428E-03
   7111.20  1.0085291E-02
   7111.40  1.1209278E-02
   7111.60  1.4387520E-02
   7111.80  1.5100587E-02
   7112.00  1.9947263E-02
   7112.20  1.5795861E-02
   7112.40  1.3637074E-02
   7112.60  1.2528336E-02
   7112.80  1.2405828E-02
   7113.00  1.2051094E-02
   7113.20  1.2075818E-02
   7113.40  1.1273300E-02
   7113.60  8.9482714E-03
   7113.80  8.4014878E-03
   7114.00  5.3235619E-03
   7114.20  3.8256644E-03
   7114.40  3.0185653E-03
   7114.60  2.4852100E-03
   7114.80  2.1306544E-03
   7115.00  1.9145886E-03
   7115.20  1.8109908E-03
   7115.40  1.8082021E-03
   7115.60  1.9112648E-03
   7115.80  2.1546218E-03
   7116.00  2.6358520E-03
   7116.20  3.6052467E-03
   7116.40  5.5269971E-03
   7116.60  8.6626357E-03
   7116.80  1.0573678E-02
   7117.00  1.0206180E-02
   7117.20  1.0654047E-02
   7117.40  1.2480013E-02
   7117.60  1.4209783E-02
   7117.80  1.4504966E-02
   7118.00  1.3755024E-02
   7118.20  1.3311921E-02
   7118.40  1.4367934E-02
   7118.60  1.6265753E-02
   7118.80  1.8181079E-02
   7119.00  1.9377812E-02
   7119.20  2.0121341E-02
   7119.40  2.1389953E-02
   7119.60  2.3448490E-02
   7119.80  2.5573332E-02
   7120.00  2.6548653E-02
   7120.20  2.5935568E-02
   7120.40  2.4455141E-02
   7120.60  2.2958463E-02
   7120.80  2.1874498E-02
   7121.00  2.1313324E-02
   7121.20  2.1405642E-02
   7121.40  2.2362423E-02
   7121.60  2.4556211E-02
   7121.80  2.7592410E-02
   7122.00  2.9837985E-02
   7122.20  3.0228714E-02
   7122.40  2.9773011E-02
   7122.60  2.9692268E-02
   7122.80  2.9818722E-02
   7123.00  2.9576260E-02
   7123.20  2.8942911E-02
   7123.40  2.8142769E-02
   7123.60  2.7276930E-02
   7123.80  2.6379587E-02
   7124.00  2.5455868E-02
   7124.20  2.4537855E-02
   7124.40  2.3737964E-02
   7124.60  2.3168912E-02
   7124.80  2.2959494E-02
   7125.00  2.3031038E-02
   7125.20  2.3227143E-02
   7125.40  2.3347084E-02
   7125.60  2.3375221E-02
   7125.80  2.3502550E-02
   7126.00  2.3814479E-02
   7126.20  2.4190363E-02
   7126.40  2.4422869E-02
   7126.60  2.4429047E-02
   7126.80  2.4281816E-02
   7127.00  2.4104921E-02
   7127.20  2.3988066E-02
   7127.40  2.3992965E-02
   7127.60  2.4189406E-02
   7127.80  2.4661203E-02
   7128.00  2.5493254E-02
   7128.20  2.6756190E-02
   7128.40  2.8472567E-02
   7128.60  3.0567497E-02
   7128.80  3.2837546E-02
   7129.00  3.4995615E-02
   7129.20  3.6794207E-02
   7129.40  3.8132659E-02
   7129.60  3.9051982E-02
   7129.80  3.9643856E-02
   7130.00  3.9982572E-02
   7130.20  4.0113839E-02
   7130.40  4.0069758E-02
   7130.60  3.9873752E-02
   7130.80  3.9540000E-02
   7131.00  3.9092110E-02
   7131.20  3.8588487E-02
   7131.40  3.8123462E-02
   7131.60  3.7796354E-02
   7131.80  3.7664568E-02
   7132.00  3.7698683E-02
   7132.20  3.7769635E-02
   7132.40  3.7706971E-02
   7132.60  3.7432487E-02
   7132.80  3.6979559E-02
   7133.00  3.6457181E-02
   7133.20  3.5964197E-02
   7133.40  3.5549434E-02
   7133.60  3.5222061E-02
   7133.80  3.4981124E-02
   7134.00  3.4813072E-02
   7134.20  3.4684046E-02
   7134.40  3.4589832E-02
   7134.60  3.4575044E-02
   7134.80  3.4682590E-02
   7135.00  3.4923951E-02
   7135.20  3.5290866E-02
   7135.40  3.5774557E-02
   7135.60  3.6372385E-02
   7135.80  3.7082891E-02
   7136.00  3.7902615E-02
   7136.20  3.8819497E-02
   7136.40  3.9810314E-02
   7136.60  4.0841132E-02
   7136.80  4.1868384E-02
   7137.00  4.2841044E-02
   7137.20  4.3709625E-02
   7137.40  4.4438681E-02
   7137.60  4.5016605E-02
   7137.80  4.5455793E-02
   7138.00  4.5784496E-02
   7138.20  4.6034114E-02
   7138.40  4.6230402E-02
   7138.60  4.6389338E-02
   7138.80  4.6516988E-02
   7139.00  4.6610873E-02
   7139.20  4.6660756E-02
   7139.40  4.6649668E-02
   7139.60  4.6556286E-02
   7139.80  4.6359476E-02
   7140.00  4.6042541E-02
   7140.20  4.5596240E-02
   7140.40  4.5020172E-02
   7140.60  4.4322465E-02
   7140.80  4.3519426E-02
   7141.00  4.2633729E-02
   7141.20  4.1691699E-02
   7141.40  4.0720436E-02
   7141.60  3.9745332E-02
   7141.80  3.8788694E-02
   7142.00  3.7866298E-02
   7142.20  3.7001168E-02
   7142.40  3.6201939E-02
   7142.60  3.5478728E-02
   7142.80  3.4856966E-02
   7143.00  3.4319583E-02
   7143.20  3.3865996E-02
   7143.40  3.3494543E-02
   7143.60  3.3200253E-02
   7143.80  3.2974732E-02
   7144.00  3.2807411E-02
   7144.20  3.2685669E-02
   7144.40  3.2596840E-02
   7144.60  3.2528678E-02
   7144.80  3.2468816E-02
   7145.00  3.2411695E-02
   7145.20  3.2350250E-02
   7145.40  3.2282128E-02
   7145.60  3.2208766E-02
   7145.80  3.2134729E-02
   7146.00  3.2067165E-02
   7146.20  3.2014186E-02
   7146.40  3.1986978E-02
   7146.60  3.1981124E-02
   7146.80  3.2003035E-02
   7147.00  3.2048003E-02
   7147.20  3.2111003E-02
   7147.40  3.2184774E-02
   7147.60  3.2264520E-02
   7147.80  3.2340938E-02
   7148.00  3.2410922E-02
   7148.20  3.2473240E-02
   7148.40  3.2530914E-02
   7148.60  3.2574878E-02
   7148.80  3.2608672E-02
   7149.00  3.2631837E-02
   7149.20  3.2649158E-02
   7149.40  3.2641655E-02
   7149.60  3.2629762E-02
   7149.80  3.2605528E-02
   7150.00  3.2568922E-02
   7150.20  3.2520138E-02
   7150.40  3.2459347E-02
   7150.60  3.2383174E-02
   7150.80  3.2297873E-02
   7151.00  3.2200203E-02
   7151.20  3.2091465E-02
   7151.40  3.1971387E-02
   7151.60  3.1839835E-02
   7151.80  3.1697054E-02
   7152.00  3.1543840E-02
   7152.20  3.1381359E-02
   7152.40  3.1211493E-02
   7152.60  3.1036894E-02
   7152.80  3.0860613E-02
   7153.00  3.0686191E-02
   7153.20  3.0517356E-02
   7153.40  3.0357821E-02
   7153.60  3.0211057E-02
   7153.80  3.0079994E-02
   7154.00  2.9966790E-02
   7154.20  2.9872873E-02
   7154.40  2.9799081E-02
   7154.60  2.9745139E-02
   7154.80  2.9709871E-02
   7155.00  2.9692569E-02
   7155.20  2.9690775E-02
   7155.40  2.9702550E-02
   7155.60  2.9726591E-02
   7155.80  2.9760737E-02
   7156.00  2.9803586E-02
   7156.20  2.9854324E-02
   7156.40  2.9912422E-02
   7156.60  2.9976942E-02
   7156.80  3.0047459E-02
   7157.00  3.0123746E-02
   7157.20  3.0205960E-02
   7157.40  3.0293252E-02
   7157.60  3.0385176E-02
   7157.80  3.0481259E-02
   7158.00  3.0582533E-02
   7158.20  3.0685113E-02
   7158.40  3.0786354E-02
   7158.60  3.0891739E-02
   7158.80  3.0995836E-02
   7159.00  3.1098558E-02
   7159.20  3.1197846E-02
   7159.40  3.1291808E-02
   7159.60  3.1379792E-02
   7159.80  3.1460838E-02
   7160.00  3.1533390E-02
   7160.20  3.1595467E-02
   7160.40  3.1644031E-02
   7160.60  3.1683799E-02
   7160.80  3.1711509E-02
   7161.00  3.1727094E-02
   7161.20  3.1730768E-02
   7161.40  3.1722796E-02
   7161.60  3.1703665E-02
   7161.80  3.1674025E-02
   7162.00  3.1635204E-02
   7162.20  3.1587732E-02
   7162.40  3.1532538E-02
   7162.60  3.1470752E-02
   7162.80  3.1403563E-02
   7163.00  3.1332181E-02
   7163.20  3.1257788E-02
   7163.40  3.1181495E-02
   7163.60  3.1104593E-02
   7163.80  3.1028034E-02
   7164.00  3.0952184E-02
   7164.20  3.0877607E-02
   7164.40  3.0804759E-02
   7164.60  3.0734038E-02
   7164.80  3.0665508E-02
   7165.00  3.0599275E-02
   7165.20  3.0535377E-02
   7165.40  3.0473930E-02
   7165.60  3.0415039E-02
   7165.80  3.0358320E-02
   7166.00  3.0303627E-02
   7166.20  3.0250762E-02
   7166.40  3.0199468E-02
   7166.60  3.0149425E-02
   7166.80  3.0100239E-02
   7167.00  3.0051636E-02
   7167.20  3.0003062E-02
   7167.40  2.9954003E-02
   7167.60  2.9904505E-02
   7167.80  2.9853954E-02
   7168.00  2.9802055E-02
   7168.20  2.9748928E-02
   7168.40  2.9694790E-02
   7168.60  2.9640395E-02
   7168.80  2.9586175E-02
   7169.00  2.9532970E-02
   7169.20  2.9481702E-02
   7169.40  2.9433318E-02
   7169.60  2.9389000E-02
   7169.80  2.9350006E-02
   7170.00  2.9316533E-02
   7170.20  2.9288904E-02
   7170.40  2.9267365E-02
   7170.60  2.9252022E-02
   7170.80  2.9242999E-02
   7171.00  2.9239668E-02
   7171.20  2.9241432E-02
   7171.40  2.9247621E-02
   7171.60  2.9257464E-02
   7171.80  2.9270133E-02
   7172.00  2.9284882E-02
