  7112.000   26  1  1  1.0348151E-02 -3.4184529E+00 -4.4231766E-01  1  1  7.2649059E+03  0.0000000E+00  0.0000000E+00  3.5924330E+00  1.0000000E+00  0.0000000E+00 = E_edge, Z, n_edge, j_edge, Abs_before_edge, VO_interstitial, E_cut, ninitl, ninit1, Epsii, UnitCell_Volume, Surface_ref, f0_forward, natomsym_f, abs_u_i
    Energy    <xanes>    
   7097.00  8.4589470E-04
   7097.20  9.6317034E-04
   7097.40  1.2706119E-04
   7097.60  6.1081403E-05
   7097.80  4.2520364E-05
   7098.00  3.4789262E-05
   7098.20  3.0991014E-05
   7098.40  2.9130232E-05
   7098.60  2.8650491E-05
   7098.80  3.0012243E-05
   7099.00  3.7132861E-05
   7099.20  1.1553174E-04
   7099.40  2.4339270E-04
   7099.60  5.7809448E-05
   7099.80  3.2631584E-05
   7100.00  2.9116244E-05
   7100.20  2.8800393E-05
   7100.40  3.0104987E-05
   7100.60  3.3574764E-05
   7100.80  4.8139657E-05
   7101.00  6.5707350E-05
   7101.20  3.2761870E-04
   7101.40  2.6745968E-04
   7101.60  4.2745590E-02
   7101.80  1.9116526E-04
   7102.00  6.0128398E-04
   7102.20  1.3033899E-04
   7102.40  8.3344894E-04
   7102.60  8.7463069E-05
   7102.80  9.6460606E-04
   7103.00  3.6188386E-04
   7103.20  8.3327546E-05
   7103.40  7.2542761E-05
   7103.60  4.2185404E-05
   7103.80  1.5799679E-04
   7104.00  5.9138013E-05
   7104.20  1.1728829E-04
   7104.40  4.1865426E-03
   7104.60  2.0453974E-04
   7104.80  1.8732624E-04
   7105.00  5.3563266E-04
   7105.20  3.0767380E-04
   7105.40  1.4832214E-03
   7105.60  7.6409976E-04
   7105.80  3.5085994E-03
   7106.00  1.3180943E-04
   7106.20  9.6078145E-05
   7106.40  1.0583114E-04
   7106.60  2.5308630E-04
   7106.80  4.8559058E-04
   7107.00  8.6125635E-04
   7107.20  9.0194168E-02
   7107.40  1.4175194E-03
   7107.60  6.4643989E-03
   7107.80  9.5674806E-02
   7108.00  8.2835612E-04
   7108.20  3.8931359E-04
   7108.40  2.7724719E-04
   7108.60  3.9337825E-04
   7108.80  2.4442489E-03
   7109.00  1.0616346E-03
   7109.20  7.9411623E-04
   7109.40  2.2922085E-03
   7109.60  3.3459976E-02
   7109.80  6.3138112E-03
   7110.00  3.3744644E-03
   7110.20  6.9635628E-03
   7110.40  8.6595799E-03
   7110.60  1.3600084E-02
   7110.80  1.7825051E-02
   7111.00  1.9247105E-02
   7111.20  1.4049746E-02
   7111.40  1.7137180E-02
   7111.60  1.6472293E-02
   7111.80  1.4539169E-02
   7112.00  1.4436356E-02
   7112.20  1.0905433E-02
   7112.40  1.6231674E-02
   7112.60  2.5519363E-02
   7112.80  2.2254576E-02
   7113.00  1.9392388E-02
   7113.20  1.9012129E-02
   7113.40  1.9444966E-02
   7113.60  1.8808466E-02
   7113.80  1.3442601E-02
   7114.00  8.5282838E-03
   7114.20  5.7594859E-03
   7114.40  4.0002326E-03
   7114.60  3.1230509E-03
   7114.80  2.9575073E-03
   7115.00  3.2033764E-03
   7115.20  3.4726130E-03
   7115.40  3.5447554E-03
   7115.60  3.4479592E-03
   7115.80  3.3107918E-03
   7116.00  3.2088850E-03
   7116.20  3.1571125E-03
   7116.40  3.1496877E-03
   7116.60  3.1932601E-03
   7116.80  3.3192015E-03
   7117.00  3.4815862E-03
   7117.20  3.3080321E-03
   7117.40  3.2782952E-03
   7117.60  3.4817679E-03
   7117.80  3.7041683E-03
   7118.00  3.8240112E-03
   7118.20  3.8874532E-03
   7118.40  4.0243687E-03
   7118.60  4.3005035E-03
   7118.80  4.7202795E-03
   7119.00  5.2405890E-03
   7119.20  5.7755454E-03
   7119.40  6.3036546E-03
   7119.60  6.9546394E-03
   7119.80  7.8426286E-03
   7120.00  8.9603008E-03
   7120.20  1.0290304E-02
   7120.40  1.1939428E-02
   7120.60  1.4096672E-02
   7120.80  1.6776059E-02
   7121.00  1.9466840E-02
   7121.20  2.1226806E-02
   7121.40  2.1644081E-02
   7121.60  2.1136989E-02
   7121.80  2.0346275E-02
   7122.00  1.9569772E-02
   7122.20  1.9066549E-02
   7122.40  1.8901301E-02
   7122.60  1.9220055E-02
   7122.80  2.0282564E-02
   7123.00  2.2469162E-02
   7123.20  2.6170971E-02
   7123.40  2.9560516E-02
   7123.60  3.1325223E-02
   7123.80  3.2288909E-02
   7124.00  3.3528394E-02
   7124.20  3.5346343E-02
   7124.40  3.7612572E-02
   7124.60  4.0019959E-02
   7124.80  4.2081719E-02
   7125.00  4.3361395E-02
   7125.20  4.3882954E-02
   7125.40  4.3896821E-02
   7125.60  4.3666079E-02
   7125.80  4.3240468E-02
   7126.00  4.2628676E-02
   7126.20  4.1808846E-02
   7126.40  4.0753506E-02
   7126.60  3.9627007E-02
   7126.80  3.8633324E-02
   7127.00  3.7887018E-02
   7127.20  3.7391905E-02
   7127.40  3.7119671E-02
   7127.60  3.7121003E-02
   7127.80  3.7533625E-02
   7128.00  3.8489714E-02
   7128.20  4.0051554E-02
   7128.40  4.2225380E-02
   7128.60  4.5010655E-02
   7128.80  4.8363763E-02
   7129.00  5.2043546E-02
   7129.20  5.5493298E-02
   7129.40  5.8019569E-02
   7129.60  5.9259245E-02
   7129.80  5.9418302E-02
   7130.00  5.9012577E-02
   7130.20  5.8460717E-02
   7130.40  5.7897465E-02
   7130.60  5.7226426E-02
   7130.80  5.6286810E-02
   7131.00  5.5017721E-02
   7131.20  5.3534189E-02
   7131.40  5.2088698E-02
   7131.60  5.0956355E-02
   7131.80  5.0306702E-02
   7132.00  5.0123406E-02
   7132.20  5.0204380E-02
   7132.40  5.0250154E-02
   7132.60  5.0007555E-02
   7132.80  4.9386018E-02
   7133.00  4.8471361E-02
   7133.20  4.7447681E-02
   7133.40  4.6484477E-02
   7133.60  4.5671002E-02
   7133.80  4.5009403E-02
   7134.00  4.4460616E-02
   7134.20  4.4012785E-02
   7134.40  4.3681587E-02
   7134.60  4.3375079E-02
   7134.80  4.2836218E-02
   7135.00  4.1868584E-02
   7135.20  4.0522366E-02
   7135.40  3.9020563E-02
   7135.60  3.7585613E-02
   7135.80  3.6355799E-02
   7136.00  3.5382239E-02
   7136.20  3.4650384E-02
   7136.40  3.4106027E-02
   7136.60  3.3679769E-02
   7136.80  3.3306501E-02
   7137.00  3.2938084E-02
   7137.20  3.2547750E-02
   7137.40  3.2124074E-02
   7137.60  3.1676251E-02
   7137.80  3.1211899E-02
   7138.00  3.0740100E-02
   7138.20  3.0267879E-02
   7138.40  2.9799983E-02
   7138.60  2.9339522E-02
   7138.80  2.8888935E-02
   7139.00  2.8451005E-02
   7139.20  2.8029539E-02
   7139.40  2.7629951E-02
   7139.60  2.7259453E-02
   7139.80  2.6927584E-02
   7140.00  2.6645896E-02
   7140.20  2.6427004E-02
   7140.40  2.6282888E-02
   7140.60  2.6222440E-02
   7140.80  2.6249827E-02
   7141.00  2.6364097E-02
   7141.20  2.6560514E-02
   7141.40  2.6832522E-02
   7141.60  2.7162826E-02
   7141.80  2.7545604E-02
   7142.00  2.7979461E-02
   7142.20  2.8455579E-02
   7142.40  2.8962179E-02
   7142.60  2.9484757E-02
   7142.80  3.0007045E-02
   7143.00  3.0512400E-02
   7143.20  3.0985353E-02
   7143.40  3.1413904E-02
   7143.60  3.1790535E-02
   7143.80  3.2112785E-02
   7144.00  3.2381999E-02
   7144.20  3.2602145E-02
   7144.40  3.2778220E-02
   7144.60  3.2914460E-02
   7144.80  3.3013771E-02
   7145.00  3.3077856E-02
   7145.20  3.3107016E-02
   7145.40  3.3100886E-02
   7145.60  3.3058961E-02
   7145.80  3.2981127E-02
   7146.00  3.2867495E-02
   7146.20  3.2718821E-02
   7146.40  3.2536127E-02
   7146.60  3.2320746E-02
   7146.80  3.2074066E-02
   7147.00  3.1797099E-02
   7147.20  3.1490996E-02
   7147.40  3.1146749E-02
   7147.60  3.0786261E-02
   7147.80  3.0402694E-02
   7148.00  2.9998654E-02
   7148.20  2.9573945E-02
   7148.40  2.9146915E-02
   7148.60  2.8716325E-02
   7148.80  2.8288150E-02
   7149.00  2.7867953E-02
   7149.20  2.7460612E-02
   7149.40  2.7077238E-02
   7149.60  2.6710637E-02
   7149.80  2.6362589E-02
   7150.00  2.6034116E-02
   7150.20  2.5725832E-02
   7150.40  2.5437425E-02
   7150.60  2.5168313E-02
   7150.80  2.4917587E-02
   7151.00  2.4684109E-02
   7151.20  2.4466638E-02
   7151.40  2.4264388E-02
   7151.60  2.4075309E-02
   7151.80  2.3898481E-02
   7152.00  2.3732829E-02
   7152.20  2.3577515E-02
   7152.40  2.3427600E-02
   7152.60  2.3292797E-02
   7152.80  2.3166818E-02
   7153.00  2.3053589E-02
   7153.20  2.2951313E-02
   7153.40  2.2860514E-02
   7153.60  2.2782289E-02
   7153.80  2.2717312E-02
   7154.00  2.2667379E-02
   7154.20  2.2633152E-02
   7154.40  2.2615774E-02
   7154.60  2.2616886E-02
   7154.80  2.2637354E-02
   7155.00  2.2678060E-02
   7155.20  2.2739670E-02
   7155.40  2.2823190E-02
   7155.60  2.2928356E-02
   7155.80  2.3055037E-02
   7156.00  2.3202595E-02
   7156.20  2.3370054E-02
   7156.40  2.3555538E-02
   7156.60  2.3756439E-02
   7156.80  2.3969777E-02
   7157.00  2.4192142E-02
   7157.20  2.4420179E-02
   7157.40  2.4650689E-02
   7157.60  2.4880780E-02
   7157.80  2.5109358E-02
   7158.00  2.5335386E-02
   7158.20  2.5555811E-02
   7158.40  2.5770255E-02
   7158.60  2.5978506E-02
   7158.80  2.6180364E-02
   7159.00  2.6375815E-02
   7159.20  2.6564184E-02
   7159.40  2.6748370E-02
   7159.60  2.6925110E-02
   7159.80  2.7096237E-02
   7160.00  2.7261945E-02
   7160.20  2.7423525E-02
   7160.40  2.7582419E-02
   7160.60  2.7740414E-02
   7160.80  2.7899160E-02
   7161.00  2.8060933E-02
   7161.20  2.8228155E-02
   7161.40  2.8402890E-02
   7161.60  2.8577017E-02
   7161.80  2.8766066E-02
   7162.00  2.8968523E-02
   7162.20  2.9186181E-02
   7162.40  2.9411557E-02
   7162.60  2.9648084E-02
   7162.80  2.9895112E-02
   7163.00  3.0151829E-02
   7163.20  3.0416720E-02
   7163.40  3.0688095E-02
   7163.60  3.0964092E-02
   7163.80  3.1242623E-02
   7164.00  3.1521319E-02
   7164.20  3.1797841E-02
   7164.40  3.2069867E-02
   7164.60  3.2335411E-02
   7164.80  3.2592368E-02
   7165.00  3.2838837E-02
   7165.20  3.3073151E-02
   7165.40  3.3293800E-02
   7165.60  3.3499889E-02
   7165.80  3.3690758E-02
   7166.00  3.3865911E-02
   7166.20  3.4025300E-02
   7166.40  3.4169391E-02
   7166.60  3.4298557E-02
   7166.80  3.4413496E-02
   7167.00  3.4515404E-02
   7167.20  3.4605665E-02
   7167.40  3.4684819E-02
   7167.60  3.4753430E-02
   7167.80  3.4812396E-02
   7168.00  3.4862501E-02
   7168.20  3.4904445E-02
   7168.40  3.4938752E-02
   7168.60  3.4965406E-02
   7168.80  3.4984440E-02
   7169.00  3.4995729E-02
   7169.20  3.4999126E-02
   7169.40  3.4994399E-02
   7169.60  3.4981193E-02
   7169.80  3.4958709E-02
   7170.00  3.4926378E-02
   7170.20  3.4883682E-02
   7170.40  3.4830125E-02
   7170.60  3.4765320E-02
   7170.80  3.4689069E-02
   7171.00  3.4601303E-02
   7171.20  3.4501834E-02
   7171.40  3.4390724E-02
   7171.60  3.4268255E-02
   7171.80  3.4135040E-02
   7172.00  3.3991882E-02
