  7112.000   26  1  1  1.0704883E-02 -3.8380171E+00 -5.9588513E-01  1  1  7.2652961E+03  0.0000000E+00  0.0000000E+00  3.4155753E+00  1.0000000E+00  0.0000000E+00 = E_edge, Z, n_edge, j_edge, Abs_before_edge, VO_interstitial, E_cut, ninitl, ninit1, Epsii, UnitCell_Volume, Surface_ref, f0_forward, natomsym_f, abs_u_i
    Energy    <xanes>    
   7097.00  6.0188352E-04
   7097.20  1.8184899E-04
   7097.40  9.6590948E-05
   7097.60  6.5068114E-05
   7097.80  5.0006248E-05
   7098.00  4.1705262E-05
   7098.20  3.6722447E-05
   7098.40  3.3598303E-05
   7098.60  3.1656433E-05
   7098.80  3.0614099E-05
   7099.00  3.0528378E-05
   7099.20  3.2220389E-05
   7099.40  4.0992818E-05
   7099.60  1.9498283E-04
   7099.80  1.0257827E-04
   7100.00  3.8025034E-05
   7100.20  3.2245105E-05
   7100.40  3.2680252E-05
   7100.60  5.8032547E-05
   7100.80  5.8293467E-05
   7101.00  3.6297985E-05
   7101.20  3.8832979E-05
   7101.40  4.7328901E-05
   7101.60  7.6296165E-05
   7101.80  1.8027998E-03
   7102.00  4.6345504E-03
   7102.20  3.4292727E-04
   7102.40  1.0866729E-04
   7102.60  1.3301223E-04
   7102.80  1.3418333E-02
   7103.00  1.2458126E-02
   7103.20  8.1880521E-04
   7103.40  2.0690422E-04
   7103.60  7.7335322E-05
   7103.80  9.3484970E-05
   7104.00  6.3784296E-05
   7104.20  7.3205166E-05
   7104.40  9.9849897E-05
   7104.60  2.2280994E-04
   7104.80  7.6085442E-04
   7105.00  1.1076402E-02
   7105.20  6.0160520E-03
   7105.40  1.2331618E-02
   7105.60  6.5422395E-04
   7105.80  3.5603407E-04
   7106.00  9.1991933E-04
   7106.20  1.1560623E-03
   7106.40  1.6445260E-03
   7106.60  6.9157523E-04
   7106.80  5.3486532E-03
   7107.00  7.0214915E-03
   7107.20  5.6469857E-03
   7107.40  5.1613681E-04
   7107.60  7.9339216E-04
   7107.80  4.2967324E-03
   7108.00  2.3303637E-03
   7108.20  6.4128139E-03
   7108.40  5.0546056E-04
   7108.60  3.9129548E-03
   7108.80  7.0405078E-02
   7109.00  1.8624392E-02
   7109.20  3.8015939E-03
   7109.40  1.6341104E-02
   7109.60  2.0314427E-02
   7109.80  2.1923989E-02
   7110.00  1.1979810E-02
   7110.20  1.3420271E-02
   7110.40  1.0655881E-02
   7110.60  5.0804229E-03
   7110.80  5.9507570E-03
   7111.00  6.5681115E-03
   7111.20  1.0162435E-02
   7111.40  4.8624959E-03
   7111.60  5.1682558E-03
   7111.80  6.3180389E-03
   7112.00  1.3851150E-02
   7112.20  3.1903602E-02
   7112.40  1.1375433E-02
   7112.60  1.0481996E-02
   7112.80  1.6922909E-02
   7113.00  1.3964502E-02
   7113.20  1.2594208E-02
   7113.40  1.1536486E-02
   7113.60  9.9236362E-03
   7113.80  1.0003332E-02
   7114.00  1.7403854E-02
   7114.20  6.6060804E-03
   7114.40  2.0861378E-03
   7114.60  1.2249119E-03
   7114.80  9.1499113E-04
   7115.00  7.6661932E-04
   7115.20  6.9051695E-04
   7115.40  6.5775390E-04
   7115.60  6.5792703E-04
   7115.80  6.8935160E-04
   7116.00  7.5709309E-04
   7116.20  8.7309585E-04
   7116.40  1.0542390E-03
   7116.60  1.3137611E-03
   7116.80  1.6487344E-03
   7117.00  2.0412577E-03
   7117.20  2.4817402E-03
   7117.40  2.9842575E-03
   7117.60  3.5800708E-03
   7117.80  4.3092969E-03
   7118.00  5.2228991E-03
   7118.20  6.4103104E-03
   7118.40  7.9816284E-03
   7118.60  9.8332371E-03
   7118.80  1.1408813E-02
   7119.00  1.2042812E-02
   7119.20  1.1628478E-02
   7119.40  1.0619385E-02
   7119.60  9.5379079E-03
   7119.80  8.6777979E-03
   7120.00  8.1161633E-03
   7120.20  7.8263715E-03
   7120.40  7.7573251E-03
   7120.60  7.8660891E-03
   7120.80  8.1249160E-03
   7121.00  8.5195005E-03
   7121.20  9.0484934E-03
   7121.40  9.7248833E-03
   7121.60  1.0577476E-02
   7121.80  1.1554646E-02
   7122.00  1.2545108E-02
   7122.20  1.3400423E-02
   7122.40  1.4117686E-02
   7122.60  1.4795310E-02
   7122.80  1.5652763E-02
   7123.00  1.6868521E-02
   7123.20  1.8520072E-02
   7123.40  2.0605032E-02
   7123.60  2.2979146E-02
   7123.80  2.5071099E-02
   7124.00  2.6231977E-02
   7124.20  2.6117921E-02
   7124.40  2.5231525E-02
   7124.60  2.4461511E-02
   7124.80  2.4435675E-02
   7125.00  2.5487671E-02
   7125.20  2.7662899E-02
   7125.40  3.0890176E-02
   7125.60  3.4721663E-02
   7125.80  3.8034886E-02
   7126.00  3.9649754E-02
   7126.20  3.9602839E-02
   7126.40  3.8706172E-02
   7126.60  3.7510055E-02
   7126.80  3.6171003E-02
   7127.00  3.4825882E-02
   7127.20  3.3656541E-02
   7127.40  3.2781276E-02
   7127.60  3.2266524E-02
   7127.80  3.2150460E-02
   7128.00  3.2416451E-02
   7128.20  3.3029538E-02
   7128.40  3.4032013E-02
   7128.60  3.5528780E-02
   7128.80  3.7536315E-02
   7129.00  3.9871758E-02
   7129.20  4.2190538E-02
   7129.40  4.4216763E-02
   7129.60  4.5941712E-02
   7129.80  4.7564740E-02
   7130.00  4.9286000E-02
   7130.20  5.1141570E-02
   7130.40  5.3005698E-02
   7130.60  5.4729335E-02
   7130.80  5.6269392E-02
   7131.00  5.7703088E-02
   7131.20  5.9140630E-02
   7131.40  6.0627496E-02
   7131.60  6.2086253E-02
   7131.80  6.3306523E-02
   7132.00  6.3995307E-02
   7132.20  6.3878520E-02
   7132.40  6.2818320E-02
   7132.60  6.0875214E-02
   7132.80  5.8278723E-02
   7133.00  5.5342242E-02
   7133.20  5.2385810E-02
   7133.40  4.9702303E-02
   7133.60  4.7554346E-02
   7133.80  4.6167076E-02
   7134.00  4.5668428E-02
   7134.20  4.5903677E-02
   7134.40  4.6266927E-02
   7134.60  4.6090295E-02
   7134.80  4.5271184E-02
   7135.00  4.4132873E-02
   7135.20  4.2971545E-02
   7135.40  4.1928425E-02
   7135.60  4.1044282E-02
   7135.80  4.0316645E-02
   7136.00  3.9729466E-02
   7136.20  3.9264782E-02
   7136.40  3.8907256E-02
   7136.60  3.8644791E-02
   7136.80  3.8468155E-02
   7137.00  3.8369992E-02
   7137.20  3.8343759E-02
   7137.40  3.8382853E-02
   7137.60  3.8479979E-02
   7137.80  3.8626573E-02
   7138.00  3.8812774E-02
   7138.20  3.9027809E-02
   7138.40  3.9260674E-02
   7138.60  3.9501020E-02
   7138.80  3.9740164E-02
   7139.00  3.9971729E-02
   7139.20  4.0191548E-02
   7139.40  4.0397146E-02
   7139.60  4.0586855E-02
   7139.80  4.0758740E-02
   7140.00  4.0908535E-02
   7140.20  4.1034011E-02
   7140.40  4.1127774E-02
   7140.60  4.1183922E-02
   7140.80  4.1198207E-02
   7141.00  4.1169135E-02
   7141.20  4.1098743E-02
   7141.40  4.0992492E-02
   7141.60  4.0859782E-02
   7141.80  4.0709188E-02
   7142.00  4.0547411E-02
   7142.20  4.0381169E-02
   7142.40  4.0215511E-02
   7142.60  4.0053858E-02
   7142.80  3.9898259E-02
   7143.00  3.9749786E-02
   7143.20  3.9608995E-02
   7143.40  3.9476216E-02
   7143.60  3.9351478E-02
   7143.80  3.9234506E-02
   7144.00  3.9124459E-02
   7144.20  3.9019642E-02
   7144.40  3.8917323E-02
   7144.60  3.8813499E-02
   7144.80  3.8703328E-02
   7145.00  3.8581442E-02
   7145.20  3.8442478E-02
   7145.40  3.8281776E-02
   7145.60  3.8096438E-02
   7145.80  3.7885383E-02
   7146.00  3.7648076E-02
   7146.20  3.7386448E-02
   7146.40  3.7103341E-02
   7146.60  3.6803213E-02
   7146.80  3.6490183E-02
   7147.00  3.6168924E-02
   7147.20  3.5843794E-02
   7147.40  3.5518729E-02
   7147.60  3.5197804E-02
   7147.80  3.4884878E-02
   7148.00  3.4581663E-02
   7148.20  3.4295127E-02
   7148.40  3.4027151E-02
   7148.60  3.3780536E-02
   7148.80  3.3557452E-02
   7149.00  3.3359363E-02
   7149.20  3.3186804E-02
   7149.40  3.3035772E-02
   7149.60  3.2901825E-02
   7149.80  3.2784763E-02
   7150.00  3.2680377E-02
   7150.20  3.2578552E-02
   7150.40  3.2482997E-02
   7150.60  3.2381536E-02
   7150.80  3.2266961E-02
   7151.00  3.2132261E-02
   7151.20  3.1971152E-02
   7151.40  3.1779607E-02
   7151.60  3.1558351E-02
   7151.80  3.1292756E-02
   7152.00  3.0988409E-02
   7152.20  3.0645820E-02
   7152.40  3.0266716E-02
   7152.60  2.9853812E-02
   7152.80  2.9410804E-02
   7153.00  2.8941793E-02
   7153.20  2.8451088E-02
   7153.40  2.7943433E-02
   7153.60  2.7423617E-02
   7153.80  2.6896424E-02
   7154.00  2.6366383E-02
   7154.20  2.5837706E-02
   7154.40  2.5314617E-02
   7154.60  2.4800095E-02
   7154.80  2.4291469E-02
   7155.00  2.3802361E-02
   7155.20  2.3329294E-02
   7155.40  2.2873966E-02
   7155.60  2.2437693E-02
   7155.80  2.2021468E-02
   7156.00  2.1626149E-02
   7156.20  2.1252028E-02
   7156.40  2.0898974E-02
   7156.60  2.0566832E-02
   7156.80  2.0255154E-02
   7157.00  1.9963269E-02
   7157.20  1.9690331E-02
   7157.40  1.9435354E-02
   7157.60  1.9197562E-02
   7157.80  1.8976864E-02
   7158.00  1.8771531E-02
   7158.20  1.8580209E-02
   7158.40  1.8398828E-02
   7158.60  1.8233800E-02
   7158.80  1.8081375E-02
   7159.00  1.7942623E-02
   7159.20  1.7816667E-02
   7159.40  1.7707166E-02
   7159.60  1.7612667E-02
   7159.80  1.7534028E-02
   7160.00  1.7472238E-02
   7160.20  1.7428648E-02
   7160.40  1.7404424E-02
   7160.60  1.7399382E-02
   7160.80  1.7414501E-02
   7161.00  1.7457278E-02
   7161.20  1.7517034E-02
   7161.40  1.7599118E-02
   7161.60  1.7712666E-02
   7161.80  1.7841940E-02
   7162.00  1.7993041E-02
   7162.20  1.8165146E-02
   7162.40  1.8356798E-02
   7162.60  1.8566236E-02
   7162.80  1.8791489E-02
   7163.00  1.9030330E-02
   7163.20  1.9280418E-02
   7163.40  1.9539288E-02
   7163.60  1.9804647E-02
   7163.80  2.0074155E-02
   7164.00  2.0345552E-02
   7164.20  2.0616935E-02
   7164.40  2.0886720E-02
   7164.60  2.1153404E-02
   7164.80  2.1415840E-02
   7165.00  2.1673054E-02
   7165.20  2.1924559E-02
   7165.40  2.2169812E-02
   7165.60  2.2408629E-02
   7165.80  2.2640845E-02
   7166.00  2.2866530E-02
   7166.20  2.3085856E-02
   7166.40  2.3299118E-02
   7166.60  2.3506786E-02
   7166.80  2.3709559E-02
   7167.00  2.3907909E-02
   7167.20  2.4102631E-02
   7167.40  2.4294344E-02
   7167.60  2.4485078E-02
   7167.80  2.4674352E-02
   7168.00  2.4863183E-02
   7168.20  2.5052290E-02
   7168.40  2.5242458E-02
   7168.60  2.5434402E-02
   7168.80  2.5628806E-02
   7169.00  2.5826109E-02
   7169.20  2.6026654E-02
   7169.40  2.6230723E-02
   7169.60  2.6438482E-02
   7169.80  2.6650027E-02
   7170.00  2.6865394E-02
   7170.20  2.7084550E-02
   7170.40  2.7307391E-02
   7170.60  2.7533831E-02
   7170.80  2.7763899E-02
   7171.00  2.7997317E-02
   7171.20  2.8234244E-02
   7171.40  2.8474522E-02
   7171.60  2.8718185E-02
   7171.80  2.8965168E-02
   7172.00  2.9215418E-02
