  7112.000   26  1  1  1.6362056E-02 -3.4924733E+00  4.3477717E-02  1  1  7.2645907E+03  0.0000000E+00  0.0000000E+00  4.1706996E+00  1.0000000E+00  0.0000000E+00 = E_edge, Z, n_edge, j_edge, Abs_before_edge, VO_interstitial, E_cut, ninitl, ninit1, Epsii, UnitCell_Volume, Surface_ref, f0_forward, natomsym_f, abs_u_i
    Energy    <xanes>    
   7097.00  2.4747977E-04
   7097.20  1.0298790E-04
   7097.40  6.8544481E-05
   7097.60  5.3072802E-05
   7097.80  4.4515455E-05
   7098.00  3.9247676E-05
   7098.20  3.5798402E-05
   7098.40  3.3462291E-05
   7098.60  3.1872735E-05
   7098.80  3.0830084E-05
   7099.00  3.0239314E-05
   7099.20  3.0097698E-05
   7099.40  3.0548777E-05
   7099.60  3.2167733E-05
   7099.80  3.7769135E-05
   7100.00  8.3550286E-05
   7100.20  2.6511665E-04
   7100.40  5.2355741E-05
   7100.60  4.8463893E-05
   7100.80  4.2283939E-05
   7101.00  5.4403641E-05
   7101.20  1.6064692E-04
   7101.40  3.9043596E-04
   7101.60  9.2443939E-05
   7101.80  1.5269432E-04
   7102.00  2.4618465E-03
   7102.20  3.6653301E-04
   7102.40  4.1349470E-04
   7102.60  9.2401094E-04
   7102.80  5.8756891E-03
   7103.00  2.4887465E-03
   7103.20  2.3446647E-04
   7103.40  2.8951268E-04
   7103.60  8.1036897E-05
   7103.80  5.9579290E-05
   7104.00  5.6794773E-05
   7104.20  6.0217118E-05
   7104.40  7.4094488E-05
   7104.60  1.2317277E-03
   7104.80  1.4741891E-04
   7105.00  2.5428107E-04
   7105.20  4.2110629E-02
   7105.40  3.3573116E-04
   7105.60  3.1959855E-03
   7105.80  6.5746712E-02
   7106.00  3.4114744E-03
   7106.20  9.9142458E-04
   7106.40  3.1198392E-04
   7106.60  2.2587646E-03
   7106.80  6.5008779E-03
   7107.00  2.5679948E-03
   7107.20  6.6322465E-03
   7107.40  2.9054026E-03
   7107.60  1.6033918E-02
   7107.80  2.8070060E-03
   7108.00  2.0076054E-02
   7108.20  2.1168874E-03
   7108.40  2.3041865E-02
   7108.60  4.7258620E-03
   7108.80  2.9843313E-03
   7109.00  6.2616508E-03
   7109.20  7.2281166E-03
   7109.40  1.1938308E-02
   7109.60  2.0820095E-02
   7109.80  1.6957330E-02
   7110.00  2.8573474E-02
   7110.20  7.0715506E-02
   7110.40  2.7265170E-02
   7110.60  1.5719726E-02
   7110.80  1.1386533E-02
   7111.00  1.1966506E-02
   7111.20  1.6575146E-02
   7111.40  2.2497959E-02
   7111.60  2.4873679E-02
   7111.80  3.0571820E-02
   7112.00  4.3148232E-02
   7112.20  2.4318299E-02
   7112.40  2.4218733E-02
   7112.60  1.7636006E-02
   7112.80  1.1796481E-02
   7113.00  8.6526101E-03
   7113.20  7.5351810E-03
   7113.40  7.9423734E-03
   7113.60  8.8116403E-03
   7113.80  9.0194431E-03
   7114.00  7.6583550E-03
   7114.20  5.4503788E-03
   7114.40  3.9193803E-03
   7114.60  3.3345110E-03
   7114.80  4.0681817E-03
   7115.00  7.4650676E-03
   7115.20  6.2974220E-03
   7115.40  3.6444446E-03
   7115.60  5.2940796E-03
   7115.80  3.6212304E-03
   7116.00  1.8554184E-03
   7116.20  1.4659535E-03
   7116.40  1.3085260E-03
   7116.60  1.2313886E-03
   7116.80  1.1894156E-03
   7117.00  1.1649931E-03
   7117.20  1.1600425E-03
   7117.40  1.1850299E-03
   7117.60  1.2488657E-03
   7117.80  1.3561263E-03
   7118.00  1.5067571E-03
   7118.20  1.6929825E-03
   7118.40  1.8869514E-03
   7118.60  2.0208822E-03
   7118.80  2.0143541E-03
   7119.00  1.8725571E-03
   7119.20  1.6804013E-03
   7119.40  1.5030443E-03
   7119.60  1.3655494E-03
   7119.80  1.2727368E-03
   7120.00  1.2210826E-03
   7120.20  1.2045997E-03
   7120.40  1.2186380E-03
   7120.60  1.2611696E-03
   7120.80  1.3327182E-03
   7121.00  1.4361294E-03
   7121.20  1.5763834E-03
   7121.40  1.7599603E-03
   7121.60  1.9976659E-03
   7121.80  2.2814793E-03
   7122.00  2.5862682E-03
   7122.20  2.8759042E-03
   7122.40  3.0727777E-03
   7122.60  3.1993835E-03
   7122.80  3.3458735E-03
   7123.00  3.5601830E-03
   7123.20  3.8259153E-03
   7123.40  4.1347178E-03
   7123.60  4.4647337E-03
   7123.80  4.9822997E-03
   7124.00  5.8069307E-03
   7124.20  7.0150581E-03
   7124.40  8.6869246E-03
   7124.60  1.0902126E-02
   7124.80  1.3666681E-02
   7125.00  1.6966682E-02
   7125.20  2.0768366E-02
   7125.40  2.5005741E-02
   7125.60  3.0671540E-02
   7125.80  3.7372632E-02
   7126.00  4.1535521E-02
   7126.20  3.9731713E-02
   7126.40  3.5477997E-02
   7126.60  3.1269114E-02
   7126.80  2.7739853E-02
   7127.00  2.5086490E-02
   7127.20  2.3509931E-02
   7127.40  2.2818795E-02
   7127.60  2.2600029E-02
   7127.80  2.2471964E-02
   7128.00  2.2241510E-02
   7128.20  2.1969535E-02
   7128.40  2.1825191E-02
   7128.60  2.1932934E-02
   7128.80  2.2325975E-02
   7129.00  2.2938443E-02
   7129.20  2.3666387E-02
   7129.40  2.4456651E-02
   7129.60  2.5250501E-02
   7129.80  2.6024709E-02
   7130.00  2.6997971E-02
   7130.20  2.8258814E-02
   7130.40  2.9739920E-02
   7130.60  3.1314196E-02
   7130.80  3.2857120E-02
   7131.00  3.4335937E-02
   7131.20  3.5786764E-02
   7131.40  3.7263336E-02
   7131.60  3.8827189E-02
   7131.80  4.0574054E-02
   7132.00  4.2626982E-02
   7132.20  4.5077879E-02
   7132.40  4.7917065E-02
   7132.60  5.1001341E-02
   7132.80  5.4088660E-02
   7133.00  5.6941180E-02
   7133.20  5.9439191E-02
   7133.40  6.1618481E-02
   7133.60  6.3602324E-02
   7133.80  6.5493055E-02
   7134.00  6.7293089E-02
   7134.20  6.8875079E-02
   7134.40  7.0023089E-02
   7134.60  7.0577137E-02
   7134.80  7.0631405E-02
   7135.00  7.0581382E-02
   7135.20  7.0857714E-02
   7135.40  7.1775172E-02
   7135.60  7.3465508E-02
   7135.80  7.5350543E-02
   7136.00  7.6196748E-02
   7136.20  7.5195310E-02
   7136.40  7.2600862E-02
   7136.60  6.9211970E-02
   7136.80  6.5697260E-02
   7137.00  6.2410805E-02
   7137.20  5.9480970E-02
   7137.40  5.6920988E-02
   7137.60  5.4693627E-02
   7137.80  5.2744960E-02
   7138.00  5.1024275E-02
   7138.20  4.9479112E-02
   7138.40  4.8065949E-02
   7138.60  4.6752706E-02
   7138.80  4.5521003E-02
   7139.00  4.4365556E-02
   7139.20  4.3286655E-02
   7139.40  4.2286628E-02
   7139.60  4.1367378E-02
   7139.80  4.0528647E-02
   7140.00  3.9767327E-02
   7140.20  3.9077105E-02
   7140.40  3.8450430E-02
   7140.60  3.7879124E-02
   7140.80  3.7355991E-02
   7141.00  3.6876613E-02
   7141.20  3.6438988E-02
   7141.40  3.6043715E-02
   7141.60  3.5693814E-02
   7141.80  3.5393825E-02
   7142.00  3.5148718E-02
   7142.20  3.4962302E-02
   7142.40  3.4835100E-02
   7142.60  3.4762624E-02
   7142.80  3.4734712E-02
   7143.00  3.4736674E-02
   7143.20  3.4752114E-02
   7143.40  3.4766448E-02
   7143.60  3.4769645E-02
   7143.80  3.4757561E-02
   7144.00  3.4731679E-02
   7144.20  3.4659120E-02
   7144.40  3.4626696E-02
   7144.60  3.4605343E-02
   7144.80  3.4606668E-02
   7145.00  3.4643181E-02
   7145.20  3.4727545E-02
   7145.40  3.4865601E-02
   7145.60  3.5067569E-02
   7145.80  3.5343323E-02
   7146.00  3.5700301E-02
   7146.20  3.6145487E-02
   7146.40  3.6685293E-02
   7146.60  3.7324812E-02
   7146.80  3.8066660E-02
   7147.00  3.8910189E-02
   7147.20  3.9852601E-02
   7147.40  4.0885586E-02
   7147.60  4.2002668E-02
   7147.80  4.3192721E-02
   7148.00  4.4431276E-02
   7148.20  4.5696201E-02
   7148.40  4.6948254E-02
   7148.60  4.8138961E-02
   7148.80  4.9235878E-02
   7149.00  5.0132532E-02
   7149.20  5.0801288E-02
   7149.40  5.1204616E-02
   7149.60  5.1324119E-02
   7149.80  5.1161328E-02
   7150.00  5.0734238E-02
   7150.20  5.0072842E-02
   7150.40  4.9219888E-02
   7150.60  4.8217421E-02
   7150.80  4.7110556E-02
   7151.00  4.5943747E-02
   7151.20  4.4728509E-02
   7151.40  4.3554373E-02
   7151.60  4.2425306E-02
   7151.80  4.1363389E-02
   7152.00  4.0378112E-02
   7152.20  3.9466428E-02
   7152.40  3.8673661E-02
   7152.60  3.7970010E-02
   7152.80  3.7343465E-02
   7153.00  3.6764174E-02
   7153.20  3.6230754E-02
   7153.40  3.5702395E-02
   7153.60  3.5147458E-02
   7153.80  3.4536670E-02
   7154.00  3.3856873E-02
   7154.20  3.3100136E-02
   7154.40  3.2265154E-02
   7154.60  3.1365904E-02
   7154.80  3.0424130E-02
   7155.00  2.9464224E-02
   7155.20  2.8509172E-02
   7155.40  2.7575721E-02
   7155.60  2.6675161E-02
   7155.80  2.5813244E-02
   7156.00  2.4991629E-02
   7156.20  2.4209855E-02
   7156.40  2.3467142E-02
   7156.60  2.2762420E-02
   7156.80  2.2095824E-02
   7157.00  2.1468195E-02
   7157.20  2.0880808E-02
   7157.40  2.0334820E-02
   7157.60  1.9831136E-02
   7157.80  1.9370077E-02
   7158.00  1.8950969E-02
   7158.20  1.8573031E-02
   7158.40  1.8235301E-02
   7158.60  1.7936854E-02
   7158.80  1.7677197E-02
   7159.00  1.7456797E-02
   7159.20  1.7272841E-02
   7159.40  1.7126766E-02
   7159.60  1.7018171E-02
   7159.80  1.6946294E-02
   7160.00  1.6909503E-02
   7160.20  1.6904899E-02
   7160.40  1.6928032E-02
   7160.60  1.6972829E-02
   7160.80  1.7031668E-02
   7161.00  1.7100331E-02
   7161.20  1.7164880E-02
   7161.40  1.7222868E-02
   7161.60  1.7271293E-02
   7161.80  1.7310195E-02
   7162.00  1.7342312E-02
   7162.20  1.7372154E-02
   7162.40  1.7405014E-02
   7162.60  1.7445961E-02
   7162.80  1.7499306E-02
   7163.00  1.7568255E-02
   7163.20  1.7654621E-02
   7163.40  1.7759108E-02
   7163.60  1.7884408E-02
   7163.80  1.8026646E-02
   7164.00  1.8183977E-02
   7164.20  1.8354135E-02
   7164.40  1.8534603E-02
   7164.60  1.8722878E-02
   7164.80  1.8916603E-02
   7165.00  1.9114101E-02
   7165.20  1.9313705E-02
   7165.40  1.9514161E-02
   7165.60  1.9714839E-02
   7165.80  1.9915297E-02
   7166.00  2.0115948E-02
   7166.20  2.0317312E-02
   7166.40  2.0520057E-02
   7166.60  2.0725052E-02
   7166.80  2.0933355E-02
   7167.00  2.1145446E-02
   7167.20  2.1361832E-02
   7167.40  2.1582898E-02
   7167.60  2.1809065E-02
   7167.80  2.2040103E-02
   7168.00  2.2275686E-02
   7168.20  2.2515340E-02
   7168.40  2.2758395E-02
   7168.60  2.3004102E-02
   7168.80  2.3251635E-02
   7169.00  2.3499532E-02
   7169.20  2.3746460E-02
   7169.40  2.3991104E-02
   7169.60  2.4232214E-02
   7169.80  2.4468705E-02
   7170.00  2.4699959E-02
   7170.20  2.4925000E-02
   7170.40  2.5143369E-02
   7170.60  2.5355058E-02
   7170.80  2.5560235E-02
   7171.00  2.5759300E-02
   7171.20  2.5952724E-02
   7171.40  2.6141225E-02
   7171.60  2.6325420E-02
   7171.80  2.6505755E-02
   7172.00  2.6682756E-02
