  7112.000   26  1  1  3.6296614E-02 -2.8284858E+00 -1.5749385E+00  1  1  7.2657412E+03  0.0000000E+00  0.0000000E+00  3.9270387E+00  1.0000000E+00  0.0000000E+00 = E_edge, Z, n_edge, j_edge, Abs_before_edge, VO_interstitial, E_cut, ninitl, ninit1, Epsii, UnitCell_Volume, Surface_ref, f0_forward, natomsym_f, abs_u_i
    Energy    <xanes>    
   7097.00  1.3624522E-02
   7097.20  3.4777003E-04
   7097.40  1.1751229E-04
   7097.60  6.7461588E-05
   7097.80  4.9200717E-05
   7098.00  4.0917304E-05
   7098.20  3.6869997E-05
   7098.40  3.5088626E-05
   7098.60  3.4858566E-05
   7098.80  3.6065225E-05
   7099.00  3.9117994E-05
   7099.20  4.5357625E-05
   7099.40  5.8881119E-05
   7099.60  9.6978908E-05
   7099.80  3.6690847E-04
   7100.00  1.0041216E-03
   7100.20  1.9290070E-03
   7100.40  2.3091215E-03
   7100.60  1.7173937E-04
   7100.80  9.0065177E-05
   7101.00  8.1750416E-05
   7101.20  5.4708204E-05
   7101.40  5.5395818E-05
   7101.60  7.2620601E-05
   7101.80  2.0450712E-04
   7102.00  1.8556221E-03
   7102.20  1.3063877E-04
   7102.40  1.4474484E-04
   7102.60  1.2605795E-03
   7102.80  1.5406156E-02
   7103.00  2.2126878E-04
   7103.20  1.7591500E-04
   7103.40  2.2987173E-02
   7103.60  2.8879944E-04
   7103.80  5.9524959E-04
   7104.00  2.2790636E-03
   7104.20  6.7432378E-04
   7104.40  2.8249198E-03
   7104.60  1.9910837E-04
   7104.80  6.7919245E-04
   7105.00  1.3608091E-03
   7105.20  1.6291835E-04
   7105.40  1.1637198E-04
   7105.60  1.9221590E-04
   7105.80  9.2302497E-03
   7106.00  3.9646760E-04
   7106.20  9.3474042E-03
   7106.40  2.5442728E-04
   7106.60  2.3987731E-03
   7106.80  2.1998628E-04
   7107.00  3.0416578E-03
   7107.20  1.9153601E-02
   7107.40  1.2540708E-03
   7107.60  4.8766795E-04
   7107.80  1.2046443E-02
   7108.00  1.3109691E-02
   7108.20  1.2822557E-03
   7108.40  2.0444371E-03
   7108.60  3.7684078E-03
   7108.80  2.2852581E-03
   7109.00  5.8046157E-03
   7109.20  1.5299623E-02
   7109.40  9.3468202E-04
   7109.60  4.7681432E-03
   7109.80  1.5741374E-02
   7110.00  8.8789113E-03
   7110.20  1.0821682E-02
   7110.40  2.2939318E-02
   7110.60  1.4908860E-02
   7110.80  2.3090411E-02
   7111.00  1.9541893E-02
   7111.20  2.5007631E-02
   7111.40  3.0066570E-02
   7111.60  2.5781223E-02
   7111.80  1.8247037E-02
   7112.00  2.6010934E-02
   7112.20  4.4831101E-02
   7112.40  4.5022884E-02
   7112.60  3.8901786E-02
   7112.80  8.8679801E-02
   7113.00  3.8481696E-02
   7113.20  1.7034825E-02
   7113.40  1.0349312E-02
   7113.60  6.8273213E-03
   7113.80  4.8360256E-03
   7114.00  3.7490593E-03
   7114.20  3.1510865E-03
   7114.40  2.8664714E-03
   7114.60  2.8839867E-03
   7114.80  3.4475507E-03
   7115.00  5.3468176E-03
   7115.20  1.0653095E-02
   7115.40  2.4834501E-02
   7115.60  2.0831167E-02
   7115.80  1.0186348E-02
   7116.00  6.1194069E-03
   7116.20  4.2658653E-03
   7116.40  3.2833107E-03
   7116.60  2.7313411E-03
   7116.80  2.4325042E-03
   7117.00  2.3087335E-03
   7117.20  2.3297366E-03
   7117.40  2.4895963E-03
   7117.60  2.7806509E-03
   7117.80  3.1439184E-03
   7118.00  3.4144426E-03
   7118.20  3.4440059E-03
   7118.40  3.3398620E-03
   7118.60  3.3394972E-03
   7118.80  3.5708139E-03
   7119.00  4.0128184E-03
   7119.20  4.5248387E-03
   7119.40  4.9857685E-03
   7119.60  5.5060774E-03
   7119.80  5.8466300E-03
   7120.00  5.6912894E-03
   7120.20  5.1294994E-03
   7120.40  4.6121414E-03
   7120.60  4.4005989E-03
   7120.80  4.4894434E-03
   7121.00  4.8540591E-03
   7121.20  5.4645778E-03
   7121.40  6.1309522E-03
   7121.60  6.6520160E-03
   7121.80  7.2207101E-03
   7122.00  7.8878818E-03
   7122.20  8.7648864E-03
   7122.40  9.9662430E-03
   7122.60  1.1520127E-02
   7122.80  1.3294296E-02
   7123.00  1.4837820E-02
   7123.20  1.5810600E-02
   7123.40  1.6715035E-02
   7123.60  1.8173689E-02
   7123.80  2.0151594E-02
   7124.00  2.2280729E-02
   7124.20  2.4349567E-02
   7124.40  2.6375187E-02
   7124.60  2.8180481E-02
   7124.80  2.9233287E-02
   7125.00  2.9278479E-02
   7125.20  2.8669736E-02
   7125.40  2.7804595E-02
   7125.60  2.6852246E-02
   7125.80  2.5923824E-02
   7126.00  2.5301245E-02
   7126.20  2.5062654E-02
   7126.40  2.5247222E-02
   7126.60  2.5865443E-02
   7126.80  2.6873455E-02
   7127.00  2.8246936E-02
   7127.20  2.9803211E-02
   7127.40  3.1423479E-02
   7127.60  3.2920072E-02
   7127.80  3.4353533E-02
   7128.00  3.5876922E-02
   7128.20  3.7643898E-02
   7128.40  3.9624001E-02
   7128.60  4.1453403E-02
   7128.80  4.2542168E-02
   7129.00  4.2696240E-02
   7129.20  4.2595672E-02
   7129.40  4.3171790E-02
   7129.60  4.4805707E-02
   7129.80  4.7296338E-02
   7130.00  5.0148069E-02
   7130.20  5.2816188E-02
   7130.40  5.4907697E-02
   7130.60  5.6293165E-02
   7130.80  5.7070087E-02
   7131.00  5.7410543E-02
   7131.20  5.7412090E-02
   7131.40  5.7042857E-02
   7131.60  5.6220886E-02
   7131.80  5.4973778E-02
   7132.00  5.3483845E-02
   7132.20  5.1961102E-02
   7132.40  5.0541398E-02
   7132.60  4.9289781E-02
   7132.80  4.8244077E-02
   7133.00  4.7442680E-02
   7133.20  4.6910871E-02
   7133.40  4.6637411E-02
   7133.60  4.6610450E-02
   7133.80  4.6820272E-02
   7134.00  4.7239305E-02
   7134.20  4.7803058E-02
   7134.40  4.8417138E-02
   7134.60  4.8961354E-02
   7134.80  4.9323517E-02
   7135.00  4.9471320E-02
   7135.20  4.9467729E-02
   7135.40  4.9406829E-02
   7135.60  4.9353302E-02
   7135.80  4.9332329E-02
   7136.00  4.9344967E-02
   7136.20  4.9379635E-02
   7136.40  4.9416650E-02
   7136.60  4.9432184E-02
   7136.80  4.9403674E-02
   7137.00  4.9312719E-02
   7137.20  4.9145381E-02
   7137.40  4.8896759E-02
   7137.60  4.8578060E-02
   7137.80  4.8217173E-02
   7138.00  4.7849101E-02
   7138.20  4.7502918E-02
   7138.40  4.7194166E-02
   7138.60  4.6925664E-02
   7138.80  4.6690733E-02
   7139.00  4.6477300E-02
   7139.20  4.6269153E-02
   7139.40  4.6044337E-02
   7139.60  4.5771691E-02
   7139.80  4.5433404E-02
   7140.00  4.4969564E-02
   7140.20  4.4340095E-02
   7140.40  4.3526863E-02
   7140.60  4.2541490E-02
   7140.80  4.1428477E-02
   7141.00  4.0258479E-02
   7141.20  3.9113513E-02
   7141.40  3.8070929E-02
   7141.60  3.7191340E-02
   7141.80  3.6513009E-02
   7142.00  3.6052160E-02
   7142.20  3.5806127E-02
   7142.40  3.5757623E-02
   7142.60  3.5878029E-02
   7142.80  3.6130306E-02
   7143.00  3.6470587E-02
   7143.20  3.6849390E-02
   7143.40  3.7213485E-02
   7143.60  3.7508309E-02
   7143.80  3.7682457E-02
   7144.00  3.7693929E-02
   7144.20  3.7516236E-02
   7144.40  3.7143498E-02
   7144.60  3.6592074E-02
   7144.80  3.5896931E-02
   7145.00  3.5105210E-02
   7145.20  3.4267616E-02
   7145.40  3.3387130E-02
   7145.60  3.2587097E-02
   7145.80  3.1855838E-02
   7146.00  3.1189728E-02
   7146.20  3.0643147E-02
   7146.40  3.0194479E-02
   7146.60  2.9811177E-02
   7146.80  2.9554274E-02
   7147.00  2.9372027E-02
   7147.20  2.9259249E-02
   7147.40  2.9208642E-02
   7147.60  2.9213105E-02
   7147.80  2.9265458E-02
   7148.00  2.9354733E-02
   7148.20  2.9481507E-02
   7148.40  2.9638123E-02
   7148.60  2.9817728E-02
   7148.80  3.0014799E-02
   7149.00  3.0225144E-02
   7149.20  3.0444552E-02
   7149.40  3.0669335E-02
   7149.60  3.0896454E-02
   7149.80  3.1122723E-02
   7150.00  3.1345036E-02
   7150.20  3.1560057E-02
   7150.40  3.1764072E-02
   7150.60  3.1952506E-02
   7150.80  3.2120636E-02
   7151.00  3.2263939E-02
   7151.20  3.2379103E-02
   7151.40  3.2464810E-02
   7151.60  3.2522627E-02
   7151.80  3.2557732E-02
   7152.00  3.2578036E-02
   7152.20  3.2593549E-02
   7152.40  3.2614227E-02
   7152.60  3.2649243E-02
   7152.80  3.2705549E-02
   7153.00  3.2787387E-02
   7153.20  3.2895917E-02
   7153.40  3.3029527E-02
   7153.60  3.3183396E-02
   7153.80  3.3350763E-02
   7154.00  3.3523404E-02
   7154.20  3.3692579E-02
   7154.40  3.3849961E-02
   7154.60  3.3988186E-02
   7154.80  3.4102830E-02
   7155.00  3.4189437E-02
   7155.20  3.4246424E-02
   7155.40  3.4274713E-02
   7155.60  3.4276546E-02
   7155.80  3.4255090E-02
   7156.00  3.4213741E-02
   7156.20  3.4156107E-02
   7156.40  3.4084796E-02
   7156.60  3.4001931E-02
   7156.80  3.3908735E-02
   7157.00  3.3805645E-02
   7157.20  3.3692254E-02
   7157.40  3.3567466E-02
   7157.60  3.3429686E-02
   7157.80  3.3277296E-02
   7158.00  3.3107996E-02
   7158.20  3.2919771E-02
   7158.40  3.2710960E-02
   7158.60  3.2480223E-02
   7158.80  3.2226875E-02
   7159.00  3.1950943E-02
   7159.20  3.1653214E-02
   7159.40  3.1333706E-02
   7159.60  3.0997473E-02
   7159.80  3.0646810E-02
   7160.00  3.0284621E-02
   7160.20  2.9914101E-02
   7160.40  2.9540654E-02
   7160.60  2.9167418E-02
   7160.80  2.8798218E-02
   7161.00  2.8436893E-02
   7161.20  2.8086362E-02
   7161.40  2.7749264E-02
   7161.60  2.7426283E-02
   7161.80  2.7120493E-02
   7162.00  2.6831407E-02
   7162.20  2.6558280E-02
   7162.40  2.6301163E-02
   7162.60  2.6058720E-02
   7162.80  2.5829762E-02
   7163.00  2.5613131E-02
   7163.20  2.5407536E-02
   7163.40  2.5211010E-02
   7163.60  2.5023510E-02
   7163.80  2.4841173E-02
   7164.00  2.4664734E-02
   7164.20  2.4493016E-02
   7164.40  2.4325192E-02
   7164.60  2.4160808E-02
   7164.80  2.3999739E-02
   7165.00  2.3842137E-02
   7165.20  2.3688729E-02
   7165.40  2.3539397E-02
   7165.60  2.3394662E-02
   7165.80  2.3255125E-02
   7166.00  2.3121450E-02
   7166.20  2.2994378E-02
   7166.40  2.2874929E-02
   7166.60  2.2763807E-02
   7166.80  2.2661316E-02
   7167.00  2.2568042E-02
   7167.20  2.2484483E-02
   7167.40  2.2410939E-02
   7167.60  2.2347673E-02
   7167.80  2.2294926E-02
   7168.00  2.2252850E-02
   7168.20  2.2220956E-02
   7168.40  2.2199076E-02
   7168.60  2.2186932E-02
   7168.80  2.2184202E-02
   7169.00  2.2190531E-02
   7169.20  2.2205645E-02
   7169.40  2.2229137E-02
   7169.60  2.2260892E-02
   7169.80  2.2300390E-02
   7170.00  2.2347311E-02
   7170.20  2.2401408E-02
   7170.40  2.2462478E-02
   7170.60  2.2530280E-02
   7170.80  2.2604622E-02
   7171.00  2.2685381E-02
   7171.20  2.2772371E-02
   7171.40  2.2865495E-02
   7171.60  2.2964515E-02
   7171.80  2.3069143E-02
   7172.00  2.3179065E-02
