  7112.000   26  1  1  8.6332727E-03 -1.9052840E+00 -1.9439812E+00  1  1  7.2657825E+03  0.0000000E+00  0.0000000E+00  2.0535853E+00  1.0000000E+00  0.0000000E+00 = E_edge, Z, n_edge, j_edge, Abs_before_edge, VO_interstitial, E_cut, ninitl, ninit1, Epsii, UnitCell_Volume, Surface_ref, f0_forward, natomsym_f, abs_u_i
    Energy    <xanes>    
   7097.00  6.7503957E-05
   7097.20  1.5093325E-04
   7097.40  1.1030175E-03
   7097.60  1.4119544E-03
   7097.80  1.6289133E-04
   7098.00  7.0548577E-05
   7098.20  4.5712670E-05
   7098.40  3.5742781E-05
   7098.60  3.0923269E-05
   7098.80  2.8449987E-05
   7099.00  2.7534671E-05
   7099.20  3.7084072E-05
   7099.40  2.8899590E-05
   7099.60  2.7618673E-05
   7099.80  2.9226465E-05
   7100.00  3.2997417E-05
   7100.20  4.1677564E-05
   7100.40  6.7352583E-05
   7100.60  2.2435188E-04
   7100.80  2.5205179E-03
   7101.00  3.0319984E-04
   7101.20  7.4667595E-05
   7101.40  4.4313914E-05
   7101.60  3.6424213E-05
   7101.80  3.1504840E-05
   7102.00  3.0013106E-05
   7102.20  5.3179139E-05
   7102.40  3.2777355E-05
   7102.60  3.2468555E-05
   7102.80  4.0552384E-05
   7103.00  8.7361561E-05
   7103.20  2.0649004E-02
   7103.40  8.6266445E-05
   7103.60  8.0193372E-05
   7103.80  3.9657357E-05
   7104.00  4.2963637E-05
   7104.20  6.5571249E-05
   7104.40  5.1507010E-04
   7104.60  1.3376194E-03
   7104.80  9.3014894E-05
   7105.00  5.4459375E-05
   7105.20  6.1849752E-05
   7105.40  3.0230065E-04
   7105.60  1.6914514E-04
   7105.80  6.0001849E-05
   7106.00  1.1849224E-04
   7106.20  6.9756880E-05
   7106.40  1.4428798E-03
   7106.60  1.0327685E-03
   7106.80  9.3037983E-05
   7107.00  1.6013404E-04
   7107.20  2.4307661E-03
   7107.40  1.0954694E-03
   7107.60  2.4638302E-03
   7107.80  8.5370844E-04
   7108.00  2.1838330E-04
   7108.20  2.9685264E-04
   7108.40  6.4035726E-02
   7108.60  4.2058483E-03
   7108.80  8.2235594E-04
   7109.00  8.2427957E-03
   7109.20  2.4596156E-02
   7109.40  4.6538356E-03
   7109.60  4.0825912E-02
   7109.80  2.1514693E-03
   7110.00  6.0465100E-03
   7110.20  3.5514866E-03
   7110.40  4.3830805E-04
   7110.60  2.3990008E-02
   7110.80  3.2001198E-02
   7111.00  1.8826599E-02
   7111.20  2.0188012E-02
   7111.40  4.7631551E-03
   7111.60  4.1188519E-03
   7111.80  4.4395168E-03
   7112.00  1.1104393E-02
   7112.20  5.8043099E-02
   7112.40  2.9029465E-02
   7112.60  1.5626839E-02
   7112.80  1.3005168E-02
   7113.00  1.1106009E-02
   7113.20  1.8294771E-02
   7113.40  9.4028339E-02
   7113.60  4.4288572E-02
   7113.80  6.1285777E-02
   7114.00  1.9920746E-02
   7114.20  7.2742784E-03
   7114.40  4.5177584E-03
   7114.60  3.4958281E-03
   7114.80  3.0687134E-03
   7115.00  2.9572824E-03
   7115.20  3.0992794E-03
   7115.40  3.5441966E-03
   7115.60  4.4784322E-03
   7115.80  6.3549004E-03
   7116.00  1.0268552E-02
   7116.20  1.8182801E-02
   7116.40  2.8112801E-02
   7116.60  2.8073836E-02
   7116.80  2.2779330E-02
   7117.00  2.0516240E-02
   7117.20  2.0609394E-02
   7117.40  2.1536220E-02
   7117.60  2.3008509E-02
   7117.80  2.4557372E-02
   7118.00  2.4933160E-02
   7118.20  2.3648915E-02
   7118.40  2.1079093E-02
   7118.60  1.8529022E-02
   7118.80  1.6738675E-02
   7119.00  1.5399588E-02
   7119.20  1.4314137E-02
   7119.40  1.3186436E-02
   7119.60  1.2008937E-02
   7119.80  1.1013963E-02
   7120.00  1.0257209E-02
   7120.20  9.6927323E-03
   7120.40  9.2540843E-03
   7120.60  8.8770608E-03
   7120.80  8.5302428E-03
   7121.00  8.2221710E-03
   7121.20  7.9765775E-03
   7121.40  7.8138119E-03
   7121.60  7.7334096E-03
   7121.80  7.7115128E-03
   7122.00  7.7397414E-03
   7122.20  7.8349881E-03
   7122.40  8.0042511E-03
   7122.60  8.2611465E-03
   7122.80  8.5350370E-03
   7123.00  8.7392344E-03
   7123.20  8.7686630E-03
   7123.40  8.5319570E-03
   7123.60  8.1572211E-03
   7123.80  7.8468628E-03
   7124.00  7.7247432E-03
   7124.20  7.8104015E-03
   7124.40  8.0733473E-03
   7124.60  8.5219043E-03
   7124.80  9.1643821E-03
   7125.00  1.0004573E-02
   7125.20  1.0997174E-02
   7125.40  1.2066515E-02
   7125.60  1.3204445E-02
   7125.80  1.4483156E-02
   7126.00  1.5946252E-02
   7126.20  1.7508530E-02
   7126.40  1.8968179E-02
   7126.60  2.0161434E-02
   7126.80  2.1053898E-02
   7127.00  2.1783645E-02
   7127.20  2.2418669E-02
   7127.40  2.3020983E-02
   7127.60  2.3609510E-02
   7127.80  2.4224692E-02
   7128.00  2.4929624E-02
   7128.20  2.5787556E-02
   7128.40  2.6826242E-02
   7128.60  2.8017312E-02
   7128.80  2.9297335E-02
   7129.00  3.0640352E-02
   7129.20  3.1914622E-02
   7129.40  3.2875375E-02
   7129.60  3.3302795E-02
   7129.80  3.3216191E-02
   7130.00  3.2976084E-02
   7130.20  3.2984785E-02
   7130.40  3.3458522E-02
   7130.60  3.4433605E-02
   7130.80  3.5846231E-02
   7131.00  3.7534069E-02
   7131.20  3.9438489E-02
   7131.40  4.1339484E-02
   7131.60  4.3098130E-02
   7131.80  4.4633304E-02
   7132.00  4.5935633E-02
   7132.20  4.7055924E-02
   7132.40  4.8072033E-02
   7132.60  4.9055832E-02
   7132.80  5.0050692E-02
   7133.00  5.1066234E-02
   7133.20  5.2094479E-02
   7133.40  5.3136324E-02
   7133.60  5.4218709E-02
   7133.80  5.5364998E-02
   7134.00  5.6489039E-02
   7134.20  5.7352590E-02
   7134.40  5.7800233E-02
   7134.60  5.7903442E-02
   7134.80  5.7793117E-02
   7135.00  5.7551645E-02
   7135.20  5.7220373E-02
   7135.40  5.6819822E-02
   7135.60  5.6359064E-02
   7135.80  5.5840122E-02
   7136.00  5.5259914E-02
   7136.20  5.4612733E-02
   7136.40  5.3891566E-02
   7136.60  5.3089375E-02
   7136.80  5.2201083E-02
   7137.00  5.1225083E-02
   7137.20  5.0165077E-02
   7137.40  4.9031666E-02
   7137.60  4.7843249E-02
   7137.80  4.6625179E-02
   7138.00  4.5408719E-02
   7138.20  4.4237734E-02
   7138.40  4.3137856E-02
   7138.60  4.2125312E-02
   7138.80  4.1214043E-02
   7139.00  4.0408837E-02
   7139.20  3.9706789E-02
   7139.40  3.9100568E-02
   7139.60  3.8581162E-02
   7139.80  3.8139977E-02
   7140.00  3.7770221E-02
   7140.20  3.7467423E-02
   7140.40  3.7229268E-02
   7140.60  3.7055143E-02
   7140.80  3.6945539E-02
   7141.00  3.6901543E-02
   7141.20  3.6924348E-02
   7141.40  3.7014629E-02
   7141.60  3.7172188E-02
   7141.80  3.7395202E-02
   7142.00  3.7679427E-02
   7142.20  3.8018027E-02
   7142.40  3.8400883E-02
   7142.60  3.8814484E-02
   7142.80  3.9241269E-02
   7143.00  3.9660882E-02
   7143.20  4.0050594E-02
   7143.40  4.0387571E-02
   7143.60  4.0650808E-02
   7143.80  4.0823285E-02
   7144.00  4.0893333E-02
   7144.20  4.0855953E-02
   7144.40  4.0712193E-02
   7144.60  4.0468455E-02
   7144.80  4.0160523E-02
   7145.00  3.9782527E-02
   7145.20  3.9340097E-02
   7145.40  3.8845820E-02
   7145.60  3.8312363E-02
   7145.80  3.7752496E-02
   7146.00  3.7179140E-02
   7146.20  3.6605323E-02
   7146.40  3.6044117E-02
   7146.60  3.5508183E-02
   7146.80  3.5009267E-02
   7147.00  3.4557225E-02
   7147.20  3.4144426E-02
   7147.40  3.3795656E-02
   7147.60  3.3505147E-02
   7147.80  3.3295239E-02
   7148.00  3.3117685E-02
   7148.20  3.3011833E-02
   7148.40  3.2951614E-02
   7148.60  3.2930696E-02
   7148.80  3.2942646E-02
   7149.00  3.2981180E-02
   7149.20  3.3040355E-02
   7149.40  3.3114818E-02
   7149.60  3.3199807E-02
   7149.80  3.3291388E-02
   7150.00  3.3386251E-02
   7150.20  3.3484371E-02
   7150.40  3.3581008E-02
   7150.60  3.3674182E-02
   7150.80  3.3764943E-02
   7151.00  3.3853527E-02
   7151.20  3.3940467E-02
   7151.40  3.4026227E-02
   7151.60  3.4111501E-02
   7151.80  3.4197646E-02
   7152.00  3.4285738E-02
   7152.20  3.4376712E-02
   7152.40  3.4465542E-02
   7152.60  3.4571152E-02
   7152.80  3.4676012E-02
   7153.00  3.4787243E-02
   7153.20  3.4905528E-02
   7153.40  3.5031463E-02
   7153.60  3.5159979E-02
   7153.80  3.5302767E-02
   7154.00  3.5453859E-02
   7154.20  3.5612740E-02
   7154.40  3.5778893E-02
   7154.60  3.5951383E-02
   7154.80  3.6128833E-02
   7155.00  3.6309723E-02
   7155.20  3.6492315E-02
   7155.40  3.6674768E-02
   7155.60  3.6855058E-02
   7155.80  3.7031043E-02
   7156.00  3.7200717E-02
   7156.20  3.7361714E-02
   7156.40  3.7511934E-02
   7156.60  3.7649265E-02
   7156.80  3.7771856E-02
   7157.00  3.7878126E-02
   7157.20  3.7966831E-02
   7157.40  3.8037281E-02
   7157.60  3.8088813E-02
   7157.80  3.8121315E-02
   7158.00  3.8135093E-02
   7158.20  3.8130715E-02
   7158.40  3.8109148E-02
   7158.60  3.8071646E-02
   7158.80  3.8019726E-02
   7159.00  3.7955360E-02
   7159.20  3.7880020E-02
   7159.40  3.7795485E-02
   7159.60  3.7703568E-02
   7159.80  3.7606032E-02
   7160.00  3.7504028E-02
   7160.20  3.7399437E-02
   7160.40  3.7293729E-02
   7160.60  3.7188023E-02
   7160.80  3.7083488E-02
   7161.00  3.6980508E-02
   7161.20  3.6873688E-02
   7161.40  3.6773425E-02
   7161.60  3.6676283E-02
   7161.80  3.6580449E-02
   7162.00  3.6485168E-02
   7162.20  3.6389594E-02
   7162.40  3.6293463E-02
   7162.60  3.6194137E-02
   7162.80  3.6091601E-02
   7163.00  3.5985184E-02
   7163.20  3.5872490E-02
   7163.40  3.5753293E-02
   7163.60  3.5626820E-02
   7163.80  3.5492481E-02
   7164.00  3.5349881E-02
   7164.20  3.5198813E-02
   7164.40  3.5039303E-02
   7164.60  3.4871572E-02
   7164.80  3.4696025E-02
   7165.00  3.4513429E-02
   7165.20  3.4324357E-02
   7165.40  3.4129635E-02
   7165.60  3.3930294E-02
   7165.80  3.3727518E-02
   7166.00  3.3522709E-02
   7166.20  3.3318006E-02
   7166.40  3.3113959E-02
   7166.60  3.2912072E-02
   7166.80  3.2713737E-02
   7167.00  3.2520231E-02
   7167.20  3.2333148E-02
   7167.40  3.2153327E-02
   7167.60  3.1981324E-02
   7167.80  3.1817579E-02
   7168.00  3.1659568E-02
   7168.20  3.1513013E-02
   7168.40  3.1375028E-02
   7168.60  3.1242173E-02
   7168.80  3.1119167E-02
   7169.00  3.1003493E-02
   7169.20  3.0892710E-02
   7169.40  3.0786273E-02
   7169.60  3.0683030E-02
   7169.80  3.0582096E-02
   7170.00  3.0482341E-02
   7170.20  3.0382626E-02
   7170.40  3.0281743E-02
   7170.60  3.0178732E-02
   7170.80  3.0072909E-02
   7171.00  2.9963597E-02
   7171.20  2.9850382E-02
   7171.40  2.9733233E-02
   7171.60  2.9612073E-02
   7171.80  2.9486908E-02
   7172.00  2.9357945E-02
