  7112.000   26  1  1  2.2395601E-02 -2.0460262E+00 -6.5509928E-01  1  1  7.2645263E+03  0.0000000E+00  0.0000000E+00  3.5607471E+00  1.0000000E+00  0.0000000E+00 = E_edge, Z, n_edge, j_edge, Abs_before_edge, VO_interstitial, E_cut, ninitl, ninit1, Epsii, UnitCell_Volume, Surface_ref, f0_forward, natomsym_f, abs_u_i
    Energy    <xanes>    
   7097.00  1.0154400E-04
   7097.20  2.6317253E-04
   7097.40  3.2151029E-03
   7097.60  1.2026581E-03
   7097.80  1.9532029E-04
   7098.00  8.7279362E-05
   7098.20  5.5460778E-05
   7098.40  4.2039678E-05
   7098.60  3.5236440E-05
   7098.80  3.1418343E-05
   7099.00  2.9178019E-05
   7099.20  2.7898200E-05
   7099.40  2.7306910E-05
   7099.60  2.7331565E-05
   7099.80  2.8092966E-05
   7100.00  3.0064716E-05
   7100.20  3.4779301E-05
   7100.40  4.8776181E-05
   7100.60  1.3485380E-04
   7100.80  1.4796600E-03
   7101.00  1.4403984E-04
   7101.20  6.1078516E-05
   7101.40  7.4015593E-05
   7101.60  4.3782092E-04
   7101.80  2.6477544E-04
   7102.00  5.9951735E-05
   7102.20  4.1306383E-05
   7102.40  3.7792423E-05
   7102.60  3.9568731E-05
   7102.80  4.7194101E-05
   7103.00  7.0986658E-05
   7103.20  2.0885577E-04
   7103.40  1.1848142E-02
   7103.60  1.2618295E-02
   7103.80  2.3033799E-04
   7104.00  9.3773154E-05
   7104.20  3.6328423E-04
   7104.40  8.8836230E-04
   7104.60  1.6398491E-04
   7104.80  1.2885939E-04
   7105.00  1.3564437E-04
   7105.20  7.2873703E-05
   7105.40  1.2882407E-04
   7105.60  1.1430498E-02
   7105.80  4.0877114E-04
   7106.00  1.9583091E-04
   7106.20  2.6545569E-02
   7106.40  3.8498330E-04
   7106.60  1.1107169E-04
   7106.80  1.0486563E-04
   7107.00  4.7202238E-03
   7107.20  1.6093491E-04
   7107.40  6.9530894E-04
   7107.60  1.0206716E-03
   7107.80  2.8987926E-03
   7108.00  5.2123421E-03
   7108.20  1.2015599E-03
   7108.40  7.5506079E-03
   7108.60  3.5395604E-03
   7108.80  6.3519506E-04
   7109.00  5.6480764E-04
   7109.20  5.8219001E-03
   7109.40  1.3005117E-03
   7109.60  2.6762234E-02
   7109.80  2.3481280E-03
   7110.00  3.8011701E-04
   7110.20  2.2493894E-05
   7110.40  9.3934411E-04
   7110.60  9.6439445E-03
   7110.80  6.5262834E-03
   7111.00  1.0094764E-02
   7111.20  1.0530044E-02
   7111.40  1.2033711E-02
   7111.60  1.1061881E-02
   7111.80  1.5489947E-02
   7112.00  1.4872918E-02
   7112.20  8.9309373E-03
   7112.40  8.0421180E-03
   7112.60  2.1569846E-02
   7112.80  7.7234244E-02
   7113.00  2.8028141E-02
   7113.20  2.0507309E-02
   7113.40  2.0124068E-02
   7113.60  2.4435978E-02
   7113.80  3.1652855E-02
   7114.00  3.4757487E-02
   7114.20  3.4957243E-02
   7114.40  3.6920860E-02
   7114.60  4.4423353E-02
   7114.80  5.1550830E-02
   7115.00  5.2224833E-02
   7115.20  4.2511730E-02
   7115.40  2.3768184E-02
   7115.60  1.3510964E-02
   7115.80  8.7300382E-03
   7116.00  6.3451081E-03
   7116.20  5.1161390E-03
   7116.40  4.5818841E-03
   7116.60  4.6500790E-03
   7116.80  5.5056192E-03
   7117.00  6.9619549E-03
   7117.20  1.0367390E-02
   7117.40  1.0181790E-02
   7117.60  6.7090342E-03
   7117.80  4.8599381E-03
   7118.00  3.9162617E-03
   7118.20  3.5796963E-03
   7118.40  3.4511929E-03
   7118.60  3.4592268E-03
   7118.80  3.5990485E-03
   7119.00  3.9204415E-03
   7119.20  4.5366805E-03
   7119.40  5.5671546E-03
   7119.60  6.7836442E-03
   7119.80  7.3740009E-03
   7120.00  6.8024685E-03
   7120.20  5.8990416E-03
   7120.40  5.2636926E-03
   7120.60  4.8847598E-03
   7120.80  4.7349040E-03
   7121.00  4.8012313E-03
   7121.20  5.0690141E-03
   7121.40  5.5211812E-03
   7121.60  6.1187869E-03
   7121.80  6.7674370E-03
   7122.00  7.2375952E-03
   7122.20  7.3278309E-03
   7122.40  7.1978725E-03
   7122.60  7.0931813E-03
   7122.80  7.1449931E-03
   7123.00  7.4715669E-03
   7123.20  8.2146008E-03
   7123.40  9.0185048E-03
   7123.60  9.2457032E-03
   7123.80  9.2034744E-03
   7124.00  9.2753717E-03
   7124.20  9.4545446E-03
   7124.40  9.7102214E-03
   7124.60  1.0020021E-02
   7124.80  1.0374466E-02
   7125.00  1.0788930E-02
   7125.20  1.1294098E-02
   7125.40  1.1933663E-02
   7125.60  1.2748826E-02
   7125.80  1.3710628E-02
   7126.00  1.4531604E-02
   7126.20  1.5217794E-02
   7126.40  1.6177208E-02
   7126.60  1.7122950E-02
   7126.80  1.7946200E-02
   7127.00  1.8663352E-02
   7127.20  1.9394870E-02
   7127.40  2.0222531E-02
   7127.60  2.1212197E-02
   7127.80  2.2273289E-02
   7128.00  2.3224601E-02
   7128.20  2.4186277E-02
   7128.40  2.5384058E-02
   7128.60  2.6862693E-02
   7128.80  2.8584667E-02
   7129.00  3.0266699E-02
   7129.20  3.1868738E-02
   7129.40  3.3341366E-02
   7129.60  3.4647806E-02
   7129.80  3.5746546E-02
   7130.00  3.6609187E-02
   7130.20  3.7247343E-02
   7130.40  3.7683194E-02
   7130.60  3.7974479E-02
   7130.80  3.8091468E-02
   7131.00  3.8120078E-02
   7131.20  3.8264269E-02
   7131.40  3.8686056E-02
   7131.60  3.9407295E-02
   7131.80  4.0358703E-02
   7132.00  4.1445895E-02
   7132.20  4.2576744E-02
   7132.40  4.3672649E-02
   7132.60  4.4686560E-02
   7132.80  4.5618010E-02
   7133.00  4.6509189E-02
   7133.20  4.7420990E-02
   7133.40  4.8446461E-02
   7133.60  4.9505946E-02
   7133.80  5.0621479E-02
   7134.00  5.1814628E-02
   7134.20  5.2937829E-02
   7134.40  5.4047947E-02
   7134.60  5.5165575E-02
   7134.80  5.6307719E-02
   7135.00  5.7471586E-02
   7135.20  5.8635273E-02
   7135.40  5.9735806E-02
   7135.60  6.0592523E-02
   7135.80  6.0874354E-02
   7136.00  6.0327908E-02
   7136.20  5.9089205E-02
   7136.40  5.7554840E-02
   7136.60  5.6031232E-02
   7136.80  5.4640650E-02
   7137.00  5.3392547E-02
   7137.20  5.2238739E-02
   7137.40  5.1107090E-02
   7137.60  4.9952187E-02
   7137.80  4.8777439E-02
   7138.00  4.7605430E-02
   7138.20  4.6451385E-02
   7138.40  4.5323594E-02
   7138.60  4.4230970E-02
   7138.80  4.3189541E-02
   7139.00  4.2221242E-02
   7139.20  4.1350212E-02
   7139.40  4.0595066E-02
   7139.60  3.9962819E-02
   7139.80  3.9444413E-02
   7140.00  3.9013657E-02
   7140.20  3.8630663E-02
   7140.40  3.8250646E-02
   7140.60  3.7835442E-02
   7140.80  3.7364822E-02
   7141.00  3.6842791E-02
   7141.20  3.6295259E-02
   7141.40  3.5760880E-02
   7141.60  3.5279564E-02
   7141.80  3.4883396E-02
   7142.00  3.4592036E-02
   7142.20  3.4413046E-02
   7142.40  3.4345102E-02
   7142.60  3.4382002E-02
   7142.80  3.4519711E-02
   7143.00  3.4754357E-02
   7143.20  3.5072737E-02
   7143.40  3.5470192E-02
   7143.60  3.5938159E-02
   7143.80  3.6460137E-02
   7144.00  3.7007507E-02
   7144.20  3.7539974E-02
   7144.40  3.8010200E-02
   7144.60  3.8375643E-02
   7144.80  3.8609890E-02
   7145.00  3.8710274E-02
   7145.20  3.8696400E-02
   7145.40  3.8601521E-02
   7145.60  3.8460166E-02
   7145.80  3.8307573E-02
   7146.00  3.8153817E-02
   7146.20  3.8033216E-02
   7146.40  3.7940291E-02
   7146.60  3.7874991E-02
   7146.80  3.7833867E-02
   7147.00  3.7811731E-02
   7147.20  3.7802887E-02
   7147.40  3.7802033E-02
   7147.60  3.7804722E-02
   7147.80  3.7808039E-02
   7148.00  3.7811951E-02
   7148.20  3.7816625E-02
   7148.40  3.7821849E-02
   7148.60  3.7823315E-02
   7148.80  3.7827824E-02
   7149.00  3.7832628E-02
   7149.20  3.7830936E-02
   7149.40  3.7828428E-02
   7149.60  3.7810587E-02
   7149.80  3.7784523E-02
   7150.00  3.7741919E-02
   7150.20  3.7680957E-02
   7150.40  3.7601231E-02
   7150.60  3.7504835E-02
   7150.80  3.7394706E-02
   7151.00  3.7273765E-02
   7151.20  3.7144576E-02
   7151.40  3.7010480E-02
   7151.60  3.6875351E-02
   7151.80  3.6742520E-02
   7152.00  3.6615482E-02
   7152.20  3.6497707E-02
   7152.40  3.6392552E-02
   7152.60  3.6302451E-02
   7152.80  3.6229630E-02
   7153.00  3.6175550E-02
   7153.20  3.6141349E-02
   7153.40  3.6126624E-02
   7153.60  3.6130439E-02
   7153.80  3.6151274E-02
   7154.00  3.6186952E-02
   7154.20  3.6235333E-02
   7154.40  3.6293474E-02
   7154.60  3.6358871E-02
   7154.80  3.6429384E-02
   7155.00  3.6503243E-02
   7155.20  3.6579164E-02
   7155.40  3.6656266E-02
   7155.60  3.6733846E-02
   7155.80  3.6811433E-02
   7156.00  3.6888689E-02
   7156.20  3.6965224E-02
   7156.40  3.7040633E-02
   7156.60  3.7114716E-02
   7156.80  3.7186682E-02
   7157.00  3.7255928E-02
   7157.20  3.7321765E-02
   7157.40  3.7383482E-02
   7157.60  3.7440196E-02
   7157.80  3.7491148E-02
   7158.00  3.7535823E-02
   7158.20  3.7573384E-02
   7158.40  3.7603266E-02
   7158.60  3.7625123E-02
   7158.80  3.7638776E-02
   7159.00  3.7644291E-02
   7159.20  3.7641744E-02
   7159.40  3.7631656E-02
   7159.60  3.7614809E-02
   7159.80  3.7591925E-02
   7160.00  3.7563636E-02
   7160.20  3.7530444E-02
   7160.40  3.7492713E-02
   7160.60  3.7450513E-02
   7160.80  3.7403504E-02
   7161.00  3.7350971E-02
   7161.20  3.7291800E-02
   7161.40  3.7223484E-02
   7161.60  3.7145245E-02
   7161.80  3.7057267E-02
   7162.00  3.6954194E-02
   7162.20  3.6834737E-02
   7162.40  3.6699738E-02
   7162.60  3.6536313E-02
   7162.80  3.6355676E-02
   7163.00  3.6151941E-02
   7163.20  3.5924507E-02
   7163.40  3.5673515E-02
   7163.60  3.5399705E-02
   7163.80  3.5103984E-02
   7164.00  3.4788017E-02
   7164.20  3.4453869E-02
   7164.40  3.4103904E-02
   7164.60  3.3740701E-02
   7164.80  3.3366890E-02
   7165.00  3.2985075E-02
   7165.20  3.2597735E-02
   7165.40  3.2208036E-02
   7165.60  3.1817403E-02
   7165.80  3.1427822E-02
   7166.00  3.1040385E-02
   7166.20  3.0656323E-02
   7166.40  3.0277264E-02
   7166.60  2.9903140E-02
   7166.80  2.9534472E-02
   7167.00  2.9171609E-02
   7167.20  2.8814804E-02
   7167.40  2.8464757E-02
   7167.60  2.8121419E-02
   7167.80  2.7779343E-02
   7168.00  2.7450937E-02
   7168.20  2.7128323E-02
   7168.40  2.6812436E-02
   7168.60  2.6504139E-02
   7168.80  2.6204151E-02
   7169.00  2.5912434E-02
   7169.20  2.5629552E-02
   7169.40  2.5356100E-02
   7169.60  2.5092757E-02
   7169.80  2.4840222E-02
   7170.00  2.4599434E-02
   7170.20  2.4371691E-02
   7170.40  2.4157457E-02
   7170.60  2.3957664E-02
   7170.80  2.3773239E-02
   7171.00  2.3605347E-02
   7171.20  2.3454449E-02
   7171.40  2.3321168E-02
   7171.60  2.3205965E-02
   7171.80  2.3109508E-02
   7172.00  2.3031418E-02
