  7112.000   26  1  1  1.3287408E-02 -3.6495158E+00 -4.5970750E-01  1  1  7.2651999E+03  0.0000000E+00  0.0000000E+00  4.4435315E+00  1.0000000E+00  0.0000000E+00 = E_edge, Z, n_edge, j_edge, Abs_before_edge, VO_interstitial, E_cut, ninitl, ninit1, Epsii, UnitCell_Volume, Surface_ref, f0_forward, natomsym_f, abs_u_i
    Energy    <xanes>    
   7097.00  1.9830074E-04
   7097.20  4.2977304E-05
   7097.40  3.3890159E-05
   7097.60  3.0758750E-05
   7097.80  2.9149410E-05
   7098.00  2.8261546E-05
   7098.20  2.7889636E-05
   7098.40  2.8080035E-05
   7098.60  2.9256664E-05
   7098.80  3.3372338E-05
   7099.00  5.8124312E-05
   7099.20  1.4662153E-03
   7099.40  6.2581870E-05
   7099.60  4.3930899E-05
   7099.80  5.6838382E-05
   7100.00  5.7899594E-05
   7100.20  1.3028374E-04
   7100.40  4.2997456E-05
   7100.60  1.1073845E-04
   7100.80  1.5321485E-04
   7101.00  7.5192792E-05
   7101.20  7.7959873E-05
   7101.40  5.0703680E-05
   7101.60  1.5629087E-04
   7101.80  2.0900482E-04
   7102.00  1.1906600E-03
   7102.20  8.6091315E-05
   7102.40  1.0614694E-03
   7102.60  1.8297157E-04
   7102.80  1.4234815E-04
   7103.00  2.5969686E-03
   7103.20  1.0304263E-04
   7103.40  8.5194604E-05
   7103.60  1.6327289E-04
   7103.80  9.8771999E-04
   7104.00  1.6554681E-04
   7104.20  5.9956199E-04
   7104.40  1.3218042E-03
   7104.60  7.7130997E-04
   7104.80  4.1452978E-02
   7105.00  3.1821119E-02
   7105.20  1.8308774E-03
   7105.40  4.2744799E-03
   7105.60  9.2028588E-03
   7105.80  2.3090277E-03
   7106.00  2.5981024E-04
   7106.20  2.5169660E-04
   7106.40  2.0221254E-04
   7106.60  3.9165209E-04
   7106.80  2.7900976E-04
   7107.00  6.2629205E-04
   7107.20  5.4538311E-02
   7107.40  2.3368121E-03
   7107.60  1.4353393E-02
   7107.80  1.8556434E-02
   7108.00  3.4539598E-02
   7108.20  2.0716279E-03
   7108.40  9.7190023E-03
   7108.60  1.4787988E-03
   7108.80  6.7180492E-03
   7109.00  7.2243156E-03
   7109.20  7.2105430E-03
   7109.40  4.3901390E-02
   7109.60  1.7356810E-02
   7109.80  2.0127441E-02
   7110.00  1.2192054E-02
   7110.20  1.8130849E-02
   7110.40  2.7659327E-02
   7110.60  5.3954869E-02
   7110.80  3.1414517E-02
   7111.00  1.6795660E-02
   7111.20  2.1726453E-02
   7111.40  2.0487044E-02
   7111.60  1.6614751E-02
   7111.80  1.5436390E-02
   7112.00  1.1399800E-02
   7112.20  8.7774796E-03
   7112.40  8.0461686E-03
   7112.60  8.0484217E-03
   7112.80  7.1224758E-03
   7113.00  5.2006798E-03
   7113.20  3.4362825E-03
   7113.40  2.6806737E-03
   7113.60  3.8460085E-03
   7113.80  3.9380743E-03
   7114.00  1.9833472E-03
   7114.20  1.6699494E-03
   7114.40  1.7143271E-03
   7114.60  2.0542891E-03
   7114.80  3.7003548E-03
   7115.00  2.0546181E-03
   7115.20  1.3159397E-03
   7115.40  1.0372494E-03
   7115.60  8.6692354E-04
   7115.80  7.4838799E-04
   7116.00  6.6378262E-04
   7116.20  6.0438653E-04
   7116.40  5.6471820E-04
   7116.60  5.4036169E-04
   7116.80  5.2718058E-04
   7117.00  5.2266741E-04
   7117.20  5.2696984E-04
   7117.40  5.4118941E-04
   7117.60  5.6572284E-04
   7117.80  6.0008798E-04
   7118.00  6.4212827E-04
   7118.20  6.8713614E-04
   7118.40  7.3080353E-04
   7118.60  7.7251437E-04
   7118.80  8.1588762E-04
   7119.00  8.6834364E-04
   7119.20  9.3928429E-04
   7119.40  1.0336092E-03
   7119.60  1.1402909E-03
   7119.80  1.2334349E-03
   7120.00  1.3058670E-03
   7120.20  1.3769486E-03
   7120.40  1.4680519E-03
   7120.60  1.5915957E-03
   7120.80  1.7524176E-03
   7121.00  1.9472730E-03
   7121.20  2.1710981E-03
   7121.40  2.4499347E-03
   7121.60  2.7997182E-03
   7121.80  3.1742391E-03
   7122.00  3.4916348E-03
   7122.20  3.7403491E-03
   7122.40  3.9621784E-03
   7122.60  4.2411514E-03
   7122.80  4.6176192E-03
   7123.00  5.1266885E-03
   7123.20  5.7896037E-03
   7123.40  6.6110020E-03
   7123.60  7.6090131E-03
   7123.80  8.7751419E-03
   7124.00  1.0069748E-02
   7124.20  1.1452185E-02
   7124.40  1.2971482E-02
   7124.60  1.4757453E-02
   7124.80  1.7036224E-02
   7125.00  1.9783335E-02
   7125.20  2.2609088E-02
   7125.40  2.5466192E-02
   7125.60  2.8839773E-02
   7125.80  3.0344266E-02
   7126.00  3.0785523E-02
   7126.20  3.2321461E-02
   7126.40  3.2248048E-02
   7126.60  3.0988296E-02
   7126.80  3.0755214E-02
   7127.00  3.1507234E-02
   7127.20  3.2693751E-02
   7127.40  3.3787245E-02
   7127.60  3.4315617E-02
   7127.80  3.3981399E-02
   7128.00  3.3049463E-02
   7128.20  3.2202565E-02
   7128.40  3.1930920E-02
   7128.60  3.2434059E-02
   7128.80  3.3768222E-02
   7129.00  3.5881657E-02
   7129.20  3.8643469E-02
   7129.40  4.1884409E-02
   7129.60  4.5457806E-02
   7129.80  4.9212437E-02
   7130.00  5.2922828E-02
   7130.20  5.6281698E-02
   7130.40  5.9015610E-02
   7130.60  6.1011687E-02
   7130.80  6.2320001E-02
   7131.00  6.3075793E-02
   7131.20  6.3424678E-02
   7131.40  6.3478082E-02
   7131.60  6.3295549E-02
   7131.80  6.2897623E-02
   7132.00  6.2294615E-02
   7132.20  6.1511382E-02
   7132.40  6.0588989E-02
   7132.60  5.9563355E-02
   7132.80  5.8435675E-02
   7133.00  5.7144872E-02
   7133.20  5.5602808E-02
   7133.40  5.3922370E-02
   7133.60  5.2425590E-02
   7133.80  5.1263860E-02
   7134.00  5.0413610E-02
   7134.20  4.9906221E-02
   7134.40  4.9864037E-02
   7134.60  5.0331483E-02
   7134.80  5.1214682E-02
   7135.00  5.2298711E-02
   7135.20  5.3270132E-02
   7135.40  5.3855884E-02
   7135.60  5.4002362E-02
   7135.80  5.3853060E-02
   7136.00  5.3591529E-02
   7136.20  5.3360979E-02
   7136.40  5.3207302E-02
   7136.60  5.2985813E-02
   7136.80  5.2453725E-02
   7137.00  5.1602110E-02
   7137.20  5.0625595E-02
   7137.40  4.9667587E-02
   7137.60  4.8775370E-02
   7137.80  4.7951533E-02
   7138.00  4.7185487E-02
   7138.20  4.6468224E-02
   7138.40  4.5791404E-02
   7138.60  4.5148118E-02
   7138.80  4.4532667E-02
   7139.00  4.3940951E-02
   7139.20  4.3369667E-02
   7139.40  4.2816749E-02
   7139.60  4.2281428E-02
   7139.80  4.1763720E-02
   7140.00  4.1264503E-02
   7140.20  4.0785299E-02
   7140.40  4.0327776E-02
   7140.60  3.9893489E-02
   7140.80  3.9484179E-02
   7141.00  3.9101940E-02
   7141.20  3.8745936E-02
   7141.40  3.8417537E-02
   7141.60  3.8117081E-02
   7141.80  3.7844568E-02
   7142.00  3.7599702E-02
   7142.20  3.7381906E-02
   7142.40  3.7190363E-02
   7142.60  3.7026105E-02
   7142.80  3.6887228E-02
   7143.00  3.6769863E-02
   7143.20  3.6672784E-02
   7143.40  3.6594836E-02
   7143.60  3.6534797E-02
   7143.80  3.6491910E-02
   7144.00  3.6465151E-02
   7144.20  3.6453796E-02
   7144.40  3.6446344E-02
   7144.60  3.6465118E-02
   7144.80  3.6499656E-02
   7145.00  3.6551476E-02
   7145.20  3.6623087E-02
   7145.40  3.6718024E-02
   7145.60  3.6840047E-02
   7145.80  3.6995055E-02
   7146.00  3.7187626E-02
   7146.20  3.7424016E-02
   7146.40  3.7705799E-02
   7146.60  3.8038541E-02
   7146.80  3.8420908E-02
   7147.00  3.8851668E-02
   7147.20  3.9324577E-02
   7147.40  3.9828338E-02
   7147.60  4.0347083E-02
   7147.80  4.0860519E-02
   7148.00  4.1346964E-02
   7148.20  4.1786793E-02
   7148.40  4.2158574E-02
   7148.60  4.2459193E-02
   7148.80  4.2678809E-02
   7149.00  4.2826409E-02
   7149.20  4.2903629E-02
   7149.40  4.2919503E-02
   7149.60  4.2883231E-02
   7149.80  4.2804161E-02
   7150.00  4.2689777E-02
   7150.20  4.2545799E-02
   7150.40  4.2376547E-02
   7150.60  4.2181893E-02
   7150.80  4.1964466E-02
   7151.00  4.1725501E-02
   7151.20  4.1467857E-02
   7151.40  4.1184044E-02
   7151.60  4.0876332E-02
   7151.80  4.0542985E-02
   7152.00  4.0182680E-02
   7152.20  3.9794566E-02
   7152.40  3.9377526E-02
   7152.60  3.8930726E-02
   7152.80  3.8452065E-02
   7153.00  3.7945583E-02
   7153.20  3.7410493E-02
   7153.40  3.6847706E-02
   7153.60  3.6258861E-02
   7153.80  3.5644954E-02
   7154.00  3.5011052E-02
   7154.20  3.4359327E-02
   7154.40  3.3692523E-02
   7154.60  3.3014002E-02
   7154.80  3.2327227E-02
   7155.00  3.1635707E-02
   7155.20  3.0943159E-02
   7155.40  3.0252884E-02
   7155.60  2.9567613E-02
   7155.80  2.8890431E-02
   7156.00  2.8223491E-02
   7156.20  2.7570536E-02
   7156.40  2.6933217E-02
   7156.60  2.6307534E-02
   7156.80  2.5708428E-02
   7157.00  2.5130647E-02
   7157.20  2.4575636E-02
   7157.40  2.4044618E-02
   7157.60  2.3538585E-02
   7157.80  2.3058347E-02
   7158.00  2.2600831E-02
   7158.20  2.2174425E-02
   7158.40  2.1774996E-02
   7158.60  2.1402438E-02
   7158.80  2.1056642E-02
   7159.00  2.0737971E-02
   7159.20  2.0445001E-02
   7159.40  2.0177736E-02
   7159.60  1.9935638E-02
   7159.80  1.9718514E-02
   7160.00  1.9526176E-02
   7160.20  1.9357491E-02
   7160.40  1.9211331E-02
   7160.60  1.9086878E-02
   7160.80  1.8982907E-02
   7161.00  1.8896942E-02
   7161.20  1.8828726E-02
   7161.40  1.8775678E-02
   7161.60  1.8735681E-02
   7161.80  1.8706566E-02
   7162.00  1.8686287E-02
   7162.20  1.8672699E-02
   7162.40  1.8663985E-02
   7162.60  1.8658583E-02
   7162.80  1.8655222E-02
   7163.00  1.8652947E-02
   7163.20  1.8651082E-02
   7163.40  1.8649202E-02
   7163.60  1.8647103E-02
   7163.80  1.8644736E-02
   7164.00  1.8642510E-02
   7164.20  1.8640688E-02
   7164.40  1.8639232E-02
   7164.60  1.8638312E-02
   7164.80  1.8638118E-02
   7165.00  1.8639037E-02
   7165.20  1.8641137E-02
   7165.40  1.8644807E-02
   7165.60  1.8650852E-02
   7165.80  1.8659472E-02
   7166.00  1.8671275E-02
   7166.20  1.8686955E-02
   7166.40  1.8707520E-02
   7166.60  1.8733559E-02
   7166.80  1.8765793E-02
   7167.00  1.8804998E-02
   7167.20  1.8851889E-02
   7167.40  1.8907278E-02
   7167.60  1.8971724E-02
   7167.80  1.9045601E-02
   7168.00  1.9129281E-02
   7168.20  1.9222961E-02
   7168.40  1.9326787E-02
   7168.60  1.9440770E-02
   7168.80  1.9564908E-02
   7169.00  1.9698878E-02
   7169.20  1.9843134E-02
   7169.40  1.9997019E-02
   7169.60  2.0159940E-02
   7169.80  2.0331500E-02
   7170.00  2.0511312E-02
   7170.20  2.0699104E-02
   7170.40  2.0894358E-02
   7170.60  2.1096571E-02
   7170.80  2.1305327E-02
   7171.00  2.1520217E-02
   7171.20  2.1740864E-02
   7171.40  2.1966968E-02
   7171.60  2.2198150E-02
   7171.80  2.2434025E-02
   7172.00  2.2674407E-02
