  7112.000   26  1  1  2.1847002E-02 -3.0794976E+00 -1.5569636E+00  1  1  7.2657306E+03  0.0000000E+00  0.0000000E+00  4.2300997E+00  1.0000000E+00  0.0000000E+00 = E_edge, Z, n_edge, j_edge, Abs_before_edge, VO_interstitial, E_cut, ninitl, ninit1, Epsii, UnitCell_Volume, Surface_ref, f0_forward, natomsym_f, abs_u_i
    Energy    <xanes>    
   7097.00  2.4755339E-03
   7097.20  2.3508636E-04
   7097.40  9.5537747E-05
   7097.60  5.9443795E-05
   7097.80  4.5357987E-05
   7098.00  3.8809948E-05
   7098.20  3.5670168E-05
   7098.40  3.4487123E-05
   7098.60  3.4794570E-05
   7098.80  3.6729376E-05
   7099.00  4.1466583E-05
   7099.20  7.2448896E-05
   7099.40  7.2055119E-05
   7099.60  1.4534947E-04
   7099.80  8.5399755E-03
   7100.00  2.3275988E-02
   7100.20  5.0812906E-02
   7100.40  5.1077628E-04
   7100.60  1.1770133E-04
   7100.80  1.5265628E-04
   7101.00  6.0002861E-05
   7101.20  5.3547312E-05
   7101.40  6.2426731E-05
   7101.60  1.1687089E-04
   7101.80  8.1558601E-03
   7102.00  1.9287477E-04
   7102.20  1.1659868E-04
   7102.40  2.8815164E-04
   7102.60  3.9563049E-03
   7102.80  5.2003184E-04
   7103.00  1.2485238E-03
   7103.20  7.0381810E-04
   7103.40  1.4850628E-04
   7103.60  7.5538661E-03
   7103.80  1.3442607E-03
   7104.00  8.0799987E-03
   7104.20  1.0534777E-03
   7104.40  3.2777488E-03
   7104.60  2.7485883E-04
   7104.80  5.7562325E-02
   7105.00  2.6312931E-04
   7105.20  1.2298811E-04
   7105.40  1.4043696E-04
   7105.60  1.1340134E-03
   7105.80  3.5454567E-04
   7106.00  5.0919136E-03
   7106.20  4.5427870E-04
   7106.40  5.6560020E-04
   7106.60  1.2413731E-03
   7106.80  6.3605801E-04
   7107.00  1.0128737E-03
   7107.20  1.2023576E-03
   7107.40  3.9612776E-04
   7107.60  1.7028769E-03
   7107.80  3.3313945E-03
   7108.00  9.9115958E-04
   7108.20  3.7536776E-03
   7108.40  1.1269032E-02
   7108.60  3.1346789E-03
   7108.80  3.4744485E-03
   7109.00  4.7225454E-03
   7109.20  1.2475456E-03
   7109.40  2.0835934E-03
   7109.60  5.2996307E-03
   7109.80  1.0261763E-02
   7110.00  7.3317625E-03
   7110.20  1.4996726E-02
   7110.40  1.6938733E-02
   7110.60  1.6323104E-02
   7110.80  2.0765739E-02
   7111.00  2.0801172E-02
   7111.20  2.4454116E-02
   7111.40  2.9383632E-02
   7111.60  2.0787153E-02
   7111.80  2.2497504E-02
   7112.00  3.1636946E-02
   7112.20  4.5488791E-02
   7112.40  3.8514163E-02
   7112.60  6.0927376E-02
   7112.80  5.9433113E-02
   7113.00  2.2987440E-02
   7113.20  1.3036471E-02
   7113.40  8.1074247E-03
   7113.60  5.7989586E-03
   7113.80  4.6348428E-03
   7114.00  3.9561662E-03
   7114.20  3.1977702E-03
   7114.40  2.8402077E-03
   7114.60  2.9938105E-03
   7114.80  4.0233569E-03
   7115.00  7.0526407E-03
   7115.20  1.6079383E-02
   7115.40  3.0378539E-02
   7115.60  1.4806292E-02
   7115.80  7.6292245E-03
   7116.00  4.9317124E-03
   7116.20  3.6256339E-03
   7116.40  2.9142764E-03
   7116.60  2.5211628E-03
   7116.80  2.3309508E-03
   7117.00  2.2937758E-03
   7117.20  2.3915171E-03
   7117.40  2.6177983E-03
   7117.60  2.9473353E-03
   7117.80  3.2569315E-03
   7118.00  3.3510895E-03
   7118.20  3.3217704E-03
   7118.40  3.3774996E-03
   7118.60  3.6679911E-03
   7118.80  4.1834701E-03
   7119.00  4.8121886E-03
   7119.20  5.3459986E-03
   7119.40  5.6268108E-03
   7119.60  5.4774192E-03
   7119.80  5.1079815E-03
   7120.00  4.7865189E-03
   7120.20  4.4809795E-03
   7120.40  4.2414761E-03
   7120.60  4.2528292E-03
   7120.80  4.4882190E-03
   7121.00  4.7691041E-03
   7121.20  5.1266143E-03
   7121.40  5.7125805E-03
   7121.60  6.6017443E-03
   7121.80  7.6116562E-03
   7122.00  8.6534057E-03
   7122.20  9.6567059E-03
   7122.40  1.0938346E-02
   7122.60  1.2630849E-02
   7122.80  1.4502941E-02
   7123.00  1.5874029E-02
   7123.20  1.6539913E-02
   7123.40  1.7262727E-02
   7123.60  1.8442963E-02
   7123.80  1.9859022E-02
   7124.00  2.1195287E-02
   7124.20  2.2393181E-02
   7124.40  2.3558442E-02
   7124.60  2.4638252E-02
   7124.80  2.5421873E-02
   7125.00  2.5944109E-02
   7125.20  2.6513807E-02
   7125.40  2.7064521E-02
   7125.60  2.7381685E-02
   7125.80  2.7379753E-02
   7126.00  2.7187271E-02
   7126.20  2.7094941E-02
   7126.40  2.7376916E-02
   7126.60  2.8122392E-02
   7126.80  2.9317872E-02
   7127.00  3.0829496E-02
   7127.20  3.2556228E-02
   7127.40  3.4211526E-02
   7127.60  3.5813461E-02
   7127.80  3.7478917E-02
   7128.00  3.9367535E-02
   7128.20  4.1480400E-02
   7128.40  4.3547612E-02
   7128.60  4.5102801E-02
   7128.80  4.5853918E-02
   7129.00  4.6137629E-02
   7129.20  4.6823706E-02
   7129.40  4.8513636E-02
   7129.60  5.1061324E-02
   7129.80  5.3878933E-02
   7130.00  5.6400493E-02
   7130.20  5.8303792E-02
   7130.40  5.9498312E-02
   7130.60  5.9992351E-02
   7130.80  5.9779162E-02
   7131.00  5.8836470E-02
   7131.20  5.7214843E-02
   7131.40  5.5077641E-02
   7131.60  5.2672631E-02
   7131.80  5.0327948E-02
   7132.00  4.8365715E-02
   7132.20  4.6933035E-02
   7132.40  4.5984849E-02
   7132.60  4.5371798E-02
   7132.80  4.4916656E-02
   7133.00  4.4478033E-02
   7133.20  4.4016035E-02
   7133.40  4.3616273E-02
   7133.60  4.3425284E-02
   7133.80  4.3534835E-02
   7134.00  4.3928801E-02
   7134.20  4.4512852E-02
   7134.40  4.5170772E-02
   7134.60  4.5765663E-02
   7134.80  4.6174789E-02
   7135.00  4.6359810E-02
   7135.20  4.6356018E-02
   7135.40  4.6212195E-02
   7135.60  4.5971351E-02
   7135.80  4.5681685E-02
   7136.00  4.5399098E-02
   7136.20  4.5178320E-02
   7136.40  4.5063152E-02
   7136.60  4.5079254E-02
   7136.80  4.5229299E-02
   7137.00  4.5492759E-02
   7137.20  4.5835229E-02
   7137.40  4.6225765E-02
   7137.60  4.6645401E-02
   7137.80  4.7078123E-02
   7138.00  4.7494252E-02
   7138.20  4.7843919E-02
   7138.40  4.8067136E-02
   7138.60  4.8115648E-02
   7138.80  4.7972325E-02
   7139.00  4.7657737E-02
   7139.20  4.7220233E-02
   7139.40  4.6716849E-02
   7139.60  4.6194491E-02
   7139.80  4.5678361E-02
   7140.00  4.5169044E-02
   7140.20  4.4643829E-02
   7140.40  4.4087099E-02
   7140.60  4.3431388E-02
   7140.80  4.2643129E-02
   7141.00  4.1721192E-02
   7141.20  4.0706266E-02
   7141.40  3.9676134E-02
   7141.60  3.8724346E-02
   7141.80  3.7934004E-02
   7142.00  3.7359821E-02
   7142.20  3.7022770E-02
   7142.40  3.6914196E-02
   7142.60  3.7002347E-02
   7142.80  3.7238945E-02
   7143.00  3.7563854E-02
   7143.20  3.7909436E-02
   7143.40  3.8205823E-02
   7143.60  3.8386366E-02
   7143.80  3.8394885E-02
   7144.00  3.8192591E-02
   7144.20  3.7763164E-02
   7144.40  3.7115972E-02
   7144.60  3.6284919E-02
   7144.80  3.5322568E-02
   7145.00  3.4291775E-02
   7145.20  3.3209501E-02
   7145.40  3.2220220E-02
   7145.60  3.1322440E-02
   7145.80  3.0521090E-02
   7146.00  2.9871907E-02
   7146.20  2.9345100E-02
   7146.40  2.8940626E-02
   7146.60  2.8654172E-02
   7146.80  2.8481195E-02
   7147.00  2.8395535E-02
   7147.20  2.8383932E-02
   7147.40  2.8435358E-02
   7147.60  2.8527063E-02
   7147.80  2.8649130E-02
   7148.00  2.8801573E-02
   7148.20  2.8976938E-02
   7148.40  2.9169966E-02
   7148.60  2.9377218E-02
   7148.80  2.9594794E-02
   7149.00  2.9821163E-02
   7149.20  3.0055045E-02
   7149.40  3.0295366E-02
   7149.60  3.0540896E-02
   7149.80  3.0789902E-02
   7150.00  3.1039833E-02
   7150.20  3.1287161E-02
   7150.40  3.1526856E-02
   7150.60  3.1753132E-02
   7150.80  3.1960079E-02
   7151.00  3.2142729E-02
   7151.20  3.2298088E-02
   7151.40  3.2426119E-02
   7151.60  3.2530175E-02
   7151.80  3.2616834E-02
   7152.00  3.2694684E-02
   7152.20  3.2773134E-02
   7152.40  3.2860767E-02
   7152.60  3.2964981E-02
   7152.80  3.3090860E-02
   7153.00  3.3240982E-02
   7153.20  3.3415385E-02
   7153.40  3.3611340E-02
   7153.60  3.3823697E-02
   7153.80  3.4045825E-02
   7154.00  3.4270179E-02
   7154.20  3.4489279E-02
   7154.40  3.4696532E-02
   7154.60  3.4886517E-02
   7154.80  3.5055205E-02
   7155.00  3.5200224E-02
   7155.20  3.5320482E-02
   7155.40  3.5415763E-02
   7155.60  3.5486217E-02
   7155.80  3.5533168E-02
   7156.00  3.5556206E-02
   7156.20  3.5554832E-02
   7156.40  3.5528794E-02
   7156.60  3.5477697E-02
   7156.80  3.5400941E-02
   7157.00  3.5297866E-02
   7157.20  3.5167754E-02
   7157.40  3.5009976E-02
   7157.60  3.4824232E-02
   7157.80  3.4610519E-02
   7158.00  3.4368724E-02
   7158.20  3.4099448E-02
   7158.40  3.3803714E-02
   7158.60  3.3480639E-02
   7158.80  3.3136324E-02
   7159.00  3.2771024E-02
   7159.20  3.2387091E-02
   7159.40  3.1988223E-02
   7159.60  3.1577747E-02
   7159.80  3.1157879E-02
   7160.00  3.0733358E-02
   7160.20  3.0307956E-02
   7160.40  2.9884358E-02
   7160.60  2.9465695E-02
   7160.80  2.9055513E-02
   7161.00  2.8655755E-02
   7161.20  2.8268345E-02
   7161.40  2.7893887E-02
   7161.60  2.7535890E-02
   7161.80  2.7195586E-02
   7162.00  2.6870303E-02
   7162.20  2.6560950E-02
   7162.40  2.6266863E-02
   7162.60  2.5987467E-02
   7162.80  2.5722357E-02
   7163.00  2.5471479E-02
   7163.20  2.5231956E-02
   7163.40  2.5003599E-02
   7163.60  2.4785478E-02
   7163.80  2.4577247E-02
   7164.00  2.4377923E-02
   7164.20  2.4186393E-02
   7164.40  2.4002109E-02
   7164.60  2.3824493E-02
   7164.80  2.3653194E-02
   7165.00  2.3488710E-02
   7165.20  2.3330383E-02
   7165.40  2.3178314E-02
   7165.60  2.3032718E-02
   7165.80  2.2893892E-02
   7166.00  2.2762223E-02
   7166.20  2.2638463E-02
   7166.40  2.2523168E-02
   7166.60  2.2416533E-02
   7166.80  2.2318971E-02
   7167.00  2.2230937E-02
   7167.20  2.2152824E-02
   7167.40  2.2084861E-02
   7167.60  2.2027366E-02
   7167.80  2.1980756E-02
   7168.00  2.1944691E-02
   7168.20  2.1919075E-02
   7168.40  2.1903850E-02
   7168.60  2.1898854E-02
   7168.80  2.1903882E-02
   7169.00  2.1918711E-02
   7169.20  2.1943174E-02
   7169.40  2.1977128E-02
   7169.60  2.2020148E-02
   7169.80  2.2071882E-02
   7170.00  2.2132041E-02
   7170.20  2.2200346E-02
   7170.40  2.2276537E-02
   7170.60  2.2360288E-02
   7170.80  2.2451324E-02
   7171.00  2.2549432E-02
   7171.20  2.2654425E-02
   7171.40  2.2766082E-02
   7171.60  2.2884006E-02
   7171.80  2.3008020E-02
   7172.00  2.3137853E-02
