  7112.000   26  1  1  1.7898522E-02 -1.4977408E+00 -5.4672689E-01  1  1  7.2647486E+03  0.0000000E+00  0.0000000E+00  2.8654664E+00  1.0000000E+00  0.0000000E+00 = E_edge, Z, n_edge, j_edge, Abs_before_edge, VO_interstitial, E_cut, ninitl, ninit1, Epsii, UnitCell_Volume, Surface_ref, f0_forward, natomsym_f, abs_u_i
    Energy    <xanes>    
   7097.00  2.7702686E-05
   7097.20  4.1089025E-05
   7097.40  1.9525532E-04
   7097.60  3.4000224E-05
   7097.80  3.2468699E-05
   7098.00  1.2715785E-04
   7098.20  4.0339062E-05
   7098.40  4.9069522E-05
   7098.60  6.9678054E-05
   7098.80  1.2603450E-04
   7099.00  3.8961932E-04
   7099.20  1.9432075E-02
   7099.40  6.9458323E-04
   7099.60  1.6332591E-04
   7099.80  8.0952094E-05
   7100.00  5.3985636E-05
   7100.20  4.2006094E-05
   7100.40  3.5774515E-05
   7100.60  3.2249432E-05
   7100.80  3.0238450E-05
   7101.00  2.9385928E-05
   7101.20  5.1810928E-05
   7101.40  6.7443847E-05
   7101.60  3.2464460E-05
   7101.80  3.6417201E-05
   7102.00  2.8748096E-03
   7102.20  3.8497736E-05
   7102.40  3.3437061E-05
   7102.60  3.5099668E-05
   7102.80  3.9739436E-05
   7103.00  4.9569154E-05
   7103.20  7.4607682E-05
   7103.40  1.8507696E-04
   7103.60  4.3900806E-02
   7103.80  6.9155015E-03
   7104.00  2.6757784E-04
   7104.20  7.0946471E-04
   7104.40  1.6648983E-03
   7104.60  1.5232404E-04
   7104.80  2.0771066E-04
   7105.00  8.8304274E-04
   7105.20  1.5194203E-04
   7105.40  5.0554600E-05
   7105.60  5.8861914E-05
   7105.80  3.0395607E-03
   7106.00  8.1522990E-05
   7106.20  3.7885179E-04
   7106.40  7.7260196E-05
   7106.60  3.2019448E-04
   7106.80  1.7119280E-04
   7107.00  9.4625472E-05
   7107.20  1.3140513E-04
   7107.40  4.7035289E-04
   7107.60  5.5242313E-03
   7107.80  4.9009471E-04
   7108.00  2.2326675E-02
   7108.20  1.0454157E-03
   7108.40  2.7850187E-04
   7108.60  2.9173350E-04
   7108.80  3.3202202E-04
   7109.00  6.7392687E-04
   7109.20  7.3014841E-02
   7109.40  6.1131872E-03
   7109.60  2.6973801E-03
   7109.80  6.7096619E-04
   7110.00  8.0594886E-03
   7110.20  5.7814606E-03
   7110.40  1.4064331E-02
   7110.60  1.9675049E-02
   7110.80  1.1439981E-03
   7111.00  5.7480512E-02
   7111.20  1.1084567E-02
   7111.40  5.3092937E-03
   7111.60  7.5581717E-03
   7111.80  1.3082982E-02
   7112.00  2.9903268E-02
   7112.20  7.6849692E-02
   7112.40  1.5414639E-02
   7112.60  1.5034558E-02
   7112.80  6.7290928E-03
   7113.00  4.1696662E-03
   7113.20  3.7873601E-03
   7113.40  3.9628076E-03
   7113.60  4.7027844E-03
   7113.80  6.5942762E-03
   7114.00  1.1941824E-02
   7114.20  3.2329555E-02
   7114.40  7.9786423E-02
   7114.60  7.3684358E-02
   7114.80  3.7031537E-02
   7115.00  2.2289139E-02
   7115.20  1.6911408E-02
   7115.40  1.4152012E-02
   7115.60  1.0152270E-02
   7115.80  7.3210209E-03
   7116.00  5.1258793E-03
   7116.20  3.7918117E-03
   7116.40  3.0090294E-03
   7116.60  2.5603767E-03
   7116.80  2.3098926E-03
   7117.00  2.1834138E-03
   7117.20  2.1464350E-03
   7117.40  2.1911551E-03
   7117.60  2.3332325E-03
   7117.80  2.6140975E-03
   7118.00  3.0824963E-03
   7118.20  3.6683236E-03
   7118.40  4.0492203E-03
   7118.60  4.0926629E-03
   7118.80  4.0580739E-03
   7119.00  4.1419320E-03
   7119.20  4.4152898E-03
   7119.40  4.9097760E-03
   7119.60  5.6578978E-03
   7119.80  6.8597426E-03
   7120.00  8.7745177E-03
   7120.20  1.1707183E-02
   7120.40  1.5812859E-02
   7120.60  2.0288187E-02
   7120.80  2.2918233E-02
   7121.00  2.2724977E-02
   7121.20  2.1360215E-02
   7121.40  2.0331150E-02
   7121.60  1.9913149E-02
   7121.80  1.9862078E-02
   7122.00  1.9894863E-02
   7122.20  1.9962065E-02
   7122.40  2.0003255E-02
   7122.60  2.0028394E-02
   7122.80  2.0040810E-02
   7123.00  2.0020487E-02
   7123.20  1.9946173E-02
   7123.40  1.9848660E-02
   7123.60  1.9967806E-02
   7123.80  2.0570641E-02
   7124.00  2.1945805E-02
   7124.20  2.3924746E-02
   7124.40  2.6319070E-02
   7124.60  2.8525668E-02
   7124.80  2.9658459E-02
   7125.00  2.8984172E-02
   7125.20  2.7120843E-02
   7125.40  2.4965293E-02
   7125.60  2.3068408E-02
   7125.80  2.1933472E-02
   7126.00  2.1547936E-02
   7126.20  2.1737800E-02
   7126.40  2.2332224E-02
   7126.60  2.3162882E-02
   7126.80  2.4228683E-02
   7127.00  2.5518321E-02
   7127.20  2.6853070E-02
   7127.40  2.8108658E-02
   7127.60  2.9291677E-02
   7127.80  3.0455654E-02
   7128.00  3.1683489E-02
   7128.20  3.3037612E-02
   7128.40  3.4523516E-02
   7128.60  3.6020053E-02
   7128.80  3.7472064E-02
   7129.00  3.8833206E-02
   7129.20  4.0071726E-02
   7129.40  4.1151582E-02
   7129.60  4.2017932E-02
   7129.80  4.2598709E-02
   7130.00  4.2828873E-02
   7130.20  4.2682641E-02
   7130.40  4.2194665E-02
   7130.60  4.1459535E-02
   7130.80  4.0613427E-02
   7131.00  3.9805800E-02
   7131.20  3.9167328E-02
   7131.40  3.8781553E-02
   7131.60  3.8667022E-02
   7131.80  3.8779703E-02
   7132.00  3.9035677E-02
   7132.20  3.9347749E-02
   7132.40  3.9663641E-02
   7132.60  3.9975475E-02
   7132.80  4.0305164E-02
   7133.00  4.0677942E-02
   7133.20  4.1116496E-02
   7133.40  4.1646400E-02
   7133.60  4.2303944E-02
   7133.80  4.3141685E-02
   7134.00  4.4233161E-02
   7134.20  4.5676365E-02
   7134.40  4.7592260E-02
   7134.60  5.0106808E-02
   7134.80  5.3292497E-02
   7135.00  5.7023415E-02
   7135.20  6.0746769E-02
   7135.40  6.3390370E-02
   7135.60  6.3860587E-02
   7135.80  6.1974942E-02
   7136.00  5.8627592E-02
   7136.20  5.4945545E-02
   7136.40  5.1622869E-02
   7136.60  4.8893951E-02
   7136.80  4.6748801E-02
   7137.00  4.5095895E-02
   7137.20  4.3839016E-02
   7137.40  4.2901713E-02
   7137.60  4.2228145E-02
   7137.80  4.1772611E-02
   7138.00  4.1485503E-02
   7138.20  4.1303808E-02
   7138.40  4.1156277E-02
   7138.60  4.0975742E-02
   7138.80  4.0717893E-02
   7139.00  4.0365473E-02
   7139.20  3.9921729E-02
   7139.40  3.9399675E-02
   7139.60  3.8814327E-02
   7139.80  3.8179144E-02
   7140.00  3.7498761E-02
   7140.20  3.6795328E-02
   7140.40  3.6077855E-02
   7140.60  3.5359349E-02
   7140.80  3.4656423E-02
   7141.00  3.3987746E-02
   7141.20  3.3373102E-02
   7141.40  3.2831568E-02
   7141.60  3.2379774E-02
   7141.80  3.2030236E-02
   7142.00  3.1790230E-02
   7142.20  3.1661268E-02
   7142.40  3.1639091E-02
   7142.60  3.1714198E-02
   7142.80  3.1872810E-02
   7143.00  3.2097892E-02
   7143.20  3.2370894E-02
   7143.40  3.2673179E-02
   7143.60  3.2987067E-02
   7143.80  3.3296416E-02
   7144.00  3.3587952E-02
   7144.20  3.3853496E-02
   7144.40  3.4082046E-02
   7144.60  3.4278868E-02
   7144.80  3.4425788E-02
   7145.00  3.4525296E-02
   7145.20  3.4590357E-02
   7145.40  3.4623221E-02
   7145.60  3.4626802E-02
   7145.80  3.4603745E-02
   7146.00  3.4556031E-02
   7146.20  3.4485136E-02
   7146.40  3.4391561E-02
   7146.60  3.4274405E-02
   7146.80  3.4131877E-02
   7147.00  3.3961158E-02
   7147.20  3.3758442E-02
   7147.40  3.3519063E-02
   7147.60  3.3238475E-02
   7147.80  3.2912722E-02
   7148.00  3.2539419E-02
   7148.20  3.2118007E-02
   7148.40  3.1651431E-02
   7148.60  3.1146482E-02
   7148.80  3.0614068E-02
   7149.00  3.0068980E-02
   7149.20  2.9528275E-02
   7149.40  2.9009903E-02
   7149.60  2.8533048E-02
   7149.80  2.8112993E-02
   7150.00  2.7757642E-02
   7150.20  2.7486040E-02
   7150.40  2.7297419E-02
   7150.60  2.7192930E-02
   7150.80  2.7170697E-02
   7151.00  2.7226342E-02
   7151.20  2.7357452E-02
   7151.40  2.7549762E-02
   7151.60  2.7797537E-02
   7151.80  2.8091300E-02
   7152.00  2.8422104E-02
   7152.20  2.8782362E-02
   7152.40  2.9156245E-02
   7152.60  2.9531264E-02
   7152.80  2.9894904E-02
   7153.00  3.0234484E-02
   7153.20  3.0537888E-02
   7153.40  3.0794087E-02
   7153.60  3.1003319E-02
   7153.80  3.1139614E-02
   7154.00  3.1209364E-02
   7154.20  3.1203545E-02
   7154.40  3.1143434E-02
   7154.60  3.1025878E-02
   7154.80  3.0858266E-02
   7155.00  3.0650428E-02
   7155.20  3.0411148E-02
   7155.40  3.0150251E-02
   7155.60  2.9875139E-02
   7155.80  2.9593132E-02
   7156.00  2.9309576E-02
   7156.20  2.9028395E-02
   7156.40  2.8752700E-02
   7156.60  2.8484202E-02
   7156.80  2.8223538E-02
   7157.00  2.7971034E-02
   7157.20  2.7727288E-02
   7157.40  2.7491309E-02
   7157.60  2.7262492E-02
   7157.80  2.7040280E-02
   7158.00  2.6824644E-02
   7158.20  2.6615095E-02
   7158.40  2.6410776E-02
   7158.60  2.6211420E-02
   7158.80  2.6016897E-02
   7159.00  2.5827732E-02
   7159.20  2.5643949E-02
   7159.40  2.5465630E-02
   7159.60  2.5293312E-02
   7159.80  2.5127707E-02
   7160.00  2.4969998E-02
   7160.20  2.4821680E-02
   7160.40  2.4683232E-02
   7160.60  2.4555722E-02
   7160.80  2.4440363E-02
   7161.00  2.4338328E-02
   7161.20  2.4251097E-02
   7161.40  2.4178922E-02
   7161.60  2.4121898E-02
   7161.80  2.4079790E-02
   7162.00  2.4056719E-02
   7162.20  2.4049987E-02
   7162.40  2.4059180E-02
   7162.60  2.4083640E-02
   7162.80  2.4122404E-02
   7163.00  2.4174491E-02
   7163.20  2.4237747E-02
   7163.40  2.4310703E-02
   7163.60  2.4392458E-02
   7163.80  2.4480458E-02
   7164.00  2.4572706E-02
   7164.20  2.4667252E-02
   7164.40  2.4762028E-02
   7164.60  2.4855258E-02
   7164.80  2.4944851E-02
   7165.00  2.5029081E-02
   7165.20  2.5106399E-02
   7165.40  2.5177134E-02
   7165.60  2.5237366E-02
   7165.80  2.5288172E-02
   7166.00  2.5329462E-02
   7166.20  2.5361613E-02
   7166.40  2.5385589E-02
   7166.60  2.5402424E-02
   7166.80  2.5413583E-02
   7167.00  2.5420814E-02
   7167.20  2.5426068E-02
   7167.40  2.5431341E-02
   7167.60  2.5438763E-02
   7167.80  2.5450047E-02
   7168.00  2.5466893E-02
   7168.20  2.5490779E-02
   7168.40  2.5522968E-02
   7168.60  2.5564764E-02
   7168.80  2.5616412E-02
   7169.00  2.5678154E-02
   7169.20  2.5750057E-02
   7169.40  2.5832039E-02
   7169.60  2.5923945E-02
   7169.80  2.6025379E-02
   7170.00  2.6135764E-02
   7170.20  2.6254514E-02
   7170.40  2.6380992E-02
   7170.60  2.6514651E-02
   7170.80  2.6654937E-02
   7171.00  2.6800859E-02
   7171.20  2.6951677E-02
   7171.40  2.7106628E-02
   7171.60  2.7264967E-02
   7171.80  2.7426004E-02
   7172.00  2.7588970E-02
