  7112.000   26  1  1  3.6340840E-02 -2.3500535E+00 -2.3747138E+00  1  1  7.2666021E+03  0.0000000E+00  0.0000000E+00  2.5783415E+00  1.0000000E+00  0.0000000E+00 = E_edge, Z, n_edge, j_edge, Abs_before_edge, VO_interstitial, E_cut, ninitl, ninit1, Epsii, UnitCell_Volume, Surface_ref, f0_forward, natomsym_f, abs_u_i
    Energy    <xanes>    
   7097.00  3.8442235E-05
   7097.20  4.6348023E-05
   7097.40  6.2543024E-05
   7097.60  1.0233117E-04
   7097.80  2.4684626E-04
   7098.00  2.0082361E-03
   7098.20  2.1595292E-03
   7098.40  2.5275716E-04
   7098.60  1.0381106E-04
   7098.80  6.3183182E-05
   7099.00  4.6615424E-05
   7099.20  3.8393678E-05
   7099.40  3.3851241E-05
   7099.60  3.1230552E-05
   7099.80  2.9775685E-05
   7100.00  2.9187344E-05
   7100.20  2.9479443E-05
   7100.40  3.1172702E-05
   7100.60  3.6698708E-05
   7100.80  6.5523801E-05
   7101.00  1.4189042E-02
   7101.20  9.0231986E-04
   7101.40  5.0809246E-05
   7101.60  5.8075779E-05
   7101.80  1.5292998E-03
   7102.00  2.1415923E-03
   7102.20  7.4655323E-05
   7102.40  4.7161848E-05
   7102.60  4.5045905E-05
   7102.80  5.1823510E-05
   7103.00  8.1005663E-05
   7103.20  4.2388181E-03
   7103.40  4.5459093E-04
   7103.60  7.0535123E-03
   7103.80  2.2386654E-04
   7104.00  9.0798353E-05
   7104.20  6.4948418E-05
   7104.40  7.6086444E-05
   7104.60  2.4963492E-04
   7104.80  5.9892726E-05
   7105.00  7.0257028E-05
   7105.20  5.2846596E-04
   7105.40  8.9239820E-05
   7105.60  1.9082053E-04
   7105.80  2.7001278E-03
   7106.00  2.6999617E-04
   7106.20  1.3097133E-04
   7106.40  1.7370969E-04
   7106.60  5.3513180E-04
   7106.80  3.1432472E-02
   7107.00  7.3486066E-03
   7107.20  4.7688974E-03
   7107.40  4.1860535E-02
   7107.60  5.1947338E-04
   7107.80  4.4690996E-03
   7108.00  4.7565915E-03
   7108.20  8.0441926E-03
   7108.40  4.1426385E-03
   7108.60  1.2272700E-03
   7108.80  1.6024088E-03
   7109.00  1.4045711E-02
   7109.20  1.7133863E-02
   7109.40  2.1701339E-02
   7109.60  1.2506025E-02
   7109.80  1.0601075E-02
   7110.00  4.7178136E-03
   7110.20  7.2788895E-03
   7110.40  7.3332991E-03
   7110.60  9.6712584E-03
   7110.80  1.4572809E-02
   7111.00  5.0868282E-03
   7111.20  9.7180181E-03
   7111.40  1.9149971E-02
   7111.60  8.1810626E-02
   7111.80  1.1850810E-02
   7112.00  4.3220585E-03
   7112.20  2.5025644E-03
   7112.40  2.1805119E-03
   7112.60  2.2792448E-03
   7112.80  2.6853312E-03
   7113.00  3.6096550E-03
   7113.20  5.2675134E-03
   7113.40  9.0465016E-03
   7113.60  2.3239711E-02
   7113.80  1.1352263E-01
   7114.00  4.0418225E-02
   7114.20  1.4347354E-02
   7114.40  7.9547854E-03
   7114.60  5.3641819E-03
   7114.80  4.1002589E-03
   7115.00  3.4413783E-03
   7115.20  3.1383435E-03
   7115.40  3.1488698E-03
   7115.60  3.6487390E-03
   7115.80  5.4617305E-03
   7116.00  1.2463896E-02
   7116.20  2.7161260E-02
   7116.40  1.4519393E-02
   7116.60  7.7313535E-03
   7116.80  5.2265077E-03
   7117.00  4.4056977E-03
   7117.20  4.0429841E-03
   7117.40  3.9047435E-03
   7117.60  3.9282909E-03
   7117.80  4.2114029E-03
   7118.00  4.9991836E-03
   7118.20  5.3317343E-03
   7118.40  4.6127567E-03
   7118.60  4.3804209E-03
   7118.80  4.5182033E-03
   7119.00  4.8901653E-03
   7119.20  5.3764431E-03
   7119.40  5.7631938E-03
   7119.60  6.0646289E-03
   7119.80  6.5345188E-03
   7120.00  7.6103354E-03
   7120.20  1.0127469E-02
   7120.40  1.2854021E-02
   7120.60  1.1527005E-02
   7120.80  1.0030105E-02
   7121.00  9.2159532E-03
   7121.20  8.8340655E-03
   7121.40  8.8205312E-03
   7121.60  9.1326221E-03
   7121.80  9.7557769E-03
   7122.00  1.0638669E-02
   7122.20  1.1595393E-02
   7122.40  1.2437491E-02
   7122.60  1.3076143E-02
   7122.80  1.3575666E-02
   7123.00  1.4109833E-02
   7123.20  1.4758098E-02
   7123.40  1.5494983E-02
   7123.60  1.6335205E-02
   7123.80  1.7241716E-02
   7124.00  1.8249943E-02
   7124.20  1.9382955E-02
   7124.40  2.0688739E-02
   7124.60  2.2204712E-02
   7124.80  2.3974198E-02
   7125.00  2.6030974E-02
   7125.20  2.8386188E-02
   7125.40  3.0974710E-02
   7125.60  3.3461206E-02
   7125.80  3.5146611E-02
   7126.00  3.5629593E-02
   7126.20  3.5275928E-02
   7126.40  3.4878850E-02
   7126.60  3.4773426E-02
   7126.80  3.5138175E-02
   7127.00  3.5956295E-02
   7127.20  3.7038478E-02
   7127.40  3.8149596E-02
   7127.60  3.9106311E-02
   7127.80  3.9831497E-02
   7128.00  4.0316118E-02
   7128.20  4.0543856E-02
   7128.40  4.0484478E-02
   7128.60  4.0130484E-02
   7128.80  3.9558672E-02
   7129.00  3.8766816E-02
   7129.20  3.7900907E-02
   7129.40  3.7057157E-02
   7129.60  3.6302000E-02
   7129.80  3.5630959E-02
   7130.00  3.5083820E-02
   7130.20  3.4582717E-02
   7130.40  3.4101667E-02
   7130.60  3.3638840E-02
   7130.80  3.3263268E-02
   7131.00  3.2891513E-02
   7131.20  3.2575324E-02
   7131.40  3.2313081E-02
   7131.60  3.2108982E-02
   7131.80  3.1975668E-02
   7132.00  3.1929745E-02
   7132.20  3.1984625E-02
   7132.40  3.2146055E-02
   7132.60  3.2409727E-02
   7132.80  3.2761708E-02
   7133.00  3.3184855E-02
   7133.20  3.3678225E-02
   7133.40  3.4274693E-02
   7133.60  3.5016912E-02
   7133.80  3.5914191E-02
   7134.00  3.6949187E-02
   7134.20  3.8104333E-02
   7134.40  3.9364983E-02
   7134.60  4.0708816E-02
   7134.80  4.2096786E-02
   7135.00  4.3473221E-02
   7135.20  4.4773715E-02
   7135.40  4.5939244E-02
   7135.60  4.6932592E-02
   7135.80  4.7746047E-02
   7136.00  4.8391631E-02
   7136.20  4.8894628E-02
   7136.40  4.9280218E-02
   7136.60  4.9564830E-02
   7136.80  4.9753189E-02
   7137.00  4.9844516E-02
   7137.20  4.9837361E-02
   7137.40  4.9735478E-02
   7137.60  4.9548499E-02
   7137.80  4.9289197E-02
   7138.00  4.8971111E-02
   7138.20  4.8604983E-02
   7138.40  4.8197475E-02
   7138.60  4.7751507E-02
   7138.80  4.7267697E-02
   7139.00  4.6746785E-02
   7139.20  4.6191760E-02
   7139.40  4.5609665E-02
   7139.60  4.5011381E-02
   7139.80  4.4411253E-02
   7140.00  4.3825368E-02
   7140.20  4.3269458E-02
   7140.40  4.2757702E-02
   7140.60  4.2301940E-02
   7140.80  4.1911310E-02
   7141.00  4.1592456E-02
   7141.20  4.1349934E-02
   7141.40  4.1186783E-02
   7141.60  4.1129886E-02
   7141.80  4.1150224E-02
   7142.00  4.1238871E-02
   7142.20  4.1393115E-02
   7142.40  4.1608877E-02
   7142.60  4.1880741E-02
   7142.80  4.2201855E-02
   7143.00  4.2563993E-02
   7143.20  4.2957790E-02
   7143.40  4.3373073E-02
   7143.60  4.3798973E-02
   7143.80  4.4224242E-02
   7144.00  4.4638004E-02
   7144.20  4.5029914E-02
   7144.40  4.5390451E-02
   7144.60  4.5711165E-02
   7144.80  4.5985029E-02
   7145.00  4.6206457E-02
   7145.20  4.6371609E-02
   7145.40  4.6478674E-02
   7145.60  4.6528079E-02
   7145.80  4.6522354E-02
   7146.00  4.6466312E-02
   7146.20  4.6366797E-02
   7146.40  4.6232592E-02
   7146.60  4.6073941E-02
   7146.80  4.5901875E-02
   7147.00  4.5727707E-02
   7147.20  4.5562073E-02
   7147.40  4.5413564E-02
   7147.60  4.5288771E-02
   7147.80  4.5191128E-02
   7148.00  4.5120664E-02
   7148.20  4.5075296E-02
   7148.40  4.5049192E-02
   7148.60  4.5033415E-02
   7148.80  4.5018908E-02
   7149.00  4.4995792E-02
   7149.20  4.4954929E-02
   7149.40  4.4888547E-02
   7149.60  4.4790759E-02
   7149.80  4.4656570E-02
   7150.00  4.4482973E-02
   7150.20  4.4268319E-02
   7150.40  4.4017288E-02
   7150.60  4.3719242E-02
   7150.80  4.3380552E-02
   7151.00  4.3002581E-02
   7151.20  4.2587036E-02
   7151.40  4.2132815E-02
   7151.60  4.1648840E-02
   7151.80  4.1134493E-02
   7152.00  4.0578807E-02
   7152.20  4.0013859E-02
   7152.40  3.9428520E-02
   7152.60  3.8826805E-02
   7152.80  3.8212030E-02
   7153.00  3.7588085E-02
   7153.20  3.6958776E-02
   7153.40  3.6315377E-02
   7153.60  3.5686543E-02
   7153.80  3.5063937E-02
   7154.00  3.4450447E-02
   7154.20  3.3849080E-02
   7154.40  3.3262707E-02
   7154.60  3.2693950E-02
   7154.80  3.2145246E-02
   7155.00  3.1618765E-02
   7155.20  3.1116486E-02
   7155.40  3.0639892E-02
   7155.60  3.0188394E-02
   7155.80  2.9764962E-02
   7156.00  2.9370899E-02
   7156.20  2.9007184E-02
   7156.40  2.8674799E-02
   7156.60  2.8374797E-02
   7156.80  2.8108445E-02
   7157.00  2.7876586E-02
   7157.20  2.7679852E-02
   7157.40  2.7519048E-02
   7157.60  2.7394422E-02
   7157.80  2.7305763E-02
   7158.00  2.7252319E-02
   7158.20  2.7232701E-02
   7158.40  2.7244877E-02
   7158.60  2.7286252E-02
   7158.80  2.7353791E-02
   7159.00  2.7443968E-02
   7159.20  2.7553298E-02
   7159.40  2.7678434E-02
   7159.60  2.7816114E-02
   7159.80  2.7963389E-02
   7160.00  2.8117684E-02
   7160.20  2.8276632E-02
   7160.40  2.8438096E-02
   7160.60  2.8601366E-02
   7160.80  2.8763465E-02
   7161.00  2.8921375E-02
   7161.20  2.9073943E-02
   7161.40  2.9219092E-02
   7161.60  2.9354501E-02
   7161.80  2.9477437E-02
   7162.00  2.9585115E-02
   7162.20  2.9674757E-02
   7162.40  2.9743567E-02
   7162.60  2.9788190E-02
   7162.80  2.9805727E-02
   7163.00  2.9796010E-02
   7163.20  2.9751838E-02
   7163.40  2.9674263E-02
   7163.60  2.9561894E-02
   7163.80  2.9413871E-02
   7164.00  2.9230383E-02
   7164.20  2.9012445E-02
   7164.40  2.8762428E-02
   7164.60  2.8481964E-02
   7164.80  2.8173981E-02
   7165.00  2.7841853E-02
   7165.20  2.7489296E-02
   7165.40  2.7120282E-02
   7165.60  2.6740018E-02
   7165.80  2.6351591E-02
   7166.00  2.5958528E-02
   7166.20  2.5564519E-02
   7166.40  2.5172929E-02
   7166.60  2.4786785E-02
   7166.80  2.4408767E-02
   7167.00  2.4041685E-02
   7167.20  2.3687546E-02
   7167.40  2.3347722E-02
   7167.60  2.3023603E-02
   7167.80  2.2716423E-02
   7168.00  2.2427240E-02
   7168.20  2.2156985E-02
   7168.40  2.1906296E-02
   7168.60  2.1675737E-02
   7168.80  2.1462208E-02
   7169.00  2.1277760E-02
   7169.20  2.1111175E-02
   7169.40  2.0966276E-02
   7169.60  2.0843568E-02
   7169.80  2.0743487E-02
   7170.00  2.0666316E-02
   7170.20  2.0612376E-02
   7170.40  2.0582032E-02
   7170.60  2.0575760E-02
   7170.80  2.0593168E-02
   7171.00  2.0634100E-02
   7171.20  2.0698244E-02
   7171.40  2.0784951E-02
   7171.60  2.0893552E-02
   7171.80  2.1023019E-02
   7172.00  2.1172245E-02
