  7112.000   26  1  1  2.3694463E-02 -2.7689512E+00 -5.3247951E-01  1  1  7.2655892E+03  0.0000000E+00  0.0000000E+00  3.0666242E+00  1.0000000E+00  0.0000000E+00 = E_edge, Z, n_edge, j_edge, Abs_before_edge, VO_interstitial, E_cut, ninitl, ninit1, Epsii, UnitCell_Volume, Surface_ref, f0_forward, natomsym_f, abs_u_i
    Energy    <xanes>    
   7097.00  1.9861231E-03
   7097.20  7.2378916E-04
   7097.40  1.3150657E-04
   7097.60  6.8631698E-05
   7097.80  5.1567101E-05
   7098.00  4.6501684E-05
   7098.20  4.7344405E-05
   7098.40  5.4077685E-05
   7098.60  7.2037638E-05
   7098.80  1.2519060E-04
   7099.00  3.9725197E-04
   7099.20  6.1324690E-02
   7099.40  5.0783263E-04
   7099.60  1.3843231E-04
   7099.80  7.4971156E-05
   7100.00  5.3759787E-05
   7100.20  4.4707257E-05
   7100.40  4.0803960E-05
   7100.60  4.0211613E-05
   7100.80  4.3985431E-05
   7101.00  6.3791761E-05
   7101.20  5.7807200E-04
   7101.40  1.4012297E-04
   7101.60  1.0748133E-04
   7101.80  2.0459854E-02
   7102.00  9.5191984E-05
   7102.20  5.6269013E-05
   7102.40  5.3592810E-05
   7102.60  6.0990869E-05
   7102.80  8.3121073E-05
   7103.00  2.1061326E-04
   7103.20  6.5887022E-04
   7103.40  3.9196703E-03
   7103.60  1.0099470E-03
   7103.80  1.9535953E-04
   7104.00  1.0089912E-04
   7104.20  7.4079834E-05
   7104.40  6.4948619E-05
   7104.60  6.3905759E-05
   7104.80  7.1300370E-05
   7105.00  1.1414800E-04
   7105.20  2.0576192E-02
   7105.40  1.3554950E-04
   7105.60  1.6923102E-04
   7105.80  4.4610402E-03
   7106.00  1.5061540E-04
   7106.20  1.3063645E-04
   7106.40  1.5285269E-04
   7106.60  2.0530192E-04
   7106.80  4.9802700E-04
   7107.00  5.6204867E-04
   7107.20  1.3621832E-03
   7107.40  5.1669917E-02
   7107.60  1.8546795E-02
   7107.80  1.6855870E-02
   7108.00  1.6441146E-03
   7108.20  1.7864679E-03
   7108.40  8.3483851E-04
   7108.60  9.2019123E-03
   7108.80  2.9158309E-03
   7109.00  1.8044565E-02
   7109.20  1.6710654E-03
   7109.40  8.4410490E-04
   7109.60  1.8467337E-03
   7109.80  8.1252476E-03
   7110.00  4.8563708E-02
   7110.20  2.2382834E-02
   7110.40  3.2790514E-02
   7110.60  4.3167250E-02
   7110.80  3.8524738E-02
   7111.00  3.8633749E-02
   7111.20  1.9762325E-02
   7111.40  1.2300914E-02
   7111.60  7.7203221E-03
   7111.80  4.1890535E-03
   7112.00  2.9916952E-03
   7112.20  2.5524879E-03
   7112.40  2.4801967E-03
   7112.60  2.7185034E-03
   7112.80  3.2252904E-03
   7113.00  3.7991896E-03
   7113.20  4.2050549E-03
   7113.40  3.8554713E-03
   7113.60  2.8501326E-03
   7113.80  2.0260141E-03
   7114.00  1.7712582E-03
   7114.20  2.4863526E-03
   7114.40  3.0366177E-03
   7114.60  1.3256897E-03
   7114.80  6.9949136E-04
   7115.00  5.4905004E-04
   7115.20  4.8477582E-04
   7115.40  4.5433159E-04
   7115.60  4.4274320E-04
   7115.80  4.4401241E-04
   7116.00  4.5583680E-04
   7116.20  4.7694777E-04
   7116.40  5.0591243E-04
   7116.60  5.4110164E-04
   7116.80  5.7891032E-04
   7117.00  6.1809297E-04
   7117.20  6.5954493E-04
   7117.40  7.0623636E-04
   7117.60  7.6178969E-04
   7117.80  8.2941948E-04
   7118.00  9.1167870E-04
   7118.20  1.0109724E-03
   7118.40  1.1309049E-03
   7118.60  1.2780886E-03
   7118.80  1.4632030E-03
   7119.00  1.6966477E-03
   7119.20  1.9781919E-03
   7119.40  2.2836142E-03
   7119.60  2.5628619E-03
   7119.80  2.7636270E-03
   7120.00  2.8637843E-03
   7120.20  2.8783889E-03
   7120.40  2.8407730E-03
   7120.60  2.7828792E-03
   7120.80  2.7264257E-03
   7121.00  2.6819541E-03
   7121.20  2.6516863E-03
   7121.40  2.6344113E-03
   7121.60  2.6306797E-03
   7121.80  2.6447963E-03
   7122.00  2.6827799E-03
   7122.20  2.7497501E-03
   7122.40  2.8479340E-03
   7122.60  2.9918945E-03
   7122.80  3.1685686E-03
   7123.00  3.3875860E-03
   7123.20  3.6537654E-03
   7123.40  3.9733119E-03
   7123.60  4.3537524E-03
   7123.80  4.8021394E-03
   7124.00  5.3309491E-03
   7124.20  5.9437135E-03
   7124.40  6.6425176E-03
   7124.60  7.4232492E-03
   7124.80  8.2745849E-03
   7125.00  9.1792792E-03
   7125.20  1.0118604E-02
   7125.40  1.1079760E-02
   7125.60  1.2064059E-02
   7125.80  1.3092371E-02
   7126.00  1.4151744E-02
   7126.20  1.5402826E-02
   7126.40  1.6850615E-02
   7126.60  1.8520889E-02
   7126.80  2.0394425E-02
   7127.00  2.2349028E-02
   7127.20  2.3984227E-02
   7127.40  2.5054966E-02
   7127.60  2.5511769E-02
   7127.80  2.5650395E-02
   7128.00  2.5824054E-02
   7128.20  2.6294817E-02
   7128.40  2.7150325E-02
   7128.60  2.8386724E-02
   7128.80  2.9972213E-02
   7129.00  3.1879067E-02
   7129.20  3.4099634E-02
   7129.40  3.6653286E-02
   7129.60  3.9589248E-02
   7129.80  4.2990584E-02
   7130.00  4.6975606E-02
   7130.20  5.1695031E-02
   7130.40  5.7314568E-02
   7130.60  6.3973115E-02
   7130.80  7.1689167E-02
   7131.00  8.0214428E-02
   7131.20  8.8868782E-02
   7131.40  9.6554810E-02
   7131.60  1.0213781E-01
   7131.80  1.0496820E-01
   7132.00  1.0505390E-01
   7132.20  1.0279616E-01
   7132.40  9.8712285E-02
   7132.60  9.3358071E-02
   7132.80  8.7262139E-02
   7133.00  8.1034220E-02
   7133.20  7.5141668E-02
   7133.40  6.9893972E-02
   7133.60  6.5445314E-02
   7133.80  6.1815901E-02
   7134.00  5.8930689E-02
   7134.20  5.6663735E-02
   7134.40  5.4875725E-02
   7134.60  5.3438803E-02
   7134.80  5.2248429E-02
   7135.00  5.1225887E-02
   7135.20  5.0315195E-02
   7135.40  4.9479027E-02
   7135.60  4.8693706E-02
   7135.80  4.7945351E-02
   7136.00  4.7227051E-02
   7136.20  4.6536320E-02
   7136.40  4.5873274E-02
   7136.60  4.5239572E-02
   7136.80  4.4637528E-02
   7137.00  4.4069527E-02
   7137.20  4.3537575E-02
   7137.40  4.3043152E-02
   7137.60  4.2586350E-02
   7137.80  4.2168836E-02
   7138.00  4.1791202E-02
   7138.20  4.1453431E-02
   7138.40  4.1155122E-02
   7138.60  4.0895794E-02
   7138.80  4.0674582E-02
   7139.00  4.0493265E-02
   7139.20  4.0346868E-02
   7139.40  4.0233323E-02
   7139.60  4.0151362E-02
   7139.80  4.0099656E-02
   7140.00  4.0076731E-02
   7140.20  4.0080902E-02
   7140.40  4.0110570E-02
   7140.60  4.0163762E-02
   7140.80  4.0238372E-02
   7141.00  4.0332095E-02
   7141.20  4.0442482E-02
   7141.40  4.0566853E-02
   7141.60  4.0702335E-02
   7141.80  4.0845887E-02
   7142.00  4.0994317E-02
   7142.20  4.1144349E-02
   7142.40  4.1292718E-02
   7142.60  4.1436012E-02
   7142.80  4.1571034E-02
   7143.00  4.1694729E-02
   7143.20  4.1804311E-02
   7143.40  4.1897299E-02
   7143.60  4.1971670E-02
   7143.80  4.2025816E-02
   7144.00  4.2058652E-02
   7144.20  4.2069562E-02
   7144.40  4.2058534E-02
   7144.60  4.2025885E-02
   7144.80  4.1972331E-02
   7145.00  4.1898891E-02
   7145.20  4.1806802E-02
   7145.40  4.1697302E-02
   7145.60  4.1571468E-02
   7145.80  4.1437969E-02
   7146.00  4.1288116E-02
   7146.20  4.1125884E-02
   7146.40  4.0950866E-02
   7146.60  4.0762374E-02
   7146.80  4.0559685E-02
   7147.00  4.0342033E-02
   7147.20  4.0108949E-02
   7147.40  3.9860386E-02
   7147.60  3.9596843E-02
   7147.80  3.9319226E-02
   7148.00  3.9028908E-02
   7148.20  3.8727576E-02
   7148.40  3.8417192E-02
   7148.60  3.8096882E-02
   7148.80  3.7774827E-02
   7149.00  3.7454826E-02
   7149.20  3.7129122E-02
   7149.40  3.6804348E-02
   7149.60  3.6482040E-02
   7149.80  3.6164222E-02
   7150.00  3.5851714E-02
   7150.20  3.5545185E-02
   7150.40  3.5245106E-02
   7150.60  3.4952143E-02
   7150.80  3.4666422E-02
   7151.00  3.4388017E-02
   7151.20  3.4117329E-02
   7151.40  3.3853882E-02
   7151.60  3.3597473E-02
   7151.80  3.3348024E-02
   7152.00  3.3105033E-02
   7152.20  3.2867792E-02
   7152.40  3.2635671E-02
   7152.60  3.2408071E-02
   7152.80  3.2184291E-02
   7153.00  3.1963194E-02
   7153.20  3.1730532E-02
   7153.40  3.1511930E-02
   7153.60  3.1292737E-02
   7153.80  3.1072112E-02
   7154.00  3.0848693E-02
   7154.20  3.0621293E-02
   7154.40  3.0388772E-02
   7154.60  3.0150104E-02
   7154.80  2.9904540E-02
   7155.00  2.9651400E-02
   7155.20  2.9389912E-02
   7155.40  2.9119797E-02
   7155.60  2.8841044E-02
   7155.80  2.8553992E-02
   7156.00  2.8259285E-02
   7156.20  2.7958142E-02
   7156.40  2.7651803E-02
   7156.60  2.7341553E-02
   7156.80  2.7029029E-02
   7157.00  2.6715950E-02
   7157.20  2.6404083E-02
   7157.40  2.6095147E-02
   7157.60  2.5790776E-02
   7157.80  2.5492764E-02
   7158.00  2.5202152E-02
   7158.20  2.4919933E-02
   7158.40  2.4647028E-02
   7158.60  2.4384169E-02
   7158.80  2.4131935E-02
   7159.00  2.3890771E-02
   7159.20  2.3661007E-02
   7159.40  2.3442893E-02
   7159.60  2.3236938E-02
   7159.80  2.3042936E-02
   7160.00  2.2860842E-02
   7160.20  2.2690720E-02
   7160.40  2.2532485E-02
   7160.60  2.2385998E-02
   7160.80  2.2242254E-02
   7161.00  2.2118243E-02
   7161.20  2.2005077E-02
   7161.40  2.1902244E-02
   7161.60  2.1809492E-02
   7161.80  2.1725910E-02
   7162.00  2.1651878E-02
   7162.20  2.1592701E-02
   7162.40  2.1534259E-02
   7162.60  2.1482780E-02
   7162.80  2.1446632E-02
   7163.00  2.1407948E-02
   7163.20  2.1387564E-02
   7163.40  2.1360971E-02
   7163.60  2.1340625E-02
   7163.80  2.1326929E-02
   7164.00  2.1323758E-02
   7164.20  2.1322911E-02
   7164.40  2.1328724E-02
   7164.60  2.1341638E-02
   7164.80  2.1361483E-02
   7165.00  2.1388476E-02
   7165.20  2.1423255E-02
   7165.40  2.1465528E-02
   7165.60  2.1515338E-02
   7165.80  2.1572681E-02
   7166.00  2.1637827E-02
   7166.20  2.1710518E-02
   7166.40  2.1791650E-02
   7166.60  2.1879437E-02
   7166.80  2.1973921E-02
   7167.00  2.2074956E-02
   7167.20  2.2182172E-02
   7167.40  2.2294983E-02
   7167.60  2.2412957E-02
   7167.80  2.2535555E-02
   7168.00  2.2662268E-02
   7168.20  2.2792541E-02
   7168.40  2.2926076E-02
   7168.60  2.3062065E-02
   7168.80  2.3199947E-02
   7169.00  2.3339099E-02
   7169.20  2.3479060E-02
   7169.40  2.3619353E-02
   7169.60  2.3759419E-02
   7169.80  2.3898936E-02
   7170.00  2.4037383E-02
   7170.20  2.4174224E-02
   7170.40  2.4309065E-02
   7170.60  2.4441550E-02
   7170.80  2.4571384E-02
   7171.00  2.4698354E-02
   7171.20  2.4822640E-02
   7171.40  2.4943592E-02
   7171.60  2.5061245E-02
   7171.80  2.5175341E-02
   7172.00  2.5285702E-02
