  7112.000   26  1  1  2.3984483E-02 -2.9690100E+00 -1.8989870E+00  1  1  7.2658438E+03  0.0000000E+00  0.0000000E+00  3.3239214E+00  1.0000000E+00  0.0000000E+00 = E_edge, Z, n_edge, j_edge, Abs_before_edge, VO_interstitial, E_cut, ninitl, ninit1, Epsii, UnitCell_Volume, Surface_ref, f0_forward, natomsym_f, abs_u_i
    Energy    <xanes>    
   7097.00  2.3429101E-05
   7097.20  2.3924929E-05
   7097.40  2.4521689E-05
   7097.60  2.5247249E-05
   7097.80  2.6142711E-05
   7098.00  2.7267605E-05
   7098.20  2.8712210E-05
   7098.40  3.0618933E-05
   7098.60  3.3224525E-05
   7098.80  3.6951058E-05
   7099.00  4.2618214E-05
   7099.20  5.2032700E-05
   7099.40  7.0121855E-05
   7099.60  1.2277838E-04
   7099.80  2.7034841E-04
   7100.00  6.7918035E-03
   7100.20  8.7395591E-02
   7100.40  5.4332852E-04
   7100.60  2.6078745E-04
   7100.80  5.7329443E-03
   7101.00  3.1907892E-03
   7101.20  3.3281514E-04
   7101.40  1.2985134E-04
   7101.60  1.6420515E-04
   7101.80  6.1886469E-03
   7102.00  2.2381418E-04
   7102.20  1.2577543E-04
   7102.40  2.6710150E-04
   7102.60  5.9423714E-03
   7102.80  1.8723105E-04
   7103.00  1.6126023E-04
   7103.20  5.1965344E-03
   7103.40  1.2222367E-03
   7103.60  7.4596553E-03
   7103.80  1.8077320E-03
   7104.00  2.3935324E-03
   7104.20  1.6782807E-03
   7104.40  2.8242323E-03
   7104.60  1.4603890E-03
   7104.80  1.3628015E-03
   7105.00  1.6056355E-03
   7105.20  2.4795429E-04
   7105.40  1.6699631E-04
   7105.60  2.6928716E-04
   7105.80  3.0169758E-02
   7106.00  3.2172570E-04
   7106.20  1.9197653E-04
   7106.40  2.9525522E-03
   7106.60  5.0958257E-03
   7106.80  1.2427695E-03
   7107.00  1.2634764E-02
   7107.20  5.1479464E-02
   7107.40  1.3775709E-03
   7107.60  7.1504395E-04
   7107.80  1.2648953E-02
   7108.00  9.4972539E-04
   7108.20  3.7121995E-03
   7108.40  5.1682468E-03
   7108.60  1.0661683E-02
   7108.80  1.4973355E-03
   7109.00  4.7398186E-03
   7109.20  1.7095310E-03
   7109.40  1.7268632E-03
   7109.60  9.5641352E-03
   7109.80  8.3668933E-03
   7110.00  5.5140144E-03
   7110.20  7.1003278E-03
   7110.40  8.7967649E-03
   7110.60  1.1201889E-02
   7110.80  2.1535457E-02
   7111.00  3.5204661E-02
   7111.20  4.6116895E-02
   7111.40  3.9460379E-02
   7111.60  3.2570002E-02
   7111.80  3.0869884E-02
   7112.00  2.1074293E-02
   7112.20  1.7203456E-02
   7112.40  1.7466776E-02
   7112.60  1.9652773E-02
   7112.80  2.6646877E-02
   7113.00  3.3672387E-02
   7113.20  3.8197257E-02
   7113.40  4.0538222E-02
   7113.60  4.5283071E-02
   7113.80  4.5778273E-02
   7114.00  3.3653941E-02
   7114.20  2.3761681E-02
   7114.40  1.7832895E-02
   7114.60  1.3246425E-02
   7114.80  1.1030308E-02
   7115.00  9.9316027E-03
   7115.20  9.6038242E-03
   7115.40  1.0179371E-02
   7115.60  1.0722621E-02
   7115.80  9.3393664E-03
   7116.00  6.8223542E-03
   7116.20  5.0732824E-03
   7116.40  4.1031090E-03
   7116.60  3.5910344E-03
   7116.80  3.3587199E-03
   7117.00  3.3143417E-03
   7117.20  3.4111516E-03
   7117.40  3.6146269E-03
   7117.60  3.8828751E-03
   7117.80  4.1722523E-03
   7118.00  4.4535761E-03
   7118.20  4.7105310E-03
   7118.40  4.9185428E-03
   7118.60  5.0369334E-03
   7118.80  5.0276282E-03
   7119.00  4.9231447E-03
   7119.20  4.8354708E-03
   7119.40  4.8314037E-03
   7119.60  4.8780921E-03
   7119.80  4.9170958E-03
   7120.00  4.9355787E-03
   7120.20  4.9510946E-03
   7120.40  4.9721415E-03
   7120.60  5.0598242E-03
   7120.80  5.2876928E-03
   7121.00  5.6221655E-03
   7121.20  5.9713232E-03
   7121.40  6.3678616E-03
   7121.60  6.9165375E-03
   7121.80  7.7073620E-03
   7122.00  8.7988610E-03
   7122.20  1.0241090E-02
   7122.40  1.1845778E-02
   7122.60  1.3532325E-02
   7122.80  1.5345538E-02
   7123.00  1.7532298E-02
   7123.20  2.0318311E-02
   7123.40  2.3223508E-02
   7123.60  2.5201220E-02
   7123.80  2.5898099E-02
   7124.00  2.5760071E-02
   7124.20  2.5260686E-02
   7124.40  2.4623142E-02
   7124.60  2.3937029E-02
   7124.80  2.3274617E-02
   7125.00  2.2716862E-02
   7125.20  2.2340473E-02
   7125.40  2.2213420E-02
   7125.60  2.2334756E-02
   7125.80  2.2894250E-02
   7126.00  2.3853311E-02
   7126.20  2.5214191E-02
   7126.40  2.6810848E-02
   7126.60  2.8563558E-02
   7126.80  3.0273651E-02
   7127.00  3.2095817E-02
   7127.20  3.4015543E-02
   7127.40  3.6087707E-02
   7127.60  3.8091951E-02
   7127.80  3.9909049E-02
   7128.00  4.1467221E-02
   7128.20  4.2813158E-02
   7128.40  4.4043279E-02
   7128.60  4.5266327E-02
   7128.80  4.6586101E-02
   7129.00  4.8044303E-02
   7129.20  4.9582076E-02
   7129.40  5.1076587E-02
   7129.60  5.2408311E-02
   7129.80  5.3492309E-02
   7130.00  5.4274155E-02
   7130.20  5.4729733E-02
   7130.40  5.4890434E-02
   7130.60  5.4836430E-02
   7130.80  5.4631734E-02
   7131.00  5.4284672E-02
   7131.20  5.3787963E-02
   7131.40  5.3159957E-02
   7131.60  5.2420422E-02
   7131.80  5.1538082E-02
   7132.00  5.0426197E-02
   7132.20  4.9022344E-02
   7132.40  4.7397054E-02
   7132.60  4.5747983E-02
   7132.80  4.4268387E-02
   7133.00  4.3077180E-02
   7133.20  4.2255529E-02
   7133.40  4.1863565E-02
   7133.60  4.1922166E-02
   7133.80  4.2360271E-02
   7134.00  4.3025669E-02
   7134.20  4.3769563E-02
   7134.40  4.4544982E-02
   7134.60  4.5377377E-02
   7134.80  4.6249095E-02
   7135.00  4.7076539E-02
   7135.20  4.7768228E-02
   7135.40  4.8260268E-02
   7135.60  4.8517923E-02
   7135.80  4.8536418E-02
   7136.00  4.8342990E-02
   7136.20  4.7991202E-02
   7136.40  4.7547369E-02
   7136.60  4.7074158E-02
   7136.80  4.6619609E-02
   7137.00  4.6213566E-02
   7137.20  4.5870437E-02
   7137.40  4.5594507E-02
   7137.60  4.5384006E-02
   7137.80  4.5231753E-02
   7138.00  4.5125564E-02
   7138.20  4.5049615E-02
   7138.40  4.4988670E-02
   7138.60  4.4933605E-02
   7138.80  4.4884410E-02
   7139.00  4.4850060E-02
   7139.20  4.4844710E-02
   7139.40  4.4882986E-02
   7139.60  4.4975003E-02
   7139.80  4.5132079E-02
   7140.00  4.5343313E-02
   7140.20  4.5598810E-02
   7140.40  4.5887107E-02
   7140.60  4.6193567E-02
   7140.80  4.6500512E-02
   7141.00  4.6785622E-02
   7141.20  4.7020698E-02
   7141.40  4.7171663E-02
   7141.60  4.7264476E-02
   7141.80  4.7123468E-02
   7142.00  4.6797332E-02
   7142.20  4.6277710E-02
   7142.40  4.5575094E-02
   7142.60  4.4716888E-02
   7142.80  4.3741682E-02
   7143.00  4.2691802E-02
   7143.20  4.1607593E-02
   7143.40  4.0522233E-02
   7143.60  3.9460045E-02
   7143.80  3.8436566E-02
   7144.00  3.7459935E-02
   7144.20  3.6533002E-02
   7144.40  3.5656009E-02
   7144.60  3.4828717E-02
   7144.80  3.4051900E-02
   7145.00  3.3327915E-02
   7145.20  3.2660361E-02
   7145.40  3.2052661E-02
   7145.60  3.1506920E-02
   7145.80  3.1023270E-02
   7146.00  3.0600092E-02
   7146.20  3.0234318E-02
   7146.40  2.9922102E-02
   7146.60  2.9646279E-02
   7146.80  2.9429715E-02
   7147.00  2.9249011E-02
   7147.20  2.9103840E-02
   7147.40  2.8991704E-02
   7147.60  2.8909419E-02
   7147.80  2.8853941E-02
   7148.00  2.8821124E-02
   7148.20  2.8811932E-02
   7148.40  2.8815692E-02
   7148.60  2.8831692E-02
   7148.80  2.8855598E-02
   7149.00  2.8883466E-02
   7149.20  2.8911041E-02
   7149.40  2.8934110E-02
   7149.60  2.8952227E-02
   7149.80  2.8955894E-02
   7150.00  2.8945260E-02
   7150.20  2.8918194E-02
   7150.40  2.8873525E-02
   7150.60  2.8810467E-02
   7150.80  2.8729112E-02
   7151.00  2.8630285E-02
   7151.20  2.8515615E-02
   7151.40  2.8387062E-02
   7151.60  2.8246930E-02
   7151.80  2.8098028E-02
   7152.00  2.7943425E-02
   7152.20  2.7786434E-02
   7152.40  2.7630461E-02
   7152.60  2.7478699E-02
   7152.80  2.7334557E-02
   7153.00  2.7201196E-02
   7153.20  2.7081575E-02
   7153.40  2.6978528E-02
   7153.60  2.6894042E-02
   7153.80  2.6829692E-02
   7154.00  2.6786508E-02
   7154.20  2.6764935E-02
   7154.40  2.6764775E-02
   7154.60  2.6785158E-02
   7154.80  2.6824882E-02
   7155.00  2.6882237E-02
   7155.20  2.6952173E-02
   7155.40  2.7030290E-02
   7155.60  2.7111380E-02
   7155.80  2.7189941E-02
   7156.00  2.7260076E-02
   7156.20  2.7316201E-02
   7156.40  2.7353009E-02
   7156.60  2.7366121E-02
   7156.80  2.7352211E-02
   7157.00  2.7309094E-02
   7157.20  2.7235825E-02
   7157.40  2.7132635E-02
   7157.60  2.7000736E-02
   7157.80  2.6842320E-02
   7158.00  2.6660011E-02
   7158.20  2.6456934E-02
   7158.40  2.6236532E-02
   7158.60  2.6002281E-02
   7158.80  2.5757758E-02
   7159.00  2.5506413E-02
   7159.20  2.5250742E-02
   7159.40  2.4993168E-02
   7159.60  2.4738559E-02
   7159.80  2.4487510E-02
   7160.00  2.4241463E-02
   7160.20  2.4001787E-02
   7160.40  2.3769686E-02
   7160.60  2.3545705E-02
   7160.80  2.3330310E-02
   7161.00  2.3123902E-02
   7161.20  2.2926736E-02
   7161.40  2.2739786E-02
   7161.60  2.2560060E-02
   7161.80  2.2389169E-02
   7162.00  2.2232381E-02
   7162.20  2.2086594E-02
   7162.40  2.1953050E-02
   7162.60  2.1835104E-02
   7162.80  2.1722493E-02
   7163.00  2.1622019E-02
   7163.20  2.1534347E-02
   7163.40  2.1459433E-02
   7163.60  2.1398129E-02
   7163.80  2.1349823E-02
   7164.00  2.1314128E-02
   7164.20  2.1291070E-02
   7164.40  2.1279769E-02
   7164.60  2.1279612E-02
   7164.80  2.1290018E-02
   7165.00  2.1310387E-02
   7165.20  2.1340263E-02
   7165.40  2.1379047E-02
   7165.60  2.1425892E-02
   7165.80  2.1480229E-02
   7166.00  2.1541469E-02
   7166.20  2.1609142E-02
   7166.40  2.1682730E-02
   7166.60  2.1762067E-02
   7166.80  2.1846411E-02
   7167.00  2.1935348E-02
   7167.20  2.2028506E-02
   7167.40  2.2125650E-02
   7167.60  2.2226516E-02
   7167.80  2.2330868E-02
   7168.00  2.2438672E-02
   7168.20  2.2549625E-02
   7168.40  2.2663521E-02
   7168.60  2.2780248E-02
   7168.80  2.2899746E-02
   7169.00  2.3021921E-02
   7169.20  2.3146697E-02
   7169.40  2.3273936E-02
   7169.60  2.3403734E-02
   7169.80  2.3536127E-02
   7170.00  2.3670923E-02
   7170.20  2.3808042E-02
   7170.40  2.3947522E-02
   7170.60  2.4089415E-02
   7170.80  2.4233758E-02
   7171.00  2.4380603E-02
   7171.20  2.4530116E-02
   7171.40  2.4682426E-02
   7171.60  2.4837816E-02
   7171.80  2.4996219E-02
   7172.00  2.5157671E-02
