  7112.000   26  1  1  9.4074700E-03 -3.8139387E+00 -1.0920255E+00  1  1  7.2655294E+03  0.0000000E+00  0.0000000E+00  2.7441204E+00  1.0000000E+00  0.0000000E+00 = E_edge, Z, n_edge, j_edge, Abs_before_edge, VO_interstitial, E_cut, ninitl, ninit1, Epsii, UnitCell_Volume, Surface_ref, f0_forward, natomsym_f, abs_u_i
    Energy    <xanes>    
   7097.00  3.5097394E-05
   7097.20  3.6157803E-05
   7097.40  3.9312338E-05
   7097.60  4.5910249E-05
   7097.80  5.9902579E-05
   7098.00  9.5022403E-05
   7098.20  2.2637827E-04
   7098.40  2.0848232E-03
   7098.60  1.4596751E-03
   7098.80  5.7975187E-04
   7099.00  1.1968962E-04
   7099.20  6.4417863E-05
   7099.40  4.8824447E-05
   7099.60  4.2780197E-05
   7099.80  4.1822603E-05
   7100.00  4.7538183E-05
   7100.20  9.6015486E-05
   7100.40  1.0532681E-02
   7100.60  1.0886794E-04
   7100.80  1.1812339E-04
   7101.00  2.1767713E-03
   7101.20  3.2845389E-04
   7101.40  9.1310003E-05
   7101.60  5.1059403E-05
   7101.80  4.3437909E-05
   7102.00  4.5615672E-05
   7102.20  1.2291301E-04
   7102.40  8.7009616E-05
   7102.60  7.6131389E-05
   7102.80  2.5593837E-04
   7103.00  4.1447787E-04
   7103.20  6.2780058E-04
   7103.40  3.5488500E-04
   7103.60  1.6378731E-04
   7103.80  2.0305300E-02
   7104.00  1.3169896E-04
   7104.20  7.0218918E-05
   7104.40  6.3409740E-05
   7104.60  7.0160247E-05
   7104.80  9.4268692E-05
   7105.00  1.8914096E-04
   7105.20  2.8464822E-03
   7105.40  1.0630554E-02
   7105.60  4.1581407E-03
   7105.80  3.5752074E-04
   7106.00  9.0804535E-04
   7106.20  3.3825634E-04
   7106.40  4.6126648E-03
   7106.60  1.4259352E-02
   7106.80  2.9397422E-04
   7107.00  1.4317090E-03
   7107.20  5.0931126E-03
   7107.40  5.3184089E-04
   7107.60  3.9080619E-04
   7107.80  5.7190491E-04
   7108.00  4.2283566E-03
   7108.20  1.0633633E-02
   7108.40  2.2001637E-03
   7108.60  6.8285811E-03
   7108.80  4.1719506E-03
   7109.00  1.5664609E-02
   7109.20  1.5544508E-02
   7109.40  7.1814729E-03
   7109.60  4.7671847E-03
   7109.80  6.7450861E-03
   7110.00  1.9355291E-02
   7110.20  3.2940350E-02
   7110.40  1.8893385E-02
   7110.60  1.7619719E-02
   7110.80  2.1814009E-02
   7111.00  2.5153708E-02
   7111.20  2.0369588E-02
   7111.40  2.1964604E-02
   7111.60  4.4196424E-02
   7111.80  5.9901844E-02
   7112.00  3.1269198E-02
   7112.20  2.5654744E-02
   7112.40  1.8701277E-02
   7112.60  1.7682387E-02
   7112.80  2.0629734E-02
   7113.00  2.5162793E-02
   7113.20  2.9406630E-02
   7113.40  2.5341736E-02
   7113.60  1.6766056E-02
   7113.80  1.1590688E-02
   7114.00  8.8363587E-03
   7114.20  7.3530485E-03
   7114.40  6.6212430E-03
   7114.60  6.3916830E-03
   7114.80  6.5435324E-03
   7115.00  6.9293026E-03
   7115.20  8.2018207E-03
   7115.40  1.0983458E-02
   7115.60  1.2201758E-02
   7115.80  8.7707239E-03
   7116.00  5.9302446E-03
   7116.20  4.5615578E-03
   7116.40  3.9146429E-03
   7116.60  3.6008416E-03
   7116.80  3.4579477E-03
   7117.00  3.4134826E-03
   7117.20  3.4301907E-03
   7117.40  3.4854447E-03
   7117.60  3.5656239E-03
   7117.80  3.6680427E-03
   7118.00  3.8032630E-03
   7118.20  3.9892148E-03
   7118.40  4.2354495E-03
   7118.60  4.5312277E-03
   7118.80  4.8585327E-03
   7119.00  5.2190008E-03
   7119.20  5.6077828E-03
   7119.40  5.9262753E-03
   7119.60  5.9857534E-03
   7119.80  5.7470093E-03
   7120.00  5.3964927E-03
   7120.20  5.1053471E-03
   7120.40  4.9341506E-03
   7120.60  4.8803812E-03
   7120.80  4.9216007E-03
   7121.00  5.0335231E-03
   7121.20  5.2005996E-03
   7121.40  5.4057735E-03
   7121.60  5.6371216E-03
   7121.80  5.8951674E-03
   7122.00  6.1863628E-03
   7122.20  6.5143465E-03
   7122.40  6.8683188E-03
   7122.60  7.2600548E-03
   7122.80  7.6949982E-03
   7123.00  8.1715683E-03
   7123.20  8.7013235E-03
   7123.40  9.2935955E-03
   7123.60  9.9621549E-03
   7123.80  1.0728593E-02
   7124.00  1.1622657E-02
   7124.20  1.2674089E-02
   7124.40  1.3891592E-02
   7124.60  1.5292742E-02
   7124.80  1.7023203E-02
   7125.00  1.9352183E-02
   7125.20  2.2313672E-02
   7125.40  2.5340112E-02
   7125.60  2.6980103E-02
   7125.80  2.6754605E-02
   7126.00  2.5672631E-02
   7126.20  2.4497618E-02
   7126.40  2.3287202E-02
   7126.60  2.1977364E-02
   7126.80  2.0723795E-02
   7127.00  1.9591220E-02
   7127.20  1.8620613E-02
   7127.40  1.7893749E-02
   7127.60  1.7348572E-02
   7127.80  1.6956679E-02
   7128.00  1.6720255E-02
   7128.20  1.6669267E-02
   7128.40  1.6856352E-02
   7128.60  1.7353243E-02
   7128.80  1.8239467E-02
   7129.00  1.9577128E-02
   7129.20  2.1370841E-02
   7129.40  2.3544052E-02
   7129.60  2.5967988E-02
   7129.80  2.8521741E-02
   7130.00  3.1116588E-02
   7130.20  3.3666787E-02
   7130.40  3.6065415E-02
   7130.60  3.8215431E-02
   7130.80  4.0077864E-02
   7131.00  4.1684816E-02
   7131.20  4.3116069E-02
   7131.40  4.4472619E-02
   7131.60  4.5854227E-02
   7131.80  4.7345755E-02
   7132.00  4.9009529E-02
   7132.20  5.0880315E-02
   7132.40  5.2961200E-02
   7132.60  5.5214662E-02
   7132.80  5.7548840E-02
   7133.00  5.9800646E-02
   7133.20  6.1727330E-02
   7133.40  6.3056036E-02
   7133.60  6.3646098E-02
   7133.80  6.3668439E-02
   7134.00  6.3523904E-02
   7134.20  6.3548112E-02
   7134.40  6.3839334E-02
   7134.60  6.4299313E-02
   7134.80  6.4741967E-02
   7135.00  6.5003539E-02
   7135.20  6.4994079E-02
   7135.40  6.4699523E-02
   7135.60  6.4149462E-02
   7135.80  6.3387450E-02
   7136.00  6.2457191E-02
   7136.20  6.1395958E-02
   7136.40  6.0233069E-02
   7136.60  5.8990745E-02
   7136.80  5.7686590E-02
   7137.00  5.6337047E-02
   7137.20  5.4957483E-02
   7137.40  5.3562562E-02
   7137.60  5.2165869E-02
   7137.80  5.0780014E-02
   7138.00  4.9415643E-02
   7138.20  4.8082128E-02
   7138.40  4.6787847E-02
   7138.60  4.5539878E-02
   7138.80  4.4345130E-02
   7139.00  4.3209260E-02
   7139.20  4.2136627E-02
   7139.40  4.1130498E-02
   7139.60  4.0192631E-02
   7139.80  3.9323543E-02
   7140.00  3.8523132E-02
   7140.20  3.7792018E-02
   7140.40  3.7132099E-02
   7140.60  3.6547245E-02
   7140.80  3.6043398E-02
   7141.00  3.5628234E-02
   7141.20  3.5309803E-02
   7141.40  3.5094824E-02
   7141.60  3.4987233E-02
   7141.80  3.4986780E-02
   7142.00  3.5086078E-02
   7142.20  3.5277581E-02
   7142.40  3.5552141E-02
   7142.60  3.5899221E-02
   7142.80  3.6307909E-02
   7143.00  3.6767339E-02
   7143.20  3.7266303E-02
   7143.40  3.7793154E-02
   7143.60  3.8335343E-02
   7143.80  3.8879388E-02
   7144.00  3.9411003E-02
   7144.20  3.9915840E-02
   7144.40  4.0380308E-02
   7144.60  4.0792580E-02
   7144.80  4.1143691E-02
   7145.00  4.1428339E-02
   7145.20  4.1644927E-02
   7145.40  4.1795318E-02
   7145.60  4.1884187E-02
   7145.80  4.1915250E-02
   7146.00  4.1901688E-02
   7146.20  4.1848092E-02
   7146.40  4.1761849E-02
   7146.60  4.1649728E-02
   7146.80  4.1517719E-02
   7147.00  4.1373448E-02
   7147.20  4.1216468E-02
   7147.40  4.1051513E-02
   7147.60  4.0881864E-02
   7147.80  4.0709583E-02
   7148.00  4.0536139E-02
   7148.20  4.0362621E-02
   7148.40  4.0189748E-02
   7148.60  4.0018102E-02
   7148.80  3.9847916E-02
   7149.00  3.9679133E-02
   7149.20  3.9511258E-02
   7149.40  3.9342891E-02
   7149.60  3.9177599E-02
   7149.80  3.9013360E-02
   7150.00  3.8842795E-02
   7150.20  3.8676996E-02
   7150.40  3.8510006E-02
   7150.60  3.8342119E-02
   7150.80  3.8173090E-02
   7151.00  3.8003095E-02
   7151.20  3.7832430E-02
   7151.40  3.7660633E-02
   7151.60  3.7489949E-02
   7151.80  3.7319549E-02
   7152.00  3.7149801E-02
   7152.20  3.6980996E-02
   7152.40  3.6813402E-02
   7152.60  3.6646864E-02
   7152.80  3.6481344E-02
   7153.00  3.6316724E-02
   7153.20  3.6152789E-02
   7153.40  3.5989580E-02
   7153.60  3.5826393E-02
   7153.80  3.5662791E-02
   7154.00  3.5498319E-02
   7154.20  3.5332499E-02
   7154.40  3.5164830E-02
   7154.60  3.4995065E-02
   7154.80  3.4822683E-02
   7155.00  3.4647042E-02
   7155.20  3.4467741E-02
   7155.40  3.4284382E-02
   7155.60  3.4096665E-02
   7155.80  3.3904356E-02
   7156.00  3.3707397E-02
   7156.20  3.3505596E-02
   7156.40  3.3298656E-02
   7156.60  3.3086438E-02
   7156.80  3.2868817E-02
   7157.00  3.2645659E-02
   7157.20  3.2416801E-02
   7157.40  3.2181468E-02
   7157.60  3.1941510E-02
   7157.80  3.1694643E-02
   7158.00  3.1441019E-02
   7158.20  3.1180225E-02
   7158.40  3.0910929E-02
   7158.60  3.0633580E-02
   7158.80  3.0347779E-02
   7159.00  3.0053181E-02
   7159.20  2.9749517E-02
   7159.40  2.9437643E-02
   7159.60  2.9115909E-02
   7159.80  2.8785184E-02
   7160.00  2.8445894E-02
   7160.20  2.8097851E-02
   7160.40  2.7743675E-02
   7160.60  2.7385716E-02
   7160.80  2.7019260E-02
   7161.00  2.6652640E-02
   7161.20  2.6284624E-02
   7161.40  2.5917690E-02
   7161.60  2.5554009E-02
   7161.80  2.5195273E-02
   7162.00  2.4843445E-02
   7162.20  2.4500660E-02
   7162.40  2.4169014E-02
   7162.60  2.3849484E-02
   7162.80  2.3544080E-02
   7163.00  2.3253599E-02
   7163.20  2.2978894E-02
   7163.40  2.2721154E-02
   7163.60  2.2480992E-02
   7163.80  2.2258797E-02
   7164.00  2.2054482E-02
   7164.20  2.1868418E-02
   7164.40  2.1703975E-02
   7164.60  2.1554276E-02
   7164.80  2.1421982E-02
   7165.00  2.1306729E-02
   7165.20  2.1208338E-02
   7165.40  2.1126405E-02
   7165.60  2.1060103E-02
   7165.80  2.1008953E-02
   7166.00  2.0972463E-02
   7166.20  2.0950188E-02
   7166.40  2.0941846E-02
   7166.60  2.0946828E-02
   7166.80  2.0964421E-02
   7167.00  2.0994131E-02
   7167.20  2.1035474E-02
   7167.40  2.1087980E-02
   7167.60  2.1151254E-02
   7167.80  2.1225451E-02
   7168.00  2.1310039E-02
   7168.20  2.1403872E-02
   7168.40  2.1506423E-02
   7168.60  2.1619789E-02
   7168.80  2.1738265E-02
   7169.00  2.1863829E-02
   7169.20  2.1995899E-02
   7169.40  2.2134065E-02
   7169.60  2.2277607E-02
   7169.80  2.2425872E-02
   7170.00  2.2578198E-02
   7170.20  2.2733912E-02
   7170.40  2.2892357E-02
   7170.60  2.3052899E-02
   7170.80  2.3214905E-02
   7171.00  2.3377773E-02
   7171.20  2.3541093E-02
   7171.40  2.3704194E-02
   7171.60  2.3866508E-02
   7171.80  2.4027646E-02
   7172.00  2.4187110E-02
