  7112.000   26  1  1  9.0151943E-02 -1.3724687E+00 -2.0770720E+00  1  1  7.2660282E+03  0.0000000E+00  0.0000000E+00  2.2766643E+00  1.0000000E+00  0.0000000E+00 = E_edge, Z, n_edge, j_edge, Abs_before_edge, VO_interstitial, E_cut, ninitl, ninit1, Epsii, UnitCell_Volume, Surface_ref, f0_forward, natomsym_f, abs_u_i
    Energy    <xanes>    
   7097.00  2.4161930E-05
   7097.20  2.6467602E-05
   7097.40  3.0755935E-05
   7097.60  4.0214982E-05
   7097.80  6.8599918E-05
   7098.00  2.4800662E-04
   7098.20  7.7171535E-03
   7098.40  1.5110595E-04
   7098.60  5.8675272E-05
   7098.80  4.0643115E-05
   7099.00  3.8853986E-05
   7099.20  9.4073434E-05
   7099.40  1.0170697E-04
   7099.60  4.3713561E-05
   7099.80  7.9034767E-05
   7100.00  7.8878515E-03
   7100.20  6.5712677E-05
   7100.40  3.4578748E-05
   7100.60  2.8730832E-05
   7100.80  2.7183447E-05
   7101.00  2.7324474E-05
   7101.20  2.8857767E-05
   7101.40  3.2645255E-05
   7101.60  4.2384247E-05
   7101.80  7.8997179E-05
   7102.00  6.5190695E-04
   7102.20  4.5749471E-04
   7102.40  7.4780744E-05
   7102.60  4.4573815E-05
   7102.80  3.7768654E-05
   7103.00  3.7644714E-05
   7103.20  4.3802488E-05
   7103.40  8.3910246E-05
   7103.60  3.5012383E-04
   7103.80  2.4625242E-04
   7104.00  4.0128713E-04
   7104.20  2.9964799E-03
   7104.40  4.2040726E-04
   7104.60  1.0552742E-04
   7104.80  7.4698565E-05
   7105.00  1.8077423E-04
   7105.20  2.4310436E-04
   7105.40  6.7305168E-05
   7105.60  1.5854079E-04
   7105.80  1.1250231E-04
   7106.00  8.5062376E-05
   7106.20  2.8068820E-04
   7106.40  5.6835536E-05
   7106.60  5.3807076E-05
   7106.80  9.1514451E-05
   7107.00  9.0970232E-05
   7107.20  1.7459260E-04
   7107.40  7.0390225E-04
   7107.60  1.7488615E-03
   7107.80  4.4002610E-04
   7108.00  8.0212629E-04
   7108.20  1.9860021E-04
   7108.40  1.3269915E-04
   7108.60  2.1460822E-04
   7108.80  5.9196002E-03
   7109.00  3.9140483E-03
   7109.20  1.8440596E-02
   7109.40  2.0171774E-03
   7109.60  1.1640422E-02
   7109.80  1.1462825E-03
   7110.00  1.2306074E-03
   7110.20  1.1161216E-03
   7110.40  8.1788344E-03
   7110.60  2.5205363E-03
   7110.80  3.1712073E-03
   7111.00  1.3601168E-03
   7111.20  3.6205618E-03
   7111.40  3.3748571E-02
   7111.60  3.2230738E-02
   7111.80  1.8808529E-02
   7112.00  1.6863196E-02
   7112.20  2.2746647E-02
   7112.40  1.2575501E-02
   7112.60  1.2469549E-02
   7112.80  1.7948595E-02
   7113.00  3.0390151E-02
   7113.20  4.3339026E-02
   7113.40  2.9099644E-02
   7113.60  3.1292508E-02
   7113.80  2.4226985E-02
   7114.00  1.5915952E-02
   7114.20  1.1437770E-02
   7114.40  9.9701985E-03
   7114.60  1.1225296E-02
   7114.80  1.5722132E-02
   7115.00  1.7907645E-02
   7115.20  1.3332337E-02
   7115.40  9.9092975E-03
   7115.60  8.7159959E-03
   7115.80  9.4547506E-03
   7116.00  1.3397754E-02
   7116.20  2.5878570E-02
   7116.40  4.6317452E-02
   7116.60  3.2454781E-02
   7116.80  1.7924331E-02
   7117.00  1.1900047E-02
   7117.20  8.8514953E-03
   7117.40  7.6321474E-03
   7117.60  7.0126857E-03
   7117.80  6.7469774E-03
   7118.00  6.7361280E-03
   7118.20  6.9542643E-03
   7118.40  7.4205257E-03
   7118.60  8.1717665E-03
   7118.80  9.1878382E-03
   7119.00  1.0310403E-02
   7119.20  1.1255744E-02
   7119.40  1.1747518E-02
   7119.60  1.1797128E-02
   7119.80  1.1684052E-02
   7120.00  1.1623888E-02
   7120.20  1.1444333E-02
   7120.40  1.1012463E-02
   7120.60  1.0555823E-02
   7120.80  1.0245062E-02
   7121.00  1.0112765E-02
   7121.20  1.0136569E-02
   7121.40  1.0287088E-02
   7121.60  1.0539522E-02
   7121.80  1.0868727E-02
   7122.00  1.1186555E-02
   7122.20  1.1420289E-02
   7122.40  1.1633150E-02
   7122.60  1.1986283E-02
   7122.80  1.2480104E-02
   7123.00  1.3039340E-02
   7123.20  1.3613587E-02
   7123.40  1.4215550E-02
   7123.60  1.5092869E-02
   7123.80  1.6085733E-02
   7124.00  1.6877130E-02
   7124.20  1.7467118E-02
   7124.40  1.7944300E-02
   7124.60  1.8231303E-02
   7124.80  1.8316078E-02
   7125.00  1.8283866E-02
   7125.20  1.8166299E-02
   7125.40  1.8014331E-02
   7125.60  1.7914348E-02
   7125.80  1.7938314E-02
   7126.00  1.8158023E-02
   7126.20  1.8621970E-02
   7126.40  1.9317365E-02
   7126.60  2.0223083E-02
   7126.80  2.1343381E-02
   7127.00  2.2688836E-02
   7127.20  2.4241957E-02
   7127.40  2.5991263E-02
   7127.60  2.7888886E-02
   7127.80  2.9849125E-02
   7128.00  3.1879728E-02
   7128.20  3.4043683E-02
   7128.40  3.6389960E-02
   7128.60  3.8897818E-02
   7128.80  4.1483046E-02
   7129.00  4.4031003E-02
   7129.20  4.6425706E-02
   7129.40  4.8567398E-02
   7129.60  5.0384311E-02
   7129.80  5.1956969E-02
   7130.00  5.3044030E-02
   7130.20  5.3779113E-02
   7130.40  5.4488964E-02
   7130.60  5.5192389E-02
   7130.80  5.5902193E-02
   7131.00  5.6596392E-02
   7131.20  5.7259678E-02
   7131.40  5.7883962E-02
   7131.60  5.8460915E-02
   7131.80  5.8980377E-02
   7132.00  5.9430752E-02
   7132.20  5.9799612E-02
   7132.40  6.0073369E-02
   7132.60  6.0238820E-02
   7132.80  6.0288707E-02
   7133.00  6.0230445E-02
   7133.20  6.0091269E-02
   7133.40  5.9916578E-02
   7133.60  5.9758723E-02
   7133.80  5.9645062E-02
   7134.00  5.9530127E-02
   7134.20  5.9283988E-02
   7134.40  5.8769418E-02
   7134.60  5.7939139E-02
   7134.80  5.6842788E-02
   7135.00  5.5566802E-02
   7135.20  5.4197016E-02
   7135.40  5.2790564E-02
   7135.60  5.1354809E-02
   7135.80  4.9902092E-02
   7136.00  4.8436161E-02
   7136.20  4.6957030E-02
   7136.40  4.5463431E-02
   7136.60  4.3955794E-02
   7136.80  4.2437017E-02
   7137.00  4.0914431E-02
   7137.20  3.9399114E-02
   7137.40  3.7906554E-02
   7137.60  3.6456217E-02
   7137.80  3.5070585E-02
   7138.00  3.3774744E-02
   7138.20  3.2595036E-02
   7138.40  3.1556890E-02
   7138.60  3.0682884E-02
   7138.80  2.9986358E-02
   7139.00  2.9470985E-02
   7139.20  2.9124142E-02
   7139.40  2.8917422E-02
   7139.60  2.8811464E-02
   7139.80  2.8764258E-02
   7140.00  2.8740909E-02
   7140.20  2.8719553E-02
   7140.40  2.8692423E-02
   7140.60  2.8662682E-02
   7140.80  2.8639472E-02
   7141.00  2.8646633E-02
   7141.20  2.8686938E-02
   7141.40  2.8761195E-02
   7141.60  2.8877725E-02
   7141.80  2.9045364E-02
   7142.00  2.9273992E-02
   7142.20  2.9574476E-02
   7142.40  2.9958160E-02
   7142.60  3.0435065E-02
   7142.80  3.1010371E-02
   7143.00  3.1680519E-02
   7143.20  3.2428004E-02
   7143.40  3.3217698E-02
   7143.60  3.3996562E-02
   7143.80  3.4696324E-02
   7144.00  3.5259720E-02
   7144.20  3.5637353E-02
   7144.40  3.5810713E-02
   7144.60  3.5791524E-02
   7144.80  3.5613842E-02
   7145.00  3.5321793E-02
   7145.20  3.4958918E-02
   7145.40  3.4561156E-02
   7145.60  3.4154955E-02
   7145.80  3.3758050E-02
   7146.00  3.3381298E-02
   7146.20  3.3030733E-02
   7146.40  3.2709440E-02
   7146.60  3.2418634E-02
   7146.80  3.2158233E-02
   7147.00  3.1927911E-02
   7147.20  3.1727058E-02
   7147.40  3.1554564E-02
   7147.60  3.1410907E-02
   7147.80  3.1295629E-02
   7148.00  3.1208541E-02
   7148.20  3.1149382E-02
   7148.40  3.1117715E-02
   7148.60  3.1112945E-02
   7148.80  3.1134563E-02
   7149.00  3.1184240E-02
   7149.20  3.1259449E-02
   7149.40  3.1353537E-02
   7149.60  3.1467560E-02
   7149.80  3.1597852E-02
   7150.00  3.1741879E-02
   7150.20  3.1896585E-02
   7150.40  3.2070510E-02
   7150.60  3.2237734E-02
   7150.80  3.2407271E-02
   7151.00  3.2577190E-02
   7151.20  3.2746173E-02
   7151.40  3.2913593E-02
   7151.60  3.3079659E-02
   7151.80  3.3244811E-02
   7152.00  3.3410163E-02
   7152.20  3.3577250E-02
   7152.40  3.3747663E-02
   7152.60  3.3923184E-02
   7152.80  3.4105447E-02
   7153.00  3.4295741E-02
   7153.20  3.4494955E-02
   7153.40  3.4703621E-02
   7153.60  3.4921815E-02
   7153.80  3.5149224E-02
   7154.00  3.5385095E-02
   7154.20  3.5628281E-02
   7154.40  3.5878988E-02
   7154.60  3.6133345E-02
   7154.80  3.6389132E-02
   7155.00  3.6643937E-02
   7155.20  3.6895266E-02
   7155.40  3.7140616E-02
   7155.60  3.7377244E-02
   7155.80  3.7602496E-02
   7156.00  3.7813833E-02
   7156.20  3.8008878E-02
   7156.40  3.8185378E-02
   7156.60  3.8341298E-02
   7156.80  3.8474764E-02
   7157.00  3.8584163E-02
   7157.20  3.8668304E-02
   7157.40  3.8726228E-02
   7157.60  3.8757214E-02
   7157.80  3.8761094E-02
   7158.00  3.8738229E-02
   7158.20  3.8689171E-02
   7158.40  3.8615131E-02
   7158.60  3.8517708E-02
   7158.80  3.8398792E-02
   7159.00  3.8260793E-02
   7159.20  3.8106079E-02
   7159.40  3.7937215E-02
   7159.60  3.7756850E-02
   7159.80  3.7567578E-02
   7160.00  3.7371833E-02
   7160.20  3.7171775E-02
   7160.40  3.6969430E-02
   7160.60  3.6766747E-02
   7160.80  3.6565179E-02
   7161.00  3.6366097E-02
   7161.20  3.6171218E-02
   7161.40  3.5981093E-02
   7161.60  3.5796125E-02
   7161.80  3.5613257E-02
   7162.00  3.5441118E-02
   7162.20  3.5276392E-02
   7162.40  3.5118723E-02
   7162.60  3.4968335E-02
   7162.80  3.4825357E-02
   7163.00  3.4689888E-02
   7163.20  3.4562458E-02
   7163.40  3.4442455E-02
   7163.60  3.4326978E-02
   7163.80  3.4219969E-02
   7164.00  3.4114349E-02
   7164.20  3.4019031E-02
   7164.40  3.3928493E-02
   7164.60  3.3841393E-02
   7164.80  3.3756757E-02
   7165.00  3.3673595E-02
   7165.20  3.3590882E-02
   7165.40  3.3507664E-02
   7165.60  3.3423554E-02
   7165.80  3.3337440E-02
   7166.00  3.3248578E-02
   7166.20  3.3156296E-02
   7166.40  3.3060126E-02
   7166.60  3.2959618E-02
   7166.80  3.2854438E-02
   7167.00  3.2744518E-02
   7167.20  3.2629935E-02
   7167.40  3.2510169E-02
   7167.60  3.2385158E-02
   7167.80  3.2254856E-02
   7168.00  3.2119248E-02
   7168.20  3.1978327E-02
   7168.40  3.1832154E-02
   7168.60  3.1680985E-02
   7168.80  3.1525560E-02
   7169.00  3.1365334E-02
   7169.20  3.1200464E-02
   7169.40  3.1031188E-02
   7169.60  3.0857859E-02
   7169.80  3.0680722E-02
   7170.00  3.0500063E-02
   7170.20  3.0317587E-02
   7170.40  3.0131748E-02
   7170.60  2.9944009E-02
   7170.80  2.9754976E-02
   7171.00  2.9564883E-02
   7171.20  2.9374294E-02
   7171.40  2.9183852E-02
   7171.60  2.8994209E-02
   7171.80  2.8806110E-02
   7172.00  2.8619959E-02
