  7112.000   26  1  1  9.7799245E-03 -1.7207264E+00 -5.5047724E-01  1  1  7.2652341E+03  0.0000000E+00  0.0000000E+00  2.1731412E+00  1.0000000E+00  0.0000000E+00 = E_edge, Z, n_edge, j_edge, Abs_before_edge, VO_interstitial, E_cut, ninitl, ninit1, Epsii, UnitCell_Volume, Surface_ref, f0_forward, natomsym_f, abs_u_i
    Energy    <xanes>    
   7097.00  2.4997639E-04
   7097.20  7.4644820E-05
   7097.40  4.6222915E-05
   7097.60  3.5931048E-05
   7097.80  3.0939095E-05
   7098.00  2.8099084E-05
   7098.20  2.6318807E-05
   7098.40  2.5131752E-05
   7098.60  2.4310156E-05
   7098.80  2.3732559E-05
   7099.00  2.3328139E-05
   7099.20  2.3054845E-05
   7099.40  2.2887757E-05
   7099.60  2.2811597E-05
   7099.80  2.2820210E-05
   7100.00  2.2913858E-05
   7100.20  2.3101065E-05
   7100.40  2.3402254E-05
   7100.60  2.3859376E-05
   7100.80  2.4566143E-05
   7101.00  2.5775799E-05
   7101.20  2.8533200E-05
   7101.40  4.4732794E-05
   7101.60  1.2555724E-04
   7101.80  3.8139068E-05
   7102.00  4.2971983E-05
   7102.20  6.7689195E-05
   7102.40  2.5716872E-04
   7102.60  1.7049629E-03
   7102.80  1.4408833E-04
   7103.00  5.9688800E-05
   7103.20  5.0497380E-05
   7103.40  2.6031403E-03
   7103.60  4.8691486E-05
   7103.80  5.7033054E-05
   7104.00  6.2074657E-05
   7104.20  6.6848565E-05
   7104.40  5.6882881E-05
   7104.60  1.2163663E-04
   7104.80  1.1049907E-04
   7105.00  8.0641555E-04
   7105.20  1.2909727E-03
   7105.40  5.0155597E-04
   7105.60  3.5319481E-03
   7105.80  1.8604923E-02
   7106.00  3.5133299E-03
   7106.20  5.6037783E-02
   7106.40  6.5390631E-04
   7106.60  2.2917584E-04
   7106.80  1.5823769E-04
   7107.00  1.5966871E-04
   7107.20  2.6625929E-04
   7107.40  1.7454223E-03
   7107.60  1.0955416E-02
   7107.80  6.8330148E-04
   7108.00  1.9390410E-02
   7108.20  3.0706196E-02
   7108.40  8.8948001E-03
   7108.60  6.4625314E-02
   7108.80  3.0905544E-03
   7109.00  2.1924139E-02
   7109.20  1.2128083E-03
   7109.40  1.9682532E-02
   7109.60  1.9188097E-03
   7109.80  4.5958104E-04
   7110.00  2.0231132E-03
   7110.20  4.2259839E-03
   7110.40  1.8683727E-03
   7110.60  2.5498876E-04
   7110.80  8.6835127E-03
   7111.00  5.3137045E-03
   7111.20  2.6995203E-03
   7111.40  5.4776535E-03
   7111.60  2.1462284E-02
   7111.80  1.2239570E-02
   7112.00  1.0850389E-02
   7112.20  3.1055395E-03
   7112.40  3.5140976E-03
   7112.60  2.9828117E-03
   7112.80  1.8500222E-03
   7113.00  1.6237684E-03
   7113.20  3.9154780E-03
   7113.40  7.8215426E-03
   7113.60  4.1186497E-02
   7113.80  1.8276504E-02
   7114.00  9.5154968E-03
   7114.20  8.6839134E-03
   7114.40  6.5642086E-03
   7114.60  3.6354568E-03
   7114.80  2.1909604E-03
   7115.00  1.5452622E-03
   7115.20  1.2138736E-03
   7115.40  1.0225002E-03
   7115.60  9.0430056E-04
   7115.80  8.3019154E-04
   7116.00  7.8697010E-04
   7116.20  7.6124292E-04
   7116.40  7.7341197E-04
   7116.60  8.1583021E-04
   7116.80  8.9719481E-04
   7117.00  1.0221263E-03
   7117.20  1.1600606E-03
   7117.40  1.2217156E-03
   7117.60  1.1726395E-03
   7117.80  1.0982724E-03
   7118.00  1.0642797E-03
   7118.20  1.0823885E-03
   7118.40  1.1490105E-03
   7118.60  1.2627077E-03
   7118.80  1.4269395E-03
   7119.00  1.6503785E-03
   7119.20  1.9460911E-03
   7119.40  2.3319632E-03
   7119.60  2.8316989E-03
   7119.80  3.4802906E-03
   7120.00  4.3459224E-03
   7120.20  5.5576861E-03
   7120.40  7.2580093E-03
   7120.60  9.5054751E-03
   7120.80  1.2210125E-02
   7121.00  1.5052515E-02
   7121.20  1.7483419E-02
   7121.40  1.8970712E-02
   7121.60  1.9354549E-02
   7121.80  1.8906576E-02
   7122.00  1.8063695E-02
   7122.20  1.7179114E-02
   7122.40  1.6448561E-02
   7122.60  1.5959499E-02
   7122.80  1.5745065E-02
   7123.00  1.5776746E-02
   7123.20  1.6055918E-02
   7123.40  1.6603917E-02
   7123.60  1.7387030E-02
   7123.80  1.8457588E-02
   7124.00  1.9886942E-02
   7124.20  2.1686390E-02
   7124.40  2.3928163E-02
   7124.60  2.6475810E-02
   7124.80  2.9102570E-02
   7125.00  3.1539501E-02
   7125.20  3.3722506E-02
   7125.40  3.6170875E-02
   7125.60  3.9220483E-02
   7125.80  4.2630469E-02
   7126.00  4.5630499E-02
   7126.20  4.7353308E-02
   7126.40  4.7461026E-02
   7126.60  4.6478017E-02
   7126.80  4.5325966E-02
   7127.00  4.4657784E-02
   7127.20  4.4655560E-02
   7127.40  4.5677276E-02
   7127.60  4.7382832E-02
   7127.80  4.9576045E-02
   7128.00  5.1592984E-02
   7128.20  5.2600489E-02
   7128.40  5.2386570E-02
   7128.60  5.1547313E-02
   7128.80  5.0663291E-02
   7129.00  5.0105724E-02
   7129.20  4.9791888E-02
   7129.40  4.9613248E-02
   7129.60  4.9469354E-02
   7129.80  4.9298985E-02
   7130.00  4.9092991E-02
   7130.20  4.8903197E-02
   7130.40  4.8841779E-02
   7130.60  4.9048279E-02
   7130.80  4.9614932E-02
   7131.00  5.0505572E-02
   7131.20  5.1526077E-02
   7131.40  5.2389959E-02
   7131.60  5.2853365E-02
   7131.80  5.2825686E-02
   7132.00  5.2383290E-02
   7132.20  5.1671065E-02
   7132.40  5.0832627E-02
   7132.60  4.9974981E-02
   7132.80  4.9163845E-02
   7133.00  4.8434002E-02
   7133.20  4.7802554E-02
   7133.40  4.7279883E-02
   7133.60  4.6876344E-02
   7133.80  4.6599222E-02
   7134.00  4.6421304E-02
   7134.20  4.6243861E-02
   7134.40  4.5945528E-02
   7134.60  4.5446311E-02
   7134.80  4.4726246E-02
   7135.00  4.3831668E-02
   7135.20  4.2850217E-02
   7135.40  4.1864571E-02
   7135.60  4.0924914E-02
   7135.80  4.0051215E-02
   7136.00  3.9244855E-02
   7136.20  3.8499988E-02
   7136.40  3.7809075E-02
   7136.60  3.7166054E-02
   7136.80  3.6567280E-02
   7137.00  3.6011121E-02
   7137.20  3.5499915E-02
   7137.40  3.5042789E-02
   7137.60  3.4633628E-02
   7137.80  3.4277386E-02
   7138.00  3.3980368E-02
   7138.20  3.3750007E-02
   7138.40  3.3594799E-02
   7138.60  3.3523798E-02
   7138.80  3.3546047E-02
   7139.00  3.3669156E-02
   7139.20  3.3897064E-02
   7139.40  3.4227159E-02
   7139.60  3.4646981E-02
   7139.80  3.5131863E-02
   7140.00  3.5646626E-02
   7140.20  3.6151591E-02
   7140.40  3.6612037E-02
   7140.60  3.7007751E-02
   7140.80  3.7337382E-02
   7141.00  3.7616722E-02
   7141.20  3.7872571E-02
   7141.40  3.8135444E-02
   7141.60  3.8433841E-02
   7141.80  3.8790270E-02
   7142.00  3.9217853E-02
   7142.20  3.9717189E-02
   7142.40  4.0272183E-02
   7142.60  4.0846749E-02
   7142.80  4.1385279E-02
   7143.00  4.1821111E-02
   7143.20  4.2094162E-02
   7143.40  4.2170836E-02
   7143.60  4.2063264E-02
   7143.80  4.1815839E-02
   7144.00  4.1471157E-02
   7144.20  4.1074876E-02
   7144.40  4.0666641E-02
   7144.60  4.0252079E-02
   7144.80  3.9903874E-02
   7145.00  3.9610797E-02
   7145.20  3.9379918E-02
   7145.40  3.9212140E-02
   7145.60  3.9103159E-02
   7145.80  3.9044039E-02
   7146.00  3.9023153E-02
   7146.20  3.9026732E-02
   7146.40  3.9040765E-02
   7146.60  3.9052060E-02
   7146.80  3.9048370E-02
   7147.00  3.9019737E-02
   7147.20  3.8958795E-02
   7147.40  3.8861215E-02
   7147.60  3.8720100E-02
   7147.80  3.8537663E-02
   7148.00  3.8315284E-02
   7148.20  3.8055086E-02
   7148.40  3.7760402E-02
   7148.60  3.7435191E-02
   7148.80  3.7083901E-02
   7149.00  3.6710923E-02
   7149.20  3.6320360E-02
   7149.40  3.5916210E-02
   7149.60  3.5502270E-02
   7149.80  3.5082079E-02
   7150.00  3.4654349E-02
   7150.20  3.4230630E-02
   7150.40  3.3809084E-02
   7150.60  3.3390545E-02
   7150.80  3.2977860E-02
   7151.00  3.2572990E-02
   7151.20  3.2177239E-02
   7151.40  3.1791072E-02
   7151.60  3.1414888E-02
   7151.80  3.1048845E-02
   7152.00  3.0676463E-02
   7152.20  3.0329548E-02
   7152.40  2.9991921E-02
   7152.60  2.9663157E-02
   7152.80  2.9342557E-02
   7153.00  2.9029760E-02
   7153.20  2.8728371E-02
   7153.40  2.8430973E-02
   7153.60  2.8141326E-02
   7153.80  2.7859853E-02
   7154.00  2.7587411E-02
   7154.20  2.7324637E-02
   7154.40  2.7072306E-02
   7154.60  2.6831386E-02
   7154.80  2.6602819E-02
   7155.00  2.6387477E-02
   7155.20  2.6188934E-02
   7155.40  2.6002582E-02
   7155.60  2.5831375E-02
   7155.80  2.5675767E-02
   7156.00  2.5535474E-02
   7156.20  2.5410195E-02
   7156.40  2.5299366E-02
   7156.60  2.5202160E-02
   7156.80  2.5117737E-02
   7157.00  2.5044706E-02
   7157.20  2.4981082E-02
   7157.40  2.4925159E-02
   7157.60  2.4874708E-02
   7157.80  2.4827471E-02
   7158.00  2.4777968E-02
   7158.20  2.4731024E-02
   7158.40  2.4681171E-02
   7158.60  2.4626870E-02
   7158.80  2.4566789E-02
   7159.00  2.4500361E-02
   7159.20  2.4427710E-02
   7159.40  2.4349840E-02
   7159.60  2.4267858E-02
   7159.80  2.4183355E-02
   7160.00  2.4098207E-02
   7160.20  2.4014523E-02
   7160.40  2.3934598E-02
   7160.60  2.3860093E-02
   7160.80  2.3792257E-02
   7161.00  2.3732177E-02
   7161.20  2.3680535E-02
   7161.40  2.3637617E-02
   7161.60  2.3603685E-02
   7161.80  2.3580599E-02
   7162.00  2.3562762E-02
   7162.20  2.3552369E-02
   7162.40  2.3547985E-02
   7162.60  2.3548650E-02
   7162.80  2.3554352E-02
   7163.00  2.3564760E-02
   7163.20  2.3578915E-02
   7163.40  2.3602055E-02
   7163.60  2.3623544E-02
   7163.80  2.3645942E-02
   7164.00  2.3669922E-02
   7164.20  2.3694951E-02
   7164.40  2.3720667E-02
   7164.60  2.3746537E-02
   7164.80  2.3771723E-02
   7165.00  2.3795553E-02
   7165.20  2.3817364E-02
   7165.40  2.3836481E-02
   7165.60  2.3852286E-02
   7165.80  2.3864236E-02
   7166.00  2.3871818E-02
   7166.20  2.3874902E-02
   7166.40  2.3873147E-02
   7166.60  2.3866432E-02
   7166.80  2.3854816E-02
   7167.00  2.3838672E-02
   7167.20  2.3818579E-02
   7167.40  2.3795250E-02
   7167.60  2.3776889E-02
   7167.80  2.3750492E-02
   7168.00  2.3724613E-02
   7168.20  2.3700954E-02
   7168.40  2.3681021E-02
   7168.60  2.3666482E-02
   7168.80  2.3659075E-02
   7169.00  2.3660573E-02
   7169.20  2.3672577E-02
   7169.40  2.3696638E-02
   7169.60  2.3734123E-02
   7169.80  2.3786205E-02
   7170.00  2.3853899E-02
   7170.20  2.3937771E-02
   7170.40  2.4038419E-02
   7170.60  2.4155709E-02
   7170.80  2.4289444E-02
   7171.00  2.4439310E-02
   7171.20  2.4604487E-02
   7171.40  2.4784075E-02
   7171.60  2.4977073E-02
   7171.80  2.5182456E-02
   7172.00  2.5398789E-02
