  7112.000   26  1  1  1.8860985E-02 -7.9003203E-01 -8.6982895E-01  1  1  7.2648205E+03  0.0000000E+00  0.0000000E+00  2.8493578E+00  1.0000000E+00  0.0000000E+00 = E_edge, Z, n_edge, j_edge, Abs_before_edge, VO_interstitial, E_cut, ninitl, ninit1, Epsii, UnitCell_Volume, Surface_ref, f0_forward, natomsym_f, abs_u_i
    Energy    <xanes>    
   7097.00  2.1162162E-05
   7097.20  2.1392193E-05
   7097.40  2.1780337E-05
   7097.60  2.2353823E-05
   7097.80  2.3185718E-05
   7098.00  2.4417748E-05
   7098.20  2.6325594E-05
   7098.40  2.9490026E-05
   7098.60  3.5308013E-05
   7098.80  4.7873001E-05
   7099.00  8.3891461E-05
   7099.20  2.8158293E-04
   7099.40  8.6067288E-02
   7099.60  2.6277862E-04
   7099.80  8.2276574E-05
   7100.00  4.8373359E-05
   7100.20  3.6744997E-05
   7100.40  3.1768262E-05
   7100.60  2.9677870E-05
   7100.80  2.9459162E-05
   7101.00  3.1496181E-05
   7101.20  3.9371851E-05
   7101.40  8.6124977E-05
   7101.60  7.5372922E-03
   7101.80  7.6478924E-05
   7102.00  5.0121592E-05
   7102.20  6.9734688E-05
   7102.40  3.3760207E-04
   7102.60  5.9971880E-04
   7102.80  7.5998846E-05
   7103.00  4.2539015E-05
   7103.20  3.4543826E-05
   7103.40  3.3113000E-05
   7103.60  3.8860093E-05
   7103.80  2.3638003E-04
   7104.00  8.5202675E-05
   7104.20  6.7128572E-05
   7104.40  1.0662348E-04
   7104.60  1.1392467E-03
   7104.80  1.3079893E-04
   7105.00  2.5491449E-04
   7105.20  6.6099687E-05
   7105.40  3.3297701E-04
   7105.60  1.8322202E-04
   7105.80  4.5512574E-05
   7106.00  3.9361534E-05
   7106.20  4.2505678E-05
   7106.40  6.2833617E-05
   7106.60  8.6186307E-04
   7106.80  1.0884759E-04
   7107.00  5.9175245E-05
   7107.20  4.1275658E-04
   7107.40  6.9869697E-05
   7107.60  1.3120370E-04
   7107.80  4.4100251E-04
   7108.00  1.5055564E-04
   7108.20  1.6150440E-04
   7108.40  7.7361451E-03
   7108.60  6.6809630E-03
   7108.80  1.8480685E-02
   7109.00  4.6185502E-04
   7109.20  2.3919366E-04
   7109.40  3.1385195E-04
   7109.60  1.5169408E-03
   7109.80  1.8007067E-03
   7110.00  5.4203345E-03
   7110.20  5.5741714E-03
   7110.40  4.2547385E-03
   7110.60  2.7447431E-03
   7110.80  3.4122753E-03
   7111.00  1.4187521E-03
   7111.20  3.9144326E-03
   7111.40  2.4596141E-03
   7111.60  4.7523844E-02
   7111.80  7.1288037E-03
   7112.00  1.7604146E-02
   7112.20  8.4011547E-03
   7112.40  3.2554747E-03
   7112.60  3.2374559E-03
   7112.80  8.6044270E-03
   7113.00  2.8722114E-02
   7113.20  4.4986477E-02
   7113.40  3.7695278E-02
   7113.60  3.1509308E-02
   7113.80  2.9861600E-02
   7114.00  3.2520097E-02
   7114.20  1.6627644E-02
   7114.40  1.1297524E-02
   7114.60  1.2867636E-02
   7114.80  2.0152429E-02
   7115.00  4.4442100E-02
   7115.20  9.1855206E-02
   7115.40  5.1850889E-02
   7115.60  2.4968802E-02
   7115.80  1.5141590E-02
   7116.00  1.0676955E-02
   7116.20  8.4651404E-03
   7116.40  7.5962163E-03
   7116.60  8.0090407E-03
   7116.80  1.0722641E-02
   7117.00  1.7976446E-02
   7117.20  2.9673035E-02
   7117.40  3.4083546E-02
   7117.60  3.0928416E-02
   7117.80  2.1557454E-02
   7118.00  1.5110107E-02
   7118.20  1.2022449E-02
   7118.40  1.0329694E-02
   7118.60  9.3769425E-03
   7118.80  8.8784222E-03
   7119.00  8.6859552E-03
   7119.20  8.5646982E-03
   7119.40  8.0752133E-03
   7119.60  8.2659095E-03
   7119.80  8.6233261E-03
   7120.00  9.1140977E-03
   7120.20  9.5848360E-03
   7120.40  9.7732568E-03
   7120.60  9.8094542E-03
   7120.80  9.8655058E-03
   7121.00  9.8176979E-03
   7121.20  9.2680920E-03
   7121.40  8.1949219E-03
   7121.60  7.2349449E-03
   7121.80  6.4810057E-03
   7122.00  6.0232357E-03
   7122.20  5.8327098E-03
   7122.40  5.7161313E-03
   7122.60  5.6602876E-03
   7122.80  5.7691164E-03
   7123.00  6.0955042E-03
   7123.20  6.5854882E-03
   7123.40  7.1022584E-03
   7123.60  7.4062294E-03
   7123.80  7.5092873E-03
   7124.00  7.5172447E-03
   7124.20  7.5250972E-03
   7124.40  7.5700962E-03
   7124.60  7.6731302E-03
   7124.80  7.8566293E-03
   7125.00  8.1178383E-03
   7125.20  8.4253712E-03
   7125.40  8.7229557E-03
   7125.60  8.9735821E-03
   7125.80  9.1816612E-03
   7126.00  9.3852429E-03
   7126.20  9.6344411E-03
   7126.40  9.9812022E-03
   7126.60  1.0478297E-02
   7126.80  1.1183721E-02
   7127.00  1.2164934E-02
   7127.20  1.3483925E-02
   7127.40  1.5151348E-02
   7127.60  1.7027482E-02
   7127.80  1.8790112E-02
   7128.00  2.0082888E-02
   7128.20  2.0864127E-02
   7128.40  2.1324126E-02
   7128.60  2.1591734E-02
   7128.80  2.1714063E-02
   7129.00  2.1781701E-02
   7129.20  2.1989541E-02
   7129.40  2.2512262E-02
   7129.60  2.3409751E-02
   7129.80  2.4576430E-02
   7130.00  2.5801944E-02
   7130.20  2.7016903E-02
   7130.40  2.8322464E-02
   7130.60  2.9566091E-02
   7130.80  3.0626542E-02
   7131.00  3.1514300E-02
   7131.20  3.2347311E-02
   7131.40  3.3488098E-02
   7131.60  3.4908013E-02
   7131.80  3.6585295E-02
   7132.00  3.8500612E-02
   7132.20  4.0657774E-02
   7132.40  4.3080194E-02
   7132.60  4.5801297E-02
   7132.80  4.8848111E-02
   7133.00  5.2242692E-02
   7133.20  5.5901030E-02
   7133.40  5.9702636E-02
   7133.60  6.3496250E-02
   7133.80  6.7166090E-02
   7134.00  7.0699703E-02
   7134.20  7.4214780E-02
   7134.40  7.7937772E-02
   7134.60  8.2150287E-02
   7134.80  8.7082547E-02
   7135.00  9.2694075E-02
   7135.20  9.8320711E-02
   7135.40  1.0245741E-01
   7135.60  1.0329970E-01
   7135.80  1.0005836E-01
   7136.00  9.3595411E-02
   7136.20  8.5598022E-02
   7136.40  7.7479544E-02
   7136.60  6.9997956E-02
   7136.80  6.3404697E-02
   7137.00  5.7690729E-02
   7137.20  5.2751748E-02
   7137.40  4.8468125E-02
   7137.60  4.4734451E-02
   7137.80  4.1466467E-02
   7138.00  3.8598986E-02
   7138.20  3.6082027E-02
   7138.40  3.3877619E-02
   7138.60  3.1965433E-02
   7138.80  3.0322217E-02
   7139.00  2.8913870E-02
   7139.20  2.7728202E-02
   7139.40  2.6756952E-02
   7139.60  2.5994404E-02
   7139.80  2.5437496E-02
   7140.00  2.5083542E-02
   7140.20  2.4928542E-02
   7140.40  2.4964949E-02
   7140.60  2.5178840E-02
   7140.80  2.5548115E-02
   7141.00  2.6041752E-02
   7141.20  2.6620575E-02
   7141.40  2.7240438E-02
   7141.60  2.7856250E-02
   7141.80  2.8420478E-02
   7142.00  2.8912375E-02
   7142.20  2.9304681E-02
   7142.40  2.9587527E-02
   7142.60  2.9762045E-02
   7142.80  2.9838163E-02
   7143.00  2.9832299E-02
   7143.20  2.9765040E-02
   7143.40  2.9659029E-02
   7143.60  2.9536971E-02
   7143.80  2.9420179E-02
   7144.00  2.9327695E-02
   7144.20  2.9275037E-02
   7144.40  2.9273963E-02
   7144.60  2.9332127E-02
   7144.80  2.9452627E-02
   7145.00  2.9639069E-02
   7145.20  2.9885623E-02
   7145.40  3.0171562E-02
   7145.60  3.0486421E-02
   7145.80  3.0817858E-02
   7146.00  3.1152312E-02
   7146.20  3.1475839E-02
   7146.40  3.1775043E-02
   7146.60  3.2037742E-02
   7146.80  3.2253811E-02
   7147.00  3.2415703E-02
   7147.20  3.2505698E-02
   7147.40  3.2534836E-02
   7147.60  3.2518465E-02
   7147.80  3.2450369E-02
   7148.00  3.2338652E-02
   7148.20  3.2193472E-02
   7148.40  3.2026390E-02
   7148.60  3.1849754E-02
   7148.80  3.1675958E-02
   7149.00  3.1516869E-02
   7149.20  3.1383416E-02
   7149.40  3.1285522E-02
   7149.60  3.1232006E-02
   7149.80  3.1230434E-02
   7150.00  3.1287350E-02
   7150.20  3.1408319E-02
   7150.40  3.1591506E-02
   7150.60  3.1851272E-02
   7150.80  3.2191181E-02
   7151.00  3.2606346E-02
   7151.20  3.3095601E-02
   7151.40  3.3655519E-02
   7151.60  3.4279582E-02
   7151.80  3.4972413E-02
   7152.00  3.5694118E-02
   7152.20  3.6445547E-02
   7152.40  3.7202638E-02
   7152.60  3.7944123E-02
   7152.80  3.8649100E-02
   7153.00  3.9299096E-02
   7153.20  3.9879604E-02
   7153.40  4.0381798E-02
   7153.60  4.0800995E-02
   7153.80  4.1139730E-02
   7154.00  4.1403679E-02
   7154.20  4.1601285E-02
   7154.40  4.1742844E-02
   7154.60  4.1838714E-02
   7154.80  4.1899258E-02
   7155.00  4.1933471E-02
   7155.20  4.1949512E-02
   7155.40  4.1954555E-02
   7155.60  4.1954319E-02
   7155.80  4.1953562E-02
   7156.00  4.1955950E-02
   7156.20  4.1964318E-02
   7156.40  4.1980632E-02
   7156.60  4.2006139E-02
   7156.80  4.2041343E-02
   7157.00  4.2085806E-02
   7157.20  4.2138627E-02
   7157.40  4.2198122E-02
   7157.60  4.2262303E-02
   7157.80  4.2328783E-02
   7158.00  4.2394989E-02
   7158.20  4.2458317E-02
   7158.40  4.2515856E-02
   7158.60  4.2564996E-02
   7158.80  4.2603583E-02
   7159.00  4.2629586E-02
   7159.20  4.2641340E-02
   7159.40  4.2637332E-02
   7159.60  4.2616706E-02
   7159.80  4.2579211E-02
   7160.00  4.2524442E-02
   7160.20  4.2451803E-02
   7160.40  4.2362448E-02
   7160.60  4.2253352E-02
   7160.80  4.2131274E-02
   7161.00  4.1993972E-02
   7161.20  4.1836484E-02
   7161.40  4.1670187E-02
   7161.60  4.1490839E-02
   7161.80  4.1298800E-02
   7162.00  4.1094738E-02
   7162.20  4.0879147E-02
   7162.40  4.0652582E-02
   7162.60  4.0415681E-02
   7162.80  4.0168940E-02
   7163.00  3.9911805E-02
   7163.20  3.9647192E-02
   7163.40  3.9374724E-02
   7163.60  3.9095630E-02
   7163.80  3.8809497E-02
   7164.00  3.8517323E-02
   7164.20  3.8219727E-02
   7164.40  3.7917287E-02
   7164.60  3.7610557E-02
   7164.80  3.7300042E-02
   7165.00  3.6986191E-02
   7165.20  3.6669739E-02
   7165.40  3.6350808E-02
   7165.60  3.6029657E-02
   7165.80  3.5706803E-02
   7166.00  3.5382844E-02
   7166.20  3.5057213E-02
   7166.40  3.4730014E-02
   7166.60  3.4401375E-02
   7166.80  3.4071835E-02
   7167.00  3.3743091E-02
   7167.20  3.3412126E-02
   7167.40  3.3080551E-02
   7167.60  3.2748875E-02
   7167.80  3.2417727E-02
   7168.00  3.2087826E-02
   7168.20  3.1759592E-02
   7168.40  3.1432897E-02
   7168.60  3.1108591E-02
   7168.80  3.0787255E-02
   7169.00  3.0469786E-02
   7169.20  3.0157447E-02
   7169.40  2.9849376E-02
   7169.60  2.9546520E-02
   7169.80  2.9248912E-02
   7170.00  2.8957169E-02
   7170.20  2.8672518E-02
   7170.40  2.8391271E-02
   7170.60  2.8119569E-02
   7170.80  2.7855663E-02
   7171.00  2.7596775E-02
   7171.20  2.7350222E-02
   7171.40  2.7108104E-02
   7171.60  2.6873485E-02
   7171.80  2.6646564E-02
   7172.00  2.6427724E-02
