  7112.000   26  1  1  1.9883594E-02 -2.9299197E+00 -6.1282849E-01  1  1  7.2651479E+03  0.0000000E+00  0.0000000E+00  3.7742856E+00  1.0000000E+00  0.0000000E+00 = E_edge, Z, n_edge, j_edge, Abs_before_edge, VO_interstitial, E_cut, ninitl, ninit1, Epsii, UnitCell_Volume, Surface_ref, f0_forward, natomsym_f, abs_u_i
    Energy    <xanes>    
   7097.00  2.9218322E-05
   7097.20  3.1054190E-05
   7097.40  3.3960445E-05
   7097.60  3.8698662E-05
   7097.80  4.7019270E-05
   7098.00  6.3691445E-05
   7098.20  1.0711091E-04
   7098.40  3.5301230E-04
   7098.60  1.3928263E-03
   7098.80  2.4053169E-03
   7099.00  3.1046491E-02
   7099.20  2.1844286E-04
   7099.40  1.1139788E-04
   7099.60  3.0243619E-04
   7099.80  1.5316819E-04
   7100.00  1.1955301E-04
   7100.20  3.3022503E-03
   7100.40  6.0446647E-03
   7100.60  1.1567676E-04
   7100.80  6.0445518E-05
   7101.00  6.1175457E-05
   7101.20  2.6648202E-03
   7101.40  2.0337329E-04
   7101.60  9.0939161E-05
   7101.80  1.0775900E-04
   7102.00  4.8408233E-05
   7102.20  6.0910236E-05
   7102.40  2.2011783E-04
   7102.60  3.6501262E-04
   7102.80  8.5190656E-05
   7103.00  1.6163550E-04
   7103.20  2.0565867E-03
   7103.40  2.3661797E-04
   7103.60  2.6990970E-03
   7103.80  1.3414549E-02
   7104.00  1.5791272E-04
   7104.20  7.9967746E-05
   7104.40  6.9034029E-05
   7104.60  9.1809629E-05
   7104.80  2.1094876E-03
   7105.00  1.4699754E-04
   7105.20  2.4082318E-04
   7105.40  1.3987437E-03
   7105.60  1.7117928E-04
   7105.80  8.5908262E-04
   7106.00  2.1704734E-03
   7106.20  2.4578917E-04
   7106.40  1.5626796E-03
   7106.60  3.5240566E-02
   7106.80  1.3068768E-03
   7107.00  1.8123270E-02
   7107.20  1.0944542E-01
   7107.40  1.2502730E-03
   7107.60  1.5643081E-02
   7107.80  1.0625737E-02
   7108.00  3.1380603E-03
   7108.20  2.7641609E-04
   7108.40  4.3475814E-04
   7108.60  4.6731738E-03
   7108.80  1.1042057E-03
   7109.00  1.9982900E-03
   7109.20  2.7833281E-03
   7109.40  1.2802025E-02
   7109.60  9.3962630E-03
   7109.80  6.1433849E-02
   7110.00  2.7828207E-02
   7110.20  2.5963577E-02
   7110.40  2.3712772E-02
   7110.60  1.9391137E-02
   7110.80  9.2428135E-03
   7111.00  1.5150118E-02
   7111.20  1.5015405E-02
   7111.40  1.1515009E-02
   7111.60  8.0967001E-03
   7111.80  6.4553600E-03
   7112.00  5.2348271E-03
   7112.20  4.9444601E-03
   7112.40  7.0675174E-03
   7112.60  8.3575314E-03
   7112.80  1.1616414E-02
   7113.00  1.7806812E-02
   7113.20  1.0397828E-02
   7113.40  4.7599756E-03
   7113.60  3.5465539E-03
   7113.80  3.4517415E-03
   7114.00  4.4460422E-03
   7114.20  3.5415696E-03
   7114.40  1.5737217E-03
   7114.60  1.1072008E-03
   7114.80  9.6138695E-04
   7115.00  9.1454432E-04
   7115.20  9.1020658E-04
   7115.40  9.2924789E-04
   7115.60  9.6442118E-04
   7115.80  1.0130029E-03
   7116.00  1.0759533E-03
   7116.20  1.1599907E-03
   7116.40  1.2820507E-03
   7116.60  1.4773445E-03
   7116.80  1.8036074E-03
   7117.00  2.2793583E-03
   7117.20  2.7270555E-03
   7117.40  2.9510961E-03
   7117.60  3.1039614E-03
   7117.80  3.3729858E-03
   7118.00  3.8125184E-03
   7118.20  4.4314940E-03
   7118.40  5.1670721E-03
   7118.60  5.8636738E-03
   7118.80  6.4679442E-03
   7119.00  7.2121922E-03
   7119.20  8.3423171E-03
   7119.40  9.9392722E-03
   7119.60  1.1896672E-02
   7119.80  1.3797876E-02
   7120.00  1.4959468E-02
   7120.20  1.4965743E-02
   7120.40  1.4080484E-02
   7120.60  1.2881298E-02
   7120.80  1.1790906E-02
   7121.00  1.0994628E-02
   7121.20  1.0536180E-02
   7121.40  1.0405625E-02
   7121.60  1.0586741E-02
   7121.80  1.1081785E-02
   7122.00  1.1930239E-02
   7122.20  1.3233070E-02
   7122.40  1.5131498E-02
   7122.60  1.7718014E-02
   7122.80  2.0697124E-02
   7123.00  2.3858080E-02
   7123.20  2.6851427E-02
   7123.40  2.8390541E-02
   7123.60  2.9672655E-02
   7123.80  3.1498247E-02
   7124.00  3.2243703E-02
   7124.20  2.8820130E-02
   7124.40  2.5442948E-02
   7124.60  2.3688338E-02
   7124.80  2.2983462E-02
   7125.00  2.2850815E-02
   7125.20  2.3120183E-02
   7125.40  2.3632956E-02
   7125.60  2.4401629E-02
   7125.80  2.5651123E-02
   7126.00  2.7416014E-02
   7126.20  2.9557722E-02
   7126.40  3.1907624E-02
   7126.60  3.4185925E-02
   7126.80  3.5925009E-02
   7127.00  3.7029728E-02
   7127.20  3.7808214E-02
   7127.40  3.8735273E-02
   7127.60  4.0092770E-02
   7127.80  4.1926602E-02
   7128.00  4.4168604E-02
   7128.20  4.6689883E-02
   7128.40  4.9268144E-02
   7128.60  5.1629607E-02
   7128.80  5.3522635E-02
   7129.00  5.4809969E-02
   7129.20  5.5472941E-02
   7129.40  5.5549106E-02
   7129.60  5.5125542E-02
   7129.80  5.4362755E-02
   7130.00  5.3444776E-02
   7130.20  5.2508234E-02
   7130.40  5.1606605E-02
   7130.60  5.0692071E-02
   7130.80  4.9658142E-02
   7131.00  4.8465344E-02
   7131.20  4.7220149E-02
   7131.40  4.6102475E-02
   7131.60  4.5249429E-02
   7131.80  4.4725958E-02
   7132.00  4.4559620E-02
   7132.20  4.4765380E-02
   7132.40  4.5338296E-02
   7132.60  4.6237858E-02
   7132.80  4.7379947E-02
   7133.00  4.8635798E-02
   7133.20  4.9841707E-02
   7133.40  5.0821348E-02
   7133.60  5.1420494E-02
   7133.80  5.1545065E-02
   7134.00  5.1205008E-02
   7134.20  5.0547834E-02
   7134.40  4.9788717E-02
   7134.60  4.9076122E-02
   7134.80  4.8422379E-02
   7135.00  4.7763941E-02
   7135.20  4.7042048E-02
   7135.40  4.6237003E-02
   7135.60  4.5362375E-02
   7135.80  4.4446412E-02
   7136.00  4.3514218E-02
   7136.20  4.2583154E-02
   7136.40  4.1669981E-02
   7136.60  4.0804358E-02
   7136.80  4.0034078E-02
   7137.00  3.9413254E-02
   7137.20  3.8981733E-02
   7137.40  3.8751093E-02
   7137.60  3.8704708E-02
   7137.80  3.8807336E-02
   7138.00  3.9016148E-02
   7138.20  3.9288998E-02
   7138.40  3.9589540E-02
   7138.60  3.9889859E-02
   7138.80  4.0171246E-02
   7139.00  4.0423640E-02
   7139.20  4.0644585E-02
   7139.40  4.0836934E-02
   7139.60  4.1006430E-02
   7139.80  4.1159339E-02
   7140.00  4.1289006E-02
   7140.20  4.1421013E-02
   7140.40  4.1536608E-02
   7140.60  4.1631968E-02
   7140.80  4.1701713E-02
   7141.00  4.1736187E-02
   7141.20  4.1725666E-02
   7141.40  4.1661931E-02
   7141.60  4.1539780E-02
   7141.80  4.1357857E-02
   7142.00  4.1118702E-02
   7142.20  4.0828070E-02
   7142.40  4.0493615E-02
   7142.60  4.0123179E-02
   7142.80  3.9723598E-02
   7143.00  3.9299821E-02
   7143.20  3.8854644E-02
   7143.40  3.8389262E-02
   7143.60  3.7904240E-02
   7143.80  3.7400469E-02
   7144.00  3.6879906E-02
   7144.20  3.6345696E-02
   7144.40  3.5801794E-02
   7144.60  3.5253179E-02
   7144.80  3.4703237E-02
   7145.00  3.4154501E-02
   7145.20  3.3609111E-02
   7145.40  3.3068966E-02
   7145.60  3.2535915E-02
   7145.80  3.2012634E-02
   7146.00  3.1502647E-02
   7146.20  3.1009854E-02
   7146.40  3.0538948E-02
   7146.60  3.0094592E-02
   7146.80  2.9681200E-02
   7147.00  2.9302962E-02
   7147.20  2.8963389E-02
   7147.40  2.8665300E-02
   7147.60  2.8411062E-02
   7147.80  2.8197547E-02
   7148.00  2.8026895E-02
   7148.20  2.7899256E-02
   7148.40  2.7814226E-02
   7148.60  2.7770330E-02
   7148.80  2.7767997E-02
   7149.00  2.7799432E-02
   7149.20  2.7863631E-02
   7149.40  2.7953505E-02
   7149.60  2.8064355E-02
   7149.80  2.8189127E-02
   7150.00  2.8322057E-02
   7150.20  2.8456530E-02
   7150.40  2.8586455E-02
   7150.60  2.8707943E-02
   7150.80  2.8812268E-02
   7151.00  2.8897116E-02
   7151.20  2.8956663E-02
   7151.40  2.8989036E-02
   7151.60  2.8995614E-02
   7151.80  2.8973428E-02
   7152.00  2.8915538E-02
   7152.20  2.8834265E-02
   7152.40  2.8725270E-02
   7152.60  2.8588232E-02
   7152.80  2.8426119E-02
   7153.00  2.8241145E-02
   7153.20  2.8036110E-02
   7153.40  2.7814082E-02
   7153.60  2.7578259E-02
   7153.80  2.7331778E-02
   7154.00  2.7077707E-02
   7154.20  2.6818949E-02
   7154.40  2.6557359E-02
   7154.60  2.6294647E-02
   7154.80  2.6032033E-02
   7155.00  2.5770242E-02
   7155.20  2.5509704E-02
   7155.40  2.5250551E-02
   7155.60  2.4992851E-02
   7155.80  2.4738468E-02
   7156.00  2.4484958E-02
   7156.20  2.4234606E-02
   7156.40  2.3987325E-02
   7156.60  2.3743155E-02
   7156.80  2.3502798E-02
   7157.00  2.3266546E-02
   7157.20  2.3035615E-02
   7157.40  2.2810046E-02
   7157.60  2.2590619E-02
   7157.80  2.2378343E-02
   7158.00  2.2172706E-02
   7158.20  2.1973891E-02
   7158.40  2.1782329E-02
   7158.60  2.1597858E-02
   7158.80  2.1420150E-02
   7159.00  2.1249083E-02
   7159.20  2.1084630E-02
   7159.40  2.0926948E-02
   7159.60  2.0775537E-02
   7159.80  2.0630029E-02
   7160.00  2.0490820E-02
   7160.20  2.0358253E-02
   7160.40  2.0232860E-02
   7160.60  2.0112301E-02
   7160.80  1.9998325E-02
   7161.00  1.9891389E-02
   7161.20  1.9792269E-02
   7161.40  1.9700269E-02
   7161.60  1.9619174E-02
   7161.80  1.9546119E-02
   7162.00  1.9487086E-02
   7162.20  1.9440529E-02
   7162.40  1.9407616E-02
   7162.60  1.9389363E-02
   7162.80  1.9387464E-02
   7163.00  1.9401416E-02
   7163.20  1.9432387E-02
   7163.40  1.9480787E-02
   7163.60  1.9546821E-02
   7163.80  1.9630601E-02
   7164.00  1.9731758E-02
   7164.20  1.9849891E-02
   7164.40  1.9984528E-02
   7164.60  2.0135523E-02
   7164.80  2.0302922E-02
   7165.00  2.0484668E-02
   7165.20  2.0680101E-02
   7165.40  2.0888603E-02
   7165.60  2.1109552E-02
   7165.80  2.1342443E-02
   7166.00  2.1586815E-02
   7166.20  2.1842349E-02
   7166.40  2.2108692E-02
   7166.60  2.2385448E-02
   7166.80  2.2672203E-02
   7167.00  2.2968475E-02
   7167.20  2.3273949E-02
   7167.40  2.3587910E-02
   7167.60  2.3913807E-02
   7167.80  2.4242514E-02
   7168.00  2.4577641E-02
   7168.20  2.4918419E-02
   7168.40  2.5263985E-02
   7168.60  2.5613454E-02
   7168.80  2.5966072E-02
   7169.00  2.6320994E-02
   7169.20  2.6677401E-02
   7169.40  2.7034394E-02
   7169.60  2.7391269E-02
   7169.80  2.7747164E-02
   7170.00  2.8101379E-02
   7170.20  2.8452861E-02
   7170.40  2.8800706E-02
   7170.60  2.9144127E-02
   7170.80  2.9481916E-02
   7171.00  2.9813083E-02
   7171.20  3.0136548E-02
   7171.40  3.0451414E-02
   7171.60  3.0756578E-02
   7171.80  3.1051015E-02
   7172.00  3.1333823E-02
