  7112.000   26  1  1  1.5087279E-02 -3.4770850E+00 -7.5718162E-01  1  1  7.2654241E+03  0.0000000E+00  0.0000000E+00  4.0905490E+00  1.0000000E+00  0.0000000E+00 = E_edge, Z, n_edge, j_edge, Abs_before_edge, VO_interstitial, E_cut, ninitl, ninit1, Epsii, UnitCell_Volume, Surface_ref, f0_forward, natomsym_f, abs_u_i
    Energy    <xanes>    
   7097.00  1.0041109E-04
   7097.20  2.5195795E-04
   7097.40  1.2395434E-03
   7097.60  1.1310856E-02
   7097.80  5.9620698E-04
   7098.00  3.5860650E-02
   7098.20  5.0916607E-04
   7098.40  1.8706126E-04
   7098.60  1.8621652E-04
   7098.80  5.9942774E-04
   7099.00  4.7331800E-03
   7099.20  5.2523249E-04
   7099.40  6.7241700E-04
   7099.60  1.1842108E-04
   7099.80  8.1666790E-05
   7100.00  8.3011625E-05
   7100.20  1.3320894E-04
   7100.40  1.2511015E-03
   7100.60  1.1725630E-03
   7100.80  1.8105135E-04
   7101.00  8.3734380E-04
   7101.20  2.9755162E-04
   7101.40  8.1465364E-05
   7101.60  5.5939768E-05
   7101.80  4.8493797E-05
   7102.00  4.6400776E-05
   7102.20  4.7355050E-05
   7102.40  5.1980757E-05
   7102.60  6.7089821E-05
   7102.80  1.9577899E-04
   7103.00  3.7795946E-04
   7103.20  1.1318348E-04
   7103.40  5.1652472E-04
   7103.60  3.4218391E-04
   7103.80  3.3253729E-04
   7104.00  9.4861115E-04
   7104.20  1.1648236E-03
   7104.40  6.7665572E-04
   7104.60  8.1804079E-03
   7104.80  3.9177975E-04
   7105.00  7.9850081E-04
   7105.20  3.6827718E-03
   7105.40  2.0825948E-01
   7105.60  4.0223944E-03
   7105.80  2.1954110E-02
   7106.00  4.6056430E-02
   7106.20  9.4566412E-04
   7106.40  7.7208697E-04
   7106.60  1.6955911E-02
   7106.80  5.8138901E-03
   7107.00  9.3971409E-02
   7107.20  2.6658361E-02
   7107.40  2.2880982E-02
   7107.60  5.6881100E-04
   7107.80  9.3240690E-04
   7108.00  7.6946193E-03
   7108.20  8.5339664E-04
   7108.40  3.5728840E-02
   7108.60  2.0016416E-03
   7108.80  8.6832389E-04
   7109.00  1.3616453E-03
   7109.20  1.7406995E-03
   7109.40  2.1422946E-02
   7109.60  1.7824589E-02
   7109.80  1.2127852E-02
   7110.00  3.8458257E-03
   7110.20  2.3861151E-02
   7110.40  8.3614049E-02
   7110.60  3.2957661E-02
   7110.80  7.9710114E-02
   7111.00  6.7720092E-02
   7111.20  6.9142407E-02
   7111.40  1.6163030E-02
   7111.60  1.0275305E-02
   7111.80  1.0224943E-02
   7112.00  1.8043056E-02
   7112.20  2.7372433E-02
   7112.40  2.0410179E-02
   7112.60  1.0450530E-02
   7112.80  1.1799615E-02
   7113.00  8.7169897E-03
   7113.20  4.5599667E-03
   7113.40  3.2359013E-03
   7113.60  2.5964302E-03
   7113.80  2.2027598E-03
   7114.00  1.9327465E-03
   7114.20  1.6642648E-03
   7114.40  1.6493612E-03
   7114.60  2.0198434E-03
   7114.80  4.5169192E-03
   7115.00  4.9122133E-03
   7115.20  1.9773779E-03
   7115.40  1.3741679E-03
   7115.60  1.3340253E-03
   7115.80  1.6539680E-03
   7116.00  2.3428909E-03
   7116.20  2.5811559E-03
   7116.40  1.9573061E-03
   7116.60  1.4025278E-03
   7116.80  1.0926363E-03
   7117.00  9.3313258E-04
   7117.20  8.5620289E-04
   7117.40  8.2804432E-04
   7117.60  8.3186507E-04
   7117.80  8.5834055E-04
   7118.00  9.0118523E-04
   7118.20  9.5551819E-04
   7118.40  1.0176849E-03
   7118.60  1.0854567E-03
   7118.80  1.1580259E-03
   7119.00  1.2363701E-03
   7119.20  1.3245333E-03
   7119.40  1.4306948E-03
   7119.60  1.5664803E-03
   7119.80  1.7432826E-03
   7120.00  1.9682242E-03
   7120.20  2.2433260E-03
   7120.40  2.5732092E-03
   7120.60  2.9871053E-03
   7120.80  3.5962114E-03
   7121.00  4.6691967E-03
   7121.20  6.6064778E-03
   7121.40  9.4631924E-03
   7121.60  1.2014725E-02
   7121.80  1.1530809E-02
   7122.00  8.2088546E-03
   7122.20  5.4519873E-03
   7122.40  4.4281156E-03
   7122.60  3.7462354E-03
   7122.80  3.3636984E-03
   7123.00  3.2972422E-03
   7123.20  3.4880078E-03
   7123.40  3.8355275E-03
   7123.60  4.3230467E-03
   7123.80  4.9639099E-03
   7124.00  5.7672465E-03
   7124.20  6.7515876E-03
   7124.40  7.9370921E-03
   7124.60  9.3463348E-03
   7124.80  1.1006050E-02
   7125.00  1.2967395E-02
   7125.20  1.5354436E-02
   7125.40  1.8569110E-02
   7125.60  2.2504837E-02
   7125.80  2.6536846E-02
   7126.00  2.8682903E-02
   7126.20  2.8657088E-02
   7126.40  2.7978372E-02
   7126.60  2.7640022E-02
   7126.80  2.7763340E-02
   7127.00  2.7845841E-02
   7127.20  2.6861278E-02
   7127.40  2.4522447E-02
   7127.60  2.2019221E-02
   7127.80  2.0216609E-02
   7128.00  1.9144393E-02
   7128.20  1.8682265E-02
   7128.40  1.8648372E-02
   7128.60  1.8880180E-02
   7128.80  1.9427778E-02
   7129.00  2.0302158E-02
   7129.20  2.1449283E-02
   7129.40  2.2820363E-02
   7129.60  2.4380600E-02
   7129.80  2.6090215E-02
   7130.00  2.7912221E-02
   7130.20  2.9824169E-02
   7130.40  3.1834448E-02
   7130.60  3.3987479E-02
   7130.80  3.6359462E-02
   7131.00  3.9058012E-02
   7131.20  4.2226285E-02
   7131.40  4.6059189E-02
   7131.60  5.0830640E-02
   7131.80  5.6890911E-02
   7132.00  6.4369580E-02
   7132.20  7.1812214E-02
   7132.40  7.4185652E-02
   7132.60  6.8055653E-02
   7132.80  5.9217979E-02
   7133.00  5.3084832E-02
   7133.20  5.0032104E-02
   7133.40  4.8983242E-02
   7133.60  4.9048527E-02
   7133.80  4.9743371E-02
   7134.00  5.0885878E-02
   7134.20  5.2474919E-02
   7134.40  5.4635835E-02
   7134.60  5.7627195E-02
   7134.80  6.1894968E-02
   7135.00  6.8175704E-02
   7135.20  7.7613183E-02
   7135.40  9.1619632E-02
   7135.60  1.1031436E-01
   7135.80  1.2761835E-01
   7136.00  1.2993688E-01
   7136.20  1.1442103E-01
   7136.40  9.4217968E-02
   7136.60  7.8043969E-02
   7136.80  6.6820738E-02
   7137.00  5.9198141E-02
   7137.20  5.3909031E-02
   7137.40  5.0112266E-02
   7137.60  4.7289760E-02
   7137.80  4.5124115E-02
   7138.00  4.3417958E-02
   7138.20  4.2044763E-02
   7138.40  4.0922189E-02
   7138.60  3.9997196E-02
   7138.80  3.9234123E-02
   7139.00  3.8609066E-02
   7139.20  3.8104598E-02
   7139.40  3.7709099E-02
   7139.60  3.7414048E-02
   7139.80  3.7213439E-02
   7140.00  3.7103537E-02
   7140.20  3.7082085E-02
   7140.40  3.7148391E-02
   7140.60  3.7302807E-02
   7140.80  3.7546090E-02
   7141.00  3.7880466E-02
   7141.20  3.8308395E-02
   7141.40  3.8832247E-02
   7141.60  3.9454414E-02
   7141.80  4.0169759E-02
   7142.00  4.0992641E-02
   7142.20  4.1914271E-02
   7142.40  4.2929072E-02
   7142.60  4.4026363E-02
   7142.80  4.5189130E-02
   7143.00  4.6392884E-02
   7143.20  4.7583796E-02
   7143.40  4.8733620E-02
   7143.60  4.9805256E-02
   7143.80  5.0749786E-02
   7144.00  5.1518472E-02
   7144.20  5.2069453E-02
   7144.40  5.2372329E-02
   7144.60  5.2412917E-02
   7144.80  5.2194670E-02
   7145.00  5.1737595E-02
   7145.20  5.1075514E-02
   7145.40  5.0250766E-02
   7145.60  4.9309120E-02
   7145.80  4.8294860E-02
   7146.00  4.7247954E-02
   7146.20  4.6201920E-02
   7146.40  4.5182655E-02
   7146.60  4.4209660E-02
   7146.80  4.3296140E-02
   7147.00  4.2449984E-02
   7147.20  4.1661613E-02
   7147.40  4.0958778E-02
   7147.60  4.0324507E-02
   7147.80  3.9754580E-02
   7148.00  3.9235240E-02
   7148.20  3.8776337E-02
   7148.40  3.8363376E-02
   7148.60  3.7989393E-02
   7148.80  3.7638790E-02
   7149.00  3.7322781E-02
   7149.20  3.7025454E-02
   7149.40  3.6740752E-02
   7149.60  3.6456550E-02
   7149.80  3.6180423E-02
   7150.00  3.5901238E-02
   7150.20  3.5614564E-02
   7150.40  3.5316385E-02
   7150.60  3.5003084E-02
   7150.80  3.4672126E-02
   7151.00  3.4321266E-02
   7151.20  3.3947783E-02
   7151.40  3.3550691E-02
   7151.60  3.3128574E-02
   7151.80  3.2669754E-02
   7152.00  3.2194754E-02
   7152.20  3.1692943E-02
   7152.40  3.1159043E-02
   7152.60  3.0603123E-02
   7152.80  3.0021080E-02
   7153.00  2.9406150E-02
   7153.20  2.8773965E-02
   7153.40  2.8119372E-02
   7153.60  2.7444592E-02
   7153.80  2.6733144E-02
   7154.00  2.6024892E-02
   7154.20  2.5305624E-02
   7154.40  2.4579477E-02
   7154.60  2.3851365E-02
   7154.80  2.3126653E-02
   7155.00  2.2410418E-02
   7155.20  2.1708232E-02
   7155.40  2.1025655E-02
   7155.60  2.0367989E-02
   7155.80  1.9740686E-02
   7156.00  1.9148191E-02
   7156.20  1.8593816E-02
   7156.40  1.8080420E-02
   7156.60  1.7610003E-02
   7156.80  1.7183684E-02
   7157.00  1.6801675E-02
   7157.20  1.6463748E-02
   7157.40  1.6168561E-02
   7157.60  1.5914465E-02
   7157.80  1.5699533E-02
   7158.00  1.5521648E-02
   7158.20  1.5378534E-02
   7158.40  1.5267859E-02
   7158.60  1.5187335E-02
   7158.80  1.5134870E-02
   7159.00  1.5108101E-02
   7159.20  1.5104945E-02
   7159.40  1.5123430E-02
   7159.60  1.5161709E-02
   7159.80  1.5218014E-02
   7160.00  1.5290704E-02
   7160.20  1.5379203E-02
   7160.40  1.5482614E-02
   7160.60  1.5598456E-02
   7160.80  1.5725540E-02
   7161.00  1.5864377E-02
   7161.20  1.6013134E-02
   7161.40  1.6169072E-02
   7161.60  1.6333585E-02
   7161.80  1.6506487E-02
   7162.00  1.6687875E-02
   7162.20  1.6878057E-02
   7162.40  1.7077557E-02
   7162.60  1.7286994E-02
   7162.80  1.7507021E-02
   7163.00  1.7739369E-02
   7163.20  1.7981913E-02
   7163.40  1.8235471E-02
   7163.60  1.8498923E-02
   7163.80  1.8770773E-02
   7164.00  1.9046476E-02
   7164.20  1.9322302E-02
   7164.40  1.9593073E-02
   7164.60  1.9853309E-02
   7164.80  2.0097508E-02
   7165.00  2.0321244E-02
   7165.20  2.0521582E-02
   7165.40  2.0695946E-02
   7165.60  2.0843653E-02
   7165.80  2.0965375E-02
   7166.00  2.1063475E-02
   7166.20  2.1140419E-02
   7166.40  2.1199633E-02
   7166.60  2.1245272E-02
   7166.80  2.1280608E-02
   7167.00  2.1309165E-02
   7167.20  2.1334224E-02
   7167.40  2.1359026E-02
   7167.60  2.1385961E-02
   7167.80  2.1417216E-02
   7168.00  2.1454902E-02
   7168.20  2.1500668E-02
   7168.40  2.1556095E-02
   7168.60  2.1622268E-02
   7168.80  2.1699962E-02
   7169.00  2.1789911E-02
   7169.20  2.1892564E-02
   7169.40  2.2008156E-02
   7169.60  2.2136784E-02
   7169.80  2.2278175E-02
   7170.00  2.2432418E-02
   7170.20  2.2599285E-02
   7170.40  2.2777432E-02
   7170.60  2.2966059E-02
   7170.80  2.3164294E-02
   7171.00  2.3371259E-02
   7171.20  2.3586122E-02
   7171.40  2.3807755E-02
   7171.60  2.4035353E-02
   7171.80  2.4267871E-02
   7172.00  2.4504506E-02
