  7112.000   26  1  1  3.4953613E-02 -3.7958306E+00 -2.0064270E+00  1  1  7.2660769E+03  0.0000000E+00  0.0000000E+00  4.0585203E+00  1.0000000E+00  0.0000000E+00 = E_edge, Z, n_edge, j_edge, Abs_before_edge, VO_interstitial, E_cut, ninitl, ninit1, Epsii, UnitCell_Volume, Surface_ref, f0_forward, natomsym_f, abs_u_i
    Energy    <xanes>    
   7097.00  2.5238374E-05
   7097.20  2.4146212E-05
   7097.40  2.3847203E-05
   7097.60  2.3929143E-05
   7097.80  2.4273286E-05
   7098.00  2.4867257E-05
   7098.20  2.5773730E-05
   7098.40  2.7163600E-05
   7098.60  2.9466220E-05
   7098.80  3.3969819E-05
   7099.00  4.6312121E-05
   7099.20  1.2802039E-04
   7099.40  8.2996402E-04
   7099.60  1.1013584E-04
   7099.80  1.2914207E-04
   7100.00  5.8548666E-05
   7100.20  4.7320376E-04
   7100.40  1.2401685E-04
   7100.60  1.0330253E-02
   7100.80  5.6395509E-04
   7101.00  1.0834859E-03
   7101.20  6.3620005E-03
   7101.40  5.3529908E-04
   7101.60  5.3827538E-04
   7101.80  1.1532390E-04
   7102.00  7.7311957E-05
   7102.20  7.2190399E-05
   7102.40  1.2102433E-04
   7102.60  6.5495251E-04
   7102.80  7.2980564E-04
   7103.00  4.1826630E-03
   7103.20  1.7502525E-04
   7103.40  3.9124173E-04
   7103.60  4.5060987E-04
   7103.80  7.4581123E-04
   7104.00  4.7431889E-02
   7104.20  1.0120333E-03
   7104.40  3.2694271E-04
   7104.60  1.4385168E-03
   7104.80  4.4593865E-03
   7105.00  6.5730773E-02
   7105.20  1.0073719E-03
   7105.40  2.6220150E-04
   7105.60  3.8420541E-04
   7105.80  1.2977641E-03
   7106.00  1.8992844E-04
   7106.20  3.3190389E-04
   7106.40  1.4453391E-02
   7106.60  2.7805439E-04
   7106.80  6.6342291E-04
   7107.00  4.2164090E-03
   7107.20  1.3384753E-03
   7107.40  3.6492044E-02
   7107.60  5.3542089E-03
   7107.80  3.9205844E-04
   7108.00  1.8082340E-03
   7108.20  1.4381416E-03
   7108.40  2.8015779E-02
   7108.60  1.4781212E-03
   7108.80  5.7075831E-03
   7109.00  7.5317615E-03
   7109.20  7.6460829E-03
   7109.40  6.6655815E-03
   7109.60  1.1158817E-02
   7109.80  1.1530099E-02
   7110.00  1.0823449E-02
   7110.20  1.5338387E-02
   7110.40  1.9358797E-02
   7110.60  2.8590122E-02
   7110.80  2.9731591E-02
   7111.00  2.9673076E-02
   7111.20  2.8928832E-02
   7111.40  2.7844485E-02
   7111.60  2.4097060E-02
   7111.80  2.1682498E-02
   7112.00  1.8213623E-02
   7112.20  1.7652195E-02
   7112.40  2.0294775E-02
   7112.60  2.4856853E-02
   7112.80  3.1194264E-02
   7113.00  4.0500698E-02
   7113.20  4.7592875E-02
   7113.40  4.7803623E-02
   7113.60  4.3288921E-02
   7113.80  3.4130183E-02
   7114.00  2.5448522E-02
   7114.20  1.8930297E-02
   7114.40  1.5242034E-02
   7114.60  1.3010866E-02
   7114.80  1.1813421E-02
   7115.00  1.1257393E-02
   7115.20  1.1219395E-02
   7115.40  1.1477448E-02
   7115.60  1.1262452E-02
   7115.80  9.5319603E-03
   7116.00  7.1374306E-03
   7116.20  5.4494936E-03
   7116.40  4.5158516E-03
   7116.60  4.0298552E-03
   7116.80  3.7861326E-03
   7117.00  3.6601030E-03
   7117.20  3.5668296E-03
   7117.40  3.4616209E-03
   7117.60  3.3399556E-03
   7117.80  3.2181574E-03
   7118.00  3.1142506E-03
   7118.20  3.0416926E-03
   7118.40  3.0111343E-03
   7118.60  3.0335764E-03
   7118.80  3.1246827E-03
   7119.00  3.3110944E-03
   7119.20  3.6305955E-03
   7119.40  4.0784143E-03
   7119.60  4.4762916E-03
   7119.80  4.6286543E-03
   7120.00  4.6050649E-03
   7120.20  4.5167228E-03
   7120.40  4.4383954E-03
   7120.60  4.4470270E-03
   7120.80  4.5957026E-03
   7121.00  4.9084456E-03
   7121.20  5.4041344E-03
   7121.40  6.0903404E-03
   7121.60  6.9645418E-03
   7121.80  7.9640243E-03
   7122.00  8.9908970E-03
   7122.20  9.8680889E-03
   7122.40  1.0524351E-02
   7122.60  1.1064942E-02
   7122.80  1.1663666E-02
   7123.00  1.2406479E-02
   7123.20  1.3306013E-02
   7123.40  1.4338030E-02
   7123.60  1.5460881E-02
   7123.80  1.6598361E-02
   7124.00  1.7640993E-02
   7124.20  1.8464539E-02
   7124.40  1.9055795E-02
   7124.60  1.9532896E-02
   7124.80  2.0097907E-02
   7125.00  2.0946281E-02
   7125.20  2.2181427E-02
   7125.40  2.3783715E-02
   7125.60  2.5730965E-02
   7125.80  2.8050268E-02
   7126.00  3.0411570E-02
   7126.20  3.2778667E-02
   7126.40  3.4854739E-02
   7126.60  3.6525434E-02
   7126.80  3.7665491E-02
   7127.00  3.8271794E-02
   7127.20  3.8461500E-02
   7127.40  3.8492403E-02
   7127.60  3.8403277E-02
   7127.80  3.8135900E-02
   7128.00  3.7630030E-02
   7128.20  3.6911576E-02
   7128.40  3.6098407E-02
   7128.60  3.5330211E-02
   7128.80  3.4696408E-02
   7129.00  3.4217862E-02
   7129.20  3.3889828E-02
   7129.40  3.3718606E-02
   7129.60  3.3705047E-02
   7129.80  3.3799580E-02
   7130.00  3.3915587E-02
   7130.20  3.4020081E-02
   7130.40  3.4168620E-02
   7130.60  3.4440626E-02
   7130.80  3.4900935E-02
   7131.00  3.5610024E-02
   7131.20  3.6632629E-02
   7131.40  3.8029434E-02
   7131.60  3.9837976E-02
   7131.80  4.2048279E-02
   7132.00  4.4576140E-02
   7132.20  4.7260440E-02
   7132.40  4.9927108E-02
   7132.60  5.2505385E-02
   7132.80  5.5079239E-02
   7133.00  5.7786945E-02
   7133.20  6.0640404E-02
   7133.40  6.3397136E-02
   7133.60  6.5588435E-02
   7133.80  6.6747085E-02
   7134.00  6.6694162E-02
   7134.20  6.5622793E-02
   7134.40  6.3929023E-02
   7134.60  6.1968499E-02
   7134.80  5.9987708E-02
   7135.00  5.8148197E-02
   7135.20  5.6545390E-02
   7135.40  5.5212158E-02
   7135.60  5.4134920E-02
   7135.80  5.3279768E-02
   7136.00  5.2615317E-02
   7136.20  5.2122314E-02
   7136.40  5.1792036E-02
   7136.60  5.1619315E-02
   7136.80  5.1596052E-02
   7137.00  5.1708298E-02
   7137.20  5.1936402E-02
   7137.40  5.2256124E-02
   7137.60  5.2640349E-02
   7137.80  5.3060565E-02
   7138.00  5.3487021E-02
   7138.20  5.3888448E-02
   7138.40  5.4231467E-02
   7138.60  5.4480775E-02
   7138.80  5.4601268E-02
   7139.00  5.4561716E-02
   7139.20  5.4338675E-02
   7139.40  5.3921384E-02
   7139.60  5.3316288E-02
   7139.80  5.2545147E-02
   7140.00  5.1641869E-02
   7140.20  5.0646571E-02
   7140.40  4.9599756E-02
   7140.60  4.8537892E-02
   7140.80  4.7491359E-02
   7141.00  4.6491202E-02
   7141.20  4.5534747E-02
   7141.40  4.4628121E-02
   7141.60  4.3772779E-02
   7141.80  4.2966181E-02
   7142.00  4.2203515E-02
   7142.20  4.1478708E-02
   7142.40  4.0785340E-02
   7142.60  4.0117450E-02
   7142.80  3.9470145E-02
   7143.00  3.8839528E-02
   7143.20  3.8223007E-02
   7143.40  3.7619319E-02
   7143.60  3.7016094E-02
   7143.80  3.6439914E-02
   7144.00  3.5879080E-02
   7144.20  3.5335534E-02
   7144.40  3.4811061E-02
   7144.60  3.4307076E-02
   7144.80  3.3824531E-02
   7145.00  3.3363686E-02
   7145.20  3.2924116E-02
   7145.40  3.2504861E-02
   7145.60  3.2104580E-02
   7145.80  3.1721688E-02
   7146.00  3.1354528E-02
   7146.20  3.1001526E-02
   7146.40  3.0661376E-02
   7146.60  3.0332946E-02
   7146.80  3.0015695E-02
   7147.00  2.9706884E-02
   7147.20  2.9411326E-02
   7147.40  2.9127126E-02
   7147.60  2.8854815E-02
   7147.80  2.8593824E-02
   7148.00  2.8346635E-02
   7148.20  2.8116478E-02
   7148.40  2.7900177E-02
   7148.60  2.7701521E-02
   7148.80  2.7519359E-02
   7149.00  2.7353247E-02
   7149.20  2.7204018E-02
   7149.40  2.7071879E-02
   7149.60  2.6956921E-02
   7149.80  2.6859240E-02
   7150.00  2.6778190E-02
   7150.20  2.6713125E-02
   7150.40  2.6663202E-02
   7150.60  2.6627554E-02
   7150.80  2.6605037E-02
   7151.00  2.6594319E-02
   7151.20  2.6594245E-02
   7151.40  2.6603767E-02
   7151.60  2.6622036E-02
   7151.80  2.6649731E-02
   7152.00  2.6683051E-02
   7152.20  2.6723245E-02
   7152.40  2.6770019E-02
   7152.60  2.6823153E-02
   7152.80  2.6882535E-02
   7153.00  2.6947683E-02
   7153.20  2.7017889E-02
   7153.40  2.7092243E-02
   7153.60  2.7169288E-02
   7153.80  2.7247275E-02
   7154.00  2.7324243E-02
   7154.20  2.7398022E-02
   7154.40  2.7466057E-02
   7154.60  2.7525691E-02
   7154.80  2.7574307E-02
   7155.00  2.7609401E-02
   7155.20  2.7628561E-02
   7155.40  2.7629665E-02
   7155.60  2.7611028E-02
   7155.80  2.7571131E-02
   7156.00  2.7506949E-02
   7156.20  2.7421655E-02
   7156.40  2.7313702E-02
   7156.60  2.7183552E-02
   7156.80  2.7032077E-02
   7157.00  2.6860541E-02
   7157.20  2.6670435E-02
   7157.40  2.6463517E-02
   7157.60  2.6241639E-02
   7157.80  2.6006959E-02
   7158.00  2.5761708E-02
   7158.20  2.5508081E-02
   7158.40  2.5246281E-02
   7158.60  2.4982691E-02
   7158.80  2.4717505E-02
   7159.00  2.4453055E-02
   7159.20  2.4191598E-02
   7159.40  2.3935105E-02
   7159.60  2.3685687E-02
   7159.80  2.3445426E-02
   7160.00  2.3216691E-02
   7160.20  2.3001197E-02
   7160.40  2.2801202E-02
   7160.60  2.2616392E-02
   7160.80  2.2451857E-02
   7161.00  2.2308023E-02
   7161.20  2.2185312E-02
   7161.40  2.2084459E-02
   7161.60  2.2013028E-02
   7161.80  2.1957707E-02
   7162.00  2.1924847E-02
   7162.20  2.1913932E-02
   7162.40  2.1924450E-02
   7162.60  2.1955035E-02
   7162.80  2.2004202E-02
   7163.00  2.2070554E-02
   7163.20  2.2152273E-02
   7163.40  2.2248150E-02
   7163.60  2.2356085E-02
   7163.80  2.2474534E-02
   7164.00  2.2602145E-02
   7164.20  2.2737585E-02
   7164.40  2.2879947E-02
   7164.60  2.3028572E-02
   7164.80  2.3182673E-02
   7165.00  2.3341874E-02
   7165.20  2.3505922E-02
   7165.40  2.3674818E-02
   7165.60  2.3848680E-02
   7165.80  2.4027956E-02
   7166.00  2.4212488E-02
   7166.20  2.4403191E-02
   7166.40  2.4600516E-02
   7166.60  2.4803570E-02
   7166.80  2.5012339E-02
   7167.00  2.5226774E-02
   7167.20  2.5446952E-02
   7167.40  2.5672519E-02
   7167.60  2.5903014E-02
   7167.80  2.6137954E-02
   7168.00  2.6376853E-02
   7168.20  2.6619130E-02
   7168.40  2.6864231E-02
   7168.60  2.7111429E-02
   7168.80  2.7359995E-02
   7169.00  2.7609380E-02
   7169.20  2.7858594E-02
   7169.40  2.8106788E-02
   7169.60  2.8353107E-02
   7169.80  2.8596578E-02
   7170.00  2.8836236E-02
   7170.20  2.9071174E-02
   7170.40  2.9300419E-02
   7170.60  2.9522927E-02
   7170.80  2.9737925E-02
   7171.00  2.9944380E-02
   7171.20  3.0141236E-02
   7171.40  3.0327644E-02
   7171.60  3.0502626E-02
   7171.80  3.0665340E-02
   7172.00  3.0815378E-02
