  7112.000   26  1  1  8.9550726E-03 -2.8878870E+00 -1.7561893E+00  1  1  7.2658089E+03  0.0000000E+00  0.0000000E+00  1.9456298E+00  1.0000000E+00  0.0000000E+00 = E_edge, Z, n_edge, j_edge, Abs_before_edge, VO_interstitial, E_cut, ninitl, ninit1, Epsii, UnitCell_Volume, Surface_ref, f0_forward, natomsym_f, abs_u_i
    Energy    <xanes>    
   7097.00  1.1407279E-04
   7097.20  2.0224070E-02
   7097.40  9.9644140E-05
   7097.60  4.1262466E-05
   7097.80  3.0015428E-05
   7098.00  2.6144135E-05
   7098.20  2.4531280E-05
   7098.40  2.3931026E-05
   7098.60  2.3991058E-05
   7098.80  2.4729804E-05
   7099.00  2.6564527E-05
   7099.20  3.0973442E-05
   7099.40  4.4433617E-05
   7099.60  1.2723236E-04
   7099.80  5.5320087E-03
   7100.00  8.8944956E-05
   7100.20  4.0223612E-05
   7100.40  3.0407698E-05
   7100.60  2.7223878E-05
   7100.80  2.6407642E-05
   7101.00  2.7733924E-05
   7101.20  3.9321104E-05
   7101.40  7.8385172E-04
   7101.60  3.5250636E-05
   7101.80  3.0578063E-05
   7102.00  3.4968699E-05
   7102.20  6.3865235E-05
   7102.40  3.0882990E-03
   7102.60  1.9702142E-04
   7102.80  8.7584340E-05
   7103.00  4.7105473E-04
   7103.20  1.0071340E-04
   7103.40  5.4236326E-05
   7103.60  3.6365172E-05
   7103.80  4.6163257E-05
   7104.00  6.0817642E-03
   7104.20  4.6950035E-05
   7104.40  3.7124329E-05
   7104.60  3.8261173E-05
   7104.80  4.9152052E-05
   7105.00  1.3609382E-03
   7105.20  5.8638362E-05
   7105.40  1.0440930E-04
   7105.60  2.3640292E-04
   7105.80  3.3037463E-04
   7106.00  1.4331536E-04
   7106.20  1.2223951E-04
   7106.40  4.7625636E-04
   7106.60  6.3438080E-04
   7106.80  5.6553924E-04
   7107.00  1.3482109E-03
   7107.20  6.9608056E-02
   7107.40  6.8947516E-04
   7107.60  3.5290809E-03
   7107.80  5.5025888E-04
   7108.00  5.1919523E-04
   7108.20  3.8526463E-04
   7108.40  2.5891570E-03
   7108.60  4.5348728E-02
   7108.80  1.9426696E-03
   7109.00  1.6914851E-02
   7109.20  1.7909138E-02
   7109.40  5.0955039E-03
   7109.60  5.6909364E-03
   7109.80  1.0232667E-02
   7110.00  2.2071782E-02
   7110.20  1.9675550E-02
   7110.40  1.8610774E-02
   7110.60  1.5159145E-02
   7110.80  2.5493353E-02
   7111.00  3.4868502E-02
   7111.20  4.6208907E-02
   7111.40  2.9865849E-02
   7111.60  1.3561680E-02
   7111.80  1.4764456E-02
   7112.00  1.6499937E-02
   7112.20  7.5562452E-03
   7112.40  8.3956144E-03
   7112.60  1.4262446E-02
   7112.80  2.0628234E-02
   7113.00  8.2390864E-03
   7113.20  9.8722594E-03
   7113.40  3.2785362E-02
   7113.60  2.4469983E-02
   7113.80  9.0726694E-03
   7114.00  5.0576994E-03
   7114.20  3.5990767E-03
   7114.40  2.9586710E-03
   7114.60  2.7030667E-03
   7114.80  2.7317687E-03
   7115.00  3.1044699E-03
   7115.20  4.0676504E-03
   7115.40  6.2476605E-03
   7115.60  1.1163762E-02
   7115.80  2.1488442E-02
   7116.00  3.0164947E-02
   7116.20  2.5893861E-02
   7116.40  1.9214298E-02
   7116.60  1.5937221E-02
   7116.80  1.5929627E-02
   7117.00  1.9080814E-02
   7117.20  2.4462281E-02
   7117.40  2.7567839E-02
   7117.60  2.5427823E-02
   7117.80  2.1273099E-02
   7118.00  1.7768876E-02
   7118.20  1.5289922E-02
   7118.40  1.3441101E-02
   7118.60  1.1883915E-02
   7118.80  1.0561307E-02
   7119.00  9.4703223E-03
   7119.20  8.5533323E-03
   7119.40  7.7748544E-03
   7119.60  7.1236902E-03
   7119.80  6.5908495E-03
   7120.00  6.1744911E-03
   7120.20  5.8746514E-03
   7120.40  5.6924704E-03
   7120.60  5.6389301E-03
   7120.80  5.7255307E-03
   7121.00  5.9485788E-03
   7121.20  6.2803387E-03
   7121.40  6.6704241E-03
   7121.60  7.0632754E-03
   7121.80  7.4255919E-03
   7122.00  7.7765990E-03
   7122.20  8.2271534E-03
   7122.40  8.9572798E-03
   7122.60  1.0116969E-02
   7122.80  1.1801116E-02
   7123.00  1.4085943E-02
   7123.20  1.6800038E-02
   7123.40  1.9449455E-02
   7123.60  2.1370905E-02
   7123.80  2.1928419E-02
   7124.00  2.1132253E-02
   7124.20  1.9492520E-02
   7124.40  1.7582277E-02
   7124.60  1.5792520E-02
   7124.80  1.4339980E-02
   7125.00  1.3344152E-02
   7125.20  1.2870541E-02
   7125.40  1.2923876E-02
   7125.60  1.3425795E-02
   7125.80  1.4233120E-02
   7126.00  1.5201449E-02
   7126.20  1.6245598E-02
   7126.40  1.7329315E-02
   7126.60  1.8342098E-02
   7126.80  1.9217495E-02
   7127.00  1.9891915E-02
   7127.20  2.0443917E-02
   7127.40  2.0971700E-02
   7127.60  2.1668111E-02
   7127.80  2.2583433E-02
   7128.00  2.3616026E-02
   7128.20  2.4578394E-02
   7128.40  2.5393127E-02
   7128.60  2.6116928E-02
   7128.80  2.6717959E-02
   7129.00  2.7668121E-02
   7129.20  2.8930894E-02
   7129.40  3.0563491E-02
   7129.60  3.2588175E-02
   7129.80  3.5009811E-02
   7130.00  3.7815478E-02
   7130.20  4.0965254E-02
   7130.40  4.4381714E-02
   7130.60  4.7942735E-02
   7130.80  5.1479322E-02
   7131.00  5.4777056E-02
   7131.20  5.7592847E-02
   7131.40  5.9695860E-02
   7131.60  6.0931303E-02
   7131.80  6.1276442E-02
   7132.00  6.0851932E-02
   7132.20  5.9882991E-02
   7132.40  5.8635649E-02
   7132.60  5.7362736E-02
   7132.80  5.6271889E-02
   7133.00  5.5505714E-02
   7133.20  5.5120511E-02
   7133.40  5.5049382E-02
   7133.60  5.5096772E-02
   7133.80  5.5040993E-02
   7134.00  5.4834796E-02
   7134.20  5.4645885E-02
   7134.40  5.4623439E-02
   7134.60  5.4756195E-02
   7134.80  5.4940508E-02
   7135.00  5.5066875E-02
   7135.20  5.5057893E-02
   7135.40  5.4871464E-02
   7135.60  5.4489567E-02
   7135.80  5.3908472E-02
   7136.00  5.3133766E-02
   7136.20  5.2179219E-02
   7136.40  5.1067455E-02
   7136.60  4.9828654E-02
   7136.80  4.8498059E-02
   7137.00  4.7113385E-02
   7137.20  4.5711008E-02
   7137.40  4.4324745E-02
   7137.60  4.2983874E-02
   7137.80  4.1713337E-02
   7138.00  4.0534263E-02
   7138.20  3.9463778E-02
   7138.40  3.8515912E-02
   7138.60  3.7701340E-02
   7138.80  3.7026890E-02
   7139.00  3.6494906E-02
   7139.20  3.6102553E-02
   7139.40  3.5840783E-02
   7139.60  3.5694509E-02
   7139.80  3.5643451E-02
   7140.00  3.5663911E-02
   7140.20  3.5731695E-02
   7140.40  3.5824096E-02
   7140.60  3.5921632E-02
   7140.80  3.6009476E-02
   7141.00  3.6077918E-02
   7141.20  3.6121865E-02
   7141.40  3.6140066E-02
   7141.60  3.6133959E-02
   7141.80  3.6106537E-02
   7142.00  3.6062326E-02
   7142.20  3.6007584E-02
   7142.40  3.5950471E-02
   7142.60  3.5901687E-02
   7142.80  3.5874540E-02
   7143.00  3.5883742E-02
   7143.20  3.5943635E-02
   7143.40  3.6065367E-02
   7143.60  3.6253998E-02
   7143.80  3.6506788E-02
   7144.00  3.6813208E-02
   7144.20  3.7156643E-02
   7144.40  3.7517262E-02
   7144.60  3.7874823E-02
   7144.80  3.8211090E-02
   7145.00  3.8511440E-02
   7145.20  3.8765229E-02
   7145.40  3.8965519E-02
   7145.60  3.9108783E-02
   7145.80  3.9193934E-02
   7146.00  3.9221968E-02
   7146.20  3.9195392E-02
   7146.40  3.9117693E-02
   7146.60  3.8992997E-02
   7146.80  3.8825627E-02
   7147.00  3.8624281E-02
   7147.20  3.8398010E-02
   7147.40  3.8143341E-02
   7147.60  3.7864217E-02
   7147.80  3.7564307E-02
   7148.00  3.7247057E-02
   7148.20  3.6915870E-02
   7148.40  3.6570328E-02
   7148.60  3.6220035E-02
   7148.80  3.5864176E-02
   7149.00  3.5505027E-02
   7149.20  3.5144762E-02
   7149.40  3.4785734E-02
   7149.60  3.4429983E-02
   7149.80  3.4079410E-02
   7150.00  3.3736067E-02
   7150.20  3.3402331E-02
   7150.40  3.3078111E-02
   7150.60  3.2769624E-02
   7150.80  3.2478319E-02
   7151.00  3.2203538E-02
   7151.20  3.1948787E-02
   7151.40  3.1716112E-02
   7151.60  3.1508132E-02
   7151.80  3.1326291E-02
   7152.00  3.1172706E-02
   7152.20  3.1048850E-02
   7152.40  3.0955938E-02
   7152.60  3.0897476E-02
   7152.80  3.0868719E-02
   7153.00  3.0872011E-02
   7153.20  3.0906825E-02
   7153.40  3.0971530E-02
   7153.60  3.1064137E-02
   7153.80  3.1182110E-02
   7154.00  3.1322493E-02
   7154.20  3.1481971E-02
   7154.40  3.1657090E-02
   7154.60  3.1844351E-02
   7154.80  3.2040158E-02
   7155.00  3.2242418E-02
   7155.20  3.2447508E-02
   7155.40  3.2651870E-02
   7155.60  3.2853113E-02
   7155.80  3.3048814E-02
   7156.00  3.3237007E-02
   7156.20  3.3415927E-02
   7156.40  3.3584132E-02
   7156.60  3.3740326E-02
   7156.80  3.3883390E-02
   7157.00  3.4012362E-02
   7157.20  3.4126474E-02
   7157.40  3.4225161E-02
   7157.60  3.4308225E-02
   7157.80  3.4375326E-02
   7158.00  3.4426493E-02
   7158.20  3.4462086E-02
   7158.40  3.4482457E-02
   7158.60  3.4488249E-02
   7158.80  3.4480285E-02
   7159.00  3.4459538E-02
   7159.20  3.4427082E-02
   7159.40  3.4384289E-02
   7159.60  3.4332143E-02
   7159.80  3.4271742E-02
   7160.00  3.4204155E-02
   7160.20  3.4130364E-02
   7160.40  3.4051902E-02
   7160.60  3.3968272E-02
   7160.80  3.3880749E-02
   7161.00  3.3789852E-02
   7161.20  3.3694296E-02
   7161.40  3.3597148E-02
   7161.60  3.3497057E-02
   7161.80  3.3393902E-02
   7162.00  3.3288832E-02
   7162.20  3.3180181E-02
   7162.40  3.3067391E-02
   7162.60  3.2951846E-02
   7162.80  3.2831586E-02
   7163.00  3.2707552E-02
   7163.20  3.2579273E-02
   7163.40  3.2446703E-02
   7163.60  3.2310052E-02
   7163.80  3.2170250E-02
   7164.00  3.2026760E-02
   7164.20  3.1879851E-02
   7164.40  3.1730062E-02
   7164.60  3.1577500E-02
   7164.80  3.1423066E-02
   7165.00  3.1267646E-02
   7165.20  3.1111337E-02
   7165.40  3.0954773E-02
   7165.60  3.0798566E-02
   7165.80  3.0644538E-02
   7166.00  3.0490928E-02
   7166.20  3.0340237E-02
   7166.40  3.0192202E-02
   7166.60  3.0047282E-02
   7166.80  2.9905875E-02
   7167.00  2.9768371E-02
   7167.20  2.9635122E-02
   7167.40  2.9506454E-02
   7167.60  2.9383088E-02
   7167.80  2.9264982E-02
   7168.00  2.9152180E-02
   7168.20  2.9044868E-02
   7168.40  2.8943161E-02
   7168.60  2.8846175E-02
   7168.80  2.8758135E-02
   7169.00  2.8674302E-02
   7169.20  2.8597865E-02
   7169.40  2.8526534E-02
   7169.60  2.8460946E-02
   7169.80  2.8401041E-02
   7170.00  2.8346668E-02
   7170.20  2.8300784E-02
   7170.40  2.8256782E-02
   7170.60  2.8217751E-02
   7170.80  2.8183390E-02
   7171.00  2.8153486E-02
   7171.20  2.8127889E-02
   7171.40  2.8105916E-02
   7171.60  2.8087222E-02
   7171.80  2.8071269E-02
   7172.00  2.8057632E-02
