  7112.000   26  1  1  1.6316868E-02 -5.0295679E+00 -2.0504480E+00  1  1  7.2659660E+03  0.0000000E+00  0.0000000E+00  6.0427771E+00  1.0000000E+00  0.0000000E+00 = E_edge, Z, n_edge, j_edge, Abs_before_edge, VO_interstitial, E_cut, ninitl, ninit1, Epsii, UnitCell_Volume, Surface_ref, f0_forward, natomsym_f, abs_u_i
    Energy    <xanes>    
   7097.00  3.4457513E-05
   7097.20  1.1721219E-04
   7097.40  4.0443980E-04
   7097.60  4.1772356E-05
   7097.80  3.0870169E-05
   7098.00  2.6736234E-05
   7098.20  2.7332312E-05
   7098.40  3.2343055E-05
   7098.60  8.5331677E-05
   7098.80  2.5163682E-04
   7099.00  4.6648823E-05
   7099.20  3.6656648E-05
   7099.40  4.7087235E-05
   7099.60  1.0576221E-03
   7099.80  2.9279302E-03
   7100.00  1.9781239E-03
   7100.20  7.7301386E-05
   7100.40  3.9594280E-05
   7100.60  3.2551617E-05
   7100.80  5.8305108E-05
   7101.00  2.5294141E-04
   7101.20  3.0442178E-05
   7101.40  3.1534756E-05
   7101.60  3.8414675E-05
   7101.80  2.1217524E-04
   7102.00  2.4155019E-04
   7102.20  2.2951038E-04
   7102.40  1.3345043E-04
   7102.60  6.6659621E-05
   7102.80  4.1530397E-05
   7103.00  5.0422454E-05
   7103.20  2.3313821E-04
   7103.40  5.1624462E-05
   7103.60  5.2755357E-05
   7103.80  7.6994076E-05
   7104.00  2.3726672E-03
   7104.20  1.4128476E-04
   7104.40  1.0852430E-03
   7104.60  1.9589179E-03
   7104.80  3.8125612E-02
   7105.00  9.1433538E-04
   7105.20  2.1513277E-04
   7105.40  1.4658437E-03
   7105.60  1.4674610E-04
   7105.80  1.3856802E-04
   7106.00  1.8610046E-03
   7106.20  1.3039556E-03
   7106.40  1.0892010E-02
   7106.60  1.4675316E-03
   7106.80  1.2034796E-03
   7107.00  5.7318986E-03
   7107.20  4.0905261E-03
   7107.40  4.2863673E-03
   7107.60  6.0709373E-03
   7107.80  6.7077534E-03
   7108.00  6.2720829E-03
   7108.20  1.3270931E-02
   7108.40  1.5589273E-02
   7108.60  2.0449165E-02
   7108.80  3.8080367E-02
   7109.00  2.4950954E-02
   7109.20  3.4543304E-02
   7109.40  4.5744200E-02
   7109.60  5.8104539E-02
   7109.80  7.6429798E-02
   7110.00  2.8931299E-02
   7110.20  5.0089961E-02
   7110.40  4.8256567E-02
   7110.60  3.1957856E-02
   7110.80  1.9539973E-02
   7111.00  1.9629394E-02
   7111.20  1.7609570E-02
   7111.40  1.6820231E-02
   7111.60  2.1815318E-02
   7111.80  2.9088157E-02
   7112.00  3.5699503E-02
   7112.20  4.7868256E-02
   7112.40  4.5629267E-02
   7112.60  3.1806126E-02
   7112.80  3.0558406E-02
   7113.00  4.3610921E-02
   7113.20  5.9294851E-02
   7113.40  4.5482334E-02
   7113.60  1.9933063E-02
   7113.80  1.0190747E-02
   7114.00  6.3016141E-03
   7114.20  4.4803182E-03
   7114.40  3.5263823E-03
   7114.60  3.0065033E-03
   7114.80  2.7425919E-03
   7115.00  2.6629922E-03
   7115.20  2.7519021E-03
   7115.40  3.0436502E-03
   7115.60  3.2974714E-03
   7115.80  3.8002414E-03
   7116.00  4.6360826E-03
   7116.20  5.4193426E-03
   7116.40  6.0519970E-03
   7116.60  6.6152788E-03
   7116.80  7.0779141E-03
   7117.00  7.5232277E-03
   7117.20  7.8944599E-03
   7117.40  8.3240082E-03
   7117.60  8.3777963E-03
   7117.80  7.0514105E-03
   7118.00  5.2908328E-03
   7118.20  4.1132442E-03
   7118.40  3.4544936E-03
   7118.60  3.1149247E-03
   7118.80  2.8609582E-03
   7119.00  2.8040014E-03
   7119.20  3.1284613E-03
   7119.40  3.9366937E-03
   7119.60  4.4550028E-03
   7119.80  4.3869801E-03
   7120.00  4.3630874E-03
   7120.20  4.3180403E-03
   7120.40  4.1700068E-03
   7120.60  3.9797247E-03
   7120.80  3.9535762E-03
   7121.00  3.7259821E-03
   7121.20  3.4646216E-03
   7121.40  3.4148953E-03
   7121.60  3.4542510E-03
   7121.80  3.5276109E-03
   7122.00  3.6249858E-03
   7122.20  3.7471066E-03
   7122.40  3.9044087E-03
   7122.60  4.0973650E-03
   7122.80  4.3458089E-03
   7123.00  4.6648110E-03
   7123.20  5.0594021E-03
   7123.40  5.5175996E-03
   7123.60  5.9893910E-03
   7123.80  6.4109033E-03
   7124.00  6.7480374E-03
   7124.20  7.0289824E-03
   7124.40  7.3275942E-03
   7124.60  7.7546207E-03
   7124.80  8.4130606E-03
   7125.00  9.3727268E-03
   7125.20  1.0622073E-02
   7125.40  1.1996270E-02
   7125.60  1.3191797E-02
   7125.80  1.4003364E-02
   7126.00  1.4495277E-02
   7126.20  1.4843216E-02
   7126.40  1.5086936E-02
   7126.60  1.5176561E-02
   7126.80  1.5177252E-02
   7127.00  1.5334305E-02
   7127.20  1.5782720E-02
   7127.40  1.6546998E-02
   7127.60  1.7566467E-02
   7127.80  1.8742233E-02
   7128.00  1.9991411E-02
   7128.20  2.1345014E-02
   7128.40  2.2964606E-02
   7128.60  2.4924311E-02
   7128.80  2.7032900E-02
   7129.00  2.8946588E-02
   7129.20  3.0399073E-02
   7129.40  3.1243686E-02
   7129.60  3.1343104E-02
   7129.80  3.0733679E-02
   7130.00  2.9885247E-02
   7130.20  2.9410314E-02
   7130.40  2.9648638E-02
   7130.60  3.0691266E-02
   7130.80  3.2574322E-02
   7131.00  3.5183851E-02
   7131.20  3.8122291E-02
   7131.40  4.0901052E-02
   7131.60  4.3297204E-02
   7131.80  4.5516953E-02
   7132.00  4.8057398E-02
   7132.20  5.1434350E-02
   7132.40  5.5964164E-02
   7132.60  6.1591178E-02
   7132.80  6.7704389E-02
   7133.00  7.3139539E-02
   7133.20  7.6736487E-02
   7133.40  7.8117223E-02
   7133.60  7.7772811E-02
   7133.80  7.6488939E-02
   7134.00  7.4881625E-02
   7134.20  7.3363547E-02
   7134.40  7.2268195E-02
   7134.60  7.1803230E-02
   7134.80  7.1938742E-02
   7135.00  7.2424479E-02
   7135.20  7.2905090E-02
   7135.40  7.3031264E-02
   7135.60  7.2532445E-02
   7135.80  7.1257820E-02
   7136.00  6.9190290E-02
   7136.20  6.6430494E-02
   7136.40  6.3163069E-02
   7136.60  5.9615517E-02
   7136.80  5.6014298E-02
   7137.00  5.2543420E-02
   7137.20  4.9313267E-02
   7137.40  4.6368301E-02
   7137.60  4.3694360E-02
   7137.80  4.1251064E-02
   7138.00  3.8997883E-02
   7138.20  3.6913001E-02
   7138.40  3.4999660E-02
   7138.60  3.3280897E-02
   7138.80  3.1783254E-02
   7139.00  3.0522086E-02
   7139.20  2.9493121E-02
   7139.40  2.8675917E-02
   7139.60  2.8043032E-02
   7139.80  2.7568979E-02
   7140.00  2.7235700E-02
   7140.20  2.7033376E-02
   7140.40  2.6956293E-02
   7140.60  2.6996426E-02
   7140.80  2.7136983E-02
   7141.00  2.7349025E-02
   7141.20  2.7593804E-02
   7141.40  2.7831032E-02
   7141.60  2.8029578E-02
   7141.80  2.8175983E-02
   7142.00  2.8277318E-02
   7142.20  2.8357677E-02
   7142.40  2.8450921E-02
   7142.60  2.8591918E-02
   7142.80  2.8809372E-02
   7143.00  2.9121737E-02
   7143.20  2.9535949E-02
   7143.40  3.0048118E-02
   7143.60  3.0645718E-02
   7143.80  3.1310661E-02
   7144.00  3.2022938E-02
   7144.20  3.2763798E-02
   7144.40  3.3517716E-02
   7144.60  3.4271589E-02
   7144.80  3.5013338E-02
   7145.00  3.5729984E-02
   7145.20  3.6403233E-02
   7145.40  3.7023693E-02
   7145.60  3.7578616E-02
   7145.80  3.8058266E-02
   7146.00  3.8451872E-02
   7146.20  3.8769496E-02
   7146.40  3.9012231E-02
   7146.60  3.9192257E-02
   7146.80  3.9317665E-02
   7147.00  3.9394021E-02
   7147.20  3.9437706E-02
   7147.40  3.9464671E-02
   7147.60  3.9479109E-02
   7147.80  3.9487313E-02
   7148.00  3.9500534E-02
   7148.20  3.9524918E-02
   7148.40  3.9560045E-02
   7148.60  3.9618836E-02
   7148.80  3.9697931E-02
   7149.00  3.9797722E-02
   7149.20  3.9917742E-02
   7149.40  4.0056792E-02
   7149.60  4.0213349E-02
   7149.80  4.0385617E-02
   7150.00  4.0571669E-02
   7150.20  4.0769847E-02
   7150.40  4.0978554E-02
   7150.60  4.1195826E-02
   7150.80  4.1420094E-02
   7151.00  4.1649106E-02
   7151.20  4.1880789E-02
   7151.40  4.2112771E-02
   7151.60  4.2342523E-02
   7151.80  4.2566945E-02
   7152.00  4.2784665E-02
   7152.20  4.2992815E-02
   7152.40  4.3189708E-02
   7152.60  4.3374308E-02
   7152.80  4.3547455E-02
   7153.00  4.3706723E-02
   7153.20  4.3852263E-02
   7153.40  4.3988647E-02
   7153.60  4.4115905E-02
   7153.80  4.4235523E-02
   7154.00  4.4344608E-02
   7154.20  4.4442188E-02
   7154.40  4.4530975E-02
   7154.60  4.4607855E-02
   7154.80  4.4668279E-02
   7155.00  4.4705840E-02
   7155.20  4.4713587E-02
   7155.40  4.4685399E-02
   7155.60  4.4614492E-02
   7155.80  4.4492460E-02
   7156.00  4.4318892E-02
   7156.20  4.4092373E-02
   7156.40  4.3814271E-02
   7156.60  4.3488054E-02
   7156.80  4.3118922E-02
   7157.00  4.2713798E-02
   7157.20  4.2271387E-02
   7157.40  4.1815381E-02
   7157.60  4.1343192E-02
   7157.80  4.0861933E-02
   7158.00  4.0378144E-02
   7158.20  3.9892890E-02
   7158.40  3.9406288E-02
   7158.60  3.8924617E-02
   7158.80  3.8450601E-02
   7159.00  3.7982101E-02
   7159.20  3.7515929E-02
   7159.40  3.7051710E-02
   7159.60  3.6589003E-02
   7159.80  3.6128088E-02
   7160.00  3.5670112E-02
   7160.20  3.5217037E-02
   7160.40  3.4771421E-02
   7160.60  3.4336310E-02
   7160.80  3.3914380E-02
   7161.00  3.3507339E-02
   7161.20  3.3116167E-02
   7161.40  3.2740698E-02
   7161.60  3.2379476E-02
   7161.80  3.2029806E-02
   7162.00  3.1687913E-02
   7162.20  3.1349199E-02
   7162.40  3.1008637E-02
   7162.60  3.0661459E-02
   7162.80  3.0303014E-02
   7163.00  2.9929239E-02
   7163.20  2.9537483E-02
   7163.40  2.9126483E-02
   7163.60  2.8696449E-02
   7163.80  2.8247811E-02
   7164.00  2.7783852E-02
   7164.20  2.7308025E-02
   7164.40  2.6825740E-02
   7164.60  2.6340714E-02
   7164.80  2.5857923E-02
   7165.00  2.5381854E-02
   7165.20  2.4915139E-02
   7165.40  2.4461110E-02
   7165.60  2.4023553E-02
   7165.80  2.3604541E-02
   7166.00  2.3206253E-02
   7166.20  2.2829232E-02
   7166.40  2.2478182E-02
   7166.60  2.2156247E-02
   7166.80  2.1861510E-02
   7167.00  2.1590178E-02
   7167.20  2.1345492E-02
   7167.40  2.1127860E-02
   7167.60  2.0935564E-02
   7167.80  2.0767246E-02
   7168.00  2.0621397E-02
   7168.20  2.0496251E-02
   7168.40  2.0389834E-02
   7168.60  2.0300647E-02
   7168.80  2.0226229E-02
   7169.00  2.0164766E-02
   7169.20  2.0114560E-02
   7169.40  2.0074160E-02
   7169.60  2.0042348E-02
   7169.80  2.0018291E-02
   7170.00  2.0001575E-02
   7170.20  1.9991319E-02
   7170.40  1.9987180E-02
   7170.60  1.9989087E-02
   7170.80  1.9997100E-02
   7171.00  2.0011388E-02
   7171.20  2.0032208E-02
   7171.40  2.0060013E-02
   7171.60  2.0095224E-02
   7171.80  2.0137990E-02
   7172.00  2.0188631E-02
