  7112.000   26  1  1  1.4235177E-02 -2.8615740E+00 -2.1247006E+00  1  1  7.2660835E+03  0.0000000E+00  0.0000000E+00  2.5692711E+00  1.0000000E+00  0.0000000E+00 = E_edge, Z, n_edge, j_edge, Abs_before_edge, VO_interstitial, E_cut, ninitl, ninit1, Epsii, UnitCell_Volume, Surface_ref, f0_forward, natomsym_f, abs_u_i
    Energy    <xanes>    
   7097.00  1.9976854E-05
   7097.20  2.0092589E-05
   7097.40  2.0235712E-05
   7097.60  2.0412828E-05
   7097.80  2.0633835E-05
   7098.00  2.0914518E-05
   7098.20  2.1280988E-05
   7098.40  2.1780347E-05
   7098.60  2.2506518E-05
   7098.80  2.3674666E-05
   7099.00  2.5887028E-05
   7099.20  3.1466398E-05
   7099.40  5.7517226E-05
   7099.60  4.3455620E-03
   7099.80  7.3029165E-05
   7100.00  3.6555233E-05
   7100.20  3.2013180E-05
   7100.40  3.3024914E-05
   7100.60  4.1923614E-05
   7100.80  1.2005105E-04
   7101.00  5.9956125E-05
   7101.20  1.1428581E-04
   7101.40  7.6442760E-04
   7101.60  8.9674602E-04
   7101.80  1.2736145E-04
   7102.00  7.8039924E-05
   7102.20  9.3365254E-05
   7102.40  5.6718233E-04
   7102.60  3.3005886E-04
   7102.80  3.2315578E-02
   7103.00  2.0766039E-04
   7103.20  9.4950673E-05
   7103.40  2.6407224E-04
   7103.60  2.1425240E-04
   7103.80  3.0927676E-03
   7104.00  8.6029253E-05
   7104.20  1.2903161E-04
   7104.40  8.0064183E-04
   7104.60  1.5227242E-03
   7104.80  5.5494345E-04
   7105.00  2.4436382E-03
   7105.20  1.6314003E-04
   7105.40  1.5996170E-04
   7105.60  4.4141681E-04
   7105.80  8.5201471E-05
   7106.00  7.9975090E-05
   7106.20  3.2781813E-04
   7106.40  1.5460396E-04
   7106.60  2.1460274E-04
   7106.80  3.5924272E-03
   7107.00  1.5312734E-03
   7107.20  2.0049511E-02
   7107.40  1.7078279E-03
   7107.60  3.2407574E-04
   7107.80  1.1294489E-03
   7108.00  2.3457028E-04
   7108.20  1.4276091E-03
   7108.40  4.2749824E-03
   7108.60  4.3028690E-03
   7108.80  4.2257588E-02
   7109.00  5.7799227E-04
   7109.20  2.3997655E-03
   7109.40  9.1164729E-02
   7109.60  1.1476523E-03
   7109.80  5.5830074E-03
   7110.00  1.0634669E-02
   7110.20  1.5117683E-02
   7110.40  6.6413148E-03
   7110.60  4.6775347E-03
   7110.80  5.3805270E-03
   7111.00  9.6075007E-03
   7111.20  1.7696817E-02
   7111.40  2.9044187E-02
   7111.60  3.0550487E-02
   7111.80  1.6117209E-02
   7112.00  1.0656089E-02
   7112.20  1.2930104E-02
   7112.40  1.5449506E-02
   7112.60  2.1237127E-02
   7112.80  3.0104189E-02
   7113.00  4.1076807E-02
   7113.20  5.2875313E-02
   7113.40  5.6407886E-02
   7113.60  6.1983260E-02
   7113.80  6.4094398E-02
   7114.00  5.5395257E-02
   7114.20  4.0695773E-02
   7114.40  2.8971133E-02
   7114.60  2.1291677E-02
   7114.80  1.6368011E-02
   7115.00  1.3210108E-02
   7115.20  1.1071765E-02
   7115.40  9.8407038E-03
   7115.60  9.1001050E-03
   7115.80  8.7242424E-03
   7116.00  8.6030286E-03
   7116.20  8.8633882E-03
   7116.40  9.2614311E-03
   7116.60  9.2665226E-03
   7116.80  8.6060137E-03
   7117.00  7.8907020E-03
   7117.20  7.5544646E-03
   7117.40  7.5727663E-03
   7117.60  7.8006017E-03
   7117.80  8.0734057E-03
   7118.00  8.2039796E-03
   7118.20  8.0875697E-03
   7118.40  7.8175740E-03
   7118.60  7.5146709E-03
   7118.80  7.1656108E-03
   7119.00  6.7385183E-03
   7119.20  6.2772529E-03
   7119.40  5.9107157E-03
   7119.60  5.7343496E-03
   7119.80  5.7456400E-03
   7120.00  5.8263077E-03
   7120.20  5.8368788E-03
   7120.40  5.8492325E-03
   7120.60  6.0914336E-03
   7120.80  6.5126192E-03
   7121.00  6.6931421E-03
   7121.20  6.6432021E-03
   7121.40  6.6498706E-03
   7121.60  6.7728332E-03
   7121.80  6.9903088E-03
   7122.00  7.2932620E-03
   7122.20  7.7287686E-03
   7122.40  8.2564556E-03
   7122.60  8.8073690E-03
   7122.80  9.2443354E-03
   7123.00  9.5690047E-03
   7123.20  9.8820894E-03
   7123.40  1.0264909E-02
   7123.60  1.0758057E-02
   7123.80  1.1381317E-02
   7124.00  1.2146707E-02
   7124.20  1.3060002E-02
   7124.40  1.4114364E-02
   7124.60  1.5276811E-02
   7124.80  1.6466998E-02
   7125.00  1.7530707E-02
   7125.20  1.8234964E-02
   7125.40  1.8362682E-02
   7125.60  1.7911068E-02
   7125.80  1.7152701E-02
   7126.00  1.6431927E-02
   7126.20  1.5972517E-02
   7126.40  1.5810501E-02
   7126.60  1.5941394E-02
   7126.80  1.6276100E-02
   7127.00  1.6757489E-02
   7127.20  1.7365090E-02
   7127.40  1.8059529E-02
   7127.60  1.8822985E-02
   7127.80  1.9659900E-02
   7128.00  2.0603688E-02
   7128.20  2.1736681E-02
   7128.40  2.2998652E-02
   7128.60  2.4445119E-02
   7128.80  2.6014853E-02
   7129.00  2.7555307E-02
   7129.20  2.8875329E-02
   7129.40  2.9889349E-02
   7129.60  3.0705334E-02
   7129.80  3.1555024E-02
   7130.00  3.2637639E-02
   7130.20  3.4062559E-02
   7130.40  3.5854316E-02
   7130.60  3.7971146E-02
   7130.80  4.0322455E-02
   7131.00  4.2786905E-02
   7131.20  4.5227249E-02
   7131.40  4.7497485E-02
   7131.60  4.9467064E-02
   7131.80  5.1079112E-02
   7132.00  5.2411942E-02
   7132.20  5.3686317E-02
   7132.40  5.5196632E-02
   7132.60  5.7205707E-02
   7132.80  5.9861050E-02
   7133.00  6.3143212E-02
   7133.20  6.6863425E-02
   7133.40  7.0765503E-02
   7133.60  7.4588135E-02
   7133.80  7.7996775E-02
   7134.00  8.0422553E-02
   7134.20  8.1201387E-02
   7134.40  8.0133756E-02
   7134.60  7.7703840E-02
   7134.80  7.4562157E-02
   7135.00  7.1039911E-02
   7135.20  6.7216965E-02
   7135.40  6.3170967E-02
   7135.60  5.9061161E-02
   7135.80  5.5077787E-02
   7136.00  5.1377499E-02
   7136.20  4.8054774E-02
   7136.40  4.5145210E-02
   7136.60  4.2641906E-02
   7136.80  4.0512765E-02
   7137.00  3.8715264E-02
   7137.20  3.7204788E-02
   7137.40  3.5940247E-02
   7137.60  3.4885623E-02
   7137.80  3.4011892E-02
   7138.00  3.3296191E-02
   7138.20  3.2721579E-02
   7138.40  3.2275922E-02
   7138.60  3.1950216E-02
   7138.80  3.1737355E-02
   7139.00  3.1631309E-02
   7139.20  3.1629502E-02
   7139.40  3.1715175E-02
   7139.60  3.1878452E-02
   7139.80  3.2108445E-02
   7140.00  3.2394014E-02
   7140.20  3.2724443E-02
   7140.40  3.3089875E-02
   7140.60  3.3481773E-02
   7140.80  3.3892684E-02
   7141.00  3.4315695E-02
   7141.20  3.4743354E-02
   7141.40  3.5167082E-02
   7141.60  3.5576472E-02
   7141.80  3.5959904E-02
   7142.00  3.6305751E-02
   7142.20  3.6604059E-02
   7142.40  3.6848541E-02
   7142.60  3.7038377E-02
   7142.80  3.7178268E-02
   7143.00  3.7278047E-02
   7143.20  3.7351014E-02
   7143.40  3.7411891E-02
   7143.60  3.7475266E-02
   7143.80  3.7554112E-02
   7144.00  3.7658684E-02
   7144.20  3.7796096E-02
   7144.40  3.7970193E-02
   7144.60  3.8181352E-02
   7144.80  3.8427096E-02
   7145.00  3.8702526E-02
   7145.20  3.9000696E-02
   7145.40  3.9313244E-02
   7145.60  3.9631052E-02
   7145.80  3.9944729E-02
   7146.00  4.0244256E-02
   7146.20  4.0514177E-02
   7146.40  4.0755923E-02
   7146.60  4.0963982E-02
   7146.80  4.1133804E-02
   7147.00  4.1262361E-02
   7147.20  4.1348028E-02
   7147.40  4.1390660E-02
   7147.60  4.1391418E-02
   7147.80  4.1352651E-02
   7148.00  4.1277742E-02
   7148.20  4.1166699E-02
   7148.40  4.1031195E-02
   7148.60  4.0874179E-02
   7148.80  4.0699750E-02
   7149.00  4.0512694E-02
   7149.20  4.0317397E-02
   7149.40  4.0117681E-02
   7149.60  3.9917147E-02
   7149.80  3.9718502E-02
   7150.00  3.9523531E-02
   7150.20  3.9331783E-02
   7150.40  3.9148930E-02
   7150.60  3.8972450E-02
   7150.80  3.8802113E-02
   7151.00  3.8637660E-02
   7151.20  3.8477930E-02
   7151.40  3.8321594E-02
   7151.60  3.8167403E-02
   7151.80  3.8014237E-02
   7152.00  3.7860614E-02
   7152.20  3.7705258E-02
   7152.40  3.7547306E-02
   7152.60  3.7386212E-02
   7152.80  3.7222151E-02
   7153.00  3.7055044E-02
   7153.20  3.6885359E-02
   7153.40  3.6714077E-02
   7153.60  3.6542308E-02
   7153.80  3.6371216E-02
   7154.00  3.6202305E-02
   7154.20  3.6037501E-02
   7154.40  3.5878333E-02
   7154.60  3.5726207E-02
   7154.80  3.5582265E-02
   7155.00  3.5447502E-02
   7155.20  3.5322808E-02
   7155.40  3.5208022E-02
   7155.60  3.5103141E-02
   7155.80  3.5007937E-02
   7156.00  3.4921711E-02
   7156.20  3.4843646E-02
   7156.40  3.4772705E-02
   7156.60  3.4707868E-02
   7156.80  3.4647594E-02
   7157.00  3.4590390E-02
   7157.20  3.4534783E-02
   7157.40  3.4479347E-02
   7157.60  3.4422729E-02
   7157.80  3.4363601E-02
   7158.00  3.4300850E-02
   7158.20  3.4233687E-02
   7158.40  3.4161321E-02
   7158.60  3.4083055E-02
   7158.80  3.3998526E-02
   7159.00  3.3907576E-02
   7159.20  3.3810214E-02
   7159.40  3.3706605E-02
   7159.60  3.3597032E-02
   7159.80  3.3481864E-02
   7160.00  3.3361725E-02
   7160.20  3.3236963E-02
   7160.40  3.3107039E-02
   7160.60  3.2974196E-02
   7160.80  3.2837910E-02
   7161.00  3.2698418E-02
   7161.20  3.2559310E-02
   7161.40  3.2416454E-02
   7161.60  3.2267606E-02
   7161.80  3.2117889E-02
   7162.00  3.1966412E-02
   7162.20  3.1814137E-02
   7162.40  3.1658865E-02
   7162.60  3.1499023E-02
   7162.80  3.1336900E-02
   7163.00  3.1172639E-02
   7163.20  3.1006439E-02
   7163.40  3.0838553E-02
   7163.60  3.0669292E-02
   7163.80  3.0498980E-02
   7164.00  3.0328007E-02
   7164.20  3.0157654E-02
   7164.40  2.9987669E-02
   7164.60  2.9818142E-02
   7164.80  2.9649360E-02
   7165.00  2.9481715E-02
   7165.20  2.9315611E-02
   7165.40  2.9150601E-02
   7165.60  2.8986542E-02
   7165.80  2.8823224E-02
   7166.00  2.8660362E-02
   7166.20  2.8498299E-02
   7166.40  2.8336114E-02
   7166.60  2.8173341E-02
   7166.80  2.8009992E-02
   7167.00  2.7845564E-02
   7167.20  2.7679987E-02
   7167.40  2.7513780E-02
   7167.60  2.7342279E-02
   7167.80  2.7175392E-02
   7168.00  2.7003431E-02
   7168.20  2.6837456E-02
   7168.40  2.6673052E-02
   7168.60  2.6511128E-02
   7168.80  2.6353036E-02
   7169.00  2.6199379E-02
   7169.20  2.6050872E-02
   7169.40  2.5908528E-02
   7169.60  2.5773237E-02
   7169.80  2.5645533E-02
   7170.00  2.5526017E-02
   7170.20  2.5415327E-02
   7170.40  2.5314272E-02
   7170.60  2.5222961E-02
   7170.80  2.5141533E-02
   7171.00  2.5070182E-02
   7171.20  2.5009065E-02
   7171.40  2.4958231E-02
   7171.60  2.4917852E-02
   7171.80  2.4887535E-02
   7172.00  2.4867149E-02
