  7112.000   26  1  1  7.5573726E-03 -3.4432076E+00 -2.8175080E+00  1  1  7.2666659E+03  0.0000000E+00  0.0000000E+00  1.3036938E+00  1.0000000E+00  0.0000000E+00 = E_edge, Z, n_edge, j_edge, Abs_before_edge, VO_interstitial, E_cut, ninitl, ninit1, Epsii, UnitCell_Volume, Surface_ref, f0_forward, natomsym_f, abs_u_i
    Energy    <xanes>    
   7097.00  1.9616369E-05
   7097.20  1.9696784E-05
   7097.40  1.9792113E-05
   7097.60  1.9904203E-05
   7097.80  2.0035479E-05
   7098.00  2.0189051E-05
   7098.20  2.0368994E-05
   7098.40  2.0580822E-05
   7098.60  2.0832028E-05
   7098.80  2.1133078E-05
   7099.00  2.1499249E-05
   7099.20  2.1953557E-05
   7099.40  2.2532420E-05
   7099.60  2.3297207E-05
   7099.80  2.4359784E-05
   7100.00  2.5946796E-05
   7100.20  2.8589903E-05
   7100.40  3.3843942E-05
   7100.60  4.8320074E-05
   7100.80  1.3694667E-04
   7101.00  2.5255429E-03
   7101.20  9.2267024E-05
   7101.40  6.5344989E-05
   7101.60  9.6834984E-05
   7101.80  4.1609381E-04
   7102.00  1.9634613E-03
   7102.20  1.3992832E-04
   7102.40  6.8787592E-05
   7102.60  5.7641607E-05
   7102.80  7.0329751E-05
   7103.00  1.7634262E-04
   7103.20  3.0166284E-02
   7103.40  1.5274165E-04
   7103.60  6.3997742E-05
   7103.80  4.8094806E-05
   7104.00  4.4821896E-05
   7104.20  4.9187455E-05
   7104.40  8.7824216E-05
   7104.60  8.9094228E-04
   7104.80  8.3758305E-05
   7105.00  2.1918657E-03
   7105.20  9.4677474E-05
   7105.40  2.8000767E-04
   7105.60  1.7339386E-04
   7105.80  9.8817517E-05
   7106.00  1.3433931E-04
   7106.20  3.3671712E-04
   7106.40  8.1996427E-03
   7106.60  6.5803779E-02
   7106.80  5.9370334E-04
   7107.00  1.3759103E-03
   7107.20  2.4670326E-03
   7107.40  2.4681230E-04
   7107.60  2.7044455E-04
   7107.80  2.4111485E-02
   7108.00  1.4353106E-02
   7108.20  2.7206875E-02
   7108.40  9.4550501E-04
   7108.60  1.7633556E-03
   7108.80  2.9034530E-03
   7109.00  1.1992294E-02
   7109.20  9.0080965E-03
   7109.40  1.9733559E-02
   7109.60  8.2732326E-03
   7109.80  8.2738176E-03
   7110.00  5.3434990E-03
   7110.20  3.5466270E-03
   7110.40  6.4305064E-03
   7110.60  9.9439396E-03
   7110.80  5.7016462E-03
   7111.00  5.3080998E-03
   7111.20  7.2749982E-03
   7111.40  1.0907097E-02
   7111.60  1.2191490E-02
   7111.80  2.1460386E-02
   7112.00  4.1981615E-02
   7112.20  6.1969839E-02
   7112.40  6.0504417E-02
   7112.60  6.7793807E-02
   7112.80  5.4488703E-02
   7113.00  5.0243393E-02
   7113.20  5.3834987E-02
   7113.40  5.4161608E-02
   7113.60  4.1387566E-02
   7113.80  2.8439327E-02
   7114.00  2.1750850E-02
   7114.20  1.7801824E-02
   7114.40  1.5249193E-02
   7114.60  1.3529064E-02
   7114.80  1.2357683E-02
   7115.00  1.1583009E-02
   7115.20  1.1150049E-02
   7115.40  1.1000298E-02
   7115.60  1.1406283E-02
   7115.80  1.2423513E-02
   7116.00  1.3990638E-02
   7116.20  1.5243295E-02
   7116.40  1.5153705E-02
   7116.60  1.4109175E-02
   7116.80  1.2753021E-02
   7117.00  1.1343470E-02
   7117.20  1.0134223E-02
   7117.40  9.2706209E-03
   7117.60  8.7544593E-03
   7117.80  8.5204003E-03
   7118.00  8.4746814E-03
   7118.20  8.5217821E-03
   7118.40  8.5915845E-03
   7118.60  8.6293954E-03
   7118.80  8.5591535E-03
   7119.00  8.3069027E-03
   7119.20  7.9234170E-03
   7119.40  7.5301425E-03
   7119.60  7.1545814E-03
   7119.80  6.7689666E-03
   7120.00  6.3686659E-03
   7120.20  6.0050168E-03
   7120.40  5.7560165E-03
   7120.60  5.6360495E-03
   7120.80  5.6043383E-03
   7121.00  5.6485405E-03
   7121.20  5.7598806E-03
   7121.40  5.9032119E-03
   7121.60  6.0480790E-03
   7121.80  6.1814525E-03
   7122.00  6.3010319E-03
   7122.20  6.4103205E-03
   7122.40  6.5146521E-03
   7122.60  6.6206672E-03
   7122.80  6.7360227E-03
   7123.00  6.8673462E-03
   7123.20  7.0199931E-03
   7123.40  7.1987525E-03
   7123.60  7.4086072E-03
   7123.80  7.6554504E-03
   7124.00  7.9466051E-03
   7124.20  8.2913018E-03
   7124.40  8.7011719E-03
   7124.60  9.1916120E-03
   7124.80  9.7793773E-03
   7125.00  1.0486962E-02
   7125.20  1.1349664E-02
   7125.40  1.2388465E-02
   7125.60  1.3665548E-02
   7125.80  1.5105495E-02
   7126.00  1.6726984E-02
   7126.20  1.8469465E-02
   7126.40  2.0239188E-02
   7126.60  2.1906008E-02
   7126.80  2.3354703E-02
   7127.00  2.4501952E-02
   7127.20  2.5317599E-02
   7127.40  2.5829814E-02
   7127.60  2.6130545E-02
   7127.80  2.6425153E-02
   7128.00  2.6736319E-02
   7128.20  2.7238489E-02
   7128.40  2.8007631E-02
   7128.60  2.8979381E-02
   7128.80  3.0392483E-02
   7129.00  3.2143888E-02
   7129.20  3.4230764E-02
   7129.40  3.6633757E-02
   7129.60  3.9303214E-02
   7129.80  4.2153542E-02
   7130.00  4.5072789E-02
   7130.20  4.7935376E-02
   7130.40  5.0592543E-02
   7130.60  5.2856854E-02
   7130.80  5.4532035E-02
   7131.00  5.5520844E-02
   7131.20  5.5944855E-02
   7131.40  5.6132644E-02
   7131.60  5.6444953E-02
   7131.80  5.7092804E-02
   7132.00  5.8100514E-02
   7132.20  5.9384976E-02
   7132.40  6.0849140E-02
   7132.60  6.2437531E-02
   7132.80  6.4152547E-02
   7133.00  6.6039464E-02
   7133.20  6.8158309E-02
   7133.40  7.0537856E-02
   7133.60  7.3115380E-02
   7133.80  7.5680147E-02
   7134.00  7.7855492E-02
   7134.20  7.9169327E-02
   7134.40  7.9215724E-02
   7134.60  7.7823936E-02
   7134.80  7.5118134E-02
   7135.00  7.1434155E-02
   7135.20  6.7174754E-02
   7135.40  6.2694451E-02
   7135.60  5.8250177E-02
   7135.80  5.4002754E-02
   7136.00  5.0039148E-02
   7136.20  4.6397955E-02
   7136.40  4.3090833E-02
   7136.60  4.0116560E-02
   7136.80  3.7467472E-02
   7137.00  3.5135063E-02
   7137.20  3.3110331E-02
   7137.40  3.1384754E-02
   7137.60  2.9948050E-02
   7137.80  2.8788766E-02
   7138.00  2.7892466E-02
   7138.20  2.7241357E-02
   7138.40  2.6814848E-02
   7138.60  2.6589064E-02
   7138.80  2.6537778E-02
   7139.00  2.6633511E-02
   7139.20  2.6850501E-02
   7139.40  2.7158796E-02
   7139.60  2.7534137E-02
   7139.80  2.7954587E-02
   7140.00  2.8401245E-02
   7140.20  2.8858668E-02
   7140.40  2.9314990E-02
   7140.60  2.9761731E-02
   7140.80  3.0193768E-02
   7141.00  3.0608509E-02
   7141.20  3.1005752E-02
   7141.40  3.1387155E-02
   7141.60  3.1755603E-02
   7141.80  3.2114457E-02
   7142.00  3.2467455E-02
   7142.20  3.2818034E-02
   7142.40  3.3168955E-02
   7142.60  3.3522196E-02
   7142.80  3.3878457E-02
   7143.00  3.4237244E-02
   7143.20  3.4596789E-02
   7143.40  3.4954032E-02
   7143.60  3.5304528E-02
   7143.80  3.5643004E-02
   7144.00  3.5963273E-02
   7144.20  3.6258729E-02
   7144.40  3.6522912E-02
   7144.60  3.6749824E-02
   7144.80  3.6934226E-02
   7145.00  3.7072198E-02
   7145.20  3.7161364E-02
   7145.40  3.7201030E-02
   7145.60  3.7192026E-02
   7145.80  3.7136812E-02
   7146.00  3.7039270E-02
   7146.20  3.6906691E-02
   7146.40  3.6750461E-02
   7146.60  3.6568506E-02
   7146.80  3.6366572E-02
   7147.00  3.6150282E-02
   7147.20  3.5925002E-02
   7147.40  3.5695779E-02
   7147.60  3.5467228E-02
   7147.80  3.5243464E-02
   7148.00  3.5028185E-02
   7148.20  3.4824635E-02
   7148.40  3.4635689E-02
   7148.60  3.4459798E-02
   7148.80  3.4307541E-02
   7149.00  3.4176076E-02
   7149.20  3.4067113E-02
   7149.40  3.3981696E-02
   7149.60  3.3920664E-02
   7149.80  3.3884915E-02
   7150.00  3.3874768E-02
   7150.20  3.3890320E-02
   7150.40  3.3931563E-02
   7150.60  3.3998373E-02
   7150.80  3.4089915E-02
   7151.00  3.4205276E-02
   7151.20  3.4343326E-02
   7151.40  3.4502807E-02
   7151.60  3.4681820E-02
   7151.80  3.4878547E-02
   7152.00  3.5090993E-02
   7152.20  3.5317158E-02
   7152.40  3.5554947E-02
   7152.60  3.5802041E-02
   7152.80  3.6056391E-02
   7153.00  3.6315692E-02
   7153.20  3.6577697E-02
   7153.40  3.6840306E-02
   7153.60  3.7101232E-02
   7153.80  3.7358282E-02
   7154.00  3.7609259E-02
   7154.20  3.7853646E-02
   7154.40  3.8087566E-02
   7154.60  3.8308188E-02
   7154.80  3.8513334E-02
   7155.00  3.8700975E-02
   7155.20  3.8869428E-02
   7155.40  3.9017086E-02
   7155.60  3.9142811E-02
   7155.80  3.9245811E-02
   7156.00  3.9325735E-02
   7156.20  3.9382597E-02
   7156.40  3.9416652E-02
   7156.60  3.9428548E-02
   7156.80  3.9419236E-02
   7157.00  3.9389923E-02
   7157.20  3.9341860E-02
   7157.40  3.9276503E-02
   7157.60  3.9195266E-02
   7157.80  3.9100288E-02
   7158.00  3.8992736E-02
   7158.20  3.8874118E-02
   7158.40  3.8745918E-02
   7158.60  3.8609531E-02
   7158.80  3.8466256E-02
   7159.00  3.8317287E-02
   7159.20  3.8163690E-02
   7159.40  3.8006537E-02
   7159.60  3.7848667E-02
   7159.80  3.7686980E-02
   7160.00  3.7523725E-02
   7160.20  3.7359389E-02
   7160.40  3.7194208E-02
   7160.60  3.7028449E-02
   7160.80  3.6864465E-02
   7161.00  3.6700981E-02
   7161.20  3.6534279E-02
   7161.40  3.6363774E-02
   7161.60  3.6195192E-02
   7161.80  3.6024896E-02
   7162.00  3.5852878E-02
   7162.20  3.5678757E-02
   7162.40  3.5502114E-02
   7162.60  3.5322532E-02
   7162.80  3.5139499E-02
   7163.00  3.4953023E-02
   7163.20  3.4762477E-02
   7163.40  3.4567438E-02
   7163.60  3.4367723E-02
   7163.80  3.4163940E-02
   7164.00  3.3953033E-02
   7164.20  3.3738525E-02
   7164.40  3.3518462E-02
   7164.60  3.3293138E-02
   7164.80  3.3062807E-02
   7165.00  3.2827131E-02
   7165.20  3.2586319E-02
   7165.40  3.2340663E-02
   7165.60  3.2090720E-02
   7165.80  3.1837595E-02
   7166.00  3.1581058E-02
   7166.20  3.1321953E-02
   7166.40  3.1060689E-02
   7166.60  3.0797809E-02
   7166.80  3.0534175E-02
   7167.00  3.0271138E-02
   7167.20  3.0008877E-02
   7167.40  2.9748223E-02
   7167.60  2.9489945E-02
   7167.80  2.9232404E-02
   7168.00  2.8979625E-02
   7168.20  2.8734821E-02
   7168.40  2.8495494E-02
   7168.60  2.8263940E-02
   7168.80  2.8039742E-02
   7169.00  2.7823893E-02
   7169.20  2.7616572E-02
   7169.40  2.7418307E-02
   7169.60  2.7229542E-02
   7169.80  2.7050846E-02
   7170.00  2.6882839E-02
   7170.20  2.6725187E-02
   7170.40  2.6578007E-02
   7170.60  2.6441400E-02
   7170.80  2.6315415E-02
   7171.00  2.6199862E-02
   7171.20  2.6094552E-02
   7171.40  2.5999273E-02
   7171.60  2.5913827E-02
   7171.80  2.5838279E-02
   7172.00  2.5771961E-02
