  7112.000   26  1  1  1.6380973E-02 -2.8884546E+00 -6.4435668E-01  1  1  7.2650824E+03  0.0000000E+00  0.0000000E+00  3.0234277E+00  1.0000000E+00  0.0000000E+00 = E_edge, Z, n_edge, j_edge, Abs_before_edge, VO_interstitial, E_cut, ninitl, ninit1, Epsii, UnitCell_Volume, Surface_ref, f0_forward, natomsym_f, abs_u_i
    Energy    <xanes>    
   7097.00  3.6937739E-05
   7097.20  3.3520270E-05
   7097.40  3.1442167E-05
   7097.60  3.0306351E-05
   7097.80  2.9985225E-05
   7098.00  3.0607736E-05
   7098.20  3.2779734E-05
   7098.40  3.8621296E-05
   7098.60  5.8644404E-05
   7098.80  2.7163497E-04
   7099.00  4.4174720E-04
   7099.20  2.9835416E-04
   7099.40  7.4599391E-05
   7099.60  8.8636151E-04
   7099.80  6.2282504E-05
   7100.00  4.6223143E-05
   7100.20  6.2942642E-05
   7100.40  2.8325731E-04
   7100.60  4.3666281E-04
   7100.80  7.0521946E-05
   7101.00  5.9627641E-05
   7101.20  7.1599704E-04
   7101.40  2.2777169E-04
   7101.60  7.6645705E-05
   7101.80  2.7396279E-04
   7102.00  7.2442177E-04
   7102.20  8.6471897E-05
   7102.40  5.0026004E-04
   7102.60  7.2059120E-05
   7102.80  2.6856523E-04
   7103.00  2.2608620E-04
   7103.20  2.3463506E-03
   7103.40  2.1912021E-04
   7103.60  9.9051104E-04
   7103.80  4.7480163E-04
   7104.00  2.6745469E-04
   7104.20  1.3845876E-04
   7104.40  6.6007934E-05
   7104.60  6.7295428E-05
   7104.80  8.7085742E-05
   7105.00  1.8565200E-04
   7105.20  2.5161500E-02
   7105.40  1.2406056E-03
   7105.60  8.2344359E-04
   7105.80  1.9324119E-03
   7106.00  1.3427181E-03
   7106.20  1.0029985E-03
   7106.40  6.5769912E-04
   7106.60  3.4600230E-03
   7106.80  4.3860177E-04
   7107.00  1.0843948E-03
   7107.20  3.4727300E-03
   7107.40  4.4728919E-03
   7107.60  4.2444700E-04
   7107.80  1.7269317E-03
   7108.00  9.7267480E-03
   7108.20  1.2131533E-03
   7108.40  5.7947280E-02
   7108.60  2.3423240E-03
   7108.80  2.9378737E-03
   7109.00  3.9914403E-03
   7109.20  1.0384014E-02
   7109.40  2.3955492E-03
   7109.60  9.4171861E-04
   7109.80  5.2188627E-03
   7110.00  5.6324880E-03
   7110.20  4.4866093E-03
   7110.40  9.9720567E-03
   7110.60  1.9266808E-02
   7110.80  3.3039937E-02
   7111.00  3.6961929E-02
   7111.20  1.4327665E-02
   7111.40  8.5916775E-03
   7111.60  6.3842221E-03
   7111.80  6.1463222E-03
   7112.00  8.8296034E-03
   7112.20  1.2172855E-02
   7112.40  1.1863835E-02
   7112.60  1.1460798E-02
   7112.80  8.2877903E-03
   7113.00  5.2186803E-03
   7113.20  3.8492171E-03
   7113.40  3.5406663E-03
   7113.60  4.8691808E-03
   7113.80  7.4980930E-03
   7114.00  6.1215816E-03
   7114.20  4.7619980E-03
   7114.40  3.6791906E-03
   7114.60  2.8665906E-03
   7114.80  2.3932587E-03
   7115.00  2.1462484E-03
   7115.20  1.9900578E-03
   7115.40  1.9893662E-03
   7115.60  2.0663894E-03
   7115.80  2.2187192E-03
   7116.00  2.4541497E-03
   7116.20  2.7905784E-03
   7116.40  3.2572517E-03
   7116.60  3.8956473E-03
   7116.80  4.7539700E-03
   7117.00  5.8587275E-03
   7117.20  7.1439822E-03
   7117.40  8.4161762E-03
   7117.60  9.5401817E-03
   7117.80  1.0554407E-02
   7118.00  1.1495986E-02
   7118.20  1.2455626E-02
   7118.40  1.3609749E-02
   7118.60  1.5024802E-02
   7118.80  1.6627871E-02
   7119.00  1.8286603E-02
   7119.20  1.9812824E-02
   7119.40  2.0992188E-02
   7119.60  2.1696461E-02
   7119.80  2.1966024E-02
   7120.00  2.1964908E-02
   7120.20  2.1872477E-02
   7120.40  2.1812742E-02
   7120.60  2.1845070E-02
   7120.80  2.1982567E-02
   7121.00  2.2204693E-02
   7121.20  2.2474002E-02
   7121.40  2.2791656E-02
   7121.60  2.3226897E-02
   7121.80  2.3862573E-02
   7122.00  2.4775267E-02
   7122.20  2.5999399E-02
   7122.40  2.7586351E-02
   7122.60  2.9558108E-02
   7122.80  3.1598557E-02
   7123.00  3.3403864E-02
   7123.20  3.4559375E-02
   7123.40  3.4583803E-02
   7123.60  3.3410743E-02
   7123.80  3.1631606E-02
   7124.00  3.0035336E-02
   7124.20  2.9063851E-02
   7124.40  2.8677336E-02
   7124.60  2.8624237E-02
   7124.80  2.8710817E-02
   7125.00  2.8825645E-02
   7125.20  2.8892625E-02
   7125.40  2.8854091E-02
   7125.60  2.8675036E-02
   7125.80  2.8328332E-02
   7126.00  2.7775309E-02
   7126.20  2.7027971E-02
   7126.40  2.6151007E-02
   7126.60  2.5270467E-02
   7126.80  2.4471174E-02
   7127.00  2.3899209E-02
   7127.20  2.3642982E-02
   7127.40  2.3753559E-02
   7127.60  2.4179487E-02
   7127.80  2.4852283E-02
   7128.00  2.5692298E-02
   7128.20  2.6634243E-02
   7128.40  2.7626636E-02
   7128.60  2.8618220E-02
   7128.80  2.9578646E-02
   7129.00  3.0505395E-02
   7129.20  3.1386608E-02
   7129.40  3.2163055E-02
   7129.60  3.2747836E-02
   7129.80  3.3090473E-02
   7130.00  3.3207702E-02
   7130.20  3.3157436E-02
   7130.40  3.3001130E-02
   7130.60  3.2786735E-02
   7130.80  3.2549263E-02
   7131.00  3.2315893E-02
   7131.20  3.2110369E-02
   7131.40  3.1954452E-02
   7131.60  3.1867853E-02
   7131.80  3.1867494E-02
   7132.00  3.1965200E-02
   7132.20  3.2166517E-02
   7132.40  3.2468914E-02
   7132.60  3.2859841E-02
   7132.80  3.3313652E-02
   7133.00  3.3786896E-02
   7133.20  3.4220798E-02
   7133.40  3.4575090E-02
   7133.60  3.4900662E-02
   7133.80  3.5334895E-02
   7134.00  3.5926808E-02
   7134.20  3.6595651E-02
   7134.40  3.7272408E-02
   7134.60  3.7935744E-02
   7134.80  3.8572585E-02
   7135.00  3.9162847E-02
   7135.20  3.9689653E-02
   7135.40  4.0149921E-02
   7135.60  4.0552253E-02
   7135.80  4.0909765E-02
   7136.00  4.1232329E-02
   7136.20  4.1524408E-02
   7136.40  4.1784449E-02
   7136.60  4.2007196E-02
   7136.80  4.2185501E-02
   7137.00  4.2311668E-02
   7137.20  4.2378792E-02
   7137.40  4.2382248E-02
   7137.60  4.2319698E-02
   7137.80  4.2192098E-02
   7138.00  4.2003597E-02
   7138.20  4.1761257E-02
   7138.40  4.1474735E-02
   7138.60  4.1156182E-02
   7138.80  4.0819427E-02
   7139.00  4.0479432E-02
   7139.20  4.0151023E-02
   7139.40  3.9847591E-02
   7139.60  3.9579728E-02
   7139.80  3.9354293E-02
   7140.00  3.9177630E-02
   7140.20  3.9048517E-02
   7140.40  3.8957511E-02
   7140.60  3.8899797E-02
   7140.80  3.8869410E-02
   7141.00  3.8859961E-02
   7141.20  3.8864769E-02
   7141.40  3.8877704E-02
   7141.60  3.8893505E-02
   7141.80  3.8908080E-02
   7142.00  3.8918766E-02
   7142.20  3.8924458E-02
   7142.40  3.8925004E-02
   7142.60  3.8921039E-02
   7142.80  3.8913526E-02
   7143.00  3.8903296E-02
   7143.20  3.8890645E-02
   7143.40  3.8875199E-02
   7143.60  3.8855764E-02
   7143.80  3.8830378E-02
   7144.00  3.8796882E-02
   7144.20  3.8753123E-02
   7144.40  3.8697370E-02
   7144.60  3.8628697E-02
   7144.80  3.8545992E-02
   7145.00  3.8452214E-02
   7145.20  3.8347592E-02
   7145.40  3.8234458E-02
   7145.60  3.8114994E-02
   7145.80  3.7992128E-02
   7146.00  3.7868177E-02
   7146.20  3.7745846E-02
   7146.40  3.7627394E-02
   7146.60  3.7514870E-02
   7146.80  3.7410422E-02
   7147.00  3.7315412E-02
   7147.20  3.7231520E-02
   7147.40  3.7159687E-02
   7147.60  3.7099696E-02
   7147.80  3.7048180E-02
   7148.00  3.7008608E-02
   7148.20  3.6976651E-02
   7148.40  3.6956989E-02
   7148.60  3.6945857E-02
   7148.80  3.6941954E-02
   7149.00  3.6942384E-02
   7149.20  3.6943189E-02
   7149.40  3.6961545E-02
   7149.60  3.6969437E-02
   7149.80  3.6987444E-02
   7150.00  3.6995105E-02
   7150.20  3.6999242E-02
   7150.40  3.6998482E-02
   7150.60  3.6991513E-02
   7150.80  3.6976985E-02
   7151.00  3.6953730E-02
   7151.20  3.6920664E-02
   7151.40  3.6876887E-02
   7151.60  3.6821601E-02
   7151.80  3.6754012E-02
   7152.00  3.6673687E-02
   7152.20  3.6580335E-02
   7152.40  3.6473923E-02
   7152.60  3.6354692E-02
   7152.80  3.6223324E-02
   7153.00  3.6080462E-02
   7153.20  3.5926844E-02
   7153.40  3.5763469E-02
   7153.60  3.5591350E-02
   7153.80  3.5411524E-02
   7154.00  3.5224929E-02
   7154.20  3.5032440E-02
   7154.40  3.4835032E-02
   7154.60  3.4633162E-02
   7154.80  3.4427332E-02
   7155.00  3.4217983E-02
   7155.20  3.4005361E-02
   7155.40  3.3789654E-02
   7155.60  3.3571797E-02
   7155.80  3.3352610E-02
   7156.00  3.3133128E-02
   7156.20  3.2914702E-02
   7156.40  3.2698489E-02
   7156.60  3.2485988E-02
   7156.80  3.2278906E-02
   7157.00  3.2079086E-02
   7157.20  3.1887823E-02
   7157.40  3.1706813E-02
   7157.60  3.1537555E-02
   7157.80  3.1380650E-02
   7158.00  3.1237121E-02
   7158.20  3.1107891E-02
   7158.40  3.0992328E-02
   7158.60  3.0890297E-02
   7158.80  3.0801585E-02
   7159.00  3.0725628E-02
   7159.20  3.0660886E-02
   7159.40  3.0606011E-02
   7159.60  3.0559389E-02
   7159.80  3.0519985E-02
   7160.00  3.0485727E-02
   7160.20  3.0455440E-02
   7160.40  3.0424903E-02
   7160.60  3.0393772E-02
   7160.80  3.0362399E-02
   7161.00  3.0326827E-02
   7161.20  3.0287359E-02
   7161.40  3.0243342E-02
   7161.60  3.0193334E-02
   7161.80  3.0138555E-02
   7162.00  3.0080721E-02
   7162.20  3.0018270E-02
   7162.40  2.9951900E-02
   7162.60  2.9882085E-02
   7162.80  2.9809138E-02
   7163.00  2.9733407E-02
   7163.20  2.9655189E-02
   7163.40  2.9575300E-02
   7163.60  2.9493325E-02
   7163.80  2.9409440E-02
   7164.00  2.9323958E-02
   7164.20  2.9236861E-02
   7164.40  2.9148250E-02
   7164.60  2.9058383E-02
   7164.80  2.8967566E-02
   7165.00  2.8876466E-02
   7165.20  2.8785039E-02
   7165.40  2.8693521E-02
   7165.60  2.8602312E-02
   7165.80  2.8511829E-02
   7166.00  2.8422490E-02
   7166.20  2.8334692E-02
   7166.40  2.8248823E-02
   7166.60  2.8165475E-02
   7166.80  2.8085183E-02
   7167.00  2.8007978E-02
   7167.20  2.7934201E-02
   7167.40  2.7864209E-02
   7167.60  2.7798184E-02
   7167.80  2.7736321E-02
   7168.00  2.7678896E-02
   7168.20  2.7625990E-02
   7168.40  2.7577608E-02
   7168.60  2.7533974E-02
   7168.80  2.7495111E-02
   7169.00  2.7460766E-02
   7169.20  2.7430878E-02
   7169.40  2.7405340E-02
   7169.60  2.7384087E-02
   7169.80  2.7367031E-02
   7170.00  2.7354070E-02
   7170.20  2.7345141E-02
   7170.40  2.7340104E-02
   7170.60  2.7338833E-02
   7170.80  2.7341322E-02
   7171.00  2.7347694E-02
   7171.20  2.7357495E-02
   7171.40  2.7370465E-02
   7171.60  2.7386391E-02
   7171.80  2.7405032E-02
   7172.00  2.7426401E-02
