  7112.000   26  1  1  1.9355759E-02 -4.4278376E+00 -1.6599684E+00  1  1  7.2658038E+03  0.0000000E+00  0.0000000E+00  4.7017727E+00  1.0000000E+00  0.0000000E+00 = E_edge, Z, n_edge, j_edge, Abs_before_edge, VO_interstitial, E_cut, ninitl, ninit1, Epsii, UnitCell_Volume, Surface_ref, f0_forward, natomsym_f, abs_u_i
    Energy    <xanes>    
   7097.00  2.8230711E-05
   7097.20  3.4627511E-05
   7097.40  1.0560480E-04
   7097.60  3.7405302E-04
   7097.80  4.7176795E-05
   7098.00  5.9569557E-05
   7098.20  1.1568419E-03
   7098.40  1.2325832E-04
   7098.60  1.1269294E-04
   7098.80  9.3494668E-05
   7099.00  1.5673413E-03
   7099.20  6.0150932E-05
   7099.40  4.0088328E-05
   7099.60  4.3308965E-05
   7099.80  9.0968356E-05
   7100.00  1.5334374E-03
   7100.20  1.0321764E-04
   7100.40  1.8250099E-04
   7100.60  5.3537073E-05
   7100.80  2.0877523E-04
   7101.00  1.6836426E-04
   7101.20  1.2381952E-03
   7101.40  9.4914541E-05
   7101.60  4.3563800E-05
   7101.80  3.9806829E-05
   7102.00  6.1429968E-05
   7102.20  1.2671046E-04
   7102.40  1.1099211E-04
   7102.60  1.0915272E-03
   7102.80  2.6428088E-04
   7103.00  2.6043975E-04
   7103.20  3.1514995E-04
   7103.40  3.8823900E-03
   7103.60  5.9389060E-05
   7103.80  5.0779700E-05
   7104.00  5.4468139E-05
   7104.20  6.6375176E-05
   7104.40  1.0120387E-04
   7104.60  6.6644076E-04
   7104.80  3.3994463E-02
   7105.00  6.1713999E-03
   7105.20  4.5706308E-04
   7105.40  3.7290818E-04
   7105.60  3.1718507E-04
   7105.80  4.9230858E-04
   7106.00  4.1147441E-04
   7106.20  6.8643228E-04
   7106.40  2.1533373E-04
   7106.60  1.5534287E-03
   7106.80  1.7830823E-02
   7107.00  4.7881284E-04
   7107.20  3.5488826E-03
   7107.40  4.6961996E-03
   7107.60  1.4492471E-03
   7107.80  2.9885865E-03
   7108.00  2.7180070E-03
   7108.20  9.0672175E-03
   7108.40  2.1127118E-02
   7108.60  1.0410877E-02
   7108.80  5.9126680E-02
   7109.00  3.7459626E-02
   7109.20  3.7354716E-02
   7109.40  3.4821874E-02
   7109.60  3.1012848E-02
   7109.80  1.9534040E-02
   7110.00  2.3808402E-02
   7110.20  3.6248851E-02
   7110.40  4.2723197E-02
   7110.60  2.8459595E-02
   7110.80  1.9908614E-02
   7111.00  4.3413348E-02
   7111.20  2.8701922E-02
   7111.40  1.5878398E-02
   7111.60  1.6372455E-02
   7111.80  2.1059810E-02
   7112.00  3.5625054E-02
   7112.20  2.3845229E-02
   7112.40  1.3871487E-02
   7112.60  9.4082890E-03
   7112.80  7.1535365E-03
   7113.00  5.9448821E-03
   7113.20  5.3852421E-03
   7113.40  5.1021735E-03
   7113.60  4.9130803E-03
   7113.80  5.0268866E-03
   7114.00  5.7319697E-03
   7114.20  7.3696880E-03
   7114.40  1.1060469E-02
   7114.60  2.0467508E-02
   7114.80  4.7020741E-02
   7115.00  4.7301092E-02
   7115.20  1.9539126E-02
   7115.40  9.3368262E-03
   7115.60  5.9397404E-03
   7115.80  4.7120582E-03
   7116.00  4.3366534E-03
   7116.20  4.3559405E-03
   7116.40  4.5544677E-03
   7116.60  4.8343401E-03
   7116.80  5.1482347E-03
   7117.00  5.4582467E-03
   7117.20  5.7071538E-03
   7117.40  5.8273818E-03
   7117.60  5.8439234E-03
   7117.80  5.9051184E-03
   7118.00  6.2472291E-03
   7118.20  7.1849070E-03
   7118.40  8.4741952E-03
   7118.60  8.6841297E-03
   7118.80  8.0877872E-03
   7119.00  7.6682396E-03
   7119.20  7.2716843E-03
   7119.40  6.7437399E-03
   7119.60  6.4478569E-03
   7119.80  6.6265733E-03
   7120.00  7.2552585E-03
   7120.20  7.8701076E-03
   7120.40  8.2494868E-03
   7120.60  8.1104878E-03
   7120.80  7.4736267E-03
   7121.00  6.8030342E-03
   7121.20  6.1998895E-03
   7121.40  5.7398030E-03
   7121.60  5.4762788E-03
   7121.80  5.4417143E-03
   7122.00  5.6184899E-03
   7122.20  6.0136546E-03
   7122.40  6.6654566E-03
   7122.60  7.5843116E-03
   7122.80  8.5848673E-03
   7123.00  9.1423905E-03
   7123.20  8.9598607E-03
   7123.40  8.5157073E-03
   7123.60  8.2799206E-03
   7123.80  8.4156996E-03
   7124.00  8.9486490E-03
   7124.20  9.8335293E-03
   7124.40  1.1016147E-02
   7124.60  1.2466135E-02
   7124.80  1.4307381E-02
   7125.00  1.6463740E-02
   7125.20  1.9024657E-02
   7125.40  2.1892235E-02
   7125.60  2.4924817E-02
   7125.80  2.7999250E-02
   7126.00  3.0968693E-02
   7126.20  3.3322517E-02
   7126.40  3.4441347E-02
   7126.60  3.4248299E-02
   7126.80  3.3388344E-02
   7127.00  3.2056897E-02
   7127.20  3.0846377E-02
   7127.40  2.9743000E-02
   7127.60  2.8937768E-02
   7127.80  2.8505991E-02
   7128.00  2.8466786E-02
   7128.20  2.8800808E-02
   7128.40  2.9466213E-02
   7128.60  3.0425553E-02
   7128.80  3.1666497E-02
   7129.00  3.3195387E-02
   7129.20  3.5007190E-02
   7129.40  3.7011076E-02
   7129.60  3.9037963E-02
   7129.80  4.0897378E-02
   7130.00  4.2481653E-02
   7130.20  4.3798523E-02
   7130.40  4.4898080E-02
   7130.60  4.5800663E-02
   7130.80  4.6519366E-02
   7131.00  4.7108169E-02
   7131.20  4.7644632E-02
   7131.40  4.8174088E-02
   7131.60  4.8685190E-02
   7131.80  4.9124752E-02
   7132.00  4.9428784E-02
   7132.20  4.9554163E-02
   7132.40  4.9496549E-02
   7132.60  4.9292402E-02
   7132.80  4.9003508E-02
   7133.00  4.8690690E-02
   7133.20  4.8401007E-02
   7133.40  4.8200900E-02
   7133.60  4.8216738E-02
   7133.80  4.8588927E-02
   7134.00  4.9383853E-02
   7134.20  5.0538849E-02
   7134.40  5.1874779E-02
   7134.60  5.3181211E-02
   7134.80  5.4298699E-02
   7135.00  5.5138829E-02
   7135.20  5.5669884E-02
   7135.40  5.5898489E-02
   7135.60  5.5849054E-02
   7135.80  5.5545241E-02
   7136.00  5.5009367E-02
   7136.20  5.4253859E-02
   7136.40  5.3288644E-02
   7136.60  5.2127774E-02
   7136.80  5.0793849E-02
   7137.00  4.9319283E-02
   7137.20  4.7744578E-02
   7137.40  4.6113246E-02
   7137.60  4.4468065E-02
   7137.80  4.2846720E-02
   7138.00  4.1279739E-02
   7138.20  3.9789830E-02
   7138.40  3.8391887E-02
   7138.60  3.7094161E-02
   7138.80  3.5899151E-02
   7139.00  3.4804629E-02
   7139.20  3.3805369E-02
   7139.40  3.2894565E-02
   7139.60  3.2065701E-02
   7139.80  3.1314948E-02
   7140.00  3.0642937E-02
   7140.20  3.0055891E-02
   7140.40  2.9565373E-02
   7140.60  2.9186384E-02
   7140.80  2.8934716E-02
   7141.00  2.8823872E-02
   7141.20  2.8861648E-02
   7141.40  2.9047841E-02
   7141.60  2.9373196E-02
   7141.80  2.9820556E-02
   7142.00  3.0367977E-02
   7142.20  3.0992853E-02
   7142.40  3.1675316E-02
   7142.60  3.2399366E-02
   7142.80  3.3152579E-02
   7143.00  3.3925021E-02
   7143.20  3.4700220E-02
   7143.40  3.5478399E-02
   7143.60  3.6249959E-02
   7143.80  3.7003963E-02
   7144.00  3.7727651E-02
   7144.20  3.8406488E-02
   7144.40  3.9024464E-02
   7144.60  3.9564517E-02
   7144.80  4.0011258E-02
   7145.00  4.0352926E-02
   7145.20  4.0583103E-02
   7145.40  4.0702383E-02
   7145.60  4.0718785E-02
   7145.80  4.0646644E-02
   7146.00  4.0497934E-02
   7146.20  4.0308571E-02
   7146.40  4.0099141E-02
   7146.60  3.9876984E-02
   7146.80  3.9663452E-02
   7147.00  3.9469764E-02
   7147.20  3.9302135E-02
   7147.40  3.9164075E-02
   7147.60  3.9056370E-02
   7147.80  3.8973331E-02
   7148.00  3.8909763E-02
   7148.20  3.8862981E-02
   7148.40  3.8814827E-02
   7148.60  3.8755533E-02
   7148.80  3.8684421E-02
   7149.00  3.8590738E-02
   7149.20  3.8468463E-02
   7149.40  3.8312295E-02
   7149.60  3.8114763E-02
   7149.80  3.7883764E-02
   7150.00  3.7614697E-02
   7150.20  3.7312392E-02
   7150.40  3.6979619E-02
   7150.60  3.6621357E-02
   7150.80  3.6242668E-02
   7151.00  3.5849070E-02
   7151.20  3.5446065E-02
   7151.40  3.5044634E-02
   7151.60  3.4651354E-02
   7151.80  3.4263614E-02
   7152.00  3.3885738E-02
   7152.20  3.3522175E-02
   7152.40  3.3177533E-02
   7152.60  3.2856035E-02
   7152.80  3.2562161E-02
   7153.00  3.2300261E-02
   7153.20  3.2074468E-02
   7153.40  3.1888608E-02
   7153.60  3.1745560E-02
   7153.80  3.1647356E-02
   7154.00  3.1595091E-02
   7154.20  3.1588696E-02
   7154.40  3.1626882E-02
   7154.60  3.1707239E-02
   7154.80  3.1826211E-02
   7155.00  3.1979209E-02
   7155.20  3.2161095E-02
   7155.40  3.2366383E-02
   7155.60  3.2589530E-02
   7155.80  3.2825148E-02
   7156.00  3.3068131E-02
   7156.20  3.3314030E-02
   7156.40  3.3558949E-02
   7156.60  3.3799738E-02
   7156.80  3.4033926E-02
   7157.00  3.4259736E-02
   7157.20  3.4475966E-02
   7157.40  3.4681931E-02
   7157.60  3.4877414E-02
   7157.80  3.5062432E-02
   7158.00  3.5238980E-02
   7158.20  3.5405484E-02
   7158.40  3.5560418E-02
   7158.60  3.5705142E-02
   7158.80  3.5838944E-02
   7159.00  3.5960558E-02
   7159.20  3.6068034E-02
   7159.40  3.6158711E-02
   7159.60  3.6229681E-02
   7159.80  3.6276256E-02
   7160.00  3.6288553E-02
   7160.20  3.6277999E-02
   7160.40  3.6234672E-02
   7160.60  3.6157334E-02
   7160.80  3.6045525E-02
   7161.00  3.5900186E-02
   7161.20  3.5723642E-02
   7161.40  3.5518829E-02
   7161.60  3.5289354E-02
   7161.80  3.5038731E-02
   7162.00  3.4770518E-02
   7162.20  3.4487172E-02
   7162.40  3.4191242E-02
   7162.60  3.3885620E-02
   7162.80  3.3571783E-02
   7163.00  3.3251180E-02
   7163.20  3.2925358E-02
   7163.40  3.2596666E-02
   7163.60  3.2265741E-02
   7163.80  3.1933945E-02
   7164.00  3.1602911E-02
   7164.20  3.1273891E-02
   7164.40  3.0948301E-02
   7164.60  3.0626522E-02
   7164.80  3.0309497E-02
   7165.00  2.9998084E-02
   7165.20  2.9693073E-02
   7165.40  2.9396089E-02
   7165.60  2.9106839E-02
   7165.80  2.8826143E-02
   7166.00  2.8554612E-02
   7166.20  2.8292767E-02
   7166.40  2.8041511E-02
   7166.60  2.7801826E-02
   7166.80  2.7573629E-02
   7167.00  2.7357044E-02
   7167.20  2.7150441E-02
   7167.40  2.6958358E-02
   7167.60  2.6783649E-02
   7167.80  2.6617005E-02
   7168.00  2.6463130E-02
   7168.20  2.6321741E-02
   7168.40  2.6192298E-02
   7168.60  2.6074618E-02
   7168.80  2.5968494E-02
   7169.00  2.5873695E-02
   7169.20  2.5790261E-02
   7169.40  2.5717796E-02
   7169.60  2.5656395E-02
   7169.80  2.5605955E-02
   7170.00  2.5566117E-02
   7170.20  2.5536741E-02
   7170.40  2.5517627E-02
   7170.60  2.5508726E-02
   7170.80  2.5510090E-02
   7171.00  2.5520791E-02
   7171.20  2.5540333E-02
   7171.40  2.5568057E-02
   7171.60  2.5603440E-02
   7171.80  2.5645462E-02
   7172.00  2.5693280E-02
