  7112.000   26  1  1  2.4682224E-02 -3.8640145E+00 -9.1546612E-01  1  1  7.2652019E+03  0.0000000E+00  0.0000000E+00  3.8761373E+00  1.0000000E+00  0.0000000E+00 = E_edge, Z, n_edge, j_edge, Abs_before_edge, VO_interstitial, E_cut, ninitl, ninit1, Epsii, UnitCell_Volume, Surface_ref, f0_forward, natomsym_f, abs_u_i
    Energy    <xanes>    
   7097.00  3.0940651E-05
   7097.20  2.7876900E-05
   7097.40  2.6126419E-05
   7097.60  2.5113888E-05
   7097.80  2.4596898E-05
   7098.00  2.4509109E-05
   7098.20  2.4959258E-05
   7098.40  2.6464396E-05
   7098.60  3.1371800E-05
   7098.80  6.1688345E-05
   7099.00  1.2860303E-03
   7099.20  3.0069417E-04
   7099.40  3.4448532E-05
   7099.60  2.8290088E-05
   7099.80  1.6875974E-04
   7100.00  2.7038584E-05
   7100.20  2.8080153E-05
   7100.40  3.8678311E-05
   7100.60  1.2055432E-04
   7100.80  3.7455160E-05
   7101.00  6.3967172E-05
   7101.20  3.4522845E-04
   7101.40  7.6067655E-05
   7101.60  5.2477153E-04
   7101.80  1.9323781E-04
   7102.00  2.0873943E-02
   7102.20  1.5946965E-04
   7102.40  4.6494487E-04
   7102.60  6.6917056E-04
   7102.80  3.2925583E-03
   7103.00  1.8336910E-04
   7103.20  3.1780362E-04
   7103.40  1.8939154E-02
   7103.60  5.8754803E-04
   7103.80  8.3304762E-05
   7104.00  1.5339045E-04
   7104.20  9.9548859E-05
   7104.40  2.6250341E-04
   7104.60  1.2514113E-03
   7104.80  4.5397498E-03
   7105.00  1.0611876E-03
   7105.20  2.9003869E-04
   7105.40  1.4547434E-03
   7105.60  2.2583139E-04
   7105.80  1.0783600E-04
   7106.00  1.1470023E-04
   7106.20  2.3138260E-04
   7106.40  2.0841687E-03
   7106.60  2.2786330E-03
   7106.80  9.1437519E-04
   7107.00  1.7497595E-03
   7107.20  1.3613477E-03
   7107.40  1.7564654E-02
   7107.60  1.0519117E-02
   7107.80  6.4106736E-03
   7108.00  5.9854988E-03
   7108.20  3.6339605E-03
   7108.40  1.8856010E-02
   7108.60  3.6696610E-03
   7108.80  5.9283131E-03
   7109.00  6.0894181E-03
   7109.20  4.4241523E-03
   7109.40  1.3830425E-02
   7109.60  7.4027158E-03
   7109.80  3.8899810E-03
   7110.00  8.5899674E-03
   7110.20  1.9085988E-02
   7110.40  1.3131449E-02
   7110.60  1.2039897E-02
   7110.80  1.7400964E-02
   7111.00  1.7331080E-02
   7111.20  1.3292448E-02
   7111.40  1.0417335E-02
   7111.60  1.0077136E-02
   7111.80  1.1508144E-02
   7112.00  2.1432011E-02
   7112.20  2.6115866E-02
   7112.40  1.8414274E-02
   7112.60  1.3699186E-02
   7112.80  1.2123098E-02
   7113.00  1.2078507E-02
   7113.20  1.3576801E-02
   7113.40  1.4889465E-02
   7113.60  1.3822691E-02
   7113.80  1.0972455E-02
   7114.00  8.0094459E-03
   7114.20  6.1955069E-03
   7114.40  5.4205109E-03
   7114.60  5.2458335E-03
   7114.80  5.4697540E-03
   7115.00  6.0477454E-03
   7115.20  7.0271256E-03
   7115.40  8.5290796E-03
   7115.60  1.0762605E-02
   7115.80  1.4028706E-02
   7116.00  1.8577854E-02
   7116.20  2.3726578E-02
   7116.40  2.5518889E-02
   7116.60  2.0814503E-02
   7116.80  1.5502752E-02
   7117.00  1.2191728E-02
   7117.20  1.1381722E-02
   7117.40  1.2164365E-02
   7117.60  1.3356901E-02
   7117.80  1.4027739E-02
   7118.00  1.4147943E-02
   7118.20  1.4187166E-02
   7118.40  1.4424487E-02
   7118.60  1.4814194E-02
   7118.80  1.5445442E-02
   7119.00  1.6493655E-02
   7119.20  1.7909280E-02
   7119.40  1.9467167E-02
   7119.60  2.0915354E-02
   7119.80  2.2147836E-02
   7120.00  2.3046172E-02
   7120.20  2.3396561E-02
   7120.40  2.3067502E-02
   7120.60  2.2216763E-02
   7120.80  2.1234865E-02
   7121.00  2.0444931E-02
   7121.20  1.9890810E-02
   7121.40  1.9503310E-02
   7121.60  1.9133483E-02
   7121.80  1.8751057E-02
   7122.00  1.8331618E-02
   7122.20  1.7921075E-02
   7122.40  1.7617845E-02
   7122.60  1.7605212E-02
   7122.80  1.7937005E-02
   7123.00  1.8697229E-02
   7123.20  1.9886741E-02
   7123.40  2.1405869E-02
   7123.60  2.3044702E-02
   7123.80  2.4673253E-02
   7124.00  2.6340863E-02
   7124.20  2.7992726E-02
   7124.40  2.9573838E-02
   7124.60  3.1118716E-02
   7124.80  3.2650450E-02
   7125.00  3.4145456E-02
   7125.20  3.5454221E-02
   7125.40  3.6409022E-02
   7125.60  3.6985732E-02
   7125.80  3.7253123E-02
   7126.00  3.7303885E-02
   7126.20  3.7187240E-02
   7126.40  3.6959119E-02
   7126.60  3.6726481E-02
   7126.80  3.6574614E-02
   7127.00  3.6561528E-02
   7127.20  3.6763971E-02
   7127.40  3.7237464E-02
   7127.60  3.7944431E-02
   7127.80  3.8741536E-02
   7128.00  3.9442552E-02
   7128.20  3.9915552E-02
   7128.40  4.0137417E-02
   7128.60  4.0181496E-02
   7128.80  4.0144750E-02
   7129.00  4.0094749E-02
   7129.20  4.0054745E-02
   7129.40  4.0022717E-02
   7129.60  3.9995394E-02
   7129.80  3.9964940E-02
   7130.00  3.9901435E-02
   7130.20  3.9751473E-02
   7130.40  3.9460546E-02
   7130.60  3.9005147E-02
   7130.80  3.8410964E-02
   7131.00  3.7748800E-02
   7131.20  3.7112648E-02
   7131.40  3.6589530E-02
   7131.60  3.6234260E-02
   7131.80  3.6060618E-02
   7132.00  3.6051452E-02
   7132.20  3.6174800E-02
   7132.40  3.6396251E-02
   7132.60  3.6681445E-02
   7132.80  3.6995531E-02
   7133.00  3.7305345E-02
   7133.20  3.7584794E-02
   7133.40  3.7818332E-02
   7133.60  3.7997123E-02
   7133.80  3.8106177E-02
   7134.00  3.8110142E-02
   7134.20  3.7954551E-02
   7134.40  3.7597748E-02
   7134.60  3.7050708E-02
   7134.80  3.6380303E-02
   7135.00  3.5661200E-02
   7135.20  3.4946465E-02
   7135.40  3.4265565E-02
   7135.60  3.3634086E-02
   7135.80  3.3061847E-02
   7136.00  3.2555989E-02
   7136.20  3.2120559E-02
   7136.40  3.1754971E-02
   7136.60  3.1453215E-02
   7136.80  3.1209931E-02
   7137.00  3.1001466E-02
   7137.20  3.0821380E-02
   7137.40  3.0660992E-02
   7137.60  3.0515227E-02
   7137.80  3.0381903E-02
   7138.00  3.0260270E-02
   7138.20  3.0150689E-02
   7138.40  3.0055401E-02
   7138.60  2.9979933E-02
   7138.80  2.9933356E-02
   7139.00  2.9926864E-02
   7139.20  2.9971601E-02
   7139.40  3.0076705E-02
   7139.60  3.0248395E-02
   7139.80  3.0489805E-02
   7140.00  3.0800707E-02
   7140.20  3.1177710E-02
   7140.40  3.1615016E-02
   7140.60  3.2105354E-02
   7140.80  3.2641102E-02
   7141.00  3.3215459E-02
   7141.20  3.3826034E-02
   7141.40  3.4454869E-02
   7141.60  3.5094286E-02
   7141.80  3.5746663E-02
   7142.00  3.6404041E-02
   7142.20  3.7058364E-02
   7142.40  3.7702503E-02
   7142.60  3.8330603E-02
   7142.80  3.8937371E-02
   7143.00  3.9518099E-02
   7143.20  4.0067745E-02
   7143.40  4.0580727E-02
   7143.60  4.1050316E-02
   7143.80  4.1468308E-02
   7144.00  4.1825334E-02
   7144.20  4.2111660E-02
   7144.40  4.2316796E-02
   7144.60  4.2431385E-02
   7144.80  4.2448302E-02
   7145.00  4.2363752E-02
   7145.20  4.2177854E-02
   7145.40  4.1894631E-02
   7145.60  4.1522122E-02
   7145.80  4.1071544E-02
   7146.00  4.0556365E-02
   7146.20  3.9991014E-02
   7146.40  3.9390086E-02
   7146.60  3.8763762E-02
   7146.80  3.8126396E-02
   7147.00  3.7497738E-02
   7147.20  3.6881570E-02
   7147.40  3.6285428E-02
   7147.60  3.5715238E-02
   7147.80  3.5163786E-02
   7148.00  3.4656834E-02
   7148.20  3.4184731E-02
   7148.40  3.3748152E-02
   7148.60  3.3346596E-02
   7148.80  3.2979078E-02
   7149.00  3.2644260E-02
   7149.20  3.2340279E-02
   7149.40  3.2063035E-02
   7149.60  3.1810265E-02
   7149.80  3.1580156E-02
   7150.00  3.1370795E-02
   7150.20  3.1180475E-02
   7150.40  3.1007824E-02
   7150.60  3.0851071E-02
   7150.80  3.0708755E-02
   7151.00  3.0578747E-02
   7151.20  3.0462927E-02
   7151.40  3.0353255E-02
   7151.60  3.0255996E-02
   7151.80  3.0161353E-02
   7152.00  3.0071749E-02
   7152.20  2.9986002E-02
   7152.40  2.9902625E-02
   7152.60  2.9820969E-02
   7152.80  2.9740475E-02
   7153.00  2.9659758E-02
   7153.20  2.9577924E-02
   7153.40  2.9494733E-02
   7153.60  2.9409027E-02
   7153.80  2.9319665E-02
   7154.00  2.9225585E-02
   7154.20  2.9125905E-02
   7154.40  2.9019489E-02
   7154.60  2.8904874E-02
   7154.80  2.8780659E-02
   7155.00  2.8645749E-02
   7155.20  2.8499820E-02
   7155.40  2.8342717E-02
   7155.60  2.8174544E-02
   7155.80  2.7996553E-02
   7156.00  2.7810562E-02
   7156.20  2.7619172E-02
   7156.40  2.7426036E-02
   7156.60  2.7234068E-02
   7156.80  2.7046707E-02
   7157.00  2.6867203E-02
   7157.20  2.6698629E-02
   7157.40  2.6543544E-02
   7157.60  2.6405343E-02
   7157.80  2.6282662E-02
   7158.00  2.6178167E-02
   7158.20  2.6090878E-02
   7158.40  2.6020067E-02
   7158.60  2.5963360E-02
   7158.80  2.5921057E-02
   7159.00  2.5893228E-02
   7159.20  2.5876938E-02
   7159.40  2.5872889E-02
   7159.60  2.5877977E-02
   7159.80  2.5893489E-02
   7160.00  2.5919528E-02
   7160.20  2.5956367E-02
   7160.40  2.6003918E-02
   7160.60  2.6061903E-02
   7160.80  2.6132527E-02
   7161.00  2.6211781E-02
   7161.20  2.6299755E-02
   7161.40  2.6395132E-02
   7161.60  2.6496329E-02
   7161.80  2.6601471E-02
   7162.00  2.6708486E-02
   7162.20  2.6815104E-02
   7162.40  2.6919179E-02
   7162.60  2.7018095E-02
   7162.80  2.7109244E-02
   7163.00  2.7190311E-02
   7163.20  2.7259393E-02
   7163.40  2.7314749E-02
   7163.60  2.7354989E-02
   7163.80  2.7379460E-02
   7164.00  2.7388322E-02
   7164.20  2.7382144E-02
   7164.40  2.7362205E-02
   7164.60  2.7329897E-02
   7164.80  2.7287436E-02
   7165.00  2.7237021E-02
   7165.20  2.7180927E-02
   7165.40  2.7121508E-02
   7165.60  2.7060958E-02
   7165.80  2.7001386E-02
   7166.00  2.6944527E-02
   7166.20  2.6891653E-02
   7166.40  2.6844074E-02
   7166.60  2.6802490E-02
   7166.80  2.6767354E-02
   7167.00  2.6738973E-02
   7167.20  2.6717541E-02
   7167.40  2.6703004E-02
   7167.60  2.6694816E-02
   7167.80  2.6692644E-02
   7168.00  2.6696081E-02
   7168.20  2.6704643E-02
   7168.40  2.6718104E-02
   7168.60  2.6735954E-02
   7168.80  2.6757975E-02
   7169.00  2.6783673E-02
   7169.20  2.6812713E-02
   7169.40  2.6844865E-02
   7169.60  2.6879905E-02
   7169.80  2.6917619E-02
   7170.00  2.6957936E-02
   7170.20  2.7000443E-02
   7170.40  2.7045003E-02
   7170.60  2.7091389E-02
   7170.80  2.7139279E-02
   7171.00  2.7188429E-02
   7171.20  2.7238623E-02
   7171.40  2.7289773E-02
   7171.60  2.7341714E-02
   7171.80  2.7394280E-02
   7172.00  2.7447281E-02
