  7112.000   26  1  1  2.1106051E-02 -1.9012419E+00 -1.0434188E+00  1  1  7.2649414E+03  0.0000000E+00  0.0000000E+00  2.7906566E+00  1.0000000E+00  0.0000000E+00 = E_edge, Z, n_edge, j_edge, Abs_before_edge, VO_interstitial, E_cut, ninitl, ninit1, Epsii, UnitCell_Volume, Surface_ref, f0_forward, natomsym_f, abs_u_i
    Energy    <xanes>    
   7097.00  3.9835735E-05
   7097.20  6.8877023E-05
   7097.40  2.7018394E-04
   7097.60  3.6647955E-03
   7097.80  1.2982203E-04
   7098.00  5.2529653E-05
   7098.20  3.5248681E-05
   7098.40  2.8801460E-05
   7098.60  2.5761739E-05
   7098.80  2.4138579E-05
   7099.00  2.3219696E-05
   7099.20  2.2702046E-05
   7099.40  2.2442932E-05
   7099.60  2.2373936E-05
   7099.80  2.2467457E-05
   7100.00  2.2725772E-05
   7100.20  2.3184351E-05
   7100.40  2.3934852E-05
   7100.60  2.5202173E-05
   7100.80  2.7639907E-05
   7101.00  3.4011525E-05
   7101.20  7.3159229E-05
   7101.40  5.4749266E-04
   7101.60  5.6090306E-05
   7101.80  6.5802407E-05
   7102.00  2.4874143E-04
   7102.20  9.1126053E-04
   7102.40  8.7281808E-05
   7102.60  5.3948857E-05
   7102.80  5.3239019E-05
   7103.00  7.1062158E-05
   7103.20  1.6441275E-04
   7103.40  3.5403841E-03
   7103.60  2.0262247E-03
   7103.80  1.6912054E-04
   7104.00  2.5545453E-04
   7104.20  7.7836084E-03
   7104.40  1.3417578E-04
   7104.60  1.0941895E-03
   7104.80  8.4495522E-05
   7105.00  8.7466765E-05
   7105.20  1.1374538E-03
   7105.40  1.4811873E-04
   7105.60  1.1782240E-04
   7105.80  3.5291118E-04
   7106.00  3.4488268E-03
   7106.20  4.5157485E-04
   7106.40  1.3545012E-04
   7106.60  9.1450369E-05
   7106.80  1.3906830E-04
   7107.00  7.3474122E-04
   7107.20  5.9474593E-04
   7107.40  3.9335701E-04
   7107.60  9.8327377E-03
   7107.80  1.2881743E-03
   7108.00  1.9878799E-03
   7108.20  2.7959834E-03
   7108.40  1.2182935E-03
   7108.60  3.9071853E-04
   7108.80  1.0534701E-03
   7109.00  2.7433442E-04
   7109.20  3.9071445E-04
   7109.40  3.9768609E-03
   7109.60  3.1837003E-04
   7109.80  3.0842479E-02
   7110.00  4.8989732E-04
   7110.20  1.6777238E-03
   7110.40  2.0538668E-04
   7110.60  3.3002291E-02
   7110.80  5.8219933E-03
   7111.00  1.4858051E-02
   7111.20  1.0062999E-02
   7111.40  7.7274927E-03
   7111.60  1.1346649E-02
   7111.80  7.9808003E-03
   7112.00  1.0978759E-02
   7112.20  2.0116930E-02
   7112.40  1.5891884E-02
   7112.60  2.2515639E-02
   7112.80  1.0637694E-01
   7113.00  1.9629513E-02
   7113.20  1.9571252E-02
   7113.40  1.9931215E-02
   7113.60  1.5923577E-02
   7113.80  1.4305369E-02
   7114.00  1.7303168E-02
   7114.20  2.6340229E-02
   7114.40  3.5857331E-02
   7114.60  4.5168341E-02
   7114.80  5.6493727E-02
   7115.00  4.1014100E-02
   7115.20  2.7111890E-02
   7115.40  1.7132425E-02
   7115.60  1.1630366E-02
   7115.80  8.9220023E-03
   7116.00  7.7684213E-03
   7116.20  7.7726458E-03
   7116.40  9.1962526E-03
   7116.60  1.3016034E-02
   7116.80  1.8403884E-02
   7117.00  1.6356612E-02
   7117.20  1.0553445E-02
   7117.40  7.2285367E-03
   7117.60  5.6617471E-03
   7117.80  4.9469457E-03
   7118.00  4.6473997E-03
   7118.20  4.6440014E-03
   7118.40  4.6860283E-03
   7118.60  4.8535585E-03
   7118.80  5.1815257E-03
   7119.00  5.7188844E-03
   7119.20  6.5146682E-03
   7119.40  7.5308693E-03
   7119.60  8.4636610E-03
   7119.80  8.7576539E-03
   7120.00  7.7741138E-03
   7120.20  6.1446759E-03
   7120.40  5.0796004E-03
   7120.60  4.5830759E-03
   7120.80  4.3628552E-03
   7121.00  4.2758119E-03
   7121.20  4.2746566E-03
   7121.40  4.3487140E-03
   7121.60  4.4922795E-03
   7121.80  4.6926604E-03
   7122.00  4.9280963E-03
   7122.20  5.1839849E-03
   7122.40  5.4913528E-03
   7122.60  5.8690070E-03
   7122.80  6.2666615E-03
   7123.00  6.6405471E-03
   7123.20  7.0029896E-03
   7123.40  7.3771439E-03
   7123.60  7.8358415E-03
   7123.80  8.4033650E-03
   7124.00  9.1051748E-03
   7124.20  9.9327397E-03
   7124.40  1.0831410E-02
   7124.60  1.1678533E-02
   7124.80  1.2440920E-02
   7125.00  1.3199413E-02
   7125.20  1.4052543E-02
   7125.40  1.5042288E-02
   7125.60  1.6175401E-02
   7125.80  1.7465365E-02
   7126.00  1.8950806E-02
   7126.20  2.0652683E-02
   7126.40  2.2453257E-02
   7126.60  2.3999359E-02
   7126.80  2.4867391E-02
   7127.00  2.4923339E-02
   7127.20  2.4584517E-02
   7127.40  2.4244960E-02
   7127.60  2.4095329E-02
   7127.80  2.4271621E-02
   7128.00  2.4881334E-02
   7128.20  2.5932910E-02
   7128.40  2.7309274E-02
   7128.60  2.8820262E-02
   7128.80  3.0254520E-02
   7129.00  3.1508872E-02
   7129.20  3.2468576E-02
   7129.40  3.3280721E-02
   7129.60  3.4041066E-02
   7129.80  3.4815318E-02
   7130.00  3.5672097E-02
   7130.20  3.6695960E-02
   7130.40  3.7971167E-02
   7130.60  3.9600577E-02
   7130.80  4.1494832E-02
   7131.00  4.3587443E-02
   7131.20  4.5660358E-02
   7131.40  4.7427106E-02
   7131.60  4.8646016E-02
   7131.80  4.9232797E-02
   7132.00  4.9290436E-02
   7132.20  4.9039984E-02
   7132.40  4.8709034E-02
   7132.60  4.8451720E-02
   7132.80  4.8327903E-02
   7133.00  4.8326506E-02
   7133.20  4.8405951E-02
   7133.40  4.8528974E-02
   7133.60  4.8680235E-02
   7133.80  4.8865195E-02
   7134.00  4.9099251E-02
   7134.20  4.9462104E-02
   7134.40  4.9841663E-02
   7134.60  5.0297298E-02
   7134.80  5.0822801E-02
   7135.00  5.1406532E-02
   7135.20  5.2029634E-02
   7135.40  5.2659881E-02
   7135.60  5.3242946E-02
   7135.80  5.3707628E-02
   7136.00  5.3979187E-02
   7136.20  5.3994197E-02
   7136.40  5.3720882E-02
   7136.60  5.3171285E-02
   7136.80  5.2394439E-02
   7137.00  5.1457259E-02
   7137.20  5.0427810E-02
   7137.40  4.9367086E-02
   7137.60  4.8328280E-02
   7137.80  4.7358574E-02
   7138.00  4.6501674E-02
   7138.20  4.5796988E-02
   7138.40  4.5276721E-02
   7138.60  4.4959511E-02
   7138.80  4.4842621E-02
   7139.00  4.4893813E-02
   7139.20  4.5046348E-02
   7139.40  4.5201968E-02
   7139.60  4.5245685E-02
   7139.80  4.5073707E-02
   7140.00  4.4627027E-02
   7140.20  4.3912355E-02
   7140.40  4.2997513E-02
   7140.60  4.1984309E-02
   7140.80  4.1007631E-02
   7141.00  4.0111243E-02
   7141.20  3.9344408E-02
   7141.40  3.8732235E-02
   7141.60  3.8281215E-02
   7141.80  3.7985219E-02
   7142.00  3.7830486E-02
   7142.20  3.7798748E-02
   7142.40  3.7869932E-02
   7142.60  3.8022839E-02
   7142.80  3.8236249E-02
   7143.00  3.8488851E-02
   7143.20  3.8759944E-02
   7143.40  3.9029515E-02
   7143.60  3.9279705E-02
   7143.80  3.9495315E-02
   7144.00  3.9664944E-02
   7144.20  3.9781075E-02
   7144.40  3.9840285E-02
   7144.60  3.9842641E-02
   7144.80  3.9790985E-02
   7145.00  3.9690133E-02
   7145.20  3.9546308E-02
   7145.40  3.9366333E-02
   7145.60  3.9157288E-02
   7145.80  3.8926182E-02
   7146.00  3.8679721E-02
   7146.20  3.8424090E-02
   7146.40  3.8164862E-02
   7146.60  3.7907131E-02
   7146.80  3.7655352E-02
   7147.00  3.7413498E-02
   7147.20  3.7185114E-02
   7147.40  3.6973282E-02
   7147.60  3.6780791E-02
   7147.80  3.6611759E-02
   7148.00  3.6471076E-02
   7148.20  3.6362036E-02
   7148.40  3.6264897E-02
   7148.60  3.6189979E-02
   7148.80  3.6136881E-02
   7149.00  3.6107019E-02
   7149.20  3.6095714E-02
   7149.40  3.6107232E-02
   7149.60  3.6131962E-02
   7149.80  3.6171579E-02
   7150.00  3.6223927E-02
   7150.20  3.6286162E-02
   7150.40  3.6355622E-02
   7150.60  3.6432070E-02
   7150.80  3.6509047E-02
   7151.00  3.6586413E-02
   7151.20  3.6654840E-02
   7151.40  3.6728136E-02
   7151.60  3.6797147E-02
   7151.80  3.6860729E-02
   7152.00  3.6917982E-02
   7152.20  3.6968291E-02
   7152.40  3.7010642E-02
   7152.60  3.7044385E-02
   7152.80  3.7068958E-02
   7153.00  3.7083761E-02
   7153.20  3.7091041E-02
   7153.40  3.7085502E-02
   7153.60  3.7069423E-02
   7153.80  3.7042856E-02
   7154.00  3.7006116E-02
   7154.20  3.6959829E-02
   7154.40  3.6904950E-02
   7154.60  3.6842168E-02
   7154.80  3.6772666E-02
   7155.00  3.6697781E-02
   7155.20  3.6618963E-02
   7155.40  3.6537668E-02
   7155.60  3.6455597E-02
   7155.80  3.6373902E-02
   7156.00  3.6293578E-02
   7156.20  3.6215454E-02
   7156.40  3.6140033E-02
   7156.60  3.6067395E-02
   7156.80  3.5997242E-02
   7157.00  3.5928970E-02
   7157.20  3.5861615E-02
   7157.40  3.5793638E-02
   7157.60  3.5723349E-02
   7157.80  3.5648976E-02
   7158.00  3.5568685E-02
   7158.20  3.5480484E-02
   7158.40  3.5382566E-02
   7158.60  3.5273245E-02
   7158.80  3.5151175E-02
   7159.00  3.5014694E-02
   7159.20  3.4862780E-02
   7159.40  3.4694540E-02
   7159.60  3.4509406E-02
   7159.80  3.4307124E-02
   7160.00  3.4087812E-02
   7160.20  3.3851845E-02
   7160.40  3.3599953E-02
   7160.60  3.3333651E-02
   7160.80  3.3054171E-02
   7161.00  3.2763359E-02
   7161.20  3.2463306E-02
   7161.40  3.2156199E-02
   7161.60  3.1846542E-02
   7161.80  3.1533366E-02
   7162.00  3.1218085E-02
   7162.20  3.0907149E-02
   7162.40  3.0600481E-02
   7162.60  3.0299819E-02
   7162.80  3.0007588E-02
   7163.00  2.9729872E-02
   7163.20  2.9455447E-02
   7163.40  2.9191315E-02
   7163.60  2.8938031E-02
   7163.80  2.8696002E-02
   7164.00  2.8465762E-02
   7164.20  2.8247741E-02
   7164.40  2.8041436E-02
   7164.60  2.7846907E-02
   7164.80  2.7664499E-02
   7165.00  2.7494503E-02
   7165.20  2.7336761E-02
   7165.40  2.7190649E-02
   7165.60  2.7055969E-02
   7165.80  2.6932352E-02
   7166.00  2.6819422E-02
   7166.20  2.6717187E-02
   7166.40  2.6624765E-02
   7166.60  2.6541481E-02
   7166.80  2.6466690E-02
   7167.00  2.6399708E-02
   7167.20  2.6339865E-02
   7167.40  2.6286793E-02
   7167.60  2.6239750E-02
   7167.80  2.6197690E-02
   7168.00  2.6154888E-02
   7168.20  2.6120962E-02
   7168.40  2.6091590E-02
   7168.60  2.6063705E-02
   7168.80  2.6038206E-02
   7169.00  2.6015095E-02
   7169.20  2.5993689E-02
   7169.40  2.5973796E-02
   7169.60  2.5955281E-02
   7169.80  2.5938046E-02
   7170.00  2.5922025E-02
   7170.20  2.5907230E-02
   7170.40  2.5893521E-02
   7170.60  2.5881154E-02
   7170.80  2.5869810E-02
   7171.00  2.5859333E-02
   7171.20  2.5849620E-02
   7171.40  2.5840605E-02
   7171.60  2.5832093E-02
   7171.80  2.5823932E-02
   7172.00  2.5815985E-02
