  7112.000   26  1  1  7.4403421E-03 -3.6156131E+00 -2.3776191E+00  1  1  7.2662772E+03  0.0000000E+00  0.0000000E+00  1.2641171E+00  1.0000000E+00  0.0000000E+00 = E_edge, Z, n_edge, j_edge, Abs_before_edge, VO_interstitial, E_cut, ninitl, ninit1, Epsii, UnitCell_Volume, Surface_ref, f0_forward, natomsym_f, abs_u_i
    Energy    <xanes>    
   7097.00  2.0344599E-05
   7097.20  2.0536784E-05
   7097.40  2.0780020E-05
   7097.60  2.1091125E-05
   7097.80  2.1496085E-05
   7098.00  2.2036802E-05
   7098.20  2.2784433E-05
   7098.40  2.3868271E-05
   7098.60  2.5544800E-05
   7098.80  2.8386697E-05
   7099.00  3.3907148E-05
   7099.20  4.7302976E-05
   7099.40  9.7592503E-05
   7099.60  8.8904664E-04
   7099.80  4.6825516E-04
   7100.00  8.5594011E-05
   7100.20  5.0642916E-05
   7100.40  4.7222475E-05
   7100.60  7.4907922E-05
   7100.80  1.3708700E-03
   7101.00  1.3793598E-04
   7101.20  4.7481052E-05
   7101.40  3.4935134E-05
   7101.60  3.1449475E-05
   7101.80  3.0745564E-05
   7102.00  3.1730235E-05
   7102.20  3.4873477E-05
   7102.40  4.3381469E-05
   7102.60  8.4866230E-05
   7102.80  2.7176683E-04
   7103.00  2.1795388E-03
   7103.20  9.9476128E-05
   7103.40  5.2963591E-05
   7103.60  4.4878682E-05
   7103.80  4.6046401E-05
   7104.00  5.6207916E-05
   7104.20  9.8435780E-05
   7104.40  7.3137551E-04
   7104.60  4.4638870E-04
   7104.80  9.3062984E-05
   7105.00  6.3034127E-05
   7105.20  6.0047592E-05
   7105.40  7.2728722E-05
   7105.60  2.1930034E-04
   7105.80  2.5054442E-04
   7106.00  1.1522249E-04
   7106.20  1.7375031E-04
   7106.40  6.9830614E-04
   7106.60  2.5047720E-03
   7106.80  8.3662636E-03
   7107.00  3.4766521E-04
   7107.20  1.7528037E-04
   7107.40  1.6644020E-04
   7107.60  4.1034535E-04
   7107.80  6.9229047E-04
   7108.00  7.5946331E-04
   7108.20  6.9287078E-03
   7108.40  5.9528273E-03
   7108.60  4.2167031E-03
   7108.80  3.8409419E-02
   7109.00  1.3404436E-02
   7109.20  6.3405604E-03
   7109.40  7.2059922E-03
   7109.60  1.5629332E-02
   7109.80  1.1594506E-02
   7110.00  6.2838942E-03
   7110.20  5.5829104E-03
   7110.40  8.5753191E-03
   7110.60  2.4957534E-02
   7110.80  2.0518394E-02
   7111.00  7.2439040E-03
   7111.20  5.8912496E-03
   7111.40  7.6794425E-03
   7111.60  1.4226757E-02
   7111.80  2.9114341E-02
   7112.00  3.1876283E-02
   7112.20  2.6276698E-02
   7112.40  3.2752244E-02
   7112.60  5.4605889E-02
   7112.80  5.9410866E-02
   7113.00  4.5697099E-02
   7113.20  4.9103925E-02
   7113.40  5.7813292E-02
   7113.60  4.4358518E-02
   7113.80  2.9417148E-02
   7114.00  2.0900470E-02
   7114.20  1.6145155E-02
   7114.40  1.3347448E-02
   7114.60  1.1709365E-02
   7114.80  1.0937479E-02
   7115.00  1.1020873E-02
   7115.20  1.2127160E-02
   7115.40  1.4132591E-02
   7115.60  1.6008387E-02
   7115.80  1.6509237E-02
   7116.00  1.5761833E-02
   7116.20  1.4684429E-02
   7116.40  1.3844975E-02
   7116.60  1.3396209E-02
   7116.80  1.3282336E-02
   7117.00  1.3350978E-02
   7117.20  1.3431356E-02
   7117.40  1.3406406E-02
   7117.60  1.3232758E-02
   7117.80  1.2887540E-02
   7118.00  1.2296925E-02
   7118.20  1.1358007E-02
   7118.40  1.0112251E-02
   7118.60  8.8774558E-03
   7118.80  7.9972106E-03
   7119.00  7.5378879E-03
   7119.20  7.3694958E-03
   7119.40  7.3496429E-03
   7119.60  7.3753005E-03
   7119.80  7.3629057E-03
   7120.00  7.2548589E-03
   7120.20  7.0824863E-03
   7120.40  6.9266070E-03
   7120.60  6.7806765E-03
   7120.80  6.5731268E-03
   7121.00  6.2945061E-03
   7121.20  6.0538602E-03
   7121.40  5.9361289E-03
   7121.60  5.9567617E-03
   7121.80  6.0596579E-03
   7122.00  6.2071873E-03
   7122.20  6.3799646E-03
   7122.40  6.5709719E-03
   7122.60  6.7796003E-03
   7122.80  7.0082436E-03
   7123.00  7.2635505E-03
   7123.20  7.5476804E-03
   7123.40  7.8654666E-03
   7123.60  8.2223902E-03
   7123.80  8.6249666E-03
   7124.00  9.0816494E-03
   7124.20  9.6042658E-03
   7124.40  1.0209105E-02
   7124.60  1.0915073E-02
   7124.80  1.1735239E-02
   7125.00  1.2663152E-02
   7125.20  1.3672334E-02
   7125.40  1.4731919E-02
   7125.60  1.5720943E-02
   7125.80  1.6651110E-02
   7126.00  1.7517522E-02
   7126.20  1.8350322E-02
   7126.40  1.9211656E-02
   7126.60  2.0176461E-02
   7126.80  2.1302554E-02
   7127.00  2.2572970E-02
   7127.20  2.3879439E-02
   7127.40  2.5032628E-02
   7127.60  2.5907388E-02
   7127.80  2.6330439E-02
   7128.00  2.6426848E-02
   7128.20  2.6366984E-02
   7128.40  2.6197480E-02
   7128.60  2.6276285E-02
   7128.80  2.6563247E-02
   7129.00  2.7089528E-02
   7129.20  2.7859583E-02
   7129.40  2.8862671E-02
   7129.60  3.0083273E-02
   7129.80  3.1512653E-02
   7130.00  3.3159713E-02
   7130.20  3.5059506E-02
   7130.40  3.7270123E-02
   7130.60  3.9855957E-02
   7130.80  4.2860129E-02
   7131.00  4.6285411E-02
   7131.20  5.0096866E-02
   7131.40  5.4246470E-02
   7131.60  5.8696257E-02
   7131.80  6.3406340E-02
   7132.00  6.8287201E-02
   7132.20  7.3141542E-02
   7132.40  7.7642939E-02
   7132.60  8.1380102E-02
   7132.80  8.3963905E-02
   7133.00  8.5144308E-02
   7133.20  8.4869903E-02
   7133.40  8.3272061E-02
   7133.60  8.0601346E-02
   7133.80  7.7160063E-02
   7134.00  7.3249096E-02
   7134.20  6.9112741E-02
   7134.40  6.4986678E-02
   7134.60  6.1031312E-02
   7134.80  5.7345730E-02
   7135.00  5.3979662E-02
   7135.20  5.0942781E-02
   7135.40  4.8215593E-02
   7135.60  4.5760682E-02
   7135.80  4.3533265E-02
   7136.00  4.1489983E-02
   7136.20  3.9595786E-02
   7136.40  3.7826597E-02
   7136.60  3.6169692E-02
   7136.80  3.4622480E-02
   7137.00  3.3189560E-02
   7137.20  3.1878990E-02
   7137.40  3.0700414E-02
   7137.60  2.9661938E-02
   7137.80  2.8769190E-02
   7138.00  2.8023419E-02
   7138.20  2.7421901E-02
   7138.40  2.6957635E-02
   7138.60  2.6620232E-02
   7138.80  2.6397458E-02
   7139.00  2.6276085E-02
   7139.20  2.6243181E-02
   7139.40  2.6287028E-02
   7139.60  2.6397456E-02
   7139.80  2.6566073E-02
   7140.00  2.6786145E-02
   7140.20  2.7052188E-02
   7140.40  2.7359836E-02
   7140.60  2.7705624E-02
   7140.80  2.8086710E-02
   7141.00  2.8503016E-02
   7141.20  2.8949942E-02
   7141.40  2.9424257E-02
   7141.60  2.9923314E-02
   7141.80  3.0444214E-02
   7142.00  3.0983562E-02
   7142.20  3.1537127E-02
   7142.40  3.2100324E-02
   7142.60  3.2667648E-02
   7142.80  3.3233071E-02
   7143.00  3.3790194E-02
   7143.20  3.4331970E-02
   7143.40  3.4851377E-02
   7143.60  3.5341655E-02
   7143.80  3.5796361E-02
   7144.00  3.6209822E-02
   7144.20  3.6577512E-02
   7144.40  3.6895924E-02
   7144.60  3.7162893E-02
   7144.80  3.7377830E-02
   7145.00  3.7541478E-02
   7145.20  3.7655893E-02
   7145.40  3.7714244E-02
   7145.60  3.7740327E-02
   7145.80  3.7729545E-02
   7146.00  3.7687114E-02
   7146.20  3.7618524E-02
   7146.40  3.7529432E-02
   7146.60  3.7425113E-02
   7146.80  3.7310650E-02
   7147.00  3.7182033E-02
   7147.20  3.7061099E-02
   7147.40  3.6942841E-02
   7147.60  3.6830456E-02
   7147.80  3.6726719E-02
   7148.00  3.6633947E-02
   7148.20  3.6549074E-02
   7148.40  3.6483674E-02
   7148.60  3.6435202E-02
   7148.80  3.6402271E-02
   7149.00  3.6384750E-02
   7149.20  3.6383190E-02
   7149.40  3.6397465E-02
   7149.60  3.6427795E-02
   7149.80  3.6474046E-02
   7150.00  3.6535877E-02
   7150.20  3.6613136E-02
   7150.40  3.6705386E-02
   7150.60  3.6812072E-02
   7150.80  3.6932673E-02
   7151.00  3.7066877E-02
   7151.20  3.7213770E-02
   7151.40  3.7372609E-02
   7151.60  3.7542592E-02
   7151.80  3.7722950E-02
   7152.00  3.7912512E-02
   7152.20  3.8110214E-02
   7152.40  3.8314873E-02
   7152.60  3.8525296E-02
   7152.80  3.8740241E-02
   7153.00  3.8958177E-02
   7153.20  3.9177818E-02
   7153.40  3.9397428E-02
   7153.60  3.9615331E-02
   7153.80  3.9830056E-02
   7154.00  4.0039879E-02
   7154.20  4.0243267E-02
   7154.40  4.0438777E-02
   7154.60  4.0624945E-02
   7154.80  4.0800503E-02
   7155.00  4.0964403E-02
   7155.20  4.1115667E-02
   7155.40  4.1253406E-02
   7155.60  4.1377031E-02
   7155.80  4.1485894E-02
   7156.00  4.1579608E-02
   7156.20  4.1657930E-02
   7156.40  4.1720857E-02
   7156.60  4.1768470E-02
   7156.80  4.1800794E-02
   7157.00  4.1818240E-02
   7157.20  4.1820861E-02
   7157.40  4.1808932E-02
   7157.60  4.1782774E-02
   7157.80  4.1742808E-02
   7158.00  4.1689557E-02
   7158.20  4.1623601E-02
   7158.40  4.1545043E-02
   7158.60  4.1454173E-02
   7158.80  4.1351258E-02
   7159.00  4.1236487E-02
   7159.20  4.1105354E-02
   7159.40  4.0967260E-02
   7159.60  4.0817496E-02
   7159.80  4.0656147E-02
   7160.00  4.0483199E-02
   7160.20  4.0298332E-02
   7160.40  4.0098305E-02
   7160.60  3.9889215E-02
   7160.80  3.9667850E-02
   7161.00  3.9434219E-02
   7161.20  3.9188307E-02
   7161.40  3.8930205E-02
   7161.60  3.8660121E-02
   7161.80  3.8378549E-02
   7162.00  3.8086086E-02
   7162.20  3.7783004E-02
   7162.40  3.7469974E-02
   7162.60  3.7147777E-02
   7162.80  3.6817277E-02
   7163.00  3.6479422E-02
   7163.20  3.6135226E-02
   7163.40  3.5786113E-02
   7163.60  3.5432988E-02
   7163.80  3.5076696E-02
   7164.00  3.4718426E-02
   7164.20  3.4360136E-02
   7164.40  3.4001899E-02
   7164.60  3.3644391E-02
   7164.80  3.3288442E-02
   7165.00  3.2934711E-02
   7165.20  3.2585142E-02
   7165.40  3.2239243E-02
   7165.60  3.1897568E-02
   7165.80  3.1560659E-02
   7166.00  3.1229141E-02
   7166.20  3.0903898E-02
   7166.40  3.0584486E-02
   7166.60  3.0271859E-02
   7166.80  2.9965916E-02
   7167.00  2.9665938E-02
   7167.20  2.9373943E-02
   7167.40  2.9090066E-02
   7167.60  2.8812972E-02
   7167.80  2.8544256E-02
   7168.00  2.8283859E-02
   7168.20  2.8030190E-02
   7168.40  2.7783930E-02
   7168.60  2.7545119E-02
   7168.80  2.7314264E-02
   7169.00  2.7090652E-02
   7169.20  2.6874342E-02
   7169.40  2.6665454E-02
   7169.60  2.6463528E-02
   7169.80  2.6268430E-02
   7170.00  2.6080060E-02
   7170.20  2.5898351E-02
   7170.40  2.5723491E-02
   7170.60  2.5554803E-02
   7170.80  2.5392117E-02
   7171.00  2.5235311E-02
   7171.20  2.5084173E-02
   7171.40  2.4938468E-02
   7171.60  2.4798020E-02
   7171.80  2.4662669E-02
   7172.00  2.4532252E-02
