  7112.000   26  1  1  7.9697985E-03 -2.8562098E+00 -2.8290735E+00  1  1  7.2666653E+03  0.0000000E+00  0.0000000E+00  1.3830007E+00  1.0000000E+00  0.0000000E+00 = E_edge, Z, n_edge, j_edge, Abs_before_edge, VO_interstitial, E_cut, ninitl, ninit1, Epsii, UnitCell_Volume, Surface_ref, f0_forward, natomsym_f, abs_u_i
    Energy    <xanes>    
   7097.00  1.9322024E-05
   7097.20  1.9379056E-05
   7097.40  1.9448015E-05
   7097.60  1.9530079E-05
   7097.80  1.9626818E-05
   7098.00  1.9740208E-05
   7098.20  1.9872791E-05
   7098.40  2.0027925E-05
   7098.60  2.0210050E-05
   7098.80  2.0425134E-05
   7099.00  2.0681518E-05
   7099.20  2.0991139E-05
   7099.40  2.1371666E-05
   7099.60  2.1850544E-05
   7099.80  2.2472747E-05
   7100.00  2.3317134E-05
   7100.20  2.4534797E-05
   7100.40  2.6451614E-05
   7100.60  2.9901036E-05
   7100.80  3.7656978E-05
   7101.00  6.4657905E-05
   7101.20  4.3675768E-04
   7101.40  3.0159075E-04
   7101.60  7.0272477E-05
   7101.80  6.2760499E-05
   7102.00  1.1587523E-04
   7102.20  2.1538752E-03
   7102.40  2.5792963E-04
   7102.60  8.4729140E-05
   7102.80  1.1481454E-04
   7103.00  2.8327077E-03
   7103.20  8.6258913E-05
   7103.40  7.9784264E-05
   7103.60  3.7990906E-04
   7103.80  3.5778628E-04
   7104.00  7.0366285E-05
   7104.20  4.7614171E-05
   7104.40  4.3378839E-05
   7104.60  4.6260197E-05
   7104.80  6.7637622E-05
   7105.00  2.9063146E-03
   7105.20  9.0591467E-05
   7105.40  9.1264482E-05
   7105.60  8.4602923E-04
   7105.80  8.0583406E-05
   7106.00  8.5398034E-05
   7106.20  1.5113274E-04
   7106.40  3.0162833E-04
   7106.60  3.0143354E-02
   7106.80  1.8989935E-02
   7107.00  7.0200321E-04
   7107.20  2.3896448E-03
   7107.40  1.6867423E-04
   7107.60  1.7939184E-04
   7107.80  6.3872718E-04
   7108.00  8.7034764E-04
   7108.20  3.0086984E-03
   7108.40  2.3778924E-02
   7108.60  2.1902678E-03
   7108.80  1.4270263E-03
   7109.00  4.8339212E-03
   7109.20  8.3437714E-02
   7109.40  4.5453519E-03
   7109.60  2.1326728E-02
   7109.80  2.0430446E-02
   7110.00  1.0052263E-02
   7110.20  3.9194271E-03
   7110.40  1.7086927E-03
   7110.60  2.9812969E-03
   7110.80  7.6592336E-03
   7111.00  3.5131382E-03
   7111.20  5.5668769E-03
   7111.40  1.5666485E-02
   7111.60  1.6403418E-02
   7111.80  2.1878930E-02
   7112.00  2.8319013E-02
   7112.20  2.9890717E-02
   7112.40  4.4859327E-02
   7112.60  4.1395317E-02
   7112.80  5.1262723E-02
   7113.00  6.7768872E-02
   7113.20  4.9896063E-02
   7113.40  3.6794567E-02
   7113.60  3.6423038E-02
   7113.80  5.6689583E-02
   7114.00  5.0461597E-02
   7114.20  2.9737665E-02
   7114.40  2.0948572E-02
   7114.60  1.6906256E-02
   7114.80  1.4859570E-02
   7115.00  1.3966154E-02
   7115.20  1.4008575E-02
   7115.40  1.4974719E-02
   7115.60  1.6536322E-02
   7115.80  1.7410096E-02
   7116.00  1.6769508E-02
   7116.20  1.5279826E-02
   7116.40  1.3866094E-02
   7116.60  1.2780639E-02
   7116.80  1.1884070E-02
   7117.00  1.0987538E-02
   7117.20  1.0088020E-02
   7117.40  9.3190190E-03
   7117.60  8.7548833E-03
   7117.80  8.3684139E-03
   7118.00  8.0783957E-03
   7118.20  7.8075291E-03
   7118.40  7.5467841E-03
   7118.60  7.3433730E-03
   7118.80  7.2127591E-03
   7119.00  7.1290084E-03
   7119.20  7.0643961E-03
   7119.40  7.0041358E-03
   7119.60  6.9467552E-03
   7119.80  6.9065522E-03
   7120.00  6.9166235E-03
   7120.20  7.0158493E-03
   7120.40  7.2108551E-03
   7120.60  7.4469544E-03
   7120.80  7.5898214E-03
   7121.00  7.4304524E-03
   7121.20  6.9410073E-03
   7121.40  6.4358442E-03
   7121.60  6.1346386E-03
   7121.80  6.0165244E-03
   7122.00  6.0033192E-03
   7122.20  6.0428942E-03
   7122.40  6.1106953E-03
   7122.60  6.1977147E-03
   7122.80  6.3023119E-03
   7123.00  6.4263998E-03
   7123.20  6.5748731E-03
   7123.40  6.7510273E-03
   7123.60  6.9664218E-03
   7123.80  7.2176027E-03
   7124.00  7.5159245E-03
   7124.20  7.8703508E-03
   7124.40  8.2911282E-03
   7124.60  8.7884131E-03
   7124.80  9.3719200E-03
   7125.00  1.0053746E-02
   7125.20  1.0852345E-02
   7125.40  1.1786689E-02
   7125.60  1.2878147E-02
   7125.80  1.4152676E-02
   7126.00  1.5601705E-02
   7126.20  1.7281439E-02
   7126.40  1.8973951E-02
   7126.60  2.0749223E-02
   7126.80  2.2568864E-02
   7127.00  2.4330584E-02
   7127.20  2.5848887E-02
   7127.40  2.6920155E-02
   7127.60  2.7437178E-02
   7127.80  2.7491535E-02
   7128.00  2.7348883E-02
   7128.20  2.7361746E-02
   7128.40  2.7853604E-02
   7128.60  2.8858355E-02
   7128.80  3.0532280E-02
   7129.00  3.2886502E-02
   7129.20  3.6010820E-02
   7129.40  3.9703387E-02
   7129.60  4.3725781E-02
   7129.80  4.7749419E-02
   7130.00  5.1461197E-02
   7130.20  5.4676897E-02
   7130.40  5.7372142E-02
   7130.60  5.9626175E-02
   7130.80  6.1548049E-02
   7131.00  6.3236606E-02
   7131.20  6.4773258E-02
   7131.40  6.6227037E-02
   7131.60  6.7655026E-02
   7131.80  6.9094172E-02
   7132.00  7.0547075E-02
   7132.20  7.1963470E-02
   7132.40  7.3229166E-02
   7132.60  7.4181967E-02
   7132.80  7.4663197E-02
   7133.00  7.4581281E-02
   7133.20  7.3932252E-02
   7133.40  7.2771258E-02
   7133.60  7.1169773E-02
   7133.80  6.9192306E-02
   7134.00  6.6894633E-02
   7134.20  6.4337946E-02
   7134.40  6.1605651E-02
   7134.60  5.8807267E-02
   7134.80  5.6057942E-02
   7135.00  5.3445841E-02
   7135.20  5.1010894E-02
   7135.40  4.8747906E-02
   7135.60  4.6625480E-02
   7135.80  4.4605817E-02
   7136.00  4.2658169E-02
   7136.20  4.0763805E-02
   7136.40  3.8917101E-02
   7136.60  3.7124243E-02
   7136.80  3.5400126E-02
   7137.00  3.3766309E-02
   7137.20  3.2247578E-02
   7137.40  3.0868671E-02
   7137.60  2.9652139E-02
   7137.80  2.8622600E-02
   7138.00  2.7785454E-02
   7138.20  2.7138387E-02
   7138.40  2.6678507E-02
   7138.60  2.6396480E-02
   7138.80  2.6278151E-02
   7139.00  2.6305874E-02
   7139.20  2.6460303E-02
   7139.40  2.6721955E-02
   7139.60  2.7072173E-02
   7139.80  2.7493646E-02
   7140.00  2.7971035E-02
   7140.20  2.8491085E-02
   7140.40  2.9042367E-02
   7140.60  2.9615309E-02
   7140.80  3.0202077E-02
   7141.00  3.0795915E-02
   7141.20  3.1391454E-02
   7141.40  3.1984145E-02
   7141.60  3.2570154E-02
   7141.80  3.3145983E-02
   7142.00  3.3708611E-02
   7142.20  3.4254760E-02
   7142.40  3.4781250E-02
   7142.60  3.5284293E-02
   7142.80  3.5760008E-02
   7143.00  3.6204230E-02
   7143.20  3.6612717E-02
   7143.40  3.6980995E-02
   7143.60  3.7304855E-02
   7143.80  3.7580252E-02
   7144.00  3.7803580E-02
   7144.20  3.7972076E-02
   7144.40  3.8085276E-02
   7144.60  3.8154915E-02
   7144.80  3.8168685E-02
   7145.00  3.8127565E-02
   7145.20  3.8033527E-02
   7145.40  3.7889252E-02
   7145.60  3.7698285E-02
   7145.80  3.7464757E-02
   7146.00  3.7193334E-02
   7146.20  3.6888915E-02
   7146.40  3.6556691E-02
   7146.60  3.6201923E-02
   7146.80  3.5829835E-02
   7147.00  3.5445488E-02
   7147.20  3.5053856E-02
   7147.40  3.4659666E-02
   7147.60  3.4267386E-02
   7147.80  3.3881172E-02
   7148.00  3.3505002E-02
   7148.20  3.3142786E-02
   7148.40  3.2798067E-02
   7148.60  3.2473901E-02
   7148.80  3.2173754E-02
   7149.00  3.1893547E-02
   7149.20  3.1650432E-02
   7149.40  3.1440223E-02
   7149.60  3.1265606E-02
   7149.80  3.1129420E-02
   7150.00  3.1034611E-02
   7150.20  3.0984171E-02
   7150.40  3.0980750E-02
   7150.60  3.1027095E-02
   7150.80  3.1125707E-02
   7151.00  3.1279050E-02
   7151.20  3.1492680E-02
   7151.40  3.1760502E-02
   7151.60  3.2086600E-02
   7151.80  3.2471143E-02
   7152.00  3.2916876E-02
   7152.20  3.3417711E-02
   7152.40  3.3969556E-02
   7152.60  3.4571489E-02
   7152.80  3.5207355E-02
   7153.00  3.5872231E-02
   7153.20  3.6555869E-02
   7153.40  3.7246910E-02
   7153.60  3.7933270E-02
   7153.80  3.8602706E-02
   7154.00  3.9243191E-02
   7154.20  3.9843536E-02
   7154.40  4.0394072E-02
   7154.60  4.0887046E-02
   7154.80  4.1316865E-02
   7155.00  4.1680342E-02
   7155.20  4.1976338E-02
   7155.40  4.2205833E-02
   7155.60  4.2371704E-02
   7155.80  4.2478243E-02
   7156.00  4.2530532E-02
   7156.20  4.2534241E-02
   7156.40  4.2495232E-02
   7156.60  4.2419283E-02
   7156.80  4.2311927E-02
   7157.00  4.2178191E-02
   7157.20  4.2022539E-02
   7157.40  4.1849206E-02
   7157.60  4.1661414E-02
   7157.80  4.1462004E-02
   7158.00  4.1253295E-02
   7158.20  4.1037229E-02
   7158.40  4.0814668E-02
   7158.60  4.0588325E-02
   7158.80  4.0358396E-02
   7159.00  4.0125617E-02
   7159.20  3.9890873E-02
   7159.40  3.9654278E-02
   7159.60  3.9416068E-02
   7159.80  3.9176434E-02
   7160.00  3.8935108E-02
   7160.20  3.8692325E-02
   7160.40  3.8449198E-02
   7160.60  3.8204309E-02
   7160.80  3.7959221E-02
   7161.00  3.7711980E-02
   7161.20  3.7463738E-02
   7161.40  3.7210185E-02
   7161.60  3.6959258E-02
   7161.80  3.6710869E-02
   7162.00  3.6456829E-02
   7162.20  3.6201322E-02
   7162.40  3.5944951E-02
   7162.60  3.5687038E-02
   7162.80  3.5427582E-02
   7163.00  3.5166586E-02
   7163.20  3.4904871E-02
   7163.40  3.4641881E-02
   7163.60  3.4377663E-02
   7163.80  3.4111970E-02
   7164.00  3.3845113E-02
   7164.20  3.3577402E-02
   7164.40  3.3308346E-02
   7164.60  3.3038034E-02
   7164.80  3.2764312E-02
   7165.00  3.2491879E-02
   7165.20  3.2219450E-02
   7165.40  3.1946428E-02
   7165.60  3.1673182E-02
   7165.80  3.1400095E-02
   7166.00  3.1127711E-02
   7166.20  3.0856087E-02
   7166.40  3.0586276E-02
   7166.60  3.0318278E-02
   7166.80  3.0052503E-02
   7167.00  2.9789562E-02
   7167.20  2.9530131E-02
   7167.40  2.9274885E-02
   7167.60  2.9024495E-02
   7167.80  2.8780180E-02
   7168.00  2.8542503E-02
   7168.20  2.8312887E-02
   7168.40  2.8091520E-02
   7168.60  2.7879304E-02
   7168.80  2.7676566E-02
   7169.00  2.7483967E-02
   7169.20  2.7305773E-02
   7169.40  2.7135632E-02
   7169.60  2.6977267E-02
   7169.80  2.6830796E-02
   7170.00  2.6696333E-02
   7170.20  2.6573945E-02
   7170.40  2.6463603E-02
   7170.60  2.6365220E-02
   7170.80  2.6278557E-02
   7171.00  2.6203210E-02
   7171.20  2.6138894E-02
   7171.40  2.6085162E-02
   7171.60  2.6041302E-02
   7171.80  2.6006671E-02
   7172.00  2.5980462E-02
