  7112.000   26  1  1  7.5573726E-03 -2.9603130E+00 -2.8366607E+00  1  1  7.2666693E+03  0.0000000E+00  0.0000000E+00  1.3036938E+00  1.0000000E+00  0.0000000E+00 = E_edge, Z, n_edge, j_edge, Abs_before_edge, VO_interstitial, E_cut, ninitl, ninit1, Epsii, UnitCell_Volume, Surface_ref, f0_forward, natomsym_f, abs_u_i
    Energy    <xanes>    
   7097.00  1.9399677E-05
   7097.20  1.9463350E-05
   7097.40  1.9539903E-05
   7097.60  1.9630757E-05
   7097.80  1.9737817E-05
   7098.00  1.9863532E-05
   7098.20  2.0011115E-05
   7098.40  2.0184958E-05
   7098.60  2.0391091E-05
   7098.80  2.0638077E-05
   7099.00  2.0938743E-05
   7099.20  2.1313220E-05
   7099.40  2.1795387E-05
   7099.60  2.2448023E-05
   7099.80  2.3403372E-05
   7100.00  2.4997507E-05
   7100.20  2.8377670E-05
   7100.40  4.0341962E-05
   7100.60  3.2170429E-04
   7100.80  8.3101588E-05
   7101.00  4.0236706E-05
   7101.20  4.0525260E-05
   7101.40  5.2345497E-05
   7101.60  9.6208303E-05
   7101.80  5.0143344E-04
   7102.00  1.3737277E-03
   7102.20  1.2901388E-04
   7102.40  6.5694568E-05
   7102.60  5.6766594E-05
   7102.80  7.8971720E-05
   7103.00  6.0596999E-04
   7103.20  2.2740951E-04
   7103.40  1.2807696E-04
   7103.60  1.5912192E-02
   7103.80  1.2217956E-04
   7104.00  5.5283517E-05
   7104.20  4.4099513E-05
   7104.40  4.1784048E-05
   7104.60  4.3484700E-05
   7104.80  5.0697621E-05
   7105.00  8.1700517E-05
   7105.20  2.8357325E-03
   7105.40  1.8910127E-04
   7105.60  7.4527745E-05
   7105.80  7.0958152E-05
   7106.00  8.6152420E-05
   7106.20  1.3281553E-04
   7106.40  3.7764186E-04
   7106.60  3.4919818E-03
   7106.80  2.9360493E-02
   7107.00  4.1856936E-04
   7107.20  5.4402478E-04
   7107.40  1.7306420E-04
   7107.60  3.0970560E-04
   7107.80  1.8157493E-03
   7108.00  1.1483616E-03
   7108.20  2.7154687E-03
   7108.40  3.1401168E-03
   7108.60  1.6228513E-03
   7108.80  4.6691387E-02
   7109.00  3.1595963E-03
   7109.20  3.8463327E-03
   7109.40  2.4171951E-02
   7109.60  6.5855650E-03
   7109.80  2.2868235E-02
   7110.00  1.1375050E-02
   7110.20  3.5990788E-03
   7110.40  2.2593380E-03
   7110.60  4.2045679E-03
   7110.80  4.5461373E-03
   7111.00  3.6803375E-03
   7111.20  7.3622192E-03
   7111.40  1.6474585E-02
   7111.60  2.1266142E-02
   7111.80  3.0765547E-02
   7112.00  2.3557479E-02
   7112.20  3.0695344E-02
   7112.40  4.1895186E-02
   7112.60  3.8640005E-02
   7112.80  5.8547344E-02
   7113.00  5.9107702E-02
   7113.20  4.4676771E-02
   7113.40  4.8540491E-02
   7113.60  7.0905815E-02
   7113.80  4.9247345E-02
   7114.00  3.0845386E-02
   7114.20  2.2484984E-02
   7114.40  1.8203651E-02
   7114.60  1.5808801E-02
   7114.80  1.4513130E-02
   7115.00  1.4036572E-02
   7115.20  1.4317512E-02
   7115.40  1.5281212E-02
   7115.60  1.6450099E-02
   7115.80  1.6762719E-02
   7116.00  1.6022305E-02
   7116.20  1.4814967E-02
   7116.40  1.3735537E-02
   7116.60  1.2878840E-02
   7116.80  1.2042495E-02
   7117.00  1.1092472E-02
   7117.20  1.0154692E-02
   7117.40  9.3931650E-03
   7117.60  8.8457375E-03
   7117.80  8.4606608E-03
   7118.00  8.1520072E-03
   7118.20  7.8515824E-03
   7118.40  7.5648459E-03
   7118.60  7.3476050E-03
   7118.80  7.2166224E-03
   7119.00  7.1444656E-03
   7119.20  7.1026440E-03
   7119.40  7.0774915E-03
   7119.60  7.0704840E-03
   7119.80  7.0984894E-03
   7120.00  7.1892152E-03
   7120.20  7.3513612E-03
   7120.40  7.5083960E-03
   7120.60  7.4758938E-03
   7120.80  7.1248930E-03
   7121.00  6.5951091E-03
   7121.20  6.1462571E-03
   7121.40  5.9001219E-03
   7121.60  5.8246503E-03
   7121.80  5.8435991E-03
   7122.00  5.9057220E-03
   7122.20  5.9858923E-03
   7122.40  6.0760148E-03
   7122.60  6.1751110E-03
   7122.80  6.2850756E-03
   7123.00  6.4090086E-03
   7123.20  6.5517295E-03
   7123.40  6.7157040E-03
   7123.60  6.9066976E-03
   7123.80  7.1305258E-03
   7124.00  7.3941258E-03
   7124.20  7.7059341E-03
   7124.40  8.0763329E-03
   7124.60  8.5180519E-03
   7124.80  9.0459712E-03
   7125.00  9.6767050E-03
   7125.20  1.0421500E-02
   7125.40  1.1287017E-02
   7125.60  1.2270635E-02
   7125.80  1.3386793E-02
   7126.00  1.4585177E-02
   7126.20  1.5953064E-02
   7126.40  1.7308644E-02
   7126.60  1.8711653E-02
   7126.80  2.0137937E-02
   7127.00  2.1560423E-02
   7127.20  2.2940141E-02
   7127.40  2.4203699E-02
   7127.60  2.5255945E-02
   7127.80  2.6024943E-02
   7128.00  2.6526929E-02
   7128.20  2.7002875E-02
   7128.40  2.7487853E-02
   7128.60  2.8318640E-02
   7128.80  2.9561153E-02
   7129.00  3.1595565E-02
   7129.20  3.4366535E-02
   7129.40  3.7843180E-02
   7129.60  4.1862106E-02
   7129.80  4.6128018E-02
   7130.00  5.0293851E-02
   7130.20  5.4085779E-02
   7130.40  5.7380242E-02
   7130.60  6.0187305E-02
   7130.80  6.2581962E-02
   7131.00  6.4650687E-02
   7131.20  6.6474056E-02
   7131.40  6.8129273E-02
   7131.60  6.9691923E-02
   7131.80  7.1224560E-02
   7132.00  7.2751348E-02
   7132.20  7.4226445E-02
   7132.40  7.5515132E-02
   7132.60  7.6422240E-02
   7132.80  7.6766017E-02
   7133.00  7.6451421E-02
   7133.20  7.5484480E-02
   7133.40  7.3938250E-02
   7133.60  7.1911394E-02
   7133.80  6.9509102E-02
   7134.00  6.6840946E-02
   7134.20  6.4022672E-02
   7134.40  6.1170060E-02
   7134.60  5.8384704E-02
   7134.80  5.5738198E-02
   7135.00  5.3265144E-02
   7135.20  5.0967078E-02
   7135.40  4.8823255E-02
   7135.60  4.6802538E-02
   7135.80  4.4873354E-02
   7136.00  4.3009330E-02
   7136.20  4.1193626E-02
   7136.40  3.9419929E-02
   7136.60  3.7691562E-02
   7136.80  3.6021301E-02
   7137.00  3.4427915E-02
   7137.20  3.2935162E-02
   7137.40  3.1567349E-02
   7137.60  3.0347515E-02
   7137.80  2.9298743E-02
   7138.00  2.8435463E-02
   7138.20  2.7753905E-02
   7138.40  2.7253715E-02
   7138.60  2.6928075E-02
   7138.80  2.6765083E-02
   7139.00  2.6749185E-02
   7139.20  2.6862755E-02
   7139.40  2.7087670E-02
   7139.60  2.7406413E-02
   7139.80  2.7802542E-02
   7140.00  2.8261323E-02
   7140.20  2.8769834E-02
   7140.40  2.9316866E-02
   7140.60  2.9892660E-02
   7140.80  3.0489012E-02
   7141.00  3.1098550E-02
   7141.20  3.1715001E-02
   7141.40  3.2332960E-02
   7141.60  3.2947513E-02
   7141.80  3.3554098E-02
   7142.00  3.4148680E-02
   7142.20  3.4727151E-02
   7142.40  3.5285493E-02
   7142.60  3.5819489E-02
   7142.80  3.6324748E-02
   7143.00  3.6796813E-02
   7143.20  3.7231231E-02
   7143.40  3.7623475E-02
   7143.60  3.7969163E-02
   7143.80  3.8264411E-02
   7144.00  3.8505499E-02
   7144.20  3.8689639E-02
   7144.40  3.8814936E-02
   7144.60  3.8890535E-02
   7144.80  3.8912935E-02
   7145.00  3.8878280E-02
   7145.20  3.8788534E-02
   7145.40  3.8646345E-02
   7145.60  3.8455210E-02
   7145.80  3.8219232E-02
   7146.00  3.7943081E-02
   7146.20  3.7631617E-02
   7146.40  3.7290000E-02
   7146.60  3.6923441E-02
   7146.80  3.6537126E-02
   7147.00  3.6136054E-02
   7147.20  3.5725116E-02
   7147.40  3.5308948E-02
   7147.60  3.4891916E-02
   7147.80  3.4478056E-02
   7148.00  3.4071203E-02
   7148.20  3.3674929E-02
   7148.40  3.3292840E-02
   7148.60  3.2927940E-02
   7148.80  3.2582997E-02
   7149.00  3.2253617E-02
   7149.20  3.1957950E-02
   7149.40  3.1690586E-02
   7149.60  3.1454575E-02
   7149.80  3.1252327E-02
   7150.00  3.1086596E-02
   7150.20  3.0960324E-02
   7150.40  3.0876425E-02
   7150.60  3.0837680E-02
   7150.80  3.0846898E-02
   7151.00  3.0906953E-02
   7151.20  3.1020520E-02
   7151.40  3.1189702E-02
   7151.60  3.1416354E-02
   7151.80  3.1703950E-02
   7152.00  3.2050931E-02
   7152.20  3.2459483E-02
   7152.40  3.2925676E-02
   7152.60  3.3446056E-02
   7152.80  3.4015621E-02
   7153.00  3.4627145E-02
   7153.20  3.5271954E-02
   7153.40  3.5939773E-02
   7153.60  3.6619017E-02
   7153.80  3.7297288E-02
   7154.00  3.7961821E-02
   7154.20  3.8600069E-02
   7154.40  3.9200433E-02
   7154.60  3.9752840E-02
   7154.80  4.0249206E-02
   7155.00  4.0683743E-02
   7155.20  4.1052938E-02
   7155.40  4.1355446E-02
   7155.60  4.1592229E-02
   7155.80  4.1766012E-02
   7156.00  4.1880912E-02
   7156.20  4.1941891E-02
   7156.40  4.1954497E-02
   7156.60  4.1924474E-02
   7156.80  4.1857537E-02
   7157.00  4.1759084E-02
   7157.20  4.1634010E-02
   7157.40  4.1486860E-02
   7157.60  4.1321688E-02
   7157.80  4.1141765E-02
   7158.00  4.0948633E-02
   7158.20  4.0747197E-02
   7158.40  4.0538139E-02
   7158.60  4.0323052E-02
   7158.80  4.0103212E-02
   7159.00  3.9879625E-02
   7159.20  3.9653163E-02
   7159.40  3.9424569E-02
   7159.60  3.9194021E-02
   7159.80  3.8961824E-02
   7160.00  3.8728203E-02
   7160.20  3.8491114E-02
   7160.40  3.8254413E-02
   7160.60  3.8017627E-02
   7160.80  3.7778628E-02
   7161.00  3.7538254E-02
   7161.20  3.7292528E-02
   7161.40  3.7049517E-02
   7161.60  3.6809535E-02
   7161.80  3.6562798E-02
   7162.00  3.6314109E-02
   7162.20  3.6063362E-02
   7162.40  3.5810453E-02
   7162.60  3.5555782E-02
   7162.80  3.5298996E-02
   7163.00  3.5039876E-02
   7163.20  3.4778405E-02
   7163.40  3.4515216E-02
   7163.60  3.4250433E-02
   7163.80  3.3983414E-02
   7164.00  3.3714219E-02
   7164.20  3.3440985E-02
   7164.40  3.3168640E-02
   7164.60  3.2894537E-02
   7164.80  3.2618899E-02
   7165.00  3.2341970E-02
   7165.20  3.2064027E-02
   7165.40  3.1786077E-02
   7165.60  3.1508029E-02
   7165.80  3.1230199E-02
   7166.00  3.0953172E-02
   7166.20  3.0677320E-02
   7166.40  3.0402995E-02
   7166.60  3.0131224E-02
   7166.80  2.9862320E-02
   7167.00  2.9596661E-02
   7167.20  2.9334934E-02
   7167.40  2.9077810E-02
   7167.60  2.8825933E-02
   7167.80  2.8580018E-02
   7168.00  2.8341279E-02
   7168.20  2.8110419E-02
   7168.40  2.7888553E-02
   7168.60  2.7675964E-02
   7168.80  2.7473323E-02
   7169.00  2.7280989E-02
   7169.20  2.7102963E-02
   7169.40  2.6933071E-02
   7169.60  2.6775187E-02
   7169.80  2.6629597E-02
   7170.00  2.6496204E-02
   7170.20  2.6375111E-02
   7170.40  2.6266319E-02
   7170.60  2.6169798E-02
   7170.80  2.6085367E-02
   7171.00  2.6012672E-02
   7171.20  2.5951306E-02
   7171.40  2.5900988E-02
   7171.60  2.5861225E-02
   7171.80  2.5831346E-02
   7172.00  2.5810509E-02
