  7112.000   26  1  1  1.5971420E-02 -2.6877756E+00 -2.4120538E-01  1  1  7.2647219E+03  0.0000000E+00  0.0000000E+00  5.4709792E+00  1.0000000E+00  0.0000000E+00 = E_edge, Z, n_edge, j_edge, Abs_before_edge, VO_interstitial, E_cut, ninitl, ninit1, Epsii, UnitCell_Volume, Surface_ref, f0_forward, natomsym_f, abs_u_i
    Energy    <xanes>    
   7097.00  1.6347724E-04
   7097.20  3.3440507E-05
   7097.40  3.0144136E-05
   7097.60  2.8776893E-05
   7097.80  2.8165287E-05
   7098.00  2.8108059E-05
   7098.20  2.8594560E-05
   7098.40  2.9760058E-05
   7098.60  3.1973028E-05
   7098.80  3.6154893E-05
   7099.00  4.5967068E-05
   7099.20  6.9732593E-05
   7099.40  5.2194836E-04
   7099.60  4.6817676E-04
   7099.80  4.7699287E-03
   7100.00  1.9278125E-04
   7100.20  7.6623329E-05
   7100.40  5.0518923E-05
   7100.60  4.1299041E-05
   7100.80  3.7790446E-05
   7101.00  3.7223032E-05
   7101.20  3.9224642E-05
   7101.40  4.5651921E-05
   7101.60  6.8554455E-05
   7101.80  4.1196104E-04
   7102.00  2.2230553E-04
   7102.20  1.0093393E-04
   7102.40  1.5988216E-04
   7102.60  6.8521254E-04
   7102.80  7.8385010E-03
   7103.00  3.0259143E-04
   7103.20  1.6066070E-04
   7103.40  2.0396470E-04
   7103.60  7.6486874E-05
   7103.80  1.6905209E-04
   7104.00  1.6739374E-04
   7104.20  4.8158342E-04
   7104.40  5.7287537E-05
   7104.60  5.2562596E-05
   7104.80  6.0341750E-05
   7105.00  1.1769814E-04
   7105.20  5.6411402E-04
   7105.40  1.0818399E-03
   7105.60  1.1654670E-04
   7105.80  2.0345541E-04
   7106.00  5.6977101E-04
   7106.20  8.7993473E-04
   7106.40  2.2900290E-04
   7106.60  9.2348554E-04
   7106.80  5.1454073E-04
   7107.00  2.3616092E-03
   7107.20  1.8575840E-02
   7107.40  3.4437211E-02
   7107.60  1.8059174E-03
   7107.80  7.3660840E-04
   7108.00  1.0690935E-01
   7108.20  5.9727889E-04
   7108.40  2.1435610E-03
   7108.60  1.2626985E-03
   7108.80  6.9134633E-03
   7109.00  6.6661536E-04
   7109.20  3.3734055E-04
   7109.40  5.7624426E-04
   7109.60  3.3645716E-04
   7109.80  1.0824353E-03
   7110.00  1.0121251E-02
   7110.20  2.9595467E-02
   7110.40  3.2407609E-02
   7110.60  1.6850344E-02
   7110.80  6.4179274E-02
   7111.00  1.3431888E-02
   7111.20  7.2607975E-03
   7111.40  1.9127111E-02
   7111.60  3.1579642E-02
   7111.80  1.0091138E-02
   7112.00  7.1213644E-02
   7112.20  8.3575488E-03
   7112.40  4.5534686E-03
   7112.60  4.6692834E-03
   7112.80  5.6237814E-03
   7113.00  6.4391433E-03
   7113.20  7.4556323E-03
   7113.40  9.7061302E-03
   7113.60  1.3485361E-02
   7113.80  1.5397161E-02
   7114.00  1.1340928E-02
   7114.20  5.8583623E-03
   7114.40  5.7245569E-03
   7114.60  2.8878660E-03
   7114.80  1.9988241E-03
   7115.00  1.7557525E-03
   7115.20  1.7646896E-03
   7115.40  1.3685419E-03
   7115.60  1.0430100E-03
   7115.80  8.8726206E-04
   7116.00  8.0321259E-04
   7116.20  7.5069934E-04
   7116.40  7.0898915E-04
   7116.60  6.7602617E-04
   7116.80  6.5342088E-04
   7117.00  6.3995914E-04
   7117.20  6.3511617E-04
   7117.40  6.3881067E-04
   7117.60  6.5109470E-04
   7117.80  6.7238714E-04
   7118.00  7.0433943E-04
   7118.20  7.4966046E-04
   7118.40  8.0790531E-04
   7118.60  8.6968543E-04
   7118.80  9.3116985E-04
   7119.00  1.0027545E-03
   7119.20  1.0918061E-03
   7119.40  1.2048971E-03
   7119.60  1.3541413E-03
   7119.80  1.5620209E-03
   7120.00  1.8706201E-03
   7120.20  2.3581816E-03
   7120.40  3.1458972E-03
   7120.60  4.2309463E-03
   7120.80  4.8798141E-03
   7121.00  4.4644961E-03
   7121.20  3.9172140E-03
   7121.40  3.7607632E-03
   7121.60  3.9497930E-03
   7121.80  4.3977332E-03
   7122.00  5.0676073E-03
   7122.20  5.9811016E-03
   7122.40  7.1490535E-03
   7122.60  8.6371506E-03
   7122.80  1.0534269E-02
   7123.00  1.3235594E-02
   7123.20  1.6157484E-02
   7123.40  1.9346877E-02
   7123.60  2.2278647E-02
   7123.80  2.4276122E-02
   7124.00  2.5145721E-02
   7124.20  2.5409861E-02
   7124.40  2.5925855E-02
   7124.60  2.7350688E-02
   7124.80  2.9667839E-02
   7125.00  3.1671617E-02
   7125.20  3.1662254E-02
   7125.40  3.0173265E-02
   7125.60  2.9448539E-02
   7125.80  3.0730247E-02
   7126.00  3.4162452E-02
   7126.20  3.9358151E-02
   7126.40  4.4830792E-02
   7126.60  4.8688340E-02
   7126.80  5.0631442E-02
   7127.00  5.2231192E-02
   7127.20  5.4002574E-02
   7127.40  5.4970218E-02
   7127.60  5.4761527E-02
   7127.80  5.3983616E-02
   7128.00  5.3327864E-02
   7128.20  5.3087950E-02
   7128.40  5.3230126E-02
   7128.60  5.3612725E-02
   7128.80  5.4135283E-02
   7129.00  5.4755683E-02
   7129.20  5.5450486E-02
   7129.40  5.6183850E-02
   7129.60  5.6904095E-02
   7129.80  5.7561855E-02
   7130.00  5.8130475E-02
   7130.20  5.8617897E-02
   7130.40  5.9060284E-02
   7130.60  5.9489241E-02
   7130.80  5.9888519E-02
   7131.00  6.0172671E-02
   7131.20  6.0204455E-02
   7131.40  5.9857233E-02
   7131.60  5.9087838E-02
   7131.80  5.7952315E-02
   7132.00  5.6541288E-02
   7132.20  5.4923691E-02
   7132.40  5.3168000E-02
   7132.60  5.1380126E-02
   7132.80  4.9699226E-02
   7133.00  4.8261404E-02
   7133.20  4.7169773E-02
   7133.40  4.6476499E-02
   7133.60  4.6172428E-02
   7133.80  4.6186380E-02
   7134.00  4.6399236E-02
   7134.20  4.6671029E-02
   7134.40  4.6872444E-02
   7134.60  4.6911822E-02
   7134.80  4.6761915E-02
   7135.00  4.6448271E-02
   7135.20  4.6032818E-02
   7135.40  4.5591059E-02
   7135.60  4.5192610E-02
   7135.80  4.4887304E-02
   7136.00  4.4700203E-02
   7136.20  4.4631942E-02
   7136.40  4.4664119E-02
   7136.60  4.4768285E-02
   7136.80  4.4915654E-02
   7137.00  4.5084210E-02
   7137.20  4.5258862E-02
   7137.40  4.5426497E-02
   7137.60  4.5549334E-02
   7137.80  4.5653506E-02
   7138.00  4.5683812E-02
   7138.20  4.5618585E-02
   7138.40  4.5447380E-02
   7138.60  4.5172032E-02
   7138.80  4.4803572E-02
   7139.00  4.4357080E-02
   7139.20  4.3848185E-02
   7139.40  4.3291005E-02
   7139.60  4.2697555E-02
   7139.80  4.2077983E-02
   7140.00  4.1441117E-02
   7140.20  4.0795314E-02
   7140.40  4.0148121E-02
   7140.60  3.9506752E-02
   7140.80  3.8877849E-02
   7141.00  3.8267191E-02
   7141.20  3.7682189E-02
   7141.40  3.7123276E-02
   7141.60  3.6592920E-02
   7141.80  3.6092590E-02
   7142.00  3.5622734E-02
   7142.20  3.5182786E-02
   7142.40  3.4771435E-02
   7142.60  3.4386811E-02
   7142.80  3.4026498E-02
   7143.00  3.3687754E-02
   7143.20  3.3367767E-02
   7143.40  3.3063750E-02
   7143.60  3.2773054E-02
   7143.80  3.2493376E-02
   7144.00  3.2222762E-02
   7144.20  3.1959513E-02
   7144.40  3.1702158E-02
   7144.60  3.1449283E-02
   7144.80  3.1199831E-02
   7145.00  3.0952362E-02
   7145.20  3.0704272E-02
   7145.40  3.0452986E-02
   7145.60  3.0195725E-02
   7145.80  2.9929701E-02
   7146.00  2.9652346E-02
   7146.20  2.9360987E-02
   7146.40  2.9056312E-02
   7146.60  2.8737217E-02
   7146.80  2.8404492E-02
   7147.00  2.8059195E-02
   7147.20  2.7702962E-02
   7147.40  2.7339778E-02
   7147.60  2.6966625E-02
   7147.80  2.6585805E-02
   7148.00  2.6197523E-02
   7148.20  2.5801887E-02
   7148.40  2.5398341E-02
   7148.60  2.4994935E-02
   7148.80  2.4585884E-02
   7149.00  2.4169547E-02
   7149.20  2.3746589E-02
   7149.40  2.3317306E-02
   7149.60  2.2883640E-02
   7149.80  2.2428877E-02
   7150.00  2.1993446E-02
   7150.20  2.1558188E-02
   7150.40  2.1134959E-02
   7150.60  2.0726305E-02
   7150.80  2.0334863E-02
   7151.00  1.9964884E-02
   7151.20  1.9620413E-02
   7151.40  1.9305260E-02
   7151.60  1.9022587E-02
   7151.80  1.8774863E-02
   7152.00  1.8563779E-02
   7152.20  1.8390057E-02
   7152.40  1.8253372E-02
   7152.60  1.8152406E-02
   7152.80  1.8085219E-02
   7153.00  1.8049395E-02
   7153.20  1.8042473E-02
   7153.40  1.8062324E-02
   7153.60  1.8107111E-02
   7153.80  1.8175280E-02
   7154.00  1.8265264E-02
   7154.20  1.8375079E-02
   7154.40  1.8502373E-02
   7154.60  1.8643884E-02
   7154.80  1.8796031E-02
   7155.00  1.8954806E-02
   7155.20  1.9115993E-02
   7155.40  1.9275505E-02
   7155.60  1.9429623E-02
   7155.80  1.9575124E-02
   7156.00  1.9709349E-02
   7156.20  1.9830251E-02
   7156.40  1.9937649E-02
   7156.60  2.0029654E-02
   7156.80  2.0107369E-02
   7157.00  2.0167373E-02
   7157.20  2.0207332E-02
   7157.40  2.0226424E-02
   7157.60  2.0223147E-02
   7157.80  2.0196803E-02
   7158.00  2.0146789E-02
   7158.20  2.0072261E-02
   7158.40  1.9973688E-02
   7158.60  1.9852293E-02
   7158.80  1.9709634E-02
   7159.00  1.9548442E-02
   7159.20  1.9372545E-02
   7159.40  1.9186783E-02
   7159.60  1.8996622E-02
   7159.80  1.8807562E-02
   7160.00  1.8625697E-02
   7160.20  1.8457260E-02
   7160.40  1.8308361E-02
   7160.60  1.8185036E-02
   7160.80  1.8092731E-02
   7161.00  1.8037598E-02
   7161.20  1.8021994E-02
   7161.40  1.8048590E-02
   7161.60  1.8121911E-02
   7161.80  1.8244444E-02
   7162.00  1.8417099E-02
   7162.20  1.8642539E-02
   7162.40  1.8920440E-02
   7162.60  1.9250343E-02
   7162.80  1.9637237E-02
   7163.00  2.0068919E-02
   7163.20  2.0548532E-02
   7163.40  2.1073648E-02
   7163.60  2.1641318E-02
   7163.80  2.2247943E-02
   7164.00  2.2889536E-02
   7164.20  2.3561910E-02
   7164.40  2.4259959E-02
   7164.60  2.4978380E-02
   7164.80  2.5711481E-02
   7165.00  2.6453235E-02
   7165.20  2.7196516E-02
   7165.40  2.7934843E-02
   7165.60  2.8660778E-02
   7165.80  2.9369665E-02
   7166.00  3.0051334E-02
   7166.20  3.0694505E-02
   7166.40  3.1291771E-02
   7166.60  3.1835013E-02
   7166.80  3.2316774E-02
   7167.00  3.2730745E-02
   7167.20  3.3072119E-02
   7167.40  3.3337943E-02
   7167.60  3.3527735E-02
   7167.80  3.3643219E-02
   7168.00  3.3688685E-02
   7168.20  3.3671152E-02
   7168.40  3.3599902E-02
   7168.60  3.3485883E-02
   7168.80  3.3340780E-02
   7169.00  3.3177186E-02
   7169.20  3.3007866E-02
   7169.40  3.2844471E-02
   7169.60  3.2697617E-02
   7169.80  3.2576087E-02
   7170.00  3.2487374E-02
   7170.20  3.2436570E-02
   7170.40  3.2426705E-02
   7170.60  3.2458920E-02
   7170.80  3.2532525E-02
   7171.00  3.2644549E-02
   7171.20  3.2790995E-02
   7171.40  3.2966882E-02
   7171.60  3.3166480E-02
   7171.80  3.3383298E-02
   7172.00  3.3611103E-02
