  7112.000   26  1  1  1.2678394E-02 -3.1996623E+00 -9.7559647E-01  1  1  7.2655075E+03  0.0000000E+00  0.0000000E+00  3.9893165E+00  1.0000000E+00  0.0000000E+00 = E_edge, Z, n_edge, j_edge, Abs_before_edge, VO_interstitial, E_cut, ninitl, ninit1, Epsii, UnitCell_Volume, Surface_ref, f0_forward, natomsym_f, abs_u_i
    Energy    <xanes>    
   7097.00  1.4777834E-01
   7097.20  5.0991817E-04
   7097.40  3.6226182E-04
   7097.60  1.8372276E-03
   7097.80  2.9311543E-03
   7098.00  3.2514367E-04
   7098.20  1.5770602E-04
   7098.40  1.4511786E-04
   7098.60  3.1300134E-04
   7098.80  5.3963477E-02
   7099.00  3.9733698E-04
   7099.20  1.1357688E-04
   7099.40  6.7729084E-05
   7099.60  5.1827066E-05
   7099.80  4.4779078E-05
   7100.00  4.2113603E-05
   7100.20  4.5785878E-05
   7100.40  5.6196363E-04
   7100.60  5.7205541E-05
   7100.80  4.3188083E-05
   7101.00  6.0910516E-05
   7101.20  7.3519819E-05
   7101.40  5.6550156E-05
   7101.60  7.8661121E-05
   7101.80  1.8301230E-04
   7102.00  9.4251682E-03
   7102.20  4.0014219E-04
   7102.40  1.5365339E-02
   7102.60  2.4894777E-04
   7102.80  1.8971657E-02
   7103.00  5.2057218E-04
   7103.20  6.3524694E-04
   7103.40  5.7383564E-04
   7103.60  1.0320740E-04
   7103.80  2.0428172E-04
   7104.00  3.1705001E-04
   7104.20  7.2382623E-05
   7104.40  7.3230401E-05
   7104.60  9.5070056E-05
   7104.80  2.5311199E-04
   7105.00  2.8373012E-04
   7105.20  5.3763567E-04
   7105.40  3.4846426E-03
   7105.60  7.8102414E-04
   7105.80  1.9888055E-02
   7106.00  1.1949564E-03
   7106.20  6.7293820E-04
   7106.40  6.9901537E-04
   7106.60  6.5040214E-03
   7106.80  4.3682406E-02
   7107.00  2.8855488E-03
   7107.20  3.7152427E-01
   7107.40  6.7349017E-03
   7107.60  3.3531815E-02
   7107.80  7.6943836E-03
   7108.00  5.0147830E-04
   7108.20  2.5152556E-03
   7108.40  5.6286163E-04
   7108.60  5.3268988E-03
   7108.80  1.6323771E-02
   7109.00  9.8783736E-03
   7109.20  4.8251616E-02
   7109.40  6.0296126E-03
   7109.60  3.2901541E-02
   7109.80  1.6024343E-02
   7110.00  3.4074955E-02
   7110.20  1.1544814E-02
   7110.40  1.4886033E-02
   7110.60  1.2311777E-02
   7110.80  8.5317686E-03
   7111.00  2.4388159E-02
   7111.20  1.7863227E-02
   7111.40  2.3066513E-02
   7111.60  5.7635995E-02
   7111.80  9.4157872E-02
   7112.00  4.0714314E-02
   7112.20  1.9397655E-02
   7112.40  3.3964482E-02
   7112.60  1.8693972E-02
   7112.80  6.8037216E-03
   7113.00  3.6667969E-03
   7113.20  2.9024008E-03
   7113.40  3.1255628E-03
   7113.60  1.4153568E-03
   7113.80  1.0928225E-03
   7114.00  9.2480609E-04
   7114.20  8.3383911E-04
   7114.40  8.4934265E-04
   7114.60  1.4502556E-03
   7114.80  2.4795274E-03
   7115.00  1.0153362E-03
   7115.20  1.9264787E-03
   7115.40  1.6556953E-03
   7115.60  1.3532553E-03
   7115.80  1.9014968E-03
   7116.00  2.7020341E-03
   7116.20  2.7065677E-03
   7116.40  2.1242406E-03
   7116.60  1.4605818E-03
   7116.80  1.0463694E-03
   7117.00  8.5043304E-04
   7117.20  7.6053591E-04
   7117.40  7.2260991E-04
   7117.60  7.1359871E-04
   7117.80  7.2315611E-04
   7118.00  7.4665768E-04
   7118.20  7.8190307E-04
   7118.40  8.2496415E-04
   7118.60  8.6781823E-04
   7118.80  9.0916424E-04
   7119.00  9.5465145E-04
   7119.20  9.9882084E-04
   7119.40  1.0299610E-03
   7119.60  1.0472255E-03
   7119.80  1.0714420E-03
   7120.00  1.1290497E-03
   7120.20  1.2423434E-03
   7120.40  1.4362771E-03
   7120.60  1.7531449E-03
   7120.80  2.2770035E-03
   7121.00  3.1793286E-03
   7121.20  4.7635348E-03
   7121.40  7.1154283E-03
   7121.60  8.5670334E-03
   7121.80  7.6720697E-03
   7122.00  6.6295489E-03
   7122.20  6.2890119E-03
   7122.40  6.3131060E-03
   7122.60  6.4422271E-03
   7122.80  6.6959433E-03
   7123.00  7.6241341E-03
   7123.20  8.9878921E-03
   7123.40  1.0337775E-02
   7123.60  1.1262307E-02
   7123.80  1.1497532E-02
   7124.00  1.1117252E-02
   7124.20  1.0247963E-02
   7124.40  9.4086652E-03
   7124.60  8.7857816E-03
   7124.80  8.4489719E-03
   7125.00  8.4619465E-03
   7125.20  8.8492567E-03
   7125.40  9.6478604E-03
   7125.60  1.1001639E-02
   7125.80  1.2917612E-02
   7126.00  1.5499979E-02
   7126.20  1.8631051E-02
   7126.40  2.1840624E-02
   7126.60  2.4535304E-02
   7126.80  2.6346358E-02
   7127.00  2.7457752E-02
   7127.20  2.8337940E-02
   7127.40  2.9305730E-02
   7127.60  3.0381932E-02
   7127.80  3.1507041E-02
   7128.00  3.2848684E-02
   7128.20  3.4574568E-02
   7128.40  3.6415778E-02
   7128.60  3.7762399E-02
   7128.80  3.8494262E-02
   7129.00  3.9232300E-02
   7129.20  4.0504365E-02
   7129.40  4.2282156E-02
   7129.60  4.4289043E-02
   7129.80  4.6395526E-02
   7130.00  4.8651317E-02
   7130.20  5.1120303E-02
   7130.40  5.3771750E-02
   7130.60  5.6449527E-02
   7130.80  5.8892477E-02
   7131.00  6.0791982E-02
   7131.20  6.1872040E-02
   7131.40  6.1974161E-02
   7131.60  6.1127791E-02
   7131.80  5.9565440E-02
   7132.00  5.7674983E-02
   7132.20  5.5912459E-02
   7132.40  5.4703569E-02
   7132.60  5.4349449E-02
   7132.80  5.4955376E-02
   7133.00  5.6412853E-02
   7133.20  5.8430229E-02
   7133.40  6.0559099E-02
   7133.60  6.2178397E-02
   7133.80  6.2440070E-02
   7134.00  6.0572246E-02
   7134.20  5.6884605E-02
   7134.40  5.2755786E-02
   7134.60  4.9376836E-02
   7134.80  4.7156576E-02
   7135.00  4.6022873E-02
   7135.20  4.5753451E-02
   7135.40  4.6120283E-02
   7135.60  4.6934014E-02
   7135.80  4.8050193E-02
   7136.00  4.9364036E-02
   7136.20  5.0802713E-02
   7136.40  5.2316865E-02
   7136.60  5.3874379E-02
   7136.80  5.5458041E-02
   7137.00  5.7067997E-02
   7137.20  5.8726402E-02
   7137.40  6.0479563E-02
   7137.60  6.2392537E-02
   7137.80  6.4519722E-02
   7138.00  6.6835590E-02
   7138.20  6.9117742E-02
   7138.40  7.0845676E-02
   7138.60  7.1307338E-02
   7138.80  7.0029806E-02
   7139.00  6.7190234E-02
   7139.20  6.3486851E-02
   7139.40  5.9643450E-02
   7139.60  5.6062413E-02
   7139.80  5.2997230E-02
   7140.00  5.0402354E-02
   7140.20  4.8221529E-02
   7140.40  4.6386161E-02
   7140.60  4.4864758E-02
   7140.80  4.3570879E-02
   7141.00  4.2470972E-02
   7141.20  4.1540538E-02
   7141.40  4.0761353E-02
   7141.60  4.0119869E-02
   7141.80  3.9604598E-02
   7142.00  3.9204843E-02
   7142.20  3.8894259E-02
   7142.40  3.8692564E-02
   7142.60  3.8570113E-02
   7142.80  3.8514426E-02
   7143.00  3.8514563E-02
   7143.20  3.8561512E-02
   7143.40  3.8648103E-02
   7143.60  3.8768689E-02
   7143.80  3.8918509E-02
   7144.00  3.9093231E-02
   7144.20  3.9288574E-02
   7144.40  3.9500072E-02
   7144.60  3.9723055E-02
   7144.80  3.9952374E-02
   7145.00  4.0182303E-02
   7145.20  4.0406525E-02
   7145.40  4.0618055E-02
   7145.60  4.0809424E-02
   7145.80  4.0973044E-02
   7146.00  4.1101601E-02
   7146.20  4.1188448E-02
   7146.40  4.1227889E-02
   7146.60  4.1215156E-02
   7146.80  4.1146330E-02
   7147.00  4.1018248E-02
   7147.20  4.0828372E-02
   7147.40  4.0573883E-02
   7147.60  4.0251890E-02
   7147.80  3.9873217E-02
   7148.00  3.9441802E-02
   7148.20  3.8963787E-02
   7148.40  3.8445913E-02
   7148.60  3.7896367E-02
   7148.80  3.7323900E-02
   7149.00  3.6736958E-02
   7149.20  3.6143208E-02
   7149.40  3.5549261E-02
   7149.60  3.4960765E-02
   7149.80  3.4382543E-02
   7150.00  3.3819053E-02
   7150.20  3.3270511E-02
   7150.40  3.2743642E-02
   7150.60  3.2243931E-02
   7150.80  3.1768644E-02
   7151.00  3.1318952E-02
   7151.20  3.0895222E-02
   7151.40  3.0497124E-02
   7151.60  3.0124331E-02
   7151.80  2.9775431E-02
   7152.00  2.9448632E-02
   7152.20  2.9141718E-02
   7152.40  2.8852076E-02
   7152.60  2.8580405E-02
   7152.80  2.8309465E-02
   7153.00  2.8050156E-02
   7153.20  2.7792627E-02
   7153.40  2.7532437E-02
   7153.60  2.7265884E-02
   7153.80  2.6990159E-02
   7154.00  2.6703319E-02
   7154.20  2.6404696E-02
   7154.40  2.6093719E-02
   7154.60  2.5770672E-02
   7154.80  2.5436219E-02
   7155.00  2.5091200E-02
   7155.20  2.4736476E-02
   7155.40  2.4380638E-02
   7155.60  2.4010463E-02
   7155.80  2.3633842E-02
   7156.00  2.3252026E-02
   7156.20  2.2865076E-02
   7156.40  2.2475834E-02
   7156.60  2.2086141E-02
   7156.80  2.1698059E-02
   7157.00  2.1312890E-02
   7157.20  2.0932267E-02
   7157.40  2.0557717E-02
   7157.60  2.0190680E-02
   7157.80  1.9832550E-02
   7158.00  1.9484693E-02
   7158.20  1.9148618E-02
   7158.40  1.8825940E-02
   7158.60  1.8518016E-02
   7158.80  1.8226572E-02
   7159.00  1.7953320E-02
   7159.20  1.7699879E-02
   7159.40  1.7467666E-02
   7159.60  1.7257801E-02
   7159.80  1.7072811E-02
   7160.00  1.6909640E-02
   7160.20  1.6769902E-02
   7160.40  1.6652927E-02
   7160.60  1.6557796E-02
   7160.80  1.6483261E-02
   7161.00  1.6428256E-02
   7161.20  1.6390239E-02
   7161.40  1.6370902E-02
   7161.60  1.6362092E-02
   7161.80  1.6371501E-02
   7162.00  1.6383164E-02
   7162.20  1.6407692E-02
   7162.40  1.6443761E-02
   7162.60  1.6473798E-02
   7162.80  1.6506318E-02
   7163.00  1.6540316E-02
   7163.20  1.6575226E-02
   7163.40  1.6610956E-02
   7163.60  1.6647844E-02
   7163.80  1.6686778E-02
   7164.00  1.6729750E-02
   7164.20  1.6778641E-02
   7164.40  1.6834706E-02
   7164.60  1.6900239E-02
   7164.80  1.6976823E-02
   7165.00  1.7066687E-02
   7165.20  1.7172786E-02
   7165.40  1.7295132E-02
   7165.60  1.7434782E-02
   7165.80  1.7592585E-02
   7166.00  1.7768257E-02
   7166.20  1.7961376E-02
   7166.40  1.8171113E-02
   7166.60  1.8396407E-02
   7166.80  1.8635745E-02
   7167.00  1.8887582E-02
   7167.20  1.9150314E-02
   7167.40  1.9422414E-02
   7167.60  1.9702501E-02
   7167.80  1.9989544E-02
   7168.00  2.0282320E-02
   7168.20  2.0579845E-02
   7168.40  2.0881303E-02
   7168.60  2.1186098E-02
   7168.80  2.1493802E-02
   7169.00  2.1804240E-02
   7169.20  2.2117214E-02
   7169.40  2.2432409E-02
   7169.60  2.2749939E-02
   7169.80  2.3069918E-02
   7170.00  2.3392375E-02
   7170.20  2.3717370E-02
   7170.40  2.4044759E-02
   7170.60  2.4374331E-02
   7170.80  2.4705638E-02
   7171.00  2.5038150E-02
   7171.20  2.5371241E-02
   7171.40  2.5704248E-02
   7171.60  2.6036043E-02
   7171.80  2.6365650E-02
   7172.00  2.6691969E-02
