  7112.000   26  1  1  1.2587378E-02 -2.9965336E+00 -8.0417676E-01  1  1  7.2652688E+03  0.0000000E+00  0.0000000E+00  2.8459637E+00  1.0000000E+00  0.0000000E+00 = E_edge, Z, n_edge, j_edge, Abs_before_edge, VO_interstitial, E_cut, ninitl, ninit1, Epsii, UnitCell_Volume, Surface_ref, f0_forward, natomsym_f, abs_u_i
    Energy    <xanes>    
   7097.00  4.8755054E-05
   7097.20  6.4372863E-05
   7097.40  9.9131771E-05
   7097.60  2.0701032E-04
   7097.80  9.6882086E-04
   7098.00  1.0611673E-02
   7098.20  4.1158631E-04
   7098.40  1.5671189E-04
   7098.60  1.1034428E-04
   7098.80  1.1937673E-04
   7099.00  2.2133578E-04
   7099.20  1.8554154E-03
   7099.40  1.4444513E-03
   7099.60  1.1522647E-03
   7099.80  1.6422371E-04
   7100.00  8.3488647E-05
   7100.20  5.8766045E-05
   7100.40  4.8044493E-05
   7100.60  4.2787421E-05
   7100.80  4.0354938E-05
   7101.00  3.9850015E-05
   7101.20  4.1199324E-05
   7101.40  4.5160232E-05
   7101.60  5.4358832E-05
   7101.80  7.8583265E-05
   7102.00  1.7771325E-04
   7102.20  2.8032162E-03
   7102.40  5.4787420E-04
   7102.60  1.4788354E-04
   7102.80  1.9799836E-04
   7103.00  4.9489695E-02
   7103.20  1.7628803E-04
   7103.40  7.4795823E-05
   7103.60  5.6247505E-05
   7103.80  5.1308196E-05
   7104.00  6.4915536E-05
   7104.20  5.3492790E-05
   7104.40  8.1781715E-05
   7104.60  8.2575817E-05
   7104.80  8.6542146E-05
   7105.00  1.6114786E-04
   7105.20  8.5659684E-04
   7105.40  1.7014813E-02
   7105.60  4.9253339E-04
   7105.80  5.4314819E-04
   7106.00  2.0100654E-03
   7106.20  4.4268916E-03
   7106.40  3.4124449E-03
   7106.60  3.9145976E-04
   7106.80  3.4101078E-04
   7107.00  1.4250829E-03
   7107.20  5.5756720E-04
   7107.40  2.7278259E-02
   7107.60  3.0044587E-03
   7107.80  1.3603389E-01
   7108.00  4.9262017E-03
   7108.20  1.0311503E-03
   7108.40  4.3870176E-04
   7108.60  8.8727903E-03
   7108.80  2.4742825E-03
   7109.00  2.1290071E-03
   7109.20  1.4512615E-03
   7109.40  4.8822679E-03
   7109.60  1.0069323E-02
   7109.80  3.7883857E-03
   7110.00  9.4509403E-03
   7110.20  7.8581397E-03
   7110.40  4.6667965E-03
   7110.60  6.0320481E-03
   7110.80  8.0807612E-03
   7111.00  2.4072584E-02
   7111.20  9.2174772E-03
   7111.40  1.0274362E-02
   7111.60  3.1936650E-02
   7111.80  9.2277989E-02
   7112.00  9.3297815E-02
   7112.20  3.8177778E-02
   7112.40  1.0470063E-02
   7112.60  6.3711488E-03
   7112.80  5.6639512E-03
   7113.00  8.1357123E-03
   7113.20  1.9959189E-02
   7113.40  1.9514413E-02
   7113.60  2.1139759E-02
   7113.80  1.4572843E-02
   7114.00  9.6594383E-03
   7114.20  7.1475322E-03
   7114.40  5.9011310E-03
   7114.60  5.2986358E-03
   7114.80  4.8949016E-03
   7115.00  4.6770458E-03
   7115.20  4.3229716E-03
   7115.40  4.2749409E-03
   7115.60  3.9871412E-03
   7115.80  2.4143655E-03
   7116.00  1.7887245E-03
   7116.20  1.6573245E-03
   7116.40  2.2583762E-03
   7116.60  2.0750795E-03
   7116.80  1.3496600E-03
   7117.00  9.3363485E-04
   7117.20  7.7264424E-04
   7117.40  6.9211053E-04
   7117.60  6.4731134E-04
   7117.80  6.2325647E-04
   7118.00  6.1370198E-04
   7118.20  6.1592797E-04
   7118.40  6.2906310E-04
   7118.60  6.5351085E-04
   7118.80  6.9077060E-04
   7119.00  7.4303976E-04
   7119.20  8.1128063E-04
   7119.40  8.8915129E-04
   7119.60  9.5932237E-04
   7119.80  1.0157543E-03
   7120.00  1.0798616E-03
   7120.20  1.1738250E-03
   7120.40  1.3109926E-03
   7120.60  1.5072758E-03
   7120.80  1.7937928E-03
   7121.00  2.2353185E-03
   7121.20  2.9773382E-03
   7121.40  4.3656402E-03
   7121.60  7.1628908E-03
   7121.80  1.1611535E-02
   7122.00  1.2380942E-02
   7122.20  9.1292295E-03
   7122.40  7.1051970E-03
   7122.60  6.1890750E-03
   7122.80  6.0112156E-03
   7123.00  6.1579968E-03
   7123.20  6.6780584E-03
   7123.40  7.5483498E-03
   7123.60  8.7717248E-03
   7123.80  1.0404196E-02
   7124.00  1.2466438E-02
   7124.20  1.4939417E-02
   7124.40  1.7830868E-02
   7124.60  2.0907086E-02
   7124.80  2.3893178E-02
   7125.00  2.6259226E-02
   7125.20  2.7254088E-02
   7125.40  2.6340052E-02
   7125.60  2.4080803E-02
   7125.80  2.1783740E-02
   7126.00  2.0523095E-02
   7126.20  2.0530584E-02
   7126.40  2.1797967E-02
   7126.60  2.4308208E-02
   7126.80  2.8094614E-02
   7127.00  3.3224331E-02
   7127.20  3.9709016E-02
   7127.40  4.7296342E-02
   7127.60  5.5213475E-02
   7127.80  6.1501862E-02
   7128.00  6.4184821E-02
   7128.20  6.2498988E-02
   7128.40  5.7782579E-02
   7128.60  5.2280496E-02
   7128.80  4.7762766E-02
   7129.00  4.4984147E-02
   7129.20  4.3749324E-02
   7129.40  4.3127980E-02
   7129.60  4.2299628E-02
   7129.80  4.1346942E-02
   7130.00  4.0738782E-02
   7130.20  4.0594037E-02
   7130.40  4.0699750E-02
   7130.60  4.0807137E-02
   7130.80  4.0764238E-02
   7131.00  4.0506898E-02
   7131.20  4.0030826E-02
   7131.40  3.9373019E-02
   7131.60  3.8597033E-02
   7131.80  3.7778103E-02
   7132.00  3.6992967E-02
   7132.20  3.6313443E-02
   7132.40  3.5803134E-02
   7132.60  3.5518053E-02
   7132.80  3.5507836E-02
   7133.00  3.5818465E-02
   7133.20  3.6496328E-02
   7133.40  3.7590152E-02
   7133.60  3.9151006E-02
   7133.80  4.1223881E-02
   7134.00  4.3828415E-02
   7134.20  4.6929016E-02
   7134.40  5.0403813E-02
   7134.60  5.4028644E-02
   7134.80  5.7482807E-02
   7135.00  6.0445448E-02
   7135.20  6.2682208E-02
   7135.40  6.4103877E-02
   7135.60  6.4757385E-02
   7135.80  6.4772718E-02
   7136.00  6.4304578E-02
   7136.20  6.3496455E-02
   7136.40  6.2465701E-02
   7136.60  6.1302746E-02
   7136.80  6.0075348E-02
   7137.00  5.8832578E-02
   7137.20  5.7611258E-02
   7137.40  5.6439706E-02
   7137.60  5.5339076E-02
   7137.80  5.4325297E-02
   7138.00  5.3410812E-02
   7138.20  5.2605732E-02
   7138.40  5.1918360E-02
   7138.60  5.1355567E-02
   7138.80  5.0921902E-02
   7139.00  5.0619032E-02
   7139.20  5.0443188E-02
   7139.40  5.0382634E-02
   7139.60  5.0414033E-02
   7139.80  5.0499899E-02
   7140.00  5.0587636E-02
   7140.20  5.0613930E-02
   7140.40  5.0515122E-02
   7140.60  5.0239253E-02
   7140.80  4.9758405E-02
   7141.00  4.9073141E-02
   7141.20  4.8220319E-02
   7141.40  4.7244901E-02
   7141.60  4.6182550E-02
   7141.80  4.5074659E-02
   7142.00  4.3921204E-02
   7142.20  4.2816605E-02
   7142.40  4.1748491E-02
   7142.60  4.0731181E-02
   7142.80  3.9775143E-02
   7143.00  3.8888204E-02
   7143.20  3.8076185E-02
   7143.40  3.7344116E-02
   7143.60  3.6695963E-02
   7143.80  3.6134665E-02
   7144.00  3.5661063E-02
   7144.20  3.5277568E-02
   7144.40  3.4981306E-02
   7144.60  3.4768670E-02
   7144.80  3.4633697E-02
   7145.00  3.4567670E-02
   7145.20  3.4559573E-02
   7145.40  3.4596647E-02
   7145.60  3.4665237E-02
   7145.80  3.4751838E-02
   7146.00  3.4843941E-02
   7146.20  3.4930844E-02
   7146.40  3.5004039E-02
   7146.60  3.5055788E-02
   7146.80  3.5085420E-02
   7147.00  3.5089605E-02
   7147.20  3.5068162E-02
   7147.40  3.5022153E-02
   7147.60  3.4953571E-02
   7147.80  3.4864923E-02
   7148.00  3.4759033E-02
   7148.20  3.4638751E-02
   7148.40  3.4506848E-02
   7148.60  3.4365781E-02
   7148.80  3.4212306E-02
   7149.00  3.4053425E-02
   7149.20  3.3890193E-02
   7149.40  3.3722692E-02
   7149.60  3.3543845E-02
   7149.80  3.3365466E-02
   7150.00  3.3178983E-02
   7150.20  3.2981818E-02
   7150.40  3.2770144E-02
   7150.60  3.2539841E-02
   7150.80  3.2286865E-02
   7151.00  3.2006529E-02
   7151.20  3.1695096E-02
   7151.40  3.1349985E-02
   7151.60  3.0970281E-02
   7151.80  3.0556321E-02
   7152.00  3.0110632E-02
   7152.20  2.9637514E-02
   7152.40  2.9142749E-02
   7152.60  2.8632595E-02
   7152.80  2.8113587E-02
   7153.00  2.7592282E-02
   7153.20  2.7074738E-02
   7153.40  2.6547175E-02
   7153.60  2.6053332E-02
   7153.80  2.5576982E-02
   7154.00  2.5121199E-02
   7154.20  2.4688466E-02
   7154.40  2.4280179E-02
   7154.60  2.3898934E-02
   7154.80  2.3545901E-02
   7155.00  2.3221711E-02
   7155.20  2.2927019E-02
   7155.40  2.2662248E-02
   7155.60  2.2427546E-02
   7155.80  2.2228045E-02
   7156.00  2.2053429E-02
   7156.20  2.1908148E-02
   7156.40  2.1791029E-02
   7156.60  2.1701041E-02
   7156.80  2.1636419E-02
   7157.00  2.1596096E-02
   7157.20  2.1579191E-02
   7157.40  2.1582484E-02
   7157.60  2.1603765E-02
   7157.80  2.1640913E-02
   7158.00  2.1691636E-02
   7158.20  2.1753751E-02
   7158.40  2.1825307E-02
   7158.60  2.1904498E-02
   7158.80  2.1989664E-02
   7159.00  2.2079323E-02
   7159.20  2.2172141E-02
   7159.40  2.2266842E-02
   7159.60  2.2362154E-02
   7159.80  2.2456581E-02
   7160.00  2.2551005E-02
   7160.20  2.2638659E-02
   7160.40  2.2720170E-02
   7160.60  2.2792220E-02
   7160.80  2.2854689E-02
   7161.00  2.2901031E-02
   7161.20  2.2931418E-02
   7161.40  2.2944224E-02
   7161.60  2.2938619E-02
   7161.80  2.2914674E-02
   7162.00  2.2873474E-02
   7162.20  2.2818378E-02
   7162.40  2.2751607E-02
   7162.60  2.2676339E-02
   7162.80  2.2595763E-02
   7163.00  2.2513737E-02
   7163.20  2.2433654E-02
   7163.40  2.2358449E-02
   7163.60  2.2291314E-02
   7163.80  2.2234837E-02
   7164.00  2.2190780E-02
   7164.20  2.2160855E-02
   7164.40  2.2146925E-02
   7164.60  2.2149968E-02
   7164.80  2.2170467E-02
   7165.00  2.2208823E-02
   7165.20  2.2265058E-02
   7165.40  2.2339212E-02
   7165.60  2.2430324E-02
   7165.80  2.2537259E-02
   7166.00  2.2663012E-02
   7166.20  2.2798727E-02
   7166.40  2.2946477E-02
   7166.60  2.3104397E-02
   7166.80  2.3270316E-02
   7167.00  2.3442573E-02
   7167.20  2.3619482E-02
   7167.40  2.3799474E-02
   7167.60  2.3981099E-02
   7167.80  2.4163217E-02
   7168.00  2.4344783E-02
   7168.20  2.4524655E-02
   7168.40  2.4701989E-02
   7168.60  2.4876179E-02
   7168.80  2.5046839E-02
   7169.00  2.5213767E-02
   7169.20  2.5377016E-02
   7169.40  2.5536863E-02
   7169.60  2.5693725E-02
   7169.80  2.5847910E-02
   7170.00  2.5999943E-02
   7170.20  2.6150361E-02
   7170.40  2.6299511E-02
   7170.60  2.6447585E-02
   7170.80  2.6594589E-02
   7171.00  2.6740300E-02
   7171.20  2.6884393E-02
   7171.40  2.7026505E-02
   7171.60  2.7165816E-02
   7171.80  2.7301892E-02
   7172.00  2.7434444E-02
