  7112.000   26  1  1  2.1953534E-02 -2.8428523E+00 -2.1465158E+00  1  1  7.2661182E+03  0.0000000E+00  0.0000000E+00  1.9612598E+00  1.0000000E+00  0.0000000E+00 = E_edge, Z, n_edge, j_edge, Abs_before_edge, VO_interstitial, E_cut, ninitl, ninit1, Epsii, UnitCell_Volume, Surface_ref, f0_forward, natomsym_f, abs_u_i
    Energy    <xanes>    
   7097.00  1.9454081E-05
   7097.20  1.9458961E-05
   7097.40  1.9477772E-05
   7097.60  1.9510956E-05
   7097.80  1.9559640E-05
   7098.00  1.9625825E-05
   7098.20  1.9712898E-05
   7098.40  1.9826774E-05
   7098.60  1.9978497E-05
   7098.80  2.0191958E-05
   7099.00  2.0534583E-05
   7099.20  2.1310415E-05
   7099.40  2.7592643E-05
   7099.60  2.9235287E-05
   7099.80  2.4100251E-05
   7100.00  2.9533813E-05
   7100.20  1.6249652E-04
   7100.40  5.3045676E-05
   7100.60  2.7244613E-05
   7100.80  2.4754125E-05
   7101.00  2.4836916E-05
   7101.20  2.6675525E-05
   7101.40  4.5702046E-05
   7101.60  4.1988387E-05
   7101.80  3.5804423E-05
   7102.00  5.0901564E-05
   7102.20  1.5779894E-04
   7102.40  2.0554074E-03
   7102.60  9.4972681E-05
   7102.80  2.1003008E-04
   7103.00  7.6622403E-05
   7103.20  5.6698607E-05
   7103.40  4.2840412E-04
   7103.60  1.0126750E-04
   7103.80  2.3812998E-04
   7104.00  3.4467072E-04
   7104.20  6.2609545E-05
   7104.40  4.4489641E-05
   7104.60  4.2771993E-05
   7104.80  5.0593781E-05
   7105.00  1.1492559E-04
   7105.20  8.5492350E-04
   7105.40  7.0981149E-05
   7105.60  5.4234742E-05
   7105.80  6.5285788E-05
   7106.00  7.6016132E-05
   7106.20  1.2429892E-04
   7106.40  1.2456202E-04
   7106.60  3.3853455E-03
   7106.80  1.5137813E-03
   7107.00  1.5773705E-03
   7107.20  7.0570103E-03
   7107.40  2.2626878E-02
   7107.60  2.1485818E-04
   7107.80  1.7821866E-04
   7108.00  5.0793117E-04
   7108.20  1.2040589E-03
   7108.40  3.4535607E-04
   7108.60  8.9596280E-04
   7108.80  3.0005224E-02
   7109.00  2.2776854E-03
   7109.20  3.3433981E-03
   7109.40  3.5866457E-04
   7109.60  7.8367153E-03
   7109.80  2.4883709E-02
   7110.00  1.7587649E-02
   7110.20  9.3403176E-03
   7110.40  1.1319498E-02
   7110.60  1.0822167E-02
   7110.80  2.8563948E-02
   7111.00  1.0813820E-02
   7111.20  1.3791444E-02
   7111.40  7.5049194E-03
   7111.60  6.7267535E-03
   7111.80  8.2442604E-03
   7112.00  1.1744564E-02
   7112.20  1.7480704E-02
   7112.40  2.2481151E-02
   7112.60  2.3341747E-02
   7112.80  2.2898840E-02
   7113.00  2.3213727E-02
   7113.20  2.3426635E-02
   7113.40  2.6677824E-02
   7113.60  3.7334331E-02
   7113.80  5.0341830E-02
   7114.00  4.7065605E-02
   7114.20  3.4821649E-02
   7114.40  2.6707788E-02
   7114.60  2.2989188E-02
   7114.80  2.2390117E-02
   7115.00  2.4143802E-02
   7115.20  2.6854146E-02
   7115.40  2.7792296E-02
   7115.60  2.5609549E-02
   7115.80  2.2034556E-02
   7116.00  1.8687299E-02
   7116.20  1.6514108E-02
   7116.40  1.5255093E-02
   7116.60  1.4543783E-02
   7116.80  1.3805963E-02
   7117.00  1.2867682E-02
   7117.20  1.1977836E-02
   7117.40  1.1282380E-02
   7117.60  1.0754176E-02
   7117.80  1.0311197E-02
   7118.00  9.8807208E-03
   7118.20  9.4081210E-03
   7118.40  8.8850432E-03
   7118.60  8.3722601E-03
   7118.80  7.9362216E-03
   7119.00  7.5985502E-03
   7119.20  7.3487897E-03
   7119.40  7.1638472E-03
   7119.60  7.0129851E-03
   7119.80  6.8635846E-03
   7120.00  6.6945839E-03
   7120.20  6.5080314E-03
   7120.40  6.3249889E-03
   7120.60  6.1649466E-03
   7120.80  6.0312169E-03
   7121.00  5.9295352E-03
   7121.20  5.9031645E-03
   7121.40  5.9837550E-03
   7121.60  6.1287541E-03
   7121.80  6.2847917E-03
   7122.00  6.4280828E-03
   7122.20  6.5531761E-03
   7122.40  6.6603518E-03
   7122.60  6.7617783E-03
   7122.80  6.8653363E-03
   7123.00  6.9794245E-03
   7123.20  7.1128691E-03
   7123.40  7.2769840E-03
   7123.60  7.4793851E-03
   7123.80  7.7371381E-03
   7124.00  8.0712002E-03
   7124.20  8.5101280E-03
   7124.40  9.0917021E-03
   7124.60  9.8625426E-03
   7124.80  1.0870994E-02
   7125.00  1.2213952E-02
   7125.20  1.3707117E-02
   7125.40  1.5241395E-02
   7125.60  1.6561248E-02
   7125.80  1.7511956E-02
   7126.00  1.8197585E-02
   7126.20  1.8968039E-02
   7126.40  2.0098893E-02
   7126.60  2.1757753E-02
   7126.80  2.3772855E-02
   7127.00  2.5803607E-02
   7127.20  2.7465676E-02
   7127.40  2.8532867E-02
   7127.60  2.9045097E-02
   7127.80  2.9244845E-02
   7128.00  2.9411059E-02
   7128.20  2.9835506E-02
   7128.40  3.0481039E-02
   7128.60  3.1364948E-02
   7128.80  3.2422899E-02
   7129.00  3.3587515E-02
   7129.20  3.4794050E-02
   7129.40  3.6206242E-02
   7129.60  3.7865115E-02
   7129.80  3.9823683E-02
   7130.00  4.2083067E-02
   7130.20  4.4603125E-02
   7130.40  4.7304779E-02
   7130.60  5.0067462E-02
   7130.80  5.2733299E-02
   7131.00  5.5135392E-02
   7131.20  5.7142976E-02
   7131.40  5.8708328E-02
   7131.60  5.9888295E-02
   7131.80  6.0821178E-02
   7132.00  6.1672272E-02
   7132.20  6.2574374E-02
   7132.40  6.3593842E-02
   7132.60  6.4729104E-02
   7132.80  6.5929899E-02
   7133.00  6.7117178E-02
   7133.20  6.8204827E-02
   7133.40  6.9097585E-02
   7133.60  6.9699174E-02
   7133.80  6.9923291E-02
   7134.00  6.9701371E-02
   7134.20  6.8978998E-02
   7134.40  6.7711432E-02
   7134.60  6.5890665E-02
   7134.80  6.3581452E-02
   7135.00  6.0909466E-02
   7135.20  5.8014566E-02
   7135.40  5.5015944E-02
   7135.60  5.2002590E-02
   7135.80  4.9037403E-02
   7136.00  4.6164660E-02
   7136.20  4.3416190E-02
   7136.40  4.0815926E-02
   7136.60  3.8382068E-02
   7136.80  3.6129143E-02
   7137.00  3.4069287E-02
   7137.20  3.2212772E-02
   7137.40  3.0569091E-02
   7137.60  2.9146735E-02
   7137.80  2.7952206E-02
   7138.00  2.6989037E-02
   7138.20  2.6255452E-02
   7138.40  2.5742927E-02
   7138.60  2.5434996E-02
   7138.80  2.5307035E-02
   7139.00  2.5327688E-02
   7139.20  2.5462028E-02
   7139.40  2.5674917E-02
   7139.60  2.5935795E-02
   7139.80  2.6220391E-02
   7140.00  2.6511615E-02
   7140.20  2.6799443E-02
   7140.40  2.7080014E-02
   7140.60  2.7354180E-02
   7140.80  2.7625650E-02
   7141.00  2.7899563E-02
   7141.20  2.8181523E-02
   7141.40  2.8476371E-02
   7141.60  2.8787995E-02
   7141.80  2.9118941E-02
   7142.00  2.9470355E-02
   7142.20  2.9841914E-02
   7142.40  3.0232079E-02
   7142.60  3.0638166E-02
   7142.80  3.1056583E-02
   7143.00  3.1482841E-02
   7143.20  3.1912079E-02
   7143.40  3.2339299E-02
   7143.60  3.2759562E-02
   7143.80  3.3168245E-02
   7144.00  3.3561086E-02
   7144.20  3.3934587E-02
   7144.40  3.4285584E-02
   7144.60  3.4611931E-02
   7144.80  3.4912251E-02
   7145.00  3.5185903E-02
   7145.20  3.5432801E-02
   7145.40  3.5653541E-02
   7145.60  3.5849331E-02
   7145.80  3.6021434E-02
   7146.00  3.6171613E-02
   7146.20  3.6302896E-02
   7146.40  3.6417396E-02
   7146.60  3.6515433E-02
   7146.80  3.6598929E-02
   7147.00  3.6669746E-02
   7147.20  3.6729788E-02
   7147.40  3.6780426E-02
   7147.60  3.6823075E-02
   7147.80  3.6858942E-02
   7148.00  3.6889029E-02
   7148.20  3.6914144E-02
   7148.40  3.6934968E-02
   7148.60  3.6956313E-02
   7148.80  3.6970319E-02
   7149.00  3.6981696E-02
   7149.20  3.6990762E-02
   7149.40  3.6994142E-02
   7149.60  3.6999651E-02
   7149.80  3.7004429E-02
   7150.00  3.7009024E-02
   7150.20  3.7016301E-02
   7150.40  3.7023750E-02
   7150.60  3.7034541E-02
   7150.80  3.7050121E-02
   7151.00  3.7072272E-02
   7151.20  3.7102814E-02
   7151.40  3.7143694E-02
   7151.60  3.7196728E-02
   7151.80  3.7263642E-02
   7152.00  3.7346075E-02
   7152.20  3.7449011E-02
   7152.40  3.7566765E-02
   7152.60  3.7702855E-02
   7152.80  3.7857195E-02
   7153.00  3.8029134E-02
   7153.20  3.8217266E-02
   7153.40  3.8419414E-02
   7153.60  3.8632693E-02
   7153.80  3.8853740E-02
   7154.00  3.9079866E-02
   7154.20  3.9306444E-02
   7154.40  3.9528513E-02
   7154.60  3.9741684E-02
   7154.80  3.9941840E-02
   7155.00  4.0125221E-02
   7155.20  4.0288595E-02
   7155.40  4.0429391E-02
   7155.60  4.0545602E-02
   7155.80  4.0635724E-02
   7156.00  4.0699018E-02
   7156.20  4.0735299E-02
   7156.40  4.0744801E-02
   7156.60  4.0728287E-02
   7156.80  4.0686874E-02
   7157.00  4.0622465E-02
   7157.20  4.0535491E-02
   7157.40  4.0428409E-02
   7157.60  4.0302969E-02
   7157.80  4.0161138E-02
   7158.00  4.0004526E-02
   7158.20  3.9834895E-02
   7158.40  3.9653807E-02
   7158.60  3.9462813E-02
   7158.80  3.9263365E-02
   7159.00  3.9056807E-02
   7159.20  3.8844363E-02
   7159.40  3.8627202E-02
   7159.60  3.8406595E-02
   7159.80  3.8183156E-02
   7160.00  3.7957708E-02
   7160.20  3.7730328E-02
   7160.40  3.7503003E-02
   7160.60  3.7278250E-02
   7160.80  3.7051709E-02
   7161.00  3.6826291E-02
   7161.20  3.6602397E-02
   7161.40  3.6380465E-02
   7161.60  3.6161265E-02
   7161.80  3.5949357E-02
   7162.00  3.5735798E-02
   7162.20  3.5527031E-02
   7162.40  3.5320918E-02
   7162.60  3.5118997E-02
   7162.80  3.4921324E-02
   7163.00  3.4727997E-02
   7163.20  3.4539066E-02
   7163.40  3.4355225E-02
   7163.60  3.4175707E-02
   7163.80  3.4000478E-02
   7164.00  3.3829238E-02
   7164.20  3.3661632E-02
   7164.40  3.3497583E-02
   7164.60  3.3336017E-02
   7164.80  3.3176374E-02
   7165.00  3.3018066E-02
   7165.20  3.2860491E-02
   7165.40  3.2703700E-02
   7165.60  3.2546518E-02
   7165.80  3.2388268E-02
   7166.00  3.2228458E-02
   7166.20  3.2066712E-02
   7166.40  3.1902716E-02
   7166.60  3.1736291E-02
   7166.80  3.1566981E-02
   7167.00  3.1394305E-02
   7167.20  3.1218228E-02
   7167.40  3.1038752E-02
   7167.60  3.0856068E-02
   7167.80  3.0670401E-02
   7168.00  3.0481826E-02
   7168.20  3.0291426E-02
   7168.40  3.0099568E-02
   7168.60  2.9907755E-02
   7168.80  2.9715471E-02
   7169.00  2.9523540E-02
   7169.20  2.9334567E-02
   7169.40  2.9145519E-02
   7169.60  2.8958927E-02
   7169.80  2.8775607E-02
   7170.00  2.8595775E-02
   7170.20  2.8420084E-02
   7170.40  2.8248980E-02
   7170.60  2.8082902E-02
   7170.80  2.7922257E-02
   7171.00  2.7767449E-02
   7171.20  2.7618791E-02
   7171.40  2.7476600E-02
   7171.60  2.7341358E-02
   7171.80  2.7212998E-02
   7172.00  2.7091696E-02
