  7112.000   26  1  1  2.1694869E-02 -2.1510105E+00 -9.7439758E-01  1  1  7.2656291E+03  0.0000000E+00  0.0000000E+00  2.1183391E+00  1.0000000E+00  0.0000000E+00 = E_edge, Z, n_edge, j_edge, Abs_before_edge, VO_interstitial, E_cut, ninitl, ninit1, Epsii, UnitCell_Volume, Surface_ref, f0_forward, natomsym_f, abs_u_i
    Energy    <xanes>    
   7097.00  1.2654730E-04
   7097.20  7.2798273E-05
   7097.40  5.4082598E-05
   7097.60  4.5633087E-05
   7097.80  4.1726418E-05
   7098.00  4.0528156E-05
   7098.20  4.1575985E-05
   7098.40  4.5321681E-05
   7098.60  5.3587448E-05
   7098.80  7.1942777E-05
   7099.00  1.2194540E-04
   7099.20  3.7536770E-04
   7099.40  3.8039830E-03
   7099.60  1.1351857E-02
   7099.80  2.7974244E-04
   7100.00  1.1075585E-04
   7100.20  6.8250749E-05
   7100.40  5.1533812E-05
   7100.60  4.3643321E-05
   7100.80  3.9818168E-05
   7101.00  3.8489016E-05
   7101.20  3.9481873E-05
   7101.40  4.4278259E-05
   7101.60  6.0604856E-05
   7101.80  1.6329080E-04
   7102.00  1.1547991E-02
   7102.20  1.9432386E-04
   7102.40  9.1317095E-05
   7102.60  2.8524987E-04
   7102.80  9.8971272E-04
   7103.00  1.0542623E-04
   7103.20  5.8794534E-05
   7103.40  9.2905799E-05
   7103.60  4.7048697E-05
   7103.80  5.0503633E-05
   7104.00  7.6901652E-05
   7104.20  4.9001036E-04
   7104.40  9.7073951E-05
   7104.60  2.9274520E-04
   7104.80  9.7575542E-04
   7105.00  1.6911701E-04
   7105.20  7.3517725E-04
   7105.40  5.1545922E-04
   7105.60  2.5491987E-04
   7105.80  3.8467784E-04
   7106.00  8.8210241E-03
   7106.20  2.7612686E-03
   7106.40  2.8333144E-04
   7106.60  1.6535345E-04
   7106.80  1.5918018E-04
   7107.00  3.5247680E-04
   7107.20  2.7417015E-04
   7107.40  4.4037401E-04
   7107.60  1.0024719E-03
   7107.80  8.7489870E-03
   7108.00  6.2334715E-02
   7108.20  5.5582885E-03
   7108.40  1.5519969E-03
   7108.60  1.7500250E-02
   7108.80  1.0260838E-02
   7109.00  1.1198880E-03
   7109.20  3.5059578E-03
   7109.40  7.1865054E-03
   7109.60  1.1718420E-01
   7109.80  2.5675243E-03
   7110.00  1.1379640E-02
   7110.20  4.6500391E-03
   7110.40  4.7287419E-03
   7110.60  2.6441262E-03
   7110.80  7.5669529E-03
   7111.00  1.8063471E-02
   7111.20  4.5932694E-02
   7111.40  2.2769264E-02
   7111.60  2.8816662E-02
   7111.80  1.8362334E-02
   7112.00  1.6400565E-02
   7112.20  1.2155370E-02
   7112.40  1.0970291E-02
   7112.60  3.1381710E-02
   7112.80  1.8664078E-02
   7113.00  1.3552707E-02
   7113.20  1.2652790E-02
   7113.40  9.3712244E-03
   7113.60  6.2015890E-03
   7113.80  4.2620043E-03
   7114.00  3.4792934E-03
   7114.20  4.5308472E-03
   7114.40  4.3838681E-03
   7114.60  1.9733040E-03
   7114.80  2.1010584E-03
   7115.00  2.2799892E-03
   7115.20  1.4943388E-03
   7115.40  1.1161595E-03
   7115.60  9.7919883E-04
   7115.80  9.1126611E-04
   7116.00  8.7919114E-04
   7116.20  8.7063391E-04
   7116.40  8.8013239E-04
   7116.60  9.0466630E-04
   7116.80  9.4152051E-04
   7117.00  9.8648436E-04
   7117.20  1.0361125E-03
   7117.40  1.0756072E-03
   7117.60  1.1050452E-03
   7117.80  1.1333311E-03
   7118.00  1.1755819E-03
   7118.20  1.2426853E-03
   7118.40  1.3390021E-03
   7118.60  1.4670301E-03
   7118.80  1.6317050E-03
   7119.00  1.8417495E-03
   7119.20  2.1079468E-03
   7119.40  2.4385933E-03
   7119.60  2.8325811E-03
   7119.80  3.2635694E-03
   7120.00  3.6453211E-03
   7120.20  3.8353818E-03
   7120.40  3.7839243E-03
   7120.60  3.6085484E-03
   7120.80  3.4329570E-03
   7121.00  3.3048243E-03
   7121.20  3.2299801E-03
   7121.40  3.2024309E-03
   7121.60  3.2128755E-03
   7121.80  3.2507226E-03
   7122.00  3.3078630E-03
   7122.20  3.3884677E-03
   7122.40  3.4941601E-03
   7122.60  3.6419296E-03
   7122.80  3.8452355E-03
   7123.00  4.1166099E-03
   7123.20  4.4699370E-03
   7123.40  4.9226988E-03
   7123.60  5.5080241E-03
   7123.80  6.2291175E-03
   7124.00  7.1151200E-03
   7124.20  8.1787122E-03
   7124.40  9.4496107E-03
   7124.60  1.0902963E-02
   7124.80  1.2589112E-02
   7125.00  1.4573090E-02
   7125.20  1.6946343E-02
   7125.40  1.9815370E-02
   7125.60  2.3303762E-02
   7125.80  2.7616747E-02
   7126.00  3.3900800E-02
   7126.20  4.1591187E-02
   7126.40  4.7630869E-02
   7126.60  4.6028305E-02
   7126.80  4.0358156E-02
   7127.00  3.5951264E-02
   7127.20  3.3462135E-02
   7127.40  3.2645310E-02
   7127.60  3.3012702E-02
   7127.80  3.4297434E-02
   7128.00  3.6263771E-02
   7128.20  3.8740468E-02
   7128.40  4.1624952E-02
   7128.60  4.4865880E-02
   7128.80  4.8391131E-02
   7129.00  5.2202962E-02
   7129.20  5.6215451E-02
   7129.40  6.0257387E-02
   7129.60  6.4084701E-02
   7129.80  6.7446711E-02
   7130.00  7.0180688E-02
   7130.20  7.2274552E-02
   7130.40  7.3837913E-02
   7130.60  7.5013921E-02
   7130.80  7.5903497E-02
   7131.00  7.6541090E-02
   7131.20  7.6911656E-02
   7131.40  7.6998433E-02
   7131.60  7.6723916E-02
   7131.80  7.6078036E-02
   7132.00  7.5084204E-02
   7132.20  7.3767275E-02
   7132.40  7.2164617E-02
   7132.60  7.0320830E-02
   7132.80  6.8285295E-02
   7133.00  6.6113682E-02
   7133.20  6.3874375E-02
   7133.40  6.1656720E-02
   7133.60  5.9577724E-02
   7133.80  5.7774107E-02
   7134.00  5.6361889E-02
   7134.20  5.5355108E-02
   7134.40  5.4602049E-02
   7134.60  5.3856865E-02
   7134.80  5.2958945E-02
   7135.00  5.1899264E-02
   7135.20  5.0743565E-02
   7135.40  4.9557192E-02
   7135.60  4.8382266E-02
   7135.80  4.7241561E-02
   7136.00  4.6145972E-02
   7136.20  4.5098419E-02
   7136.40  4.4101878E-02
   7136.60  4.3158172E-02
   7136.80  4.2267648E-02
   7137.00  4.1430171E-02
   7137.20  4.0647412E-02
   7137.40  3.9928049E-02
   7137.60  3.9259755E-02
   7137.80  3.8643235E-02
   7138.00  3.8078970E-02
   7138.20  3.7567584E-02
   7138.40  3.7109631E-02
   7138.60  3.6705088E-02
   7138.80  3.6353578E-02
   7139.00  3.6054364E-02
   7139.20  3.5806200E-02
   7139.40  3.5607262E-02
   7139.60  3.5455293E-02
   7139.80  3.5347686E-02
   7140.00  3.5281519E-02
   7140.20  3.5253705E-02
   7140.40  3.5260886E-02
   7140.60  3.5299752E-02
   7140.80  3.5366965E-02
   7141.00  3.5459233E-02
   7141.20  3.5573310E-02
   7141.40  3.5706041E-02
   7141.60  3.5854360E-02
   7141.80  3.6015268E-02
   7142.00  3.6169645E-02
   7142.20  3.6347257E-02
   7142.40  3.6529004E-02
   7142.60  3.6712215E-02
   7142.80  3.6894249E-02
   7143.00  3.7072615E-02
   7143.20  3.7245025E-02
   7143.40  3.7409387E-02
   7143.60  3.7562203E-02
   7143.80  3.7686830E-02
   7144.00  3.7800192E-02
   7144.20  3.7901638E-02
   7144.40  3.7990815E-02
   7144.60  3.8067516E-02
   7144.80  3.8131800E-02
   7145.00  3.8183889E-02
   7145.20  3.8224190E-02
   7145.40  3.8253242E-02
   7145.60  3.8271721E-02
   7145.80  3.8280491E-02
   7146.00  3.8280622E-02
   7146.20  3.8273321E-02
   7146.40  3.8259904E-02
   7146.60  3.8251988E-02
   7146.80  3.8230343E-02
   7147.00  3.8205559E-02
   7147.20  3.8177753E-02
   7147.40  3.8146538E-02
   7147.60  3.8111357E-02
   7147.80  3.8071427E-02
   7148.00  3.8023987E-02
   7148.20  3.7966617E-02
   7148.40  3.7896544E-02
   7148.60  3.7811440E-02
   7148.80  3.7708552E-02
   7149.00  3.7585580E-02
   7149.20  3.7440761E-02
   7149.40  3.7272140E-02
   7149.60  3.7078532E-02
   7149.80  3.6859498E-02
   7150.00  3.6614495E-02
   7150.20  3.6343578E-02
   7150.40  3.6047184E-02
   7150.60  3.5726337E-02
   7150.80  3.5381245E-02
   7151.00  3.5012834E-02
   7151.20  3.4622398E-02
   7151.40  3.4211189E-02
   7151.60  3.3776128E-02
   7151.80  3.3322102E-02
   7152.00  3.2855506E-02
   7152.20  3.2373050E-02
   7152.40  3.1876074E-02
   7152.60  3.1366307E-02
   7152.80  3.0845137E-02
   7153.00  3.0313985E-02
   7153.20  2.9774552E-02
   7153.40  2.9228582E-02
   7153.60  2.8677853E-02
   7153.80  2.8124226E-02
   7154.00  2.7569511E-02
   7154.20  2.7013328E-02
   7154.40  2.6460364E-02
   7154.60  2.5910344E-02
   7154.80  2.5364471E-02
   7155.00  2.4823904E-02
   7155.20  2.4289787E-02
   7155.40  2.3763538E-02
   7155.60  2.3245794E-02
   7155.80  2.2737550E-02
   7156.00  2.2239785E-02
   7156.20  2.1753455E-02
   7156.40  2.1279480E-02
   7156.60  2.0818756E-02
   7156.80  2.0372150E-02
   7157.00  1.9940869E-02
   7157.20  1.9525324E-02
   7157.40  1.9126230E-02
   7157.60  1.8744320E-02
   7157.80  1.8380226E-02
   7158.00  1.8034571E-02
   7158.20  1.7708004E-02
   7158.40  1.7401092E-02
   7158.60  1.7114328E-02
   7158.80  1.6848841E-02
   7159.00  1.6604966E-02
   7159.20  1.6383079E-02
   7159.40  1.6183579E-02
   7159.60  1.6006794E-02
   7159.80  1.5852979E-02
   7160.00  1.5722298E-02
   7160.20  1.5614804E-02
   7160.40  1.5530464E-02
   7160.60  1.5469560E-02
   7160.80  1.5432797E-02
   7161.00  1.5418923E-02
   7161.20  1.5427611E-02
   7161.40  1.5458537E-02
   7161.60  1.5516921E-02
   7161.80  1.5593489E-02
   7162.00  1.5690635E-02
   7162.20  1.5809693E-02
   7162.40  1.5950907E-02
   7162.60  1.6113907E-02
   7162.80  1.6298369E-02
   7163.00  1.6510587E-02
   7163.20  1.6740695E-02
   7163.40  1.6985564E-02
   7163.60  1.7247329E-02
   7163.80  1.7536900E-02
   7164.00  1.7826513E-02
   7164.20  1.8125568E-02
   7164.40  1.8432625E-02
   7164.60  1.8745121E-02
   7164.80  1.9053594E-02
   7165.00  1.9359027E-02
   7165.20  1.9658754E-02
   7165.40  1.9950701E-02
   7165.60  2.0232910E-02
   7165.80  2.0504007E-02
   7166.00  2.0763188E-02
   7166.20  2.1010044E-02
   7166.40  2.1244575E-02
   7166.60  2.1467109E-02
   7166.80  2.1678271E-02
   7167.00  2.1880414E-02
   7167.20  2.2071639E-02
   7167.40  2.2258290E-02
   7167.60  2.2433017E-02
   7167.80  2.2601964E-02
   7168.00  2.2764470E-02
   7168.20  2.2922268E-02
   7168.40  2.3076224E-02
   7168.60  2.3227220E-02
   7168.80  2.3376035E-02
   7169.00  2.3523321E-02
   7169.20  2.3669638E-02
   7169.40  2.3815467E-02
   7169.60  2.3961230E-02
   7169.80  2.4107287E-02
   7170.00  2.4253949E-02
   7170.20  2.4401463E-02
   7170.40  2.4550042E-02
   7170.60  2.4699787E-02
   7170.80  2.4850919E-02
   7171.00  2.5003530E-02
   7171.20  2.5157606E-02
   7171.40  2.5313045E-02
   7171.60  2.5469986E-02
   7171.80  2.5628473E-02
   7172.00  2.5788495E-02
