  7112.000   26  1  1  8.7378602E-03 -1.6890418E+00 -1.5088953E+00  1  1  7.2656400E+03  0.0000000E+00  0.0000000E+00  1.5807987E+00  1.0000000E+00  0.0000000E+00 = E_edge, Z, n_edge, j_edge, Abs_before_edge, VO_interstitial, E_cut, ninitl, ninit1, Epsii, UnitCell_Volume, Surface_ref, f0_forward, natomsym_f, abs_u_i
    Energy    <xanes>    
   7097.00  1.9554382E-05
   7097.20  1.9546991E-05
   7097.40  1.9557302E-05
   7097.60  1.9584948E-05
   7097.80  1.9630313E-05
   7098.00  1.9694556E-05
   7098.20  1.9779231E-05
   7098.40  1.9886751E-05
   7098.60  2.0020465E-05
   7098.80  2.0184959E-05
   7099.00  2.0386450E-05
   7099.20  2.0633579E-05
   7099.40  2.0938490E-05
   7099.60  2.1318819E-05
   7099.80  2.1801261E-05
   7100.00  2.2428054E-05
   7100.20  2.3270657E-05
   7100.40  2.4462239E-05
   7100.60  2.6288378E-05
   7100.80  2.9527673E-05
   7101.00  3.7557535E-05
   7101.20  1.0532567E-04
   7101.40  1.2115850E-04
   7101.60  9.8147248E-05
   7101.80  2.0769880E-03
   7102.00  1.9611776E-04
   7102.20  2.6056158E-04
   7102.40  2.8211996E-02
   7102.60  3.2414975E-04
   7102.80  9.6347589E-05
   7103.00  5.8344752E-05
   7103.20  4.7239884E-05
   7103.40  4.6033932E-05
   7103.60  5.7498001E-05
   7103.80  1.7844105E-04
   7104.00  4.4640462E-04
   7104.20  8.0661932E-05
   7104.40  1.1136429E-04
   7104.60  7.1470771E-03
   7104.80  1.3835956E-04
   7105.00  3.8368152E-04
   7105.20  3.2399719E-02
   7105.40  2.2762422E-04
   7105.60  1.1218561E-02
   7105.80  1.1084105E-04
   7106.00  1.0914841E-04
   7106.20  3.2413429E-04
   7106.40  2.4530729E-03
   7106.60  2.6036046E-04
   7106.80  8.0685927E-03
   7107.00  2.7942598E-04
   7107.20  2.8063081E-04
   7107.40  6.8924149E-04
   7107.60  2.9394047E-02
   7107.80  1.6486016E-03
   7108.00  7.6397499E-04
   7108.20  3.0898191E-04
   7108.40  1.1919776E-03
   7108.60  2.2586133E-04
   7108.80  1.5435759E-04
   7109.00  2.3907613E-04
   7109.20  1.0007142E-03
   7109.40  9.0446800E-03
   7109.60  4.7551571E-03
   7109.80  3.6127830E-04
   7110.00  3.5957238E-03
   7110.20  1.7232809E-02
   7110.40  8.1454874E-03
   7110.60  3.0156910E-04
   7110.80  2.2742287E-03
   7111.00  6.0801743E-03
   7111.20  5.8456366E-03
   7111.40  5.9708330E-03
   7111.60  1.3634878E-02
   7111.80  1.5571961E-02
   7112.00  1.8465494E-02
   7112.20  1.4537839E-02
   7112.40  8.3585372E-03
   7112.60  7.5709028E-03
   7112.80  1.1090477E-02
   7113.00  2.4412686E-02
   7113.20  3.9668457E-02
   7113.40  2.9110415E-02
   7113.60  3.0504587E-02
   7113.80  3.1830508E-02
   7114.00  1.9402951E-02
   7114.20  1.7744134E-02
   7114.40  2.3926347E-02
   7114.60  2.8608488E-02
   7114.80  2.5799177E-02
   7115.00  2.1011415E-02
   7115.20  1.7624326E-02
   7115.40  1.5649011E-02
   7115.60  1.4426429E-02
   7115.80  1.3493436E-02
   7116.00  1.2729837E-02
   7116.20  1.2231994E-02
   7116.40  1.2145590E-02
   7116.60  1.2592140E-02
   7116.80  1.3532813E-02
   7117.00  1.4173684E-02
   7117.20  1.3323134E-02
   7117.40  1.1044336E-02
   7117.60  8.8165450E-03
   7117.80  7.3416547E-03
   7118.00  6.5912712E-03
   7118.20  6.3488961E-03
   7118.40  6.2539583E-03
   7118.60  6.1949080E-03
   7118.80  6.2588547E-03
   7119.00  6.4513013E-03
   7119.20  6.7312504E-03
   7119.40  7.0482970E-03
   7119.60  7.3541444E-03
   7119.80  7.6110081E-03
   7120.00  7.7973216E-03
   7120.20  7.9054687E-03
   7120.40  7.9299574E-03
   7120.60  7.8533121E-03
   7120.80  7.6504577E-03
   7121.00  7.3388612E-03
   7121.20  7.0394341E-03
   7121.40  6.9217988E-03
   7121.60  7.0583297E-03
   7121.80  7.3791910E-03
   7122.00  7.7647640E-03
   7122.20  8.1738972E-03
   7122.40  8.6369713E-03
   7122.60  9.1534623E-03
   7122.80  9.6357505E-03
   7123.00  1.0031619E-02
   7123.20  1.0422115E-02
   7123.40  1.0887248E-02
   7123.60  1.1483525E-02
   7123.80  1.2176689E-02
   7124.00  1.2964779E-02
   7124.20  1.3845640E-02
   7124.40  1.4925388E-02
   7124.60  1.6124754E-02
   7124.80  1.7392614E-02
   7125.00  1.8764794E-02
   7125.20  2.0133649E-02
   7125.40  2.1280600E-02
   7125.60  2.2004673E-02
   7125.80  2.2510537E-02
   7126.00  2.3087879E-02
   7126.20  2.3870079E-02
   7126.40  2.4879921E-02
   7126.60  2.6105238E-02
   7126.80  2.7522078E-02
   7127.00  2.9090558E-02
   7127.20  3.0749975E-02
   7127.40  3.2565322E-02
   7127.60  3.4267792E-02
   7127.80  3.5723083E-02
   7128.00  3.6773239E-02
   7128.20  3.7317860E-02
   7128.40  3.7394164E-02
   7128.60  3.7201096E-02
   7128.80  3.6951762E-02
   7129.00  3.6759277E-02
   7129.20  3.6644754E-02
   7129.40  3.6665189E-02
   7129.60  3.6803901E-02
   7129.80  3.7311451E-02
   7130.00  3.8434014E-02
   7130.20  4.0243114E-02
   7130.40  4.2515676E-02
   7130.60  4.4827288E-02
   7130.80  4.6778857E-02
   7131.00  4.8219957E-02
   7131.20  4.9256306E-02
   7131.40  5.0053198E-02
   7131.60  5.0720301E-02
   7131.80  5.1319133E-02
   7132.00  5.1901867E-02
   7132.20  5.2513968E-02
   7132.40  5.3196981E-02
   7132.60  5.3988588E-02
   7132.80  5.4922876E-02
   7133.00  5.6032456E-02
   7133.20  5.7355281E-02
   7133.40  5.8945913E-02
   7133.60  6.0890440E-02
   7133.80  6.3286729E-02
   7134.00  6.6058102E-02
   7134.20  6.8564528E-02
   7134.40  6.9852654E-02
   7134.60  6.9774843E-02
   7134.80  6.8870785E-02
   7135.00  6.7550514E-02
   7135.20  6.5974296E-02
   7135.40  6.4204451E-02
   7135.60  6.2288848E-02
   7135.80  6.0279402E-02
   7136.00  5.8229044E-02
   7136.20  5.6185894E-02
   7136.40  5.4189102E-02
   7136.60  5.2267767E-02
   7136.80  5.0442109E-02
   7137.00  4.8723843E-02
   7137.20  4.7119491E-02
   7137.40  4.5652232E-02
   7137.60  4.4299968E-02
   7137.80  4.3057514E-02
   7138.00  4.1923108E-02
   7138.20  4.0894604E-02
   7138.40  3.9969724E-02
   7138.60  3.9146643E-02
   7138.80  3.8423311E-02
   7139.00  3.7797618E-02
   7139.20  3.7266924E-02
   7139.40  3.6828189E-02
   7139.60  3.6477300E-02
   7139.80  3.6209058E-02
   7140.00  3.6017080E-02
   7140.20  3.5894009E-02
   7140.40  3.5831435E-02
   7140.60  3.5820234E-02
   7140.80  3.5850861E-02
   7141.00  3.5913663E-02
   7141.20  3.5999108E-02
   7141.40  3.6098189E-02
   7141.60  3.6202347E-02
   7141.80  3.6303668E-02
   7142.00  3.6395013E-02
   7142.20  3.6470134E-02
   7142.40  3.6523405E-02
   7142.60  3.6550131E-02
   7142.80  3.6546561E-02
   7143.00  3.6509778E-02
   7143.20  3.6437927E-02
   7143.40  3.6330166E-02
   7143.60  3.6191570E-02
   7143.80  3.6032256E-02
   7144.00  3.5841763E-02
   7144.20  3.5622642E-02
   7144.40  3.5378070E-02
   7144.60  3.5111553E-02
   7144.80  3.4826855E-02
   7145.00  3.4527884E-02
   7145.20  3.4218415E-02
   7145.40  3.3901803E-02
   7145.60  3.3581488E-02
   7145.80  3.3260112E-02
   7146.00  3.2940065E-02
   7146.20  3.2623304E-02
   7146.40  3.2311398E-02
   7146.60  3.2005641E-02
   7146.80  3.1706928E-02
   7147.00  3.1416376E-02
   7147.20  3.1134470E-02
   7147.40  3.0861750E-02
   7147.60  3.0599105E-02
   7147.80  3.0346942E-02
   7148.00  3.0105916E-02
   7148.20  2.9876900E-02
   7148.40  2.9660772E-02
   7148.60  2.9458187E-02
   7148.80  2.9270043E-02
   7149.00  2.9097348E-02
   7149.20  2.8941016E-02
   7149.40  2.8801628E-02
   7149.60  2.8677432E-02
   7149.80  2.8573763E-02
   7150.00  2.8488718E-02
   7150.20  2.8424340E-02
   7150.40  2.8376465E-02
   7150.60  2.8346105E-02
   7150.80  2.8332391E-02
   7151.00  2.8333770E-02
   7151.20  2.8348256E-02
   7151.40  2.8373620E-02
   7151.60  2.8407528E-02
   7151.80  2.8447685E-02
   7152.00  2.8493577E-02
   7152.20  2.8540019E-02
   7152.40  2.8587083E-02
   7152.60  2.8633602E-02
   7152.80  2.8674215E-02
   7153.00  2.8717888E-02
   7153.20  2.8760075E-02
   7153.40  2.8801073E-02
   7153.60  2.8841462E-02
   7153.80  2.8882578E-02
   7154.00  2.8922753E-02
   7154.20  2.8963527E-02
   7154.40  2.9005295E-02
   7154.60  2.9048550E-02
   7154.80  2.9093449E-02
   7155.00  2.9140162E-02
   7155.20  2.9188779E-02
   7155.40  2.9239218E-02
   7155.60  2.9291288E-02
   7155.80  2.9344808E-02
   7156.00  2.9399549E-02
   7156.20  2.9452932E-02
   7156.40  2.9509237E-02
   7156.60  2.9565981E-02
   7156.80  2.9623006E-02
   7157.00  2.9679957E-02
   7157.20  2.9736595E-02
   7157.40  2.9792713E-02
   7157.60  2.9848209E-02
   7157.80  2.9902889E-02
   7158.00  2.9956760E-02
   7158.20  3.0009771E-02
   7158.40  3.0062476E-02
   7158.60  3.0114203E-02
   7158.80  3.0165020E-02
   7159.00  3.0214984E-02
   7159.20  3.0264233E-02
   7159.40  3.0312936E-02
   7159.60  3.0361291E-02
   7159.80  3.0409523E-02
   7160.00  3.0457866E-02
   7160.20  3.0506941E-02
   7160.40  3.0556852E-02
   7160.60  3.0607600E-02
   7160.80  3.0659623E-02
   7161.00  3.0713048E-02
   7161.20  3.0768385E-02
   7161.40  3.0825286E-02
   7161.60  3.0883264E-02
   7161.80  3.0943501E-02
   7162.00  3.1005524E-02
   7162.20  3.1069839E-02
   7162.40  3.1135944E-02
   7162.60  3.1203766E-02
   7162.80  3.1273244E-02
   7163.00  3.1348139E-02
   7163.20  3.1421005E-02
   7163.40  3.1495832E-02
   7163.60  3.1572063E-02
   7163.80  3.1654989E-02
   7164.00  3.1733790E-02
   7164.20  3.1813750E-02
   7164.40  3.1894958E-02
   7164.60  3.1977521E-02
   7164.80  3.2061628E-02
   7165.00  3.2146926E-02
   7165.20  3.2233334E-02
   7165.40  3.2320779E-02
   7165.60  3.2409202E-02
   7165.80  3.2498519E-02
   7166.00  3.2588594E-02
   7166.20  3.2679506E-02
   7166.40  3.2770963E-02
   7166.60  3.2862769E-02
   7166.80  3.2954392E-02
   7167.00  3.3045345E-02
   7167.20  3.3135249E-02
   7167.40  3.3223689E-02
   7167.60  3.3310024E-02
   7167.80  3.3393860E-02
   7168.00  3.3475023E-02
   7168.20  3.3552551E-02
   7168.40  3.3625946E-02
   7168.60  3.3694752E-02
   7168.80  3.3758550E-02
   7169.00  3.3816899E-02
   7169.20  3.3866973E-02
   7169.40  3.3914338E-02
   7169.60  3.3954714E-02
   7169.80  3.3988573E-02
   7170.00  3.4015805E-02
   7170.20  3.4036051E-02
   7170.40  3.4049227E-02
   7170.60  3.4055274E-02
   7170.80  3.4054158E-02
   7171.00  3.4045969E-02
   7171.20  3.4030681E-02
   7171.40  3.4008455E-02
   7171.60  3.3979499E-02
   7171.80  3.3943904E-02
   7172.00  3.3902099E-02
