  7112.000   26  1  1  1.5899548E-02 -4.2101034E+00 -3.9875365E-01  1  1  7.2652128E+03  0.0000000E+00  0.0000000E+00  5.1354156E+00  1.0000000E+00  0.0000000E+00 = E_edge, Z, n_edge, j_edge, Abs_before_edge, VO_interstitial, E_cut, ninitl, ninit1, Epsii, UnitCell_Volume, Surface_ref, f0_forward, natomsym_f, abs_u_i
    Energy    <xanes>    
   7097.00  1.0298105E-03
   7097.20  1.1981084E-04
   7097.40  6.2051352E-05
   7097.60  4.6734250E-05
   7097.80  4.1157864E-05
   7098.00  3.9567998E-05
   7098.20  4.0664106E-05
   7098.40  4.4808495E-05
   7098.60  5.4291981E-05
   7098.80  7.6904421E-05
   7099.00  1.4739261E-04
   7099.20  6.1426486E-04
   7099.40  1.3292770E-02
   7099.60  3.3325987E-04
   7099.80  2.8604707E-04
   7100.00  7.2037176E-05
   7100.20  5.3008695E-05
   7100.40  4.5943610E-05
   7100.60  4.4136924E-05
   7100.80  4.6748265E-05
   7101.00  5.7110031E-05
   7101.20  9.5366332E-05
   7101.40  4.9325826E-04
   7101.60  7.7341904E-04
   7101.80  9.0314590E-03
   7102.00  2.3434912E-04
   7102.20  1.1518014E-04
   7102.40  5.4513478E-05
   7102.60  4.4571462E-05
   7102.80  4.1446790E-05
   7103.00  4.1434342E-05
   7103.20  4.7268686E-05
   7103.40  2.0278849E-03
   7103.60  5.1430990E-05
   7103.80  5.3316845E-05
   7104.00  7.9800845E-05
   7104.20  1.1042158E-04
   7104.40  2.1531531E-04
   7104.60  2.4221977E-03
   7104.80  6.9750191E-03
   7105.00  2.7702810E-04
   7105.20  6.5946881E-04
   7105.40  1.8119543E-03
   7105.60  1.1028897E-03
   7105.80  2.5963528E-04
   7106.00  4.3420530E-04
   7106.20  5.2454846E-02
   7106.40  2.3824320E-03
   7106.60  2.5853167E-03
   7106.80  3.0986588E-03
   7107.00  5.0455341E-04
   7107.20  7.1441163E-04
   7107.40  6.6385304E-03
   7107.60  9.4819710E-03
   7107.80  1.8445217E-03
   7108.00  1.9505632E-03
   7108.20  3.1430234E-01
   7108.40  6.0589434E-03
   7108.60  1.2337793E-02
   7108.80  4.1302396E-02
   7109.00  2.5799270E-02
   7109.20  5.3573579E-02
   7109.40  5.2474990E-02
   7109.60  4.3322440E-02
   7109.80  2.2284528E-02
   7110.00  1.2280371E-02
   7110.20  1.1348130E-02
   7110.40  1.9115839E-02
   7110.60  2.5937225E-02
   7110.80  1.6383903E-02
   7111.00  1.8199603E-02
   7111.20  2.1174380E-02
   7111.40  1.8558488E-02
   7111.60  1.2524519E-02
   7111.80  1.2574563E-02
   7112.00  2.9642544E-02
   7112.20  1.6645860E-02
   7112.40  9.5830718E-03
   7112.60  4.6895184E-03
   7112.80  2.6377375E-03
   7113.00  1.5925960E-03
   7113.20  1.1026825E-03
   7113.40  8.4681922E-04
   7113.60  7.0920571E-04
   7113.80  6.4007728E-04
   7114.00  6.9477735E-04
   7114.20  1.9394050E-03
   7114.40  1.1411267E-03
   7114.60  2.2901088E-03
   7114.80  1.0010349E-03
   7115.00  5.2383534E-04
   7115.20  4.5626629E-04
   7115.40  4.4405575E-04
   7115.60  4.5180681E-04
   7115.80  4.7024244E-04
   7116.00  4.9437515E-04
   7116.20  5.2218288E-04
   7116.40  5.5851704E-04
   7116.60  6.1368448E-04
   7116.80  6.9412508E-04
   7117.00  7.9692742E-04
   7117.20  9.1284580E-04
   7117.40  1.0321836E-03
   7117.60  1.1505775E-03
   7117.80  1.2792610E-03
   7118.00  1.4604122E-03
   7118.20  1.7794441E-03
   7118.40  2.3447195E-03
   7118.60  2.9568512E-03
   7118.80  2.9011743E-03
   7119.00  2.5103013E-03
   7119.20  2.2744936E-03
   7119.40  2.1884706E-03
   7119.60  2.1833233E-03
   7119.80  2.2375358E-03
   7120.00  2.3412009E-03
   7120.20  2.4545963E-03
   7120.40  2.5284326E-03
   7120.60  2.5391293E-03
   7120.80  2.4882717E-03
   7121.00  2.3903437E-03
   7121.20  2.2686178E-03
   7121.40  2.1487730E-03
   7121.60  2.0661102E-03
   7121.80  2.0370888E-03
   7122.00  2.0566317E-03
   7122.20  2.1499574E-03
   7122.40  2.3120891E-03
   7122.60  2.5440464E-03
   7122.80  2.8583298E-03
   7123.00  3.2780675E-03
   7123.20  3.8488168E-03
   7123.40  4.6336836E-03
   7123.60  5.6844119E-03
   7123.80  6.8756992E-03
   7124.00  7.8184921E-03
   7124.20  8.3389504E-03
   7124.40  8.8177306E-03
   7124.60  9.7049860E-03
   7124.80  1.1266999E-02
   7125.00  1.3717789E-02
   7125.20  1.7428056E-02
   7125.40  2.2786460E-02
   7125.60  2.9939604E-02
   7125.80  3.8002759E-02
   7126.00  4.4105612E-02
   7126.20  4.5559334E-02
   7126.40  4.3092405E-02
   7126.60  3.9896113E-02
   7126.80  3.7513442E-02
   7127.00  3.5306884E-02
   7127.20  3.2301171E-02
   7127.40  2.8758896E-02
   7127.60  2.5882810E-02
   7127.80  2.4075418E-02
   7128.00  2.3127512E-02
   7128.20  2.2797451E-02
   7128.40  2.2959341E-02
   7128.60  2.3583113E-02
   7128.80  2.4712045E-02
   7129.00  2.6433103E-02
   7129.20  2.8862319E-02
   7129.40  3.2143710E-02
   7129.60  3.6458279E-02
   7129.80  4.2050057E-02
   7130.00  4.9265858E-02
   7130.20  5.8482492E-02
   7130.40  6.9966450E-02
   7130.60  8.3217772E-02
   7130.80  9.6019523E-02
   7131.00  1.0495356E-01
   7131.20  1.0843654E-01
   7131.40  1.0772969E-01
   7131.60  1.0454137E-01
   7131.80  9.9791238E-02
   7132.00  9.4005135E-02
   7132.20  8.7620328E-02
   7132.40  8.0909389E-02
   7132.60  7.4085138E-02
   7132.80  6.7475418E-02
   7133.00  6.1399163E-02
   7133.20  5.6009399E-02
   7133.40  5.1324702E-02
   7133.60  4.7349720E-02
   7133.80  4.4135069E-02
   7134.00  4.1710240E-02
   7134.20  3.9985187E-02
   7134.40  3.8781424E-02
   7134.60  3.7935089E-02
   7134.80  3.7339803E-02
   7135.00  3.6933789E-02
   7135.20  3.6681875E-02
   7135.40  3.6566014E-02
   7135.60  3.6579658E-02
   7135.80  3.6723561E-02
   7136.00  3.7001576E-02
   7136.20  3.7417515E-02
   7136.40  3.7972516E-02
   7136.60  3.8663938E-02
   7136.80  3.9482553E-02
   7137.00  4.0411942E-02
   7137.20  4.1427525E-02
   7137.40  4.2494465E-02
   7137.60  4.3565052E-02
   7137.80  4.4576076E-02
   7138.00  4.5449382E-02
   7138.20  4.6099535E-02
   7138.40  4.6450785E-02
   7138.60  4.6457414E-02
   7138.80  4.6118721E-02
   7139.00  4.5479797E-02
   7139.20  4.4619203E-02
   7139.40  4.3629454E-02
   7139.60  4.2599459E-02
   7139.80  4.1603897E-02
   7140.00  4.0698568E-02
   7140.20  3.9920069E-02
   7140.40  3.9287451E-02
   7140.60  3.8804607E-02
   7140.80  3.8463692E-02
   7141.00  3.8249742E-02
   7141.20  3.8145233E-02
   7141.40  3.8133367E-02
   7141.60  3.8199542E-02
   7141.80  3.8331626E-02
   7142.00  3.8519051E-02
   7142.20  3.8752142E-02
   7142.40  3.9046546E-02
   7142.60  3.9348365E-02
   7142.80  3.9672930E-02
   7143.00  4.0018802E-02
   7143.20  4.0390076E-02
   7143.40  4.0796960E-02
   7143.60  4.1254505E-02
   7143.80  4.1779377E-02
   7144.00  4.2385533E-02
   7144.20  4.3068864E-02
   7144.40  4.3819212E-02
   7144.60  4.4624315E-02
   7144.80  4.5447846E-02
   7145.00  4.6240788E-02
   7145.20  4.6946837E-02
   7145.40  4.7509110E-02
   7145.60  4.7878404E-02
   7145.80  4.8020388E-02
   7146.00  4.7920374E-02
   7146.20  4.7584816E-02
   7146.40  4.7038858E-02
   7146.60  4.6320770E-02
   7146.80  4.5475537E-02
   7147.00  4.4548053E-02
   7147.20  4.3578123E-02
   7147.40  4.2597773E-02
   7147.60  4.1630464E-02
   7147.80  4.0686266E-02
   7148.00  3.9784065E-02
   7148.20  3.8921992E-02
   7148.40  3.8100201E-02
   7148.60  3.7315199E-02
   7148.80  3.6560230E-02
   7149.00  3.5836086E-02
   7149.20  3.5135890E-02
   7149.40  3.4455435E-02
   7149.60  3.3791500E-02
   7149.80  3.3100403E-02
   7150.00  3.2462919E-02
   7150.20  3.1835824E-02
   7150.40  3.1211041E-02
   7150.60  3.0605451E-02
   7150.80  3.0011043E-02
   7151.00  2.9429209E-02
   7151.20  2.8861947E-02
   7151.40  2.8311122E-02
   7151.60  2.7778921E-02
   7151.80  2.7267305E-02
   7152.00  2.6778017E-02
   7152.20  2.6311994E-02
   7152.40  2.5869149E-02
   7152.60  2.5450597E-02
   7152.80  2.5060028E-02
   7153.00  2.4688011E-02
   7153.20  2.4331663E-02
   7153.40  2.3988282E-02
   7153.60  2.3655468E-02
   7153.80  2.3330878E-02
   7154.00  2.3012689E-02
   7154.20  2.2698526E-02
   7154.40  2.2387520E-02
   7154.60  2.2078657E-02
   7154.80  2.1771513E-02
   7155.00  2.1466364E-02
   7155.20  2.1164003E-02
   7155.40  2.0865964E-02
   7155.60  2.0574409E-02
   7155.80  2.0292319E-02
   7156.00  2.0023149E-02
   7156.20  1.9770739E-02
   7156.40  1.9539566E-02
   7156.60  1.9334291E-02
   7156.80  1.9159661E-02
   7157.00  1.9019937E-02
   7157.20  1.8918455E-02
   7157.40  1.8857174E-02
   7157.60  1.8835891E-02
   7157.80  1.8851650E-02
   7158.00  1.8898892E-02
   7158.20  1.8969234E-02
   7158.40  1.9052277E-02
   7158.60  1.9136542E-02
   7158.80  1.9210958E-02
   7159.00  1.9266265E-02
   7159.20  1.9296225E-02
   7159.40  1.9298183E-02
   7159.60  1.9272726E-02
   7159.80  1.9223431E-02
   7160.00  1.9155862E-02
   7160.20  1.9076690E-02
   7160.40  1.8999321E-02
   7160.60  1.8921892E-02
   7160.80  1.8852956E-02
   7161.00  1.8794495E-02
   7161.20  1.8753569E-02
   7161.40  1.8733845E-02
   7161.60  1.8737586E-02
   7161.80  1.8766171E-02
   7162.00  1.8820795E-02
   7162.20  1.8903657E-02
   7162.40  1.9014561E-02
   7162.60  1.9153120E-02
   7162.80  1.9319441E-02
   7163.00  1.9513681E-02
   7163.20  1.9735433E-02
   7163.40  1.9982983E-02
   7163.60  2.0257147E-02
   7163.80  2.0554964E-02
   7164.00  2.0873590E-02
   7164.20  2.1209357E-02
   7164.40  2.1558069E-02
   7164.60  2.1914992E-02
   7164.80  2.2275314E-02
   7165.00  2.2633782E-02
   7165.20  2.2987474E-02
   7165.40  2.3332073E-02
   7165.60  2.3666040E-02
   7165.80  2.3984843E-02
   7166.00  2.4289591E-02
   7166.20  2.4579774E-02
   7166.40  2.4855632E-02
   7166.60  2.5117680E-02
   7166.80  2.5366667E-02
   7167.00  2.5603548E-02
   7167.20  2.5829256E-02
   7167.40  2.6045173E-02
   7167.60  2.6252470E-02
   7167.80  2.6452595E-02
   7168.00  2.6647095E-02
   7168.20  2.6837876E-02
   7168.40  2.7026729E-02
   7168.60  2.7215561E-02
   7168.80  2.7406191E-02
   7169.00  2.7600545E-02
   7169.20  2.7800111E-02
   7169.40  2.8006085E-02
   7169.60  2.8219322E-02
   7169.80  2.8440309E-02
   7170.00  2.8669103E-02
   7170.20  2.8905324E-02
   7170.40  2.9148255E-02
   7170.60  2.9399169E-02
   7170.80  2.9651708E-02
   7171.00  2.9906419E-02
   7171.20  3.0161220E-02
   7171.40  3.0413922E-02
   7171.60  3.0662010E-02
   7171.80  3.0902959E-02
   7172.00  3.1134287E-02
