  7112.000   26  1  1  1.6958920E-02 -4.2873207E+00 -3.4610019E-01  1  1  7.2651672E+03  0.0000000E+00  0.0000000E+00  5.3731050E+00  1.0000000E+00  0.0000000E+00 = E_edge, Z, n_edge, j_edge, Abs_before_edge, VO_interstitial, E_cut, ninitl, ninit1, Epsii, UnitCell_Volume, Surface_ref, f0_forward, natomsym_f, abs_u_i
    Energy    <xanes>    
   7097.00  1.2300412E-03
   7097.20  1.3518945E-04
   7097.40  9.6183319E-05
   7097.60  1.2073253E-03
   7097.80  6.2615827E-05
   7098.00  4.9374862E-05
   7098.20  5.0590655E-05
   7098.40  6.0344320E-05
   7098.60  8.8017449E-05
   7098.80  1.8843345E-04
   7099.00  1.2499508E-03
   7099.20  2.1476150E-03
   7099.40  2.2150649E-04
   7099.60  9.8402435E-05
   7099.80  8.1676320E-05
   7100.00  4.9367730E-05
   7100.20  4.3021543E-05
   7100.40  4.0942504E-05
   7100.60  4.1792994E-05
   7100.80  4.6413375E-05
   7101.00  5.9569910E-05
   7101.20  1.0760034E-04
   7101.40  7.4603538E-04
   7101.60  6.0051995E-04
   7101.80  1.9942327E-02
   7102.00  2.2415667E-04
   7102.20  1.5589691E-04
   7102.40  5.7101774E-05
   7102.60  4.5787769E-05
   7102.80  4.2397214E-05
   7103.00  4.2189216E-05
   7103.20  4.6736086E-05
   7103.40  1.9879011E-03
   7103.60  5.2183615E-05
   7103.80  5.5339056E-05
   7104.00  7.7273293E-05
   7104.20  1.2070887E-04
   7104.40  3.0081173E-04
   7104.60  1.5110444E-03
   7104.80  1.9798931E-03
   7105.00  2.7996978E-04
   7105.20  9.8101952E-04
   7105.40  5.2488676E-03
   7105.60  4.9441970E-04
   7105.80  2.6063488E-04
   7106.00  4.6561156E-04
   7106.20  8.2951645E-02
   7106.40  4.5736873E-03
   7106.60  1.6878452E-03
   7106.80  3.3523447E-02
   7107.00  4.6162317E-04
   7107.20  7.8947910E-04
   7107.40  6.3662391E-03
   7107.60  2.0606829E-03
   7107.80  1.1095702E-03
   7108.00  1.8857801E-03
   7108.20  1.6213065E-02
   7108.40  5.3950194E-03
   7108.60  1.6511888E-02
   7108.80  2.7122389E-02
   7109.00  2.0656047E-02
   7109.20  5.9029166E-02
   7109.40  7.2275881E-02
   7109.60  3.0914973E-02
   7109.80  3.6961118E-02
   7110.00  1.7318592E-02
   7110.20  1.0013640E-02
   7110.40  1.1084065E-02
   7110.60  1.5962275E-02
   7110.80  8.3872613E-03
   7111.00  7.3659674E-03
   7111.20  8.7495964E-03
   7111.40  9.9660257E-03
   7111.60  7.9063313E-03
   7111.80  1.1690976E-02
   7112.00  3.1511354E-02
   7112.20  1.3140487E-02
   7112.40  8.2062501E-03
   7112.60  4.3300349E-03
   7112.80  2.3290749E-03
   7113.00  1.3787643E-03
   7113.20  9.0343774E-04
   7113.40  6.5310945E-04
   7113.60  5.5370274E-04
   7113.80  5.1937656E-04
   7114.00  5.7549519E-04
   7114.20  1.2384209E-03
   7114.40  3.8347041E-03
   7114.60  5.8394540E-04
   7114.80  4.0130255E-04
   7115.00  3.5589611E-04
   7115.20  3.4117599E-04
   7115.40  3.4046343E-04
   7115.60  3.4913740E-04
   7115.80  3.6517592E-04
   7116.00  3.8767596E-04
   7116.20  4.1716291E-04
   7116.40  4.5565440E-04
   7116.60  5.0502955E-04
   7116.80  5.6460936E-04
   7117.00  6.3033451E-04
   7117.20  6.9626103E-04
   7117.40  7.5623496E-04
   7117.60  8.0517471E-04
   7117.80  8.4368718E-04
   7118.00  8.8320258E-04
   7118.20  9.4334088E-04
   7118.40  1.0452954E-03
   7118.60  1.2065678E-03
   7118.80  1.4194399E-03
   7119.00  1.6172012E-03
   7119.20  1.7581747E-03
   7119.40  1.8921827E-03
   7119.60  2.0311926E-03
   7119.80  2.1479565E-03
   7120.00  2.2499881E-03
   7120.20  2.3838526E-03
   7120.40  2.6007411E-03
   7120.60  2.9301981E-03
   7120.80  3.3529492E-03
   7121.00  3.7635056E-03
   7121.20  3.9891148E-03
   7121.40  3.9414362E-03
   7121.60  3.7369137E-03
   7121.80  3.5049646E-03
   7122.00  3.3566931E-03
   7122.20  3.3003574E-03
   7122.40  3.3388595E-03
   7122.60  3.4830304E-03
   7122.80  3.7488744E-03
   7123.00  4.1575349E-03
   7123.20  4.7436443E-03
   7123.40  5.5433679E-03
   7123.60  6.5225018E-03
   7123.80  7.4271652E-03
   7124.00  8.0346084E-03
   7124.20  8.4560845E-03
   7124.40  9.0728644E-03
   7124.60  1.0184532E-02
   7124.80  1.2010864E-02
   7125.00  1.4769754E-02
   7125.20  1.9059164E-02
   7125.40  2.5237268E-02
   7125.60  3.4145944E-02
   7125.80  4.4247497E-02
   7126.00  5.0445325E-02
   7126.20  4.9637384E-02
   7126.40  4.5117601E-02
   7126.60  4.0637322E-02
   7126.80  3.7108040E-02
   7127.00  3.4162325E-02
   7127.20  3.1574467E-02
   7127.40  2.9664630E-02
   7127.60  2.8716949E-02
   7127.80  2.8612332E-02
   7128.00  2.9144755E-02
   7128.20  3.0231119E-02
   7128.40  3.1923413E-02
   7128.60  3.4287059E-02
   7128.80  3.7338907E-02
   7129.00  4.1040369E-02
   7129.20  4.5333986E-02
   7129.40  5.0175551E-02
   7129.60  5.5532198E-02
   7129.80  6.1339780E-02
   7130.00  6.7427581E-02
   7130.20  7.3460358E-02
   7130.40  7.9017138E-02
   7130.60  8.3824061E-02
   7130.80  8.8079573E-02
   7131.00  9.2262399E-02
   7131.20  9.6404244E-02
   7131.40  9.9399262E-02
   7131.60  9.9359357E-02
   7131.80  9.5206401E-02
   7132.00  8.7750436E-02
   7132.20  7.8927024E-02
   7132.40  7.0355319E-02
   7132.60  6.2737444E-02
   7132.80  5.6167131E-02
   7133.00  5.0563992E-02
   7133.20  4.5830142E-02
   7133.40  4.1856649E-02
   7133.60  3.8539172E-02
   7133.80  3.5804746E-02
   7134.00  3.3609091E-02
   7134.20  3.1901564E-02
   7134.40  3.0618820E-02
   7134.60  2.9716800E-02
   7134.80  2.9179805E-02
   7135.00  2.8995054E-02
   7135.20  2.9132092E-02
   7135.40  2.9543135E-02
   7135.60  3.0172772E-02
   7135.80  3.0966239E-02
   7136.00  3.1874069E-02
   7136.20  3.2855964E-02
   7136.40  3.3883750E-02
   7136.60  3.4943595E-02
   7136.80  3.6036823E-02
   7137.00  3.7176617E-02
   7137.20  3.8385098E-02
   7137.40  3.9682978E-02
   7137.60  4.1081429E-02
   7137.80  4.2575822E-02
   7138.00  4.4137944E-02
   7138.20  4.5713569E-02
   7138.40  4.7226889E-02
   7138.60  4.8589836E-02
   7138.80  4.9716578E-02
   7139.00  5.0536535E-02
   7139.20  5.1003854E-02
   7139.40  5.1101441E-02
   7139.60  5.0841253E-02
   7139.80  5.0261587E-02
   7140.00  4.9422255E-02
   7140.20  4.8398436E-02
   7140.40  4.7273013E-02
   7140.60  4.6127908E-02
   7140.80  4.5035996E-02
   7141.00  4.4055300E-02
   7141.20  4.3222657E-02
   7141.40  4.2569765E-02
   7141.60  4.2099643E-02
   7141.80  4.1807721E-02
   7142.00  4.1678946E-02
   7142.20  4.1689171E-02
   7142.40  4.1806091E-02
   7142.60  4.1991156E-02
   7142.80  4.2202633E-02
   7143.00  4.2401028E-02
   7143.20  4.2554965E-02
   7143.40  4.2646398E-02
   7143.60  4.2672600E-02
   7143.80  4.2644446E-02
   7144.00  4.2581365E-02
   7144.20  4.2504800E-02
   7144.40  4.2432731E-02
   7144.60  4.2376120E-02
   7144.80  4.2337554E-02
   7145.00  4.2318052E-02
   7145.20  4.2307914E-02
   7145.40  4.2289199E-02
   7145.60  4.2248043E-02
   7145.80  4.2173047E-02
   7146.00  4.2056294E-02
   7146.20  4.1893718E-02
   7146.40  4.1685169E-02
   7146.60  4.1432815E-02
   7146.80  4.1140123E-02
   7147.00  4.0810439E-02
   7147.20  4.0445810E-02
   7147.40  4.0046964E-02
   7147.60  3.9613285E-02
   7147.80  3.9139330E-02
   7148.00  3.8632892E-02
   7148.20  3.8087814E-02
   7148.40  3.7503881E-02
   7148.60  3.6881262E-02
   7148.80  3.6224626E-02
   7149.00  3.5540595E-02
   7149.20  3.4834011E-02
   7149.40  3.4112688E-02
   7149.60  3.3343150E-02
   7149.80  3.2615908E-02
   7150.00  3.1897346E-02
   7150.20  3.1194147E-02
   7150.40  3.0502420E-02
   7150.60  2.9845672E-02
   7150.80  2.9218040E-02
   7151.00  2.8622051E-02
   7151.20  2.8058963E-02
   7151.40  2.7529461E-02
   7151.60  2.7033461E-02
   7151.80  2.6570368E-02
   7152.00  2.6138769E-02
   7152.20  2.5736718E-02
   7152.40  2.5361860E-02
   7152.60  2.5012498E-02
   7152.80  2.4684132E-02
   7153.00  2.4374525E-02
   7153.20  2.4079987E-02
   7153.40  2.3797003E-02
   7153.60  2.3522030E-02
   7153.80  2.3252742E-02
   7154.00  2.2984662E-02
   7154.20  2.2715835E-02
   7154.40  2.2443609E-02
   7154.60  2.2165960E-02
   7154.80  2.1882614E-02
   7155.00  2.1593804E-02
   7155.20  2.1300627E-02
   7155.40  2.1005302E-02
   7155.60  2.0708883E-02
   7155.80  2.0420424E-02
   7156.00  2.0142455E-02
   7156.20  1.9880622E-02
   7156.40  1.9640686E-02
   7156.60  1.9427873E-02
   7156.80  1.9246318E-02
   7157.00  1.9098061E-02
   7157.20  1.8982339E-02
   7157.40  1.8894844E-02
   7157.60  1.8827156E-02
   7157.80  1.8767663E-02
   7158.00  1.8702613E-02
   7158.20  1.8618006E-02
   7158.40  1.8502070E-02
   7158.60  1.8347336E-02
   7158.80  1.8151975E-02
   7159.00  1.7919891E-02
   7159.20  1.7659941E-02
   7159.40  1.7383612E-02
   7159.60  1.7103883E-02
   7159.80  1.6833483E-02
   7160.00  1.6583847E-02
   7160.20  1.6370875E-02
   7160.40  1.6193834E-02
   7160.60  1.6060570E-02
   7160.80  1.5980665E-02
   7161.00  1.5947848E-02
   7161.20  1.5967912E-02
   7161.40  1.6040921E-02
   7161.60  1.6165661E-02
   7161.80  1.6340052E-02
   7162.00  1.6561173E-02
   7162.20  1.6824914E-02
   7162.40  1.7126773E-02
   7162.60  1.7461818E-02
   7162.80  1.7824615E-02
   7163.00  1.8209833E-02
   7163.20  1.8611633E-02
   7163.40  1.9031023E-02
   7163.60  1.9459330E-02
   7163.80  1.9890310E-02
   7164.00  2.0319624E-02
   7164.20  2.0743405E-02
   7164.40  2.1158373E-02
   7164.60  2.1561657E-02
   7164.80  2.1950861E-02
   7165.00  2.2324178E-02
   7165.20  2.2680433E-02
   7165.40  2.3018924E-02
   7165.60  2.3339445E-02
   7165.80  2.3642083E-02
   7166.00  2.3926868E-02
   7166.20  2.4194426E-02
   7166.40  2.4445566E-02
   7166.60  2.4681301E-02
   7166.80  2.4902916E-02
   7167.00  2.5112131E-02
   7167.20  2.5310664E-02
   7167.40  2.5500329E-02
   7167.60  2.5683296E-02
   7167.80  2.5874201E-02
   7168.00  2.6050387E-02
   7168.20  2.6226052E-02
   7168.40  2.6402867E-02
   7168.60  2.6582350E-02
   7168.80  2.6765529E-02
   7169.00  2.6953279E-02
   7169.20  2.7146090E-02
   7169.40  2.7344182E-02
   7169.60  2.7547425E-02
   7169.80  2.7755508E-02
   7170.00  2.7967955E-02
   7170.20  2.8184161E-02
   7170.40  2.8405594E-02
   7170.60  2.8627645E-02
   7170.80  2.8851471E-02
   7171.00  2.9076438E-02
   7171.20  2.9302026E-02
   7171.40  2.9527684E-02
   7171.60  2.9752747E-02
   7171.80  2.9976418E-02
   7172.00  3.0198398E-02
