  7112.000   26  1  1  2.8876711E-02 -3.3056595E+00 -9.3424197E-01  1  1  7.2657309E+03  0.0000000E+00  0.0000000E+00  4.1133113E+00  1.0000000E+00  0.0000000E+00 = E_edge, Z, n_edge, j_edge, Abs_before_edge, VO_interstitial, E_cut, ninitl, ninit1, Epsii, UnitCell_Volume, Surface_ref, f0_forward, natomsym_f, abs_u_i
    Energy    <xanes>    
   7097.00  1.5121312E-02
   7097.20  2.0212564E-04
   7097.40  1.0155268E-04
   7097.60  1.0984191E-04
   7097.80  1.7758873E-04
   7098.00  5.3500645E-04
   7098.20  5.9491355E-02
   7098.40  1.3448330E-01
   7098.60  6.1446444E-04
   7098.80  5.6331448E-04
   7099.00  1.1659624E-04
   7099.20  7.3438468E-05
   7099.40  5.5970474E-05
   7099.60  4.7733035E-05
   7099.80  4.3547503E-05
   7100.00  4.0121876E-05
   7100.20  4.8535817E-05
   7100.40  5.5802127E-05
   7100.60  4.2316599E-05
   7100.80  4.5808614E-05
   7101.00  1.0485854E-04
   7101.20  1.6514886E-04
   7101.40  3.8888353E-04
   7101.60  1.2157246E-03
   7101.80  2.1740062E-04
   7102.00  9.1981430E-05
   7102.20  1.9886440E-04
   7102.40  3.3800391E-04
   7102.60  7.0004844E-05
   7102.80  1.2095385E-03
   7103.00  4.9568078E-05
   7103.20  4.5567439E-05
   7103.40  5.4243983E-05
   7103.60  5.1237906E-05
   7103.80  1.2886434E-04
   7104.00  2.5369034E-04
   7104.20  2.8976362E-04
   7104.40  3.2936913E-04
   7104.60  3.4042840E-03
   7104.80  6.9353596E-04
   7105.00  5.9210890E-04
   7105.20  6.3887575E-03
   7105.40  7.4002640E-04
   7105.60  1.0879961E-03
   7105.80  4.0900246E-04
   7106.00  4.9903021E-03
   7106.20  1.8362199E-02
   7106.40  2.4366017E-03
   7106.60  1.0361990E-03
   7106.80  3.3608647E-04
   7107.00  2.0532474E-03
   7107.20  2.3552760E-03
   7107.40  4.4270982E-02
   7107.60  3.1221196E-02
   7107.80  1.3500773E-03
   7108.00  5.7210812E-03
   7108.20  8.8132752E-03
   7108.40  2.7787488E-03
   7108.60  9.6242570E-03
   7108.80  9.5660971E-02
   7109.00  2.1304015E-02
   7109.20  6.5132096E-02
   7109.40  4.6612124E-02
   7109.60  1.4495436E-02
   7109.80  2.6751326E-02
   7110.00  5.8080702E-03
   7110.20  7.2572043E-03
   7110.40  1.3445486E-02
   7110.60  1.5926988E-02
   7110.80  1.6225749E-02
   7111.00  2.0272312E-02
   7111.20  1.9492533E-02
   7111.40  1.1551245E-02
   7111.60  2.1604678E-02
   7111.80  1.0378044E-02
   7112.00  1.0370711E-02
   7112.20  1.3416000E-02
   7112.40  1.9126705E-02
   7112.60  2.2548016E-02
   7112.80  1.5421996E-02
   7113.00  1.0226179E-02
   7113.20  7.8067691E-03
   7113.40  6.1916605E-03
   7113.60  4.9200900E-03
   7113.80  4.4698479E-03
   7114.00  4.8326492E-03
   7114.20  7.7367806E-03
   7114.40  5.3096631E-03
   7114.60  3.0159698E-03
   7114.80  2.7269137E-03
   7115.00  2.8406457E-03
   7115.20  3.1039330E-03
   7115.40  3.0991838E-03
   7115.60  2.7136887E-03
   7115.80  2.3591183E-03
   7116.00  2.1825573E-03
   7116.20  2.1357574E-03
   7116.40  2.1753648E-03
   7116.60  2.2919586E-03
   7116.80  2.5199905E-03
   7117.00  2.9834619E-03
   7117.20  3.6517354E-03
   7117.40  3.5152584E-03
   7117.60  3.3377542E-03
   7117.80  3.4351007E-03
   7118.00  3.6588098E-03
   7118.20  3.9358192E-03
   7118.40  4.2349540E-03
   7118.60  4.5572042E-03
   7118.80  4.9101221E-03
   7119.00  5.2900223E-03
   7119.20  5.6942705E-03
   7119.40  6.1425099E-03
   7119.60  6.6782131E-03
   7119.80  7.3195320E-03
   7120.00  8.0337544E-03
   7120.20  8.7674067E-03
   7120.40  9.4839044E-03
   7120.60  1.0192681E-02
   7120.80  1.0930050E-02
   7121.00  1.1691502E-02
   7121.20  1.2432867E-02
   7121.40  1.3147781E-02
   7121.60  1.3885251E-02
   7121.80  1.4727956E-02
   7122.00  1.5656780E-02
   7122.20  1.6733093E-02
   7122.40  1.7900454E-02
   7122.60  1.9148638E-02
   7122.80  2.0399264E-02
   7123.00  2.1539230E-02
   7123.20  2.2391407E-02
   7123.40  2.3035011E-02
   7123.60  2.3821966E-02
   7123.80  2.4804546E-02
   7124.00  2.5894477E-02
   7124.20  2.7050337E-02
   7124.40  2.8243272E-02
   7124.60  2.9454906E-02
   7124.80  3.0634335E-02
   7125.00  3.1651126E-02
   7125.20  3.2365515E-02
   7125.40  3.2757767E-02
   7125.60  3.2907255E-02
   7125.80  3.2998776E-02
   7126.00  3.2937141E-02
   7126.20  3.2596466E-02
   7126.40  3.2078444E-02
   7126.60  3.1552503E-02
   7126.80  3.1098266E-02
   7127.00  3.0731059E-02
   7127.20  3.0440378E-02
   7127.40  3.0228367E-02
   7127.60  3.0090913E-02
   7127.80  3.0036859E-02
   7128.00  3.0089883E-02
   7128.20  3.0286312E-02
   7128.40  3.0653771E-02
   7128.60  3.1187754E-02
   7128.80  3.1843779E-02
   7129.00  3.2549512E-02
   7129.20  3.3232287E-02
   7129.40  3.3837619E-02
   7129.60  3.4322201E-02
   7129.80  3.4644239E-02
   7130.00  3.4767274E-02
   7130.20  3.4677215E-02
   7130.40  3.4403100E-02
   7130.60  3.4032231E-02
   7130.80  3.3691397E-02
   7131.00  3.3494642E-02
   7131.20  3.3510327E-02
   7131.40  3.3769062E-02
   7131.60  3.4284879E-02
   7131.80  3.5071354E-02
   7132.00  3.6151910E-02
   7132.20  3.7556698E-02
   7132.40  3.9302315E-02
   7132.60  4.1356467E-02
   7132.80  4.3604899E-02
   7133.00  4.5850705E-02
   7133.20  4.7880561E-02
   7133.40  4.9592625E-02
   7133.60  5.1068034E-02
   7133.80  5.2376826E-02
   7134.00  5.3486292E-02
   7134.20  5.4335257E-02
   7134.40  5.4864326E-02
   7134.60  5.5034986E-02
   7134.80  5.4854252E-02
   7135.00  5.4371152E-02
   7135.20  5.3658266E-02
   7135.40  5.2792951E-02
   7135.60  5.1844955E-02
   7135.80  5.0869630E-02
   7136.00  4.9905276E-02
   7136.20  4.8974614E-02
   7136.40  4.8089106E-02
   7136.60  4.7252270E-02
   7136.80  4.6463790E-02
   7137.00  4.5722739E-02
   7137.20  4.5029692E-02
   7137.40  4.4387412E-02
   7137.60  4.3800058E-02
   7137.80  4.3272364E-02
   7138.00  4.2807970E-02
   7138.20  4.2408367E-02
   7138.40  4.2072116E-02
   7138.60  4.1793897E-02
   7138.80  4.1564479E-02
   7139.00  4.1370556E-02
   7139.20  4.1195347E-02
   7139.40  4.1019830E-02
   7139.60  4.0829909E-02
   7139.80  4.0609287E-02
   7140.00  4.0344237E-02
   7140.20  4.0032148E-02
   7140.40  3.9678438E-02
   7140.60  3.9296105E-02
   7140.80  3.8903486E-02
   7141.00  3.8521317E-02
   7141.20  3.8169650E-02
   7141.40  3.7865626E-02
   7141.60  3.7621890E-02
   7141.80  3.7446114E-02
   7142.00  3.7341206E-02
   7142.20  3.7305863E-02
   7142.40  3.7335352E-02
   7142.60  3.7422871E-02
   7142.80  3.7560353E-02
   7143.00  3.7739651E-02
   7143.20  3.7953431E-02
   7143.40  3.8195797E-02
   7143.60  3.8462692E-02
   7143.80  3.8752145E-02
   7144.00  3.9063805E-02
   7144.20  3.9398671E-02
   7144.40  3.9758326E-02
   7144.60  4.0144017E-02
   7144.80  4.0555496E-02
   7145.00  4.0989816E-02
   7145.20  4.1440218E-02
   7145.40  4.1896381E-02
   7145.60  4.2340556E-02
   7145.80  4.2753441E-02
   7146.00  4.3114166E-02
   7146.20  4.3403798E-02
   7146.40  4.3608598E-02
   7146.60  4.3722549E-02
   7146.80  4.3750116E-02
   7147.00  4.3707040E-02
   7147.20  4.3605986E-02
   7147.40  4.3462173E-02
   7147.60  4.3291253E-02
   7147.80  4.3108781E-02
   7148.00  4.2924606E-02
   7148.20  4.2747709E-02
   7148.40  4.2583136E-02
   7148.60  4.2433833E-02
   7148.80  4.2297264E-02
   7149.00  4.2171999E-02
   7149.20  4.2056922E-02
   7149.40  4.1938798E-02
   7149.60  4.1815533E-02
   7149.80  4.1680758E-02
   7150.00  4.1528806E-02
   7150.20  4.1354449E-02
   7150.40  4.1152374E-02
   7150.60  4.0922127E-02
   7150.80  4.0660571E-02
   7151.00  4.0366309E-02
   7151.20  4.0039138E-02
   7151.40  3.9679575E-02
   7151.60  3.9289224E-02
   7151.80  3.8869807E-02
   7152.00  3.8423663E-02
   7152.20  3.7953927E-02
   7152.40  3.7464510E-02
   7152.60  3.6954122E-02
   7152.80  3.6437299E-02
   7153.00  3.5913344E-02
   7153.20  3.5382036E-02
   7153.40  3.4856848E-02
   7153.60  3.4335376E-02
   7153.80  3.3824214E-02
   7154.00  3.3324723E-02
   7154.20  3.2838841E-02
   7154.40  3.2367948E-02
   7154.60  3.1913011E-02
   7154.80  3.1473537E-02
   7155.00  3.1049963E-02
   7155.20  3.0642810E-02
   7155.40  3.0251684E-02
   7155.60  2.9875412E-02
   7155.80  2.9510494E-02
   7156.00  2.9159825E-02
   7156.20  2.8819688E-02
   7156.40  2.8488510E-02
   7156.60  2.8164893E-02
   7156.80  2.7847553E-02
   7157.00  2.7535626E-02
   7157.20  2.7228282E-02
   7157.40  2.6924783E-02
   7157.60  2.6624895E-02
   7157.80  2.6328679E-02
   7158.00  2.6036616E-02
   7158.20  2.5749074E-02
   7158.40  2.5466854E-02
   7158.60  2.5191007E-02
   7158.80  2.4922882E-02
   7159.00  2.4663803E-02
   7159.20  2.4415032E-02
   7159.40  2.4177769E-02
   7159.60  2.3953233E-02
   7159.80  2.3742552E-02
   7160.00  2.3547386E-02
   7160.20  2.3367091E-02
   7160.40  2.3201591E-02
   7160.60  2.3051193E-02
   7160.80  2.2914775E-02
   7161.00  2.2793923E-02
   7161.20  2.2686608E-02
   7161.40  2.2592805E-02
   7161.60  2.2514633E-02
   7161.80  2.2448035E-02
   7162.00  2.2392210E-02
   7162.20  2.2348226E-02
   7162.40  2.2315993E-02
   7162.60  2.2295783E-02
   7162.80  2.2286993E-02
   7163.00  2.2289406E-02
   7163.20  2.2302870E-02
   7163.40  2.2327484E-02
   7163.60  2.2363655E-02
   7163.80  2.2409608E-02
   7164.00  2.2464348E-02
   7164.20  2.2527156E-02
   7164.40  2.2597575E-02
   7164.60  2.2674320E-02
   7164.80  2.2756379E-02
   7165.00  2.2842715E-02
   7165.20  2.2932183E-02
   7165.40  2.3023474E-02
   7165.60  2.3115570E-02
   7165.80  2.3206738E-02
   7166.00  2.3295191E-02
   7166.20  2.3379349E-02
   7166.40  2.3457679E-02
   7166.60  2.3528812E-02
   7166.80  2.3591604E-02
   7167.00  2.3645644E-02
   7167.20  2.3690428E-02
   7167.40  2.3726035E-02
   7167.60  2.3753113E-02
   7167.80  2.3772782E-02
   7168.00  2.3786461E-02
   7168.20  2.3795858E-02
   7168.40  2.3802723E-02
   7168.60  2.3809106E-02
   7168.80  2.3816372E-02
   7169.00  2.3825883E-02
   7169.20  2.3838791E-02
   7169.40  2.3855936E-02
   7169.60  2.3877891E-02
   7169.80  2.3904914E-02
   7170.00  2.3937006E-02
   7170.20  2.3973984E-02
   7170.40  2.4015680E-02
   7170.60  2.4061551E-02
   7170.80  2.4111120E-02
   7171.00  2.4163824E-02
   7171.20  2.4219115E-02
   7171.40  2.4276578E-02
   7171.60  2.4335873E-02
   7171.80  2.4396763E-02
   7172.00  2.4459083E-02
