  7112.000   26  1  1  1.2886510E-02 -2.1867073E+00 -1.9039212E+00  1  1  7.2659956E+03  0.0000000E+00  0.0000000E+00  1.9371307E+00  1.0000000E+00  0.0000000E+00 = E_edge, Z, n_edge, j_edge, Abs_before_edge, VO_interstitial, E_cut, ninitl, ninit1, Epsii, UnitCell_Volume, Surface_ref, f0_forward, natomsym_f, abs_u_i
    Energy    <xanes>    
   7097.00  1.9735936E-05
   7097.20  1.9832636E-05
   7097.40  1.9950843E-05
   7097.60  2.0094371E-05
   7097.80  2.0268652E-05
   7098.00  2.0481309E-05
   7098.20  2.0743392E-05
   7098.40  2.1071723E-05
   7098.60  2.1493456E-05
   7098.80  2.2055348E-05
   7099.00  2.2846016E-05
   7099.20  2.4054907E-05
   7099.40  2.6162675E-05
   7099.60  3.0747897E-05
   7099.80  4.6021677E-05
   7100.00  2.2277752E-04
   7100.20  2.4183085E-04
   7100.40  5.0090025E-05
   7100.60  3.7028724E-05
   7100.80  3.6537314E-05
   7101.00  8.5974216E-05
   7101.20  4.6784647E-05
   7101.40  5.7580291E-05
   7101.60  8.9568526E-05
   7101.80  2.1574915E-04
   7102.00  3.1003607E-02
   7102.20  5.0853657E-03
   7102.40  2.6652423E-04
   7102.60  1.1752842E-04
   7102.80  1.1878051E-04
   7103.00  2.2526419E-03
   7103.20  1.5849918E-04
   7103.40  7.3926108E-05
   7103.60  8.1238150E-05
   7103.80  1.1744443E-03
   7104.00  1.3369390E-03
   7104.20  1.6666077E-04
   7104.40  1.2199143E-02
   7104.60  3.5055952E-04
   7104.80  3.5318197E-02
   7105.00  5.4912014E-04
   7105.20  6.0878231E-03
   7105.40  3.8367547E-04
   7105.60  1.2502784E-04
   7105.80  9.3386511E-05
   7106.00  1.2667297E-04
   7106.20  3.5398008E-03
   7106.40  1.8516227E-04
   7106.60  2.5460389E-03
   7106.80  1.5807612E-04
   7107.00  2.9148929E-04
   7107.20  1.4680774E-02
   7107.40  8.6263350E-03
   7107.60  7.9670356E-04
   7107.80  3.2665720E-04
   7108.00  6.9315771E-04
   7108.20  6.0978566E-04
   7108.40  6.6480815E-04
   7108.60  1.3934108E-03
   7108.80  3.4845543E-03
   7109.00  2.0538400E-03
   7109.20  1.2475173E-03
   7109.40  5.4556861E-04
   7109.60  4.1074088E-03
   7109.80  1.2174927E-03
   7110.00  1.3127431E-03
   7110.20  4.2243648E-03
   7110.40  1.0155975E-03
   7110.60  1.3336848E-02
   7110.80  2.5590896E-03
   7111.00  5.9081536E-03
   7111.20  6.8269067E-03
   7111.40  1.4319342E-02
   7111.60  1.7430189E-02
   7111.80  1.2527732E-02
   7112.00  1.1961923E-02
   7112.20  1.6263742E-02
   7112.40  2.0167757E-02
   7112.60  2.4768354E-02
   7112.80  2.5129109E-02
   7113.00  2.2998490E-02
   7113.20  2.3864620E-02
   7113.40  2.4360757E-02
   7113.60  2.4664614E-02
   7113.80  2.8621596E-02
   7114.00  3.8767834E-02
   7114.20  4.9173861E-02
   7114.40  5.2995047E-02
   7114.60  4.6944956E-02
   7114.80  3.3434482E-02
   7115.00  2.3739405E-02
   7115.20  1.8176752E-02
   7115.40  1.4992691E-02
   7115.60  1.3131097E-02
   7115.80  1.2093681E-02
   7116.00  1.1522168E-02
   7116.20  1.1459056E-02
   7116.40  1.1614477E-02
   7116.60  1.1852841E-02
   7116.80  1.2094978E-02
   7117.00  1.2188644E-02
   7117.20  1.1278282E-02
   7117.40  9.5684009E-03
   7117.60  8.0366145E-03
   7117.80  7.0767366E-03
   7118.00  6.5657522E-03
   7118.20  6.2837699E-03
   7118.40  6.0818705E-03
   7118.60  5.8965563E-03
   7118.80  5.6981061E-03
   7119.00  5.4877097E-03
   7119.20  5.3134966E-03
   7119.40  5.2177571E-03
   7119.60  5.1954291E-03
   7119.80  5.2080905E-03
   7120.00  5.2245615E-03
   7120.20  5.2487115E-03
   7120.40  5.2982506E-03
   7120.60  5.3504257E-03
   7120.80  5.3324938E-03
   7121.00  5.2399920E-03
   7121.20  5.1564745E-03
   7121.40  5.1231390E-03
   7121.60  5.1282344E-03
   7121.80  5.1619182E-03
   7122.00  5.2271842E-03
   7122.20  5.3436297E-03
   7122.40  5.5564489E-03
   7122.60  5.9067828E-03
   7122.80  6.3614687E-03
   7123.00  6.8563517E-03
   7123.20  7.3743825E-03
   7123.40  7.9940360E-03
   7123.60  8.8006743E-03
   7123.80  9.8648223E-03
   7124.00  1.1227066E-02
   7124.20  1.2881034E-02
   7124.40  1.4750487E-02
   7124.60  1.6677922E-02
   7124.80  1.8457742E-02
   7125.00  1.9917384E-02
   7125.20  2.0980148E-02
   7125.40  2.1645737E-02
   7125.60  2.1925661E-02
   7125.80  2.1835517E-02
   7126.00  2.1460008E-02
   7126.20  2.0969383E-02
   7126.40  2.0549738E-02
   7126.60  2.0373505E-02
   7126.80  2.0469483E-02
   7127.00  2.0839372E-02
   7127.20  2.1591575E-02
   7127.40  2.2558786E-02
   7127.60  2.3841649E-02
   7127.80  2.5468023E-02
   7128.00  2.7417303E-02
   7128.20  2.9641937E-02
   7128.40  3.2028708E-02
   7128.60  3.4410045E-02
   7128.80  3.6549236E-02
   7129.00  3.8118226E-02
   7129.20  3.9036657E-02
   7129.40  3.9387334E-02
   7129.60  3.9436273E-02
   7129.80  3.9482414E-02
   7130.00  3.9728813E-02
   7130.20  4.0185598E-02
   7130.40  4.1004292E-02
   7130.60  4.2075401E-02
   7130.80  4.3349267E-02
   7131.00  4.4775086E-02
   7131.20  4.6299514E-02
   7131.40  4.7852316E-02
   7131.60  4.9332523E-02
   7131.80  5.0588324E-02
   7132.00  5.1485135E-02
   7132.20  5.1966582E-02
   7132.40  5.2094267E-02
   7132.60  5.2022799E-02
   7132.80  5.1931814E-02
   7133.00  5.1971295E-02
   7133.20  5.2243272E-02
   7133.40  5.2807609E-02
   7133.60  5.3690982E-02
   7133.80  5.4882906E-02
   7134.00  5.6311777E-02
   7134.20  5.7820520E-02
   7134.40  5.9205443E-02
   7134.60  6.0335216E-02
   7134.80  6.1221482E-02
   7135.00  6.1948487E-02
   7135.20  6.2566542E-02
   7135.40  6.3053023E-02
   7135.60  6.3335498E-02
   7135.80  6.3332663E-02
   7136.00  6.2984934E-02
   7136.20  6.2266157E-02
   7136.40  6.1181689E-02
   7136.60  5.9761271E-02
   7136.80  5.8053641E-02
   7137.00  5.6122575E-02
   7137.20  5.4061372E-02
   7137.40  5.1964900E-02
   7137.60  4.9883843E-02
   7137.80  4.7890097E-02
   7138.00  4.6041544E-02
   7138.20  4.4378842E-02
   7138.40  4.2926078E-02
   7138.60  4.1692186E-02
   7138.80  4.0675131E-02
   7139.00  3.9866465E-02
   7139.20  3.9254426E-02
   7139.40  3.8826363E-02
   7139.60  3.8570381E-02
   7139.80  3.8476189E-02
   7140.00  3.8534867E-02
   7140.20  3.8738230E-02
   7140.40  3.9077543E-02
   7140.60  3.9542462E-02
   7140.80  4.0119202E-02
   7141.00  4.0788930E-02
   7141.20  4.1526351E-02
   7141.40  4.2298731E-02
   7141.60  4.3066115E-02
   7141.80  4.3783177E-02
   7142.00  4.4403662E-02
   7142.20  4.4885735E-02
   7142.40  4.5197733E-02
   7142.60  4.5322972E-02
   7142.80  4.5260803E-02
   7143.00  4.5025365E-02
   7143.20  4.4641318E-02
   7143.40  4.4138677E-02
   7143.60  4.3562623E-02
   7143.80  4.2953998E-02
   7144.00  4.2306005E-02
   7144.20  4.1636112E-02
   7144.40  4.0957641E-02
   7144.60  4.0280286E-02
   7144.80  3.9610917E-02
   7145.00  3.8954318E-02
   7145.20  3.8313693E-02
   7145.40  3.7691182E-02
   7145.60  3.7088264E-02
   7145.80  3.6506139E-02
   7146.00  3.5945811E-02
   7146.20  3.5408085E-02
   7146.40  3.4893713E-02
   7146.60  3.4403366E-02
   7146.80  3.3937543E-02
   7147.00  3.3496753E-02
   7147.20  3.3081285E-02
   7147.40  3.2691330E-02
   7147.60  3.2326841E-02
   7147.80  3.1987593E-02
   7148.00  3.1673194E-02
   7148.20  3.1383021E-02
   7148.40  3.1116302E-02
   7148.60  3.0872223E-02
   7148.80  3.0649877E-02
   7149.00  3.0447966E-02
   7149.20  3.0260698E-02
   7149.40  3.0096142E-02
   7149.60  2.9948415E-02
   7149.80  2.9816397E-02
   7150.00  2.9699108E-02
   7150.20  2.9595733E-02
   7150.40  2.9505229E-02
   7150.60  2.9426813E-02
   7150.80  2.9359845E-02
   7151.00  2.9304195E-02
   7151.20  2.9259383E-02
   7151.40  2.9224957E-02
   7151.60  2.9200690E-02
   7151.80  2.9186424E-02
   7152.00  2.9182349E-02
   7152.20  2.9188381E-02
   7152.40  2.9204661E-02
   7152.60  2.9231441E-02
   7152.80  2.9269014E-02
   7153.00  2.9317794E-02
   7153.20  2.9378336E-02
   7153.40  2.9450759E-02
   7153.60  2.9535314E-02
   7153.80  2.9632030E-02
   7154.00  2.9740874E-02
   7154.20  2.9861646E-02
   7154.40  2.9994014E-02
   7154.60  3.0137172E-02
   7154.80  3.0289951E-02
   7155.00  3.0450927E-02
   7155.20  3.0618314E-02
   7155.40  3.0789929E-02
   7155.60  3.0963347E-02
   7155.80  3.1135678E-02
   7156.00  3.1303957E-02
   7156.20  3.1464984E-02
   7156.40  3.1615733E-02
   7156.60  3.1753293E-02
   7156.80  3.1875052E-02
   7157.00  3.1978828E-02
   7157.20  3.2062974E-02
   7157.40  3.2126496E-02
   7157.60  3.2169142E-02
   7157.80  3.2190959E-02
   7158.00  3.2192758E-02
   7158.20  3.2175837E-02
   7158.40  3.2141730E-02
   7158.60  3.2092332E-02
   7158.80  3.2029437E-02
   7159.00  3.1955092E-02
   7159.20  3.1871270E-02
   7159.40  3.1779999E-02
   7159.60  3.1682810E-02
   7159.80  3.1581099E-02
   7160.00  3.1475150E-02
   7160.20  3.1367994E-02
   7160.40  3.1258682E-02
   7160.60  3.1149213E-02
   7160.80  3.1039344E-02
   7161.00  3.0929416E-02
   7161.20  3.0821672E-02
   7161.40  3.0712222E-02
   7161.60  3.0603189E-02
   7161.80  3.0494547E-02
   7162.00  3.0386389E-02
   7162.20  3.0278836E-02
   7162.40  3.0171141E-02
   7162.60  3.0065196E-02
   7162.80  2.9960780E-02
   7163.00  2.9858623E-02
   7163.20  2.9758599E-02
   7163.40  2.9670428E-02
   7163.60  2.9575922E-02
   7163.80  2.9485708E-02
   7164.00  2.9399770E-02
   7164.20  2.9318528E-02
   7164.40  2.9242330E-02
   7164.60  2.9171557E-02
   7164.80  2.9106644E-02
   7165.00  2.9048202E-02
   7165.20  2.8995883E-02
   7165.40  2.8949805E-02
   7165.60  2.8910037E-02
   7165.80  2.8876487E-02
   7166.00  2.8849068E-02
   7166.20  2.8828129E-02
   7166.40  2.8813229E-02
   7166.60  2.8803942E-02
   7166.80  2.8800042E-02
   7167.00  2.8801565E-02
   7167.20  2.8808006E-02
   7167.40  2.8819147E-02
   7167.60  2.8834853E-02
   7167.80  2.8854951E-02
   7168.00  2.8878839E-02
   7168.20  2.8900572E-02
   7168.40  2.8933154E-02
   7168.60  2.8966668E-02
   7168.80  2.9002730E-02
   7169.00  2.9041027E-02
   7169.20  2.9081183E-02
   7169.40  2.9123193E-02
   7169.60  2.9166367E-02
   7169.80  2.9210366E-02
   7170.00  2.9254816E-02
   7170.20  2.9299461E-02
   7170.40  2.9344062E-02
   7170.60  2.9388367E-02
   7170.80  2.9432102E-02
   7171.00  2.9475227E-02
   7171.20  2.9517800E-02
   7171.40  2.9559648E-02
   7171.60  2.9600564E-02
   7171.80  2.9640457E-02
   7172.00  2.9679375E-02
