  7112.000   26  1  1  1.0217980E-02 -4.0383567E-01 -9.0174938E-01  1  1  7.2654140E+03  0.0000000E+00  0.0000000E+00  2.0156770E+00  1.0000000E+00  0.0000000E+00 = E_edge, Z, n_edge, j_edge, Abs_before_edge, VO_interstitial, E_cut, ninitl, ninit1, Epsii, UnitCell_Volume, Surface_ref, f0_forward, natomsym_f, abs_u_i
    Energy    <xanes>    
   7097.00  4.7821431E-04
   7097.20  3.5739141E-04
   7097.40  6.4040832E-05
   7097.60  3.7566272E-05
   7097.80  3.0010508E-05
   7098.00  2.6932750E-05
   7098.20  2.5580753E-05
   7098.40  2.5272702E-05
   7098.60  2.6256678E-05
   7098.80  3.1387681E-05
   7099.00  9.3541271E-05
   7099.20  1.1131721E-04
   7099.40  3.2325543E-05
   7099.60  2.6827085E-05
   7099.80  2.5881063E-05
   7100.00  2.6209687E-05
   7100.20  2.7354145E-05
   7100.40  2.9448573E-05
   7100.60  3.3082968E-05
   7100.80  3.9770779E-05
   7101.00  5.3850295E-05
   7101.20  9.1864257E-05
   7101.40  2.6915999E-04
   7101.60  1.2515855E-02
   7101.80  4.7983324E-04
   7102.00  1.1829268E-04
   7102.20  6.2711571E-05
   7102.40  4.4746416E-05
   7102.60  3.7035676E-05
   7102.80  3.3323871E-05
   7103.00  3.1600884E-05
   7103.20  3.1135292E-05
   7103.40  3.1746759E-05
   7103.60  3.3685842E-05
   7103.80  3.7952561E-05
   7104.00  4.7864770E-05
   7104.20  7.8250579E-05
   7104.40  2.8090859E-04
   7104.60  5.1262433E-03
   7104.80  1.5301242E-04
   7105.00  6.7474079E-05
   7105.20  5.1002431E-05
   7105.40  4.8284599E-05
   7105.60  5.3384031E-05
   7105.80  7.3050387E-05
   7106.00  1.7196819E-04
   7106.20  1.1769884E-02
   7106.40  2.5075381E-04
   7106.60  1.4524178E-04
   7106.80  2.2484451E-02
   7107.00  1.1899659E-04
   7107.20  8.2964142E-05
   7107.40  9.8785849E-05
   7107.60  1.9457845E-04
   7107.80  3.1445187E-03
   7108.00  5.4463094E-04
   7108.20  2.4130609E-04
   7108.40  2.3115584E-04
   7108.60  5.7884431E-03
   7108.80  3.0613141E-04
   7109.00  5.8423212E-04
   7109.20  4.4817648E-04
   7109.40  1.6013162E-02
   7109.60  2.0967129E-03
   7109.80  1.1562152E-03
   7110.00  5.5983785E-02
   7110.20  2.0113356E-02
   7110.40  5.2903355E-03
   7110.60  3.1917174E-03
   7110.80  1.7958764E-02
   7111.00  6.2894569E-03
   7111.20  1.2706747E-03
   7111.40  1.0667952E-02
   7111.60  4.8147068E-02
   7111.80  4.8378671E-03
   7112.00  1.8102163E-02
   7112.20  4.9760944E-02
   7112.40  4.0645104E-03
   7112.60  1.6896691E-03
   7112.80  2.8964318E-03
   7113.00  1.1526109E-03
   7113.20  9.1256143E-04
   7113.40  8.6866270E-04
   7113.60  9.7918608E-04
   7113.80  1.8030048E-03
   7114.00  3.1540332E-03
   7114.20  3.3881588E-03
   7114.40  1.5700757E-03
   7114.60  1.2810512E-03
   7114.80  1.1705989E-03
   7115.00  1.0003932E-03
   7115.20  8.6028707E-04
   7115.40  7.8092761E-04
   7115.60  7.4412417E-04
   7115.80  7.3385072E-04
   7116.00  7.4147126E-04
   7116.20  7.6260332E-04
   7116.40  7.9632814E-04
   7116.60  8.3986033E-04
   7116.80  9.0415028E-04
   7117.00  9.8926994E-04
   7117.20  1.1021336E-03
   7117.40  1.2458245E-03
   7117.60  1.3926447E-03
   7117.80  1.4683157E-03
   7118.00  1.4861663E-03
   7118.20  1.5490577E-03
   7118.40  1.6910661E-03
   7118.60  1.9097435E-03
   7118.80  2.2077099E-03
   7119.00  2.5953714E-03
   7119.20  3.0836570E-03
   7119.40  3.6720872E-03
   7119.60  4.3348275E-03
   7119.80  5.0188308E-03
   7120.00  5.6695970E-03
   7120.20  6.2678805E-03
   7120.40  6.8364606E-03
   7120.60  7.4139491E-03
   7120.80  8.0316377E-03
   7121.00  8.7144277E-03
   7121.20  9.4968423E-03
   7121.40  1.0433127E-02
   7121.60  1.1597392E-02
   7121.80  1.3065291E-02
   7122.00  1.4910025E-02
   7122.20  1.7210778E-02
   7122.40  2.0050084E-02
   7122.60  2.3504051E-02
   7122.80  2.7610763E-02
   7123.00  3.2304876E-02
   7123.20  3.7322220E-02
   7123.40  4.2141286E-02
   7123.60  4.6117296E-02
   7123.80  4.8879475E-02
   7124.00  5.0672175E-02
   7124.20  5.2191395E-02
   7124.40  5.4088403E-02
   7124.60  5.6632909E-02
   7124.80  5.9633616E-02
   7125.00  6.2489940E-02
   7125.20  6.4383778E-02
   7125.40  6.4665755E-02
   7125.60  6.3241954E-02
   7125.80  6.0296882E-02
   7126.00  5.7674474E-02
   7126.20  5.7027798E-02
   7126.40  5.7953220E-02
   7126.60  5.7615706E-02
   7126.80  5.6080620E-02
   7127.00  5.4273841E-02
   7127.20  5.2727338E-02
   7127.40  5.1559888E-02
   7127.60  5.0693960E-02
   7127.80  4.9960435E-02
   7128.00  4.9162715E-02
   7128.20  4.8176743E-02
   7128.40  4.7084822E-02
   7128.60  4.6180409E-02
   7128.80  4.5707820E-02
   7129.00  4.5639879E-02
   7129.20  4.5777831E-02
   7129.40  4.5940019E-02
   7129.60  4.6084424E-02
   7129.80  4.6140421E-02
   7130.00  4.6168802E-02
   7130.20  4.6201030E-02
   7130.40  4.6260084E-02
   7130.60  4.6348909E-02
   7130.80  4.6427383E-02
   7131.00  4.6421803E-02
   7131.20  4.6136190E-02
   7131.40  4.5412156E-02
   7131.60  4.4297368E-02
   7131.80  4.3165977E-02
   7132.00  4.2409956E-02
   7132.20  4.2126210E-02
   7132.40  4.2185834E-02
   7132.60  4.2410322E-02
   7132.80  4.2647447E-02
   7133.00  4.2787577E-02
   7133.20  4.2767499E-02
   7133.40  4.2572899E-02
   7133.60  4.2231615E-02
   7133.80  4.1795981E-02
   7134.00  4.1323704E-02
   7134.20  4.0852868E-02
   7134.40  4.0405107E-02
   7134.60  3.9988699E-02
   7134.80  3.9603318E-02
   7135.00  3.9244599E-02
   7135.20  3.8907624E-02
   7135.40  3.8588224E-02
   7135.60  3.8283414E-02
   7135.80  3.7991367E-02
   7136.00  3.7711358E-02
   7136.20  3.7443423E-02
   7136.40  3.7188014E-02
   7136.60  3.6945884E-02
   7136.80  3.6718045E-02
   7137.00  3.6505528E-02
   7137.20  3.6309300E-02
   7137.40  3.6130159E-02
   7137.60  3.5968712E-02
   7137.80  3.5825280E-02
   7138.00  3.5699900E-02
   7138.20  3.5592092E-02
   7138.40  3.5501065E-02
   7138.60  3.5425588E-02
   7138.80  3.5364004E-02
   7139.00  3.5314265E-02
   7139.20  3.5270642E-02
   7139.40  3.5230921E-02
   7139.60  3.5193827E-02
   7139.80  3.5156795E-02
   7140.00  3.5117026E-02
   7140.20  3.5071833E-02
   7140.40  3.5018605E-02
   7140.60  3.4954898E-02
   7140.80  3.4878533E-02
   7141.00  3.4783365E-02
   7141.20  3.4676537E-02
   7141.40  3.4552962E-02
   7141.60  3.4412000E-02
   7141.80  3.4253159E-02
   7142.00  3.4076282E-02
   7142.20  3.3881723E-02
   7142.40  3.3670117E-02
   7142.60  3.3442293E-02
   7142.80  3.3199198E-02
   7143.00  3.2942154E-02
   7143.20  3.2672114E-02
   7143.40  3.2390407E-02
   7143.60  3.2098377E-02
   7143.80  3.1797020E-02
   7144.00  3.1487520E-02
   7144.20  3.1171229E-02
   7144.40  3.0848946E-02
   7144.60  3.0521674E-02
   7144.80  3.0190372E-02
   7145.00  2.9855883E-02
   7145.20  2.9519131E-02
   7145.40  2.9181092E-02
   7145.60  2.8842662E-02
   7145.80  2.8504932E-02
   7146.00  2.8168877E-02
   7146.20  2.7835411E-02
   7146.40  2.7505576E-02
   7146.60  2.7180509E-02
   7146.80  2.6861520E-02
   7147.00  2.6550035E-02
   7147.20  2.6247345E-02
   7147.40  2.5955024E-02
   7147.60  2.5674754E-02
   7147.80  2.5408369E-02
   7148.00  2.5157877E-02
   7148.20  2.4925208E-02
   7148.40  2.4712183E-02
   7148.60  2.4520664E-02
   7148.80  2.4352398E-02
   7149.00  2.4208822E-02
   7149.20  2.4091125E-02
   7149.40  2.4000263E-02
   7149.60  2.3936498E-02
   7149.80  2.3899706E-02
   7150.00  2.3889336E-02
   7150.20  2.3904376E-02
   7150.40  2.3943385E-02
   7150.60  2.4004557E-02
   7150.80  2.4085828E-02
   7151.00  2.4184833E-02
   7151.20  2.4299879E-02
   7151.40  2.4429968E-02
   7151.60  2.4570272E-02
   7151.80  2.4718726E-02
   7152.00  2.4872487E-02
   7152.20  2.5029261E-02
   7152.40  2.5186587E-02
   7152.60  2.5342764E-02
   7152.80  2.5495696E-02
   7153.00  2.5644145E-02
   7153.20  2.5786688E-02
   7153.40  2.5922182E-02
   7153.60  2.6050107E-02
   7153.80  2.6169850E-02
   7154.00  2.6280952E-02
   7154.20  2.6383466E-02
   7154.40  2.6477922E-02
   7154.60  2.6564212E-02
   7154.80  2.6642728E-02
   7155.00  2.6714013E-02
   7155.20  2.6778875E-02
   7155.40  2.6837142E-02
   7155.60  2.6890758E-02
   7155.80  2.6939664E-02
   7156.00  2.6983913E-02
   7156.20  2.7024112E-02
   7156.40  2.7060675E-02
   7156.60  2.7090314E-02
   7156.80  2.7119363E-02
   7157.00  2.7144204E-02
   7157.20  2.7165125E-02
   7157.40  2.7182368E-02
   7157.60  2.7195904E-02
   7157.80  2.7205412E-02
   7158.00  2.7210900E-02
   7158.20  2.7212621E-02
   7158.40  2.7210524E-02
   7158.60  2.7204792E-02
   7158.80  2.7196007E-02
   7159.00  2.7184328E-02
   7159.20  2.7170001E-02
   7159.40  2.7153491E-02
   7159.60  2.7135310E-02
   7159.80  2.7116082E-02
   7160.00  2.7096423E-02
   7160.20  2.7076936E-02
   7160.40  2.7058611E-02
   7160.60  2.7041729E-02
   7160.80  2.7026785E-02
   7161.00  2.7014297E-02
   7161.20  2.7004690E-02
   7161.40  2.6998295E-02
   7161.60  2.6995321E-02
   7161.80  2.6995844E-02
   7162.00  2.7000075E-02
   7162.20  2.7007742E-02
   7162.40  2.7018396E-02
   7162.60  2.7031668E-02
   7162.80  2.7047114E-02
   7163.00  2.7064355E-02
   7163.20  2.7082946E-02
   7163.40  2.7102517E-02
   7163.60  2.7122557E-02
   7163.80  2.7142642E-02
   7164.00  2.7162990E-02
   7164.20  2.7182889E-02
   7164.40  2.7202208E-02
   7164.60  2.7221249E-02
   7164.80  2.7239821E-02
   7165.00  2.7258123E-02
   7165.20  2.7276590E-02
   7165.40  2.7295580E-02
   7165.60  2.7315721E-02
   7165.80  2.7337157E-02
   7166.00  2.7360580E-02
   7166.20  2.7386751E-02
   7166.40  2.7415930E-02
   7166.60  2.7448737E-02
   7166.80  2.7485799E-02
   7167.00  2.7527777E-02
   7167.20  2.7575565E-02
   7167.40  2.7629611E-02
   7167.60  2.7685336E-02
   7167.80  2.7754065E-02
   7168.00  2.7830785E-02
   7168.20  2.7915991E-02
   7168.40  2.8010459E-02
   7168.60  2.8114280E-02
   7168.80  2.8227639E-02
   7169.00  2.8350725E-02
   7169.20  2.8483652E-02
   7169.40  2.8626458E-02
   7169.60  2.8778906E-02
   7169.80  2.8941016E-02
   7170.00  2.9112603E-02
   7170.20  2.9293335E-02
   7170.40  2.9482671E-02
   7170.60  2.9680158E-02
   7170.80  2.9885220E-02
   7171.00  3.0097341E-02
   7171.20  3.0315786E-02
   7171.40  3.0540041E-02
   7171.60  3.0763646E-02
   7171.80  3.0991305E-02
   7172.00  3.1228197E-02
