  7112.000   26  1  1  7.3176711E-03  2.2052880E-04 -2.0917532E-01  1  1  7.2641028E+03  0.0000000E+00  0.0000000E+00  1.5201281E+00  1.0000000E+00  0.0000000E+00 = E_edge, Z, n_edge, j_edge, Abs_before_edge, VO_interstitial, E_cut, ninitl, ninit1, Epsii, UnitCell_Volume, Surface_ref, f0_forward, natomsym_f, abs_u_i
    Energy    <xanes>    
   7097.00  2.4803269E-05
   7097.20  2.2640086E-05
   7097.40  2.2755781E-05
   7097.60  2.3460485E-05
   7097.80  2.4699215E-05
   7098.00  2.6751084E-05
   7098.20  3.0331288E-05
   7098.40  3.7309387E-05
   7098.60  5.3750923E-05
   7098.80  1.0948379E-04
   7099.00  6.3271686E-04
   7099.20  1.6235159E-03
   7099.40  1.4358453E-04
   7099.60  6.1414665E-05
   7099.80  4.0504817E-05
   7100.00  3.2300638E-05
   7100.20  2.8361062E-05
   7100.40  2.6283279E-05
   7100.60  2.5189381E-05
   7100.80  2.4722084E-05
   7101.00  2.4756716E-05
   7101.20  2.5323931E-05
   7101.40  2.6646498E-05
   7101.60  2.9355388E-05
   7101.80  3.5330527E-05
   7102.00  5.1996187E-05
   7102.20  1.3655112E-04
   7102.40  1.2607880E-02
   7102.60  2.6741574E-04
   7102.80  6.4961000E-05
   7103.00  3.9703717E-05
   7103.20  3.2016887E-05
   7103.40  2.8990599E-05
   7103.60  2.7863286E-05
   7103.80  2.7860407E-05
   7104.00  2.8918164E-05
   7104.20  3.1652272E-05
   7104.40  3.8647008E-05
   7104.60  6.5373059E-05
   7104.80  1.6576167E-03
   7105.00  2.5515719E-04
   7105.20  3.3619341E-04
   7105.40  6.2302948E-05
   7105.60  5.1225544E-05
   7105.80  7.0464095E-05
   7106.00  3.6435983E-04
   7106.20  8.4504194E-03
   7106.40  9.7508912E-05
   7106.60  5.0093878E-05
   7106.80  3.9966405E-05
   7107.00  3.6799665E-05
   7107.20  3.6051485E-05
   7107.40  3.6552751E-05
   7107.60  3.8005974E-05
   7107.80  4.0625556E-05
   7108.00  4.6870375E-05
   7108.20  5.5713698E-04
   7108.40  5.7430125E-05
   7108.60  6.7962606E-05
   7108.80  9.5275843E-05
   7109.00  1.9595508E-04
   7109.20  5.1043400E-03
   7109.40  2.1990453E-02
   7109.60  3.3604630E-04
   7109.80  3.0355318E-04
   7110.00  4.0521599E-02
   7110.20  7.4485457E-03
   7110.40  4.9625972E-04
   7110.60  1.0378547E-03
   7110.80  1.7927258E-03
   7111.00  1.7023582E-03
   7111.20  6.3061699E-03
   7111.40  1.4764147E-02
   7111.60  1.3737557E-03
   7111.80  1.3155757E-03
   7112.00  6.4992595E-04
   7112.20  8.2750213E-03
   7112.40  2.8811528E-03
   7112.60  2.3127155E-02
   7112.80  1.5484465E-02
   7113.00  9.0229328E-03
   7113.20  9.1091036E-02
   7113.40  1.9461788E-02
   7113.60  7.9729052E-03
   7113.80  6.3029175E-03
   7114.00  6.6180796E-03
   7114.20  7.7579496E-03
   7114.40  1.0728093E-02
   7114.60  1.9380338E-02
   7114.80  5.1526457E-02
   7115.00  1.3452898E-01
   7115.20  3.8356123E-02
   7115.40  1.4729737E-02
   7115.60  7.9949714E-03
   7115.80  5.0830678E-03
   7116.00  3.4661205E-03
   7116.20  2.7009303E-03
   7116.40  2.6308413E-03
   7116.60  3.1030623E-03
   7116.80  4.3437086E-03
   7117.00  7.2977845E-03
   7117.20  1.4421961E-02
   7117.40  2.6949013E-02
   7117.60  3.1565226E-02
   7117.80  3.0994809E-02
   7118.00  3.3216459E-02
   7118.20  3.0339910E-02
   7118.40  2.3765771E-02
   7118.60  1.8402758E-02
   7118.80  1.4461323E-02
   7119.00  1.2235297E-02
   7119.20  1.0770798E-02
   7119.40  9.8063253E-03
   7119.60  9.1958296E-03
   7119.80  8.8383004E-03
   7120.00  8.6172427E-03
   7120.20  8.3861677E-03
   7120.40  8.0331501E-03
   7120.60  7.5867522E-03
   7120.80  7.0991587E-03
   7121.00  6.6308175E-03
   7121.20  6.2474596E-03
   7121.40  5.9725676E-03
   7121.60  5.7926004E-03
   7121.80  5.6839437E-03
   7122.00  5.6239732E-03
   7122.20  5.5897197E-03
   7122.40  5.5558048E-03
   7122.60  5.4982255E-03
   7122.80  5.4044142E-03
   7123.00  5.2813101E-03
   7123.20  5.1523031E-03
   7123.40  5.0480347E-03
   7123.60  4.9999994E-03
   7123.80  5.0314413E-03
   7124.00  5.1485512E-03
   7124.20  5.3401345E-03
   7124.40  5.6270944E-03
   7124.60  5.9935568E-03
   7124.80  6.4393467E-03
   7125.00  7.0181884E-03
   7125.20  7.7212425E-03
   7125.40  8.4343612E-03
   7125.60  8.9607300E-03
   7125.80  9.2282780E-03
   7126.00  9.3698510E-03
   7126.20  9.5524144E-03
   7126.40  9.8812492E-03
   7126.60  1.0426001E-02
   7126.80  1.1250863E-02
   7127.00  1.2393310E-02
   7127.20  1.3853393E-02
   7127.40  1.5664794E-02
   7127.60  1.7925708E-02
   7127.80  2.0738738E-02
   7128.00  2.4083930E-02
   7128.20  2.7702656E-02
   7128.40  3.0534290E-02
   7128.60  3.1673543E-02
   7128.80  3.1230327E-02
   7129.00  3.0064004E-02
   7129.20  2.8963133E-02
   7129.40  2.8194270E-02
   7129.60  2.7736644E-02
   7129.80  2.7535435E-02
   7130.00  2.7592220E-02
   7130.20  2.7881371E-02
   7130.40  2.8427201E-02
   7130.60  2.9231936E-02
   7130.80  3.0288454E-02
   7131.00  3.1603257E-02
   7131.20  3.3233268E-02
   7131.40  3.4948902E-02
   7131.60  3.6837862E-02
   7131.80  3.8877956E-02
   7132.00  4.1046325E-02
   7132.20  4.3300760E-02
   7132.40  4.5647587E-02
   7132.60  4.8041299E-02
   7132.80  5.0446485E-02
   7133.00  5.2819108E-02
   7133.20  5.5095035E-02
   7133.40  5.7167366E-02
   7133.60  5.8919814E-02
   7133.80  6.0237093E-02
   7134.00  6.1042604E-02
   7134.20  6.1328791E-02
   7134.40  6.1157848E-02
   7134.60  6.0635105E-02
   7134.80  5.9876798E-02
   7135.00  5.8988269E-02
   7135.20  5.8057030E-02
   7135.40  5.7153413E-02
   7135.60  5.6334203E-02
   7135.80  5.5646545E-02
   7136.00  5.5131252E-02
   7136.20  5.4824482E-02
   7136.40  5.4759096E-02
   7136.60  5.4964309E-02
   7136.80  5.5463618E-02
   7137.00  5.6270166E-02
   7137.20  5.7378070E-02
   7137.40  5.8748797E-02
   7137.60  6.0292673E-02
   7137.80  6.1850775E-02
   7138.00  6.3186511E-02
   7138.20  6.4005365E-02
   7138.40  6.4016021E-02
   7138.60  6.3034910E-02
   7138.80  6.1063868E-02
   7139.00  5.8260498E-02
   7139.20  5.4910162E-02
   7139.40  5.1326526E-02
   7139.60  4.7774439E-02
   7139.80  4.4438530E-02
   7140.00  4.1422686E-02
   7140.20  3.8771413E-02
   7140.40  3.6490227E-02
   7140.60  3.4562166E-02
   7140.80  3.2960591E-02
   7141.00  3.1654245E-02
   7141.20  3.0610748E-02
   7141.40  2.9798638E-02
   7141.60  2.9187920E-02
   7141.80  2.8750233E-02
   7142.00  2.8459261E-02
   7142.20  2.8291209E-02
   7142.40  2.8224789E-02
   7142.60  2.8241418E-02
   7142.80  2.8325200E-02
   7143.00  2.8462666E-02
   7143.20  2.8642571E-02
   7143.40  2.8855181E-02
   7143.60  2.9091860E-02
   7143.80  2.9344713E-02
   7144.00  2.9606113E-02
   7144.20  2.9868354E-02
   7144.40  3.0123450E-02
   7144.60  3.0363383E-02
   7144.80  3.0583508E-02
   7145.00  3.0780015E-02
   7145.20  3.0940730E-02
   7145.40  3.1061293E-02
   7145.60  3.1139544E-02
   7145.80  3.1176045E-02
   7146.00  3.1174097E-02
   7146.20  3.1139918E-02
   7146.40  3.1082084E-02
   7146.60  3.1010848E-02
   7146.80  3.0937477E-02
   7147.00  3.0873265E-02
   7147.20  3.0828454E-02
   7147.40  3.0811342E-02
   7147.60  3.0827475E-02
   7147.80  3.0879448E-02
   7148.00  3.0966480E-02
   7148.20  3.1085632E-02
   7148.40  3.1232411E-02
   7148.60  3.1401997E-02
   7148.80  3.1590117E-02
   7149.00  3.1793580E-02
   7149.20  3.1990675E-02
   7149.40  3.2209833E-02
   7149.60  3.2433178E-02
   7149.80  3.2676046E-02
   7150.00  3.2916067E-02
   7150.20  3.3146935E-02
   7150.40  3.3362456E-02
   7150.60  3.3557304E-02
   7150.80  3.3727874E-02
   7151.00  3.3872872E-02
   7151.20  3.3993314E-02
   7151.40  3.4092258E-02
   7151.60  3.4174929E-02
   7151.80  3.4247862E-02
   7152.00  3.4316725E-02
   7152.20  3.4388289E-02
   7152.40  3.4468469E-02
   7152.60  3.4562140E-02
   7152.80  3.4673503E-02
   7153.00  3.4802642E-02
   7153.20  3.4957546E-02
   7153.40  3.5134955E-02
   7153.60  3.5334748E-02
   7153.80  3.5555705E-02
   7154.00  3.5795972E-02
   7154.20  3.6053204E-02
   7154.40  3.6324786E-02
   7154.60  3.6607787E-02
   7154.80  3.6899169E-02
   7155.00  3.7195814E-02
   7155.20  3.7494643E-02
   7155.40  3.7792809E-02
   7155.60  3.8087403E-02
   7155.80  3.8376050E-02
   7156.00  3.8656331E-02
   7156.20  3.8925889E-02
   7156.40  3.9183103E-02
   7156.60  3.9426548E-02
   7156.80  3.9655075E-02
   7157.00  3.9867953E-02
   7157.20  4.0064603E-02
   7157.40  4.0244636E-02
   7157.60  4.0407964E-02
   7157.80  4.0554590E-02
   7158.00  4.0684551E-02
   7158.20  4.0798084E-02
   7158.40  4.0895580E-02
   7158.60  4.0977424E-02
   7158.80  4.1043887E-02
   7159.00  4.1095362E-02
   7159.20  4.1132340E-02
   7159.40  4.1155256E-02
   7159.60  4.1164256E-02
   7159.80  4.1159679E-02
   7160.00  4.1142014E-02
   7160.20  4.1111758E-02
   7160.40  4.1069151E-02
   7160.60  4.1014460E-02
   7160.80  4.0948038E-02
   7161.00  4.0870230E-02
   7161.20  4.0781372E-02
   7161.40  4.0681797E-02
   7161.60  4.0571828E-02
   7161.80  4.0451886E-02
   7162.00  4.0317611E-02
   7162.20  4.0178673E-02
   7162.40  4.0030527E-02
   7162.60  3.9873475E-02
   7162.80  3.9707736E-02
   7163.00  3.9533491E-02
   7163.20  3.9349330E-02
   7163.40  3.9159165E-02
   7163.60  3.8961005E-02
   7163.80  3.8755083E-02
   7164.00  3.8541704E-02
   7164.20  3.8320749E-02
   7164.40  3.8092347E-02
   7164.60  3.7856631E-02
   7164.80  3.7613752E-02
   7165.00  3.7363874E-02
   7165.20  3.7107188E-02
   7165.40  3.6843919E-02
   7165.60  3.6574323E-02
   7165.80  3.6298448E-02
   7166.00  3.6018126E-02
   7166.20  3.5733043E-02
   7166.40  3.5443116E-02
   7166.60  3.5148853E-02
   7166.80  3.4850872E-02
   7167.00  3.4550183E-02
   7167.20  3.4246675E-02
   7167.40  3.3945618E-02
   7167.60  3.3638085E-02
   7167.80  3.3329047E-02
   7168.00  3.3020869E-02
   7168.20  3.2713201E-02
   7168.40  3.2406510E-02
   7168.60  3.2101648E-02
   7168.80  3.1799123E-02
   7169.00  3.1499379E-02
   7169.20  3.1203532E-02
   7169.40  3.0911985E-02
   7169.60  3.0625103E-02
   7169.80  3.0343475E-02
   7170.00  3.0067617E-02
   7170.20  2.9798054E-02
   7170.40  2.9535260E-02
   7170.60  2.9280144E-02
   7170.80  2.9032964E-02
   7171.00  2.8790415E-02
   7171.20  2.8563402E-02
   7171.40  2.8342071E-02
   7171.60  2.8129323E-02
   7171.80  2.7925146E-02
   7172.00  2.7729481E-02
