  7112.000   26  1  1  1.8678078E-02 -3.3717314E+00 -2.3850489E+00  1  1  7.2667325E+03  0.0000000E+00  0.0000000E+00  2.3343899E+00  1.0000000E+00  0.0000000E+00 = E_edge, Z, n_edge, j_edge, Abs_before_edge, VO_interstitial, E_cut, ninitl, ninit1, Epsii, UnitCell_Volume, Surface_ref, f0_forward, natomsym_f, abs_u_i
    Energy    <xanes>    
   7097.00  2.1065774E-05
   7097.20  2.1513458E-05
   7097.40  2.2524629E-05
   7097.60  2.4968883E-05
   7097.80  3.2913673E-05
   7098.00  9.4594586E-05
   7098.20  5.1075892E-04
   7098.40  4.4234888E-05
   7098.60  2.8526752E-05
   7098.80  2.7865922E-05
   7099.00  1.1876023E-03
   7099.20  2.6696075E-05
   7099.40  2.2916888E-05
   7099.60  2.2396900E-05
   7099.80  2.2530848E-05
   7100.00  2.3075579E-05
   7100.20  2.4168715E-05
   7100.40  2.6453438E-05
   7100.60  3.2838509E-05
   7100.80  7.3757929E-05
   7101.00  6.4734185E-04
   7101.20  5.4914367E-05
   7101.40  6.9397068E-05
   7101.60  1.1516634E-04
   7101.80  1.3019346E-03
   7102.00  5.7807242E-05
   7102.20  3.9589960E-05
   7102.40  4.7314251E-05
   7102.60  1.6087996E-04
   7102.80  7.9566742E-05
   7103.00  8.7137130E-04
   7103.20  5.9838188E-05
   7103.40  6.5719239E-05
   7103.60  1.2078255E-04
   7103.80  5.7936242E-04
   7104.00  1.5769517E-03
   7104.20  2.0738450E-04
   7104.40  2.7841096E-03
   7104.60  1.0674687E-04
   7104.80  9.2174908E-05
   7105.00  1.5542941E-04
   7105.20  4.2857102E-03
   7105.40  9.2695018E-04
   7105.60  5.4309556E-03
   7105.80  3.4878667E-04
   7106.00  3.6345864E-04
   7106.20  5.9568966E-03
   7106.40  9.4921065E-04
   7106.60  6.1703165E-03
   7106.80  3.8740227E-04
   7107.00  9.8883755E-03
   7107.20  1.1083656E-03
   7107.40  2.5714559E-03
   7107.60  4.0377179E-04
   7107.80  5.1646112E-03
   7108.00  1.6200060E-03
   7108.20  5.2765208E-02
   7108.40  2.4057217E-03
   7108.60  9.7321904E-04
   7108.80  4.2507442E-02
   7109.00  3.6472204E-03
   7109.20  1.4823708E-03
   7109.40  4.6403127E-03
   7109.60  2.8307154E-02
   7109.80  2.5644669E-02
   7110.00  2.3314582E-02
   7110.20  2.0923919E-02
   7110.40  5.2662763E-02
   7110.60  3.2309518E-02
   7110.80  1.6033871E-02
   7111.00  1.8670785E-02
   7111.20  2.8625103E-02
   7111.40  8.1471378E-02
   7111.60  2.5892470E-02
   7111.80  1.0448056E-02
   7112.00  7.1702761E-03
   7112.20  6.1076080E-03
   7112.40  5.2109330E-03
   7112.60  5.7843108E-03
   7112.80  8.8163118E-03
   7113.00  1.8843784E-02
   7113.20  5.1873289E-02
   7113.40  4.3701136E-02
   7113.60  1.8127497E-02
   7113.80  9.5342070E-03
   7114.00  6.9476493E-03
   7114.20  6.7584768E-03
   7114.40  8.6690287E-03
   7114.60  1.1624803E-02
   7114.80  1.0337532E-02
   7115.00  7.3174583E-03
   7115.20  5.6359368E-03
   7115.40  5.0736085E-03
   7115.60  5.7941870E-03
   7115.80  8.5556102E-03
   7116.00  1.3653781E-02
   7116.20  1.3291107E-02
   7116.40  9.6505027E-03
   7116.60  7.4678902E-03
   7116.80  6.3748548E-03
   7117.00  5.8410755E-03
   7117.20  5.6266994E-03
   7117.40  5.6374035E-03
   7117.60  5.8122010E-03
   7117.80  6.2426306E-03
   7118.00  6.7303702E-03
   7118.20  6.8215116E-03
   7118.40  6.6511330E-03
   7118.60  6.5586667E-03
   7118.80  6.5576735E-03
   7119.00  6.6009881E-03
   7119.20  6.6842823E-03
   7119.40  6.8483390E-03
   7119.60  7.1355628E-03
   7119.80  7.6052813E-03
   7120.00  8.3767506E-03
   7120.20  9.5639939E-03
   7120.40  1.0752515E-02
   7120.60  1.0980282E-02
   7120.80  1.0514310E-02
   7121.00  1.0106320E-02
   7121.20  9.9505597E-03
   7121.40  9.9891127E-03
   7121.60  1.0126589E-02
   7121.80  1.0273180E-02
   7122.00  1.0348149E-02
   7122.20  1.0318306E-02
   7122.40  1.0250879E-02
   7122.60  1.0234819E-02
   7122.80  1.0290674E-02
   7123.00  1.0409668E-02
   7123.20  1.0599035E-02
   7123.40  1.0877652E-02
   7123.60  1.1268910E-02
   7123.80  1.1787974E-02
   7124.00  1.2428581E-02
   7124.20  1.3151369E-02
   7124.40  1.3882767E-02
   7124.60  1.4533519E-02
   7124.80  1.5035955E-02
   7125.00  1.5374958E-02
   7125.20  1.5588282E-02
   7125.40  1.5745738E-02
   7125.60  1.5945653E-02
   7125.80  1.6268466E-02
   7126.00  1.6785082E-02
   7126.20  1.7492815E-02
   7126.40  1.8270491E-02
   7126.60  1.8825252E-02
   7126.80  1.8872173E-02
   7127.00  1.8433959E-02
   7127.20  1.7856592E-02
   7127.40  1.7493729E-02
   7127.60  1.7467831E-02
   7127.80  1.7690559E-02
   7128.00  1.8091081E-02
   7128.20  1.8606494E-02
   7128.40  1.9194878E-02
   7128.60  1.9828943E-02
   7128.80  2.0489723E-02
   7129.00  2.1191401E-02
   7129.20  2.1857634E-02
   7129.40  2.2487029E-02
   7129.60  2.3046911E-02
   7129.80  2.3503349E-02
   7130.00  2.3832384E-02
   7130.20  2.4031827E-02
   7130.40  2.4126029E-02
   7130.60  2.4159315E-02
   7130.80  2.4181604E-02
   7131.00  2.4234935E-02
   7131.20  2.4346826E-02
   7131.40  2.4531259E-02
   7131.60  2.4793308E-02
   7131.80  2.5133617E-02
   7132.00  2.5553908E-02
   7132.20  2.6058362E-02
   7132.40  2.6648724E-02
   7132.60  2.7333047E-02
   7132.80  2.8122653E-02
   7133.00  2.9031592E-02
   7133.20  3.0073622E-02
   7133.40  3.1252425E-02
   7133.60  3.2547959E-02
   7133.80  3.3914196E-02
   7134.00  3.5287365E-02
   7134.20  3.6593143E-02
   7134.40  3.7753282E-02
   7134.60  3.8697278E-02
   7134.80  3.9375661E-02
   7135.00  3.9759881E-02
   7135.20  3.9871079E-02
   7135.40  3.9734796E-02
   7135.60  3.9393162E-02
   7135.80  3.8894044E-02
   7136.00  3.8287990E-02
   7136.20  3.7626393E-02
   7136.40  3.6959071E-02
   7136.60  3.6331459E-02
   7136.80  3.5780971E-02
   7137.00  3.5334691E-02
   7137.20  3.5008515E-02
   7137.40  3.4807779E-02
   7137.60  3.4729076E-02
   7137.80  3.4762548E-02
   7138.00  3.4893742E-02
   7138.20  3.5106924E-02
   7138.40  3.5384790E-02
   7138.60  3.5709085E-02
   7138.80  3.6064585E-02
   7139.00  3.6437766E-02
   7139.20  3.6817331E-02
   7139.40  3.7193969E-02
   7139.60  3.7559676E-02
   7139.80  3.7909163E-02
   7140.00  3.8239138E-02
   7140.20  3.8548125E-02
   7140.40  3.8835528E-02
   7140.60  3.9101578E-02
   7140.80  3.9347283E-02
   7141.00  3.9574023E-02
   7141.20  3.9783681E-02
   7141.40  3.9978426E-02
   7141.60  4.0160812E-02
   7141.80  4.0333775E-02
   7142.00  4.0500997E-02
   7142.20  4.0666654E-02
   7142.40  4.0835386E-02
   7142.60  4.1011601E-02
   7142.80  4.1199457E-02
   7143.00  4.1402676E-02
   7143.20  4.1624175E-02
   7143.40  4.1865974E-02
   7143.60  4.2129138E-02
   7143.80  4.2414125E-02
   7144.00  4.2720012E-02
   7144.20  4.3045985E-02
   7144.40  4.3391182E-02
   7144.60  4.3755003E-02
   7144.80  4.4137075E-02
   7145.00  4.4537496E-02
   7145.20  4.4956983E-02
   7145.40  4.5392570E-02
   7145.60  4.5844501E-02
   7145.80  4.6313315E-02
   7146.00  4.6799315E-02
   7146.20  4.7301912E-02
   7146.40  4.7820111E-02
   7146.60  4.8352077E-02
   7146.80  4.8895482E-02
   7147.00  4.9446587E-02
   7147.20  5.0000874E-02
   7147.40  5.0553218E-02
   7147.60  5.1097719E-02
   7147.80  5.1627974E-02
   7148.00  5.2137099E-02
   7148.20  5.2617988E-02
   7148.40  5.3063601E-02
   7148.60  5.3467033E-02
   7148.80  5.3821304E-02
   7149.00  5.4120047E-02
   7149.20  5.4357708E-02
   7149.40  5.4529472E-02
   7149.60  5.4631516E-02
   7149.80  5.4661052E-02
   7150.00  5.4616359E-02
   7150.20  5.4496855E-02
   7150.40  5.4303056E-02
   7150.60  5.4029633E-02
   7150.80  5.3691548E-02
   7151.00  5.3287315E-02
   7151.20  5.2819790E-02
   7151.40  5.2288143E-02
   7151.60  5.1706693E-02
   7151.80  5.1083402E-02
   7152.00  5.0420298E-02
   7152.20  4.9723841E-02
   7152.40  4.9000658E-02
   7152.60  4.8257219E-02
   7152.80  4.7494913E-02
   7153.00  4.6721143E-02
   7153.20  4.5945605E-02
   7153.40  4.5173689E-02
   7153.60  4.4410362E-02
   7153.80  4.3660126E-02
   7154.00  4.2926856E-02
   7154.20  4.2213735E-02
   7154.40  4.1523627E-02
   7154.60  4.0858677E-02
   7154.80  4.0220706E-02
   7155.00  3.9611044E-02
   7155.20  3.9030794E-02
   7155.40  3.8480119E-02
   7155.60  3.7959236E-02
   7155.80  3.7468328E-02
   7156.00  3.7007247E-02
   7156.20  3.6575351E-02
   7156.40  3.6172173E-02
   7156.60  3.5797092E-02
   7156.80  3.5449554E-02
   7157.00  3.5128895E-02
   7157.20  3.4834480E-02
   7157.40  3.4565776E-02
   7157.60  3.4322564E-02
   7157.80  3.4104092E-02
   7158.00  3.3909972E-02
   7158.20  3.3739974E-02
   7158.40  3.3593915E-02
   7158.60  3.3471734E-02
   7158.80  3.3373386E-02
   7159.00  3.3298865E-02
   7159.20  3.3248259E-02
   7159.40  3.3221566E-02
   7159.60  3.3219644E-02
   7159.80  3.3239507E-02
   7160.00  3.3281810E-02
   7160.20  3.3345688E-02
   7160.40  3.3429905E-02
   7160.60  3.3533031E-02
   7160.80  3.3653212E-02
   7161.00  3.3788305E-02
   7161.20  3.3936621E-02
   7161.40  3.4095341E-02
   7161.60  3.4261388E-02
   7161.80  3.4440938E-02
   7162.00  3.4612889E-02
   7162.20  3.4783763E-02
   7162.40  3.4951068E-02
   7162.60  3.5112553E-02
   7162.80  3.5266277E-02
   7163.00  3.5410549E-02
   7163.20  3.5540746E-02
   7163.40  3.5661854E-02
   7163.60  3.5770446E-02
   7163.80  3.5866027E-02
   7164.00  3.5948220E-02
   7164.20  3.6016873E-02
   7164.40  3.6072022E-02
   7164.60  3.6113780E-02
   7164.80  3.6142334E-02
   7165.00  3.6157886E-02
   7165.20  3.6160648E-02
   7165.40  3.6150745E-02
   7165.60  3.6128291E-02
   7165.80  3.6093341E-02
   7166.00  3.6045841E-02
   7166.20  3.5985832E-02
   7166.40  3.5913034E-02
   7166.60  3.5828218E-02
   7166.80  3.5720041E-02
   7167.00  3.5604435E-02
   7167.20  3.5478353E-02
   7167.40  3.5338662E-02
   7167.60  3.5185420E-02
   7167.80  3.5018819E-02
   7168.00  3.4839279E-02
   7168.20  3.4647540E-02
   7168.40  3.4444522E-02
   7168.60  3.4231189E-02
   7168.80  3.4008905E-02
   7169.00  3.3779473E-02
   7169.20  3.3544162E-02
   7169.40  3.3304733E-02
   7169.60  3.3063057E-02
   7169.80  3.2821006E-02
   7170.00  3.2580401E-02
   7170.20  3.2342891E-02
   7170.40  3.2109757E-02
   7170.60  3.1882964E-02
   7170.80  3.1663982E-02
   7171.00  3.1453836E-02
   7171.20  3.1253403E-02
   7171.40  3.1063441E-02
   7171.60  3.0884598E-02
   7171.80  3.0717362E-02
   7172.00  3.0562202E-02
