  7112.000   26  1  1  8.6162845E-03 -2.9522939E+00 -2.7496957E+00  1  1  7.2664983E+03  0.0000000E+00  0.0000000E+00  1.6595711E+00  1.0000000E+00  0.0000000E+00 = E_edge, Z, n_edge, j_edge, Abs_before_edge, VO_interstitial, E_cut, ninitl, ninit1, Epsii, UnitCell_Volume, Surface_ref, f0_forward, natomsym_f, abs_u_i
    Energy    <xanes>    
   7097.00  1.9385365E-05
   7097.20  1.9428844E-05
   7097.40  1.9483597E-05
   7097.60  1.9550226E-05
   7097.80  1.9629666E-05
   7098.00  1.9723222E-05
   7098.20  1.9832579E-05
   7098.40  1.9960006E-05
   7098.60  2.0108561E-05
   7098.80  2.0282379E-05
   7099.00  2.0487272E-05
   7099.20  2.0731728E-05
   7099.40  2.1028700E-05
   7099.60  2.1399329E-05
   7099.80  2.1881023E-05
   7100.00  2.2547878E-05
   7100.20  2.3572619E-05
   7100.40  2.5468329E-05
   7100.60  3.0559436E-05
   7100.80  6.7807377E-05
   7101.00  2.1817319E-04
   7101.20  4.0509610E-05
   7101.40  3.8750628E-05
   7101.60  5.6620885E-05
   7101.80  2.9017729E-04
   7102.00  2.7655170E-04
   7102.20  7.1758217E-05
   7102.40  9.0879013E-05
   7102.60  6.1055064E-04
   7102.80  5.2811651E-04
   7103.00  7.9953403E-05
   7103.20  4.9645617E-05
   7103.40  4.4045544E-05
   7103.60  4.9302000E-05
   7103.80  9.6646743E-05
   7104.00  4.0636726E-03
   7104.20  8.5592499E-05
   7104.40  3.4635536E-04
   7104.60  8.1406794E-05
   7104.80  2.3005949E-03
   7105.00  8.9908019E-05
   7105.20  8.4772645E-05
   7105.40  2.0306183E-04
   7105.60  6.5684650E-03
   7105.80  1.6959923E-04
   7106.00  1.7302693E-04
   7106.20  1.3284337E-02
   7106.40  3.2322218E-04
   7106.60  3.6891580E-02
   7106.80  1.7494551E-02
   7107.00  2.5247146E-03
   7107.20  2.6352123E-03
   7107.40  5.7689637E-04
   7107.60  1.9283627E-04
   7107.80  7.9467646E-04
   7108.00  4.9697037E-04
   7108.20  2.3098096E-03
   7108.40  1.8034285E-02
   7108.60  1.1089618E-03
   7108.80  1.1892829E-02
   7109.00  2.4998293E-02
   7109.20  1.7875376E-02
   7109.40  2.1628282E-03
   7109.60  3.1667839E-02
   7109.80  1.6612526E-02
   7110.00  9.2742481E-03
   7110.20  6.4228441E-03
   7110.40  3.2314972E-03
   7110.60  1.6418049E-02
   7110.80  9.5783571E-03
   7111.00  3.5979689E-03
   7111.20  3.4657929E-03
   7111.40  4.8676307E-03
   7111.60  8.2494399E-03
   7111.80  1.1483398E-02
   7112.00  1.8357331E-02
   7112.20  1.5092282E-02
   7112.40  2.2117559E-02
   7112.60  1.9837556E-02
   7112.80  2.4913842E-02
   7113.00  4.8892122E-02
   7113.20  7.0588664E-02
   7113.40  1.0858038E-01
   7113.60  1.2141160E-01
   7113.80  1.0686172E-01
   7114.00  5.8590041E-02
   7114.20  3.3401966E-02
   7114.40  2.2376125E-02
   7114.60  1.6716188E-02
   7114.80  1.3399057E-02
   7115.00  1.1277058E-02
   7115.20  9.8350032E-03
   7115.40  8.8196919E-03
   7115.60  8.1024380E-03
   7115.80  7.5022567E-03
   7116.00  7.2689221E-03
   7116.20  7.3209439E-03
   7116.40  7.8283111E-03
   7116.60  9.1195900E-03
   7116.80  1.1340820E-02
   7117.00  1.3057798E-02
   7117.20  1.2781180E-02
   7117.40  1.1963576E-02
   7117.60  1.1523825E-02
   7117.80  1.1260924E-02
   7118.00  1.1005657E-02
   7118.20  1.0794232E-02
   7118.40  1.0631927E-02
   7118.60  1.0384439E-02
   7118.80  9.8156641E-03
   7119.00  9.0425546E-03
   7119.20  8.6301828E-03
   7119.40  8.6820162E-03
   7119.60  8.3572779E-03
   7119.80  7.3116719E-03
   7120.00  6.5319576E-03
   7120.20  6.1119119E-03
   7120.40  5.9583788E-03
   7120.60  5.9690900E-03
   7120.80  6.0118368E-03
   7121.00  6.0333991E-03
   7121.20  6.0475755E-03
   7121.40  6.1005067E-03
   7121.60  6.2147165E-03
   7121.80  6.3531261E-03
   7122.00  6.4279125E-03
   7122.20  6.3610599E-03
   7122.40  6.1566575E-03
   7122.60  5.9592943E-03
   7122.80  5.8996273E-03
   7123.00  5.9728601E-03
   7123.20  6.1028961E-03
   7123.40  6.2328713E-03
   7123.60  6.3601395E-03
   7123.80  6.5086335E-03
   7124.00  6.6919028E-03
   7124.20  6.9119484E-03
   7124.40  7.1709277E-03
   7124.60  7.4770913E-03
   7124.80  7.8462284E-03
   7125.00  8.3014235E-03
   7125.20  8.8707145E-03
   7125.40  9.5823397E-03
   7125.60  1.0438487E-02
   7125.80  1.1421461E-02
   7126.00  1.2520539E-02
   7126.20  1.3754437E-02
   7126.40  1.5166555E-02
   7126.60  1.6893861E-02
   7126.80  1.9002850E-02
   7127.00  2.1401449E-02
   7127.20  2.3694582E-02
   7127.40  2.5252939E-02
   7127.60  2.5757931E-02
   7127.80  2.5418988E-02
   7128.00  2.4874821E-02
   7128.20  2.4573986E-02
   7128.40  2.4594451E-02
   7128.60  2.4910698E-02
   7128.80  2.5507310E-02
   7129.00  2.6318454E-02
   7129.20  2.7413095E-02
   7129.40  2.8683853E-02
   7129.60  3.0069787E-02
   7129.80  3.1507961E-02
   7130.00  3.2946340E-02
   7130.20  3.4362122E-02
   7130.40  3.5776286E-02
   7130.60  3.7253689E-02
   7130.80  3.8887837E-02
   7131.00  4.0779627E-02
   7131.20  4.3016233E-02
   7131.40  4.5654173E-02
   7131.60  4.8704906E-02
   7131.80  5.2126409E-02
   7132.00  5.5824476E-02
   7132.20  5.9668225E-02
   7132.40  6.3509726E-02
   7132.60  6.7200795E-02
   7132.80  7.0532084E-02
   7133.00  7.3276721E-02
   7133.20  7.5208522E-02
   7133.40  7.6175693E-02
   7133.60  7.6165995E-02
   7133.80  7.5315968E-02
   7134.00  7.3859673E-02
   7134.20  7.2053862E-02
   7134.40  7.0114060E-02
   7134.60  6.8179267E-02
   7134.80  6.6302881E-02
   7135.00  6.4460735E-02
   7135.20  6.2572423E-02
   7135.40  6.0533403E-02
   7135.60  5.8253649E-02
   7135.80  5.5691961E-02
   7136.00  5.2873430E-02
   7136.20  4.9882228E-02
   7136.40  4.6835198E-02
   7136.60  4.3851134E-02
   7136.80  4.1029105E-02
   7137.00  3.8439064E-02
   7137.20  3.6122395E-02
   7137.40  3.4099372E-02
   7137.60  3.2374797E-02
   7137.80  3.0945160E-02
   7138.00  2.9801468E-02
   7138.20  2.8932256E-02
   7138.40  2.8323951E-02
   7138.60  2.7961351E-02
   7138.80  2.7827878E-02
   7139.00  2.7900313E-02
   7139.20  2.8159968E-02
   7139.40  2.8587229E-02
   7139.60  2.9162130E-02
   7139.80  2.9865045E-02
   7140.00  3.0676740E-02
   7140.20  3.1578093E-02
   7140.40  3.2550587E-02
   7140.60  3.3575920E-02
   7140.80  3.4635961E-02
   7141.00  3.5712612E-02
   7141.20  3.6787425E-02
   7141.40  3.7842354E-02
   7141.60  3.8860137E-02
   7141.80  3.9825027E-02
   7142.00  4.0722481E-02
   7142.20  4.1540151E-02
   7142.40  4.2268265E-02
   7142.60  4.2899431E-02
   7142.80  4.3428868E-02
   7143.00  4.3854488E-02
   7143.20  4.4175946E-02
   7143.40  4.4395051E-02
   7143.60  4.4515331E-02
   7143.80  4.4541522E-02
   7144.00  4.4479818E-02
   7144.20  4.4337376E-02
   7144.40  4.4122359E-02
   7144.60  4.3843753E-02
   7144.80  4.3511133E-02
   7145.00  4.3134297E-02
   7145.20  4.2723002E-02
   7145.40  4.2286582E-02
   7145.60  4.1843384E-02
   7145.80  4.1408400E-02
   7146.00  4.0968966E-02
   7146.20  4.0530252E-02
   7146.40  4.0096302E-02
   7146.60  3.9670290E-02
   7146.80  3.9254561E-02
   7147.00  3.8850716E-02
   7147.20  3.8458881E-02
   7147.40  3.8081570E-02
   7147.60  3.7717777E-02
   7147.80  3.7367370E-02
   7148.00  3.7030014E-02
   7148.20  3.6705253E-02
   7148.40  3.6392618E-02
   7148.60  3.6091675E-02
   7148.80  3.5802022E-02
   7149.00  3.5523290E-02
   7149.20  3.5248788E-02
   7149.40  3.4992309E-02
   7149.60  3.4746709E-02
   7149.80  3.4512564E-02
   7150.00  3.4290467E-02
   7150.20  3.4081032E-02
   7150.40  3.3885479E-02
   7150.60  3.3704860E-02
   7150.80  3.3538178E-02
   7151.00  3.3390767E-02
   7151.20  3.3262050E-02
   7151.40  3.3152685E-02
   7151.60  3.3063259E-02
   7151.80  3.2994152E-02
   7152.00  3.2945479E-02
   7152.20  3.2916591E-02
   7152.40  3.2906768E-02
   7152.60  3.2915166E-02
   7152.80  3.2940941E-02
   7153.00  3.2983069E-02
   7153.20  3.3040752E-02
   7153.40  3.3114493E-02
   7153.60  3.3202890E-02
   7153.80  3.3305851E-02
   7154.00  3.3423705E-02
   7154.20  3.3556654E-02
   7154.40  3.3705061E-02
   7154.60  3.3869418E-02
   7154.80  3.4050194E-02
   7155.00  3.4247745E-02
   7155.20  3.4462439E-02
   7155.40  3.4694030E-02
   7155.60  3.4942131E-02
   7155.80  3.5205835E-02
   7156.00  3.5483927E-02
   7156.20  3.5774763E-02
   7156.40  3.6076250E-02
   7156.60  3.6385951E-02
   7156.80  3.6700894E-02
   7157.00  3.7017861E-02
   7157.20  3.7333431E-02
   7157.40  3.7643859E-02
   7157.60  3.7945435E-02
   7157.80  3.8234501E-02
   7158.00  3.8507617E-02
   7158.20  3.8761712E-02
   7158.40  3.8993753E-02
   7158.60  3.9201328E-02
   7158.80  3.9382516E-02
   7159.00  3.9535923E-02
   7159.20  3.9660432E-02
   7159.40  3.9756006E-02
   7159.60  3.9822650E-02
   7159.80  3.9860863E-02
   7160.00  3.9872017E-02
   7160.20  3.9853587E-02
   7160.40  3.9812531E-02
   7160.60  3.9752049E-02
   7160.80  3.9664559E-02
   7161.00  3.9557446E-02
   7161.20  3.9432421E-02
   7161.40  3.9284049E-02
   7161.60  3.9117539E-02
   7161.80  3.8933367E-02
   7162.00  3.8732865E-02
   7162.20  3.8516330E-02
   7162.40  3.8284283E-02
   7162.60  3.8037187E-02
   7162.80  3.7775507E-02
   7163.00  3.7499736E-02
   7163.20  3.7210425E-02
   7163.40  3.6908217E-02
   7163.60  3.6593865E-02
   7163.80  3.6268697E-02
   7164.00  3.5933455E-02
   7164.20  3.5589518E-02
   7164.40  3.5237638E-02
   7164.60  3.4879846E-02
   7164.80  3.4516735E-02
   7165.00  3.4149483E-02
   7165.20  3.3779329E-02
   7165.40  3.3407883E-02
   7165.60  3.3036231E-02
   7165.80  3.2664159E-02
   7166.00  3.2294121E-02
   7166.20  3.1926072E-02
   7166.40  3.1560784E-02
   7166.60  3.1199333E-02
   7166.80  3.0841269E-02
   7167.00  3.0486736E-02
   7167.20  3.0135900E-02
   7167.40  2.9789010E-02
   7167.60  2.9446631E-02
   7167.80  2.9108933E-02
   7168.00  2.8773390E-02
   7168.20  2.8445066E-02
   7168.40  2.8122898E-02
   7168.60  2.7805219E-02
   7168.80  2.7489898E-02
   7169.00  2.7184888E-02
   7169.20  2.6886617E-02
   7169.40  2.6595549E-02
   7169.60  2.6311692E-02
   7169.80  2.6035516E-02
   7170.00  2.5766199E-02
   7170.20  2.5506959E-02
   7170.40  2.5256856E-02
   7170.60  2.5016735E-02
   7170.80  2.4786711E-02
   7171.00  2.4567138E-02
   7171.20  2.4358357E-02
   7171.40  2.4160632E-02
   7171.60  2.3974226E-02
   7171.80  2.3799402E-02
   7172.00  2.3636347E-02
