  7112.000   26  1  1  2.5828285E-02 -2.5571800E+00 -1.0370920E+00  1  1  7.2658961E+03  0.0000000E+00  0.0000000E+00  2.6318755E+00  1.0000000E+00  0.0000000E+00 = E_edge, Z, n_edge, j_edge, Abs_before_edge, VO_interstitial, E_cut, ninitl, ninit1, Epsii, UnitCell_Volume, Surface_ref, f0_forward, natomsym_f, abs_u_i
    Energy    <xanes>    
   7097.00  1.0474428E-04
   7097.20  9.2258280E-05
   7097.40  1.0923154E-04
   7097.60  1.7089827E-04
   7097.80  4.2185532E-04
   7098.00  9.6042690E-03
   7098.20  2.2563732E-01
   7098.40  7.8991824E-04
   7098.60  1.8200049E-03
   7098.80  1.5941867E-04
   7099.00  1.2635326E-04
   7099.20  1.6191429E-03
   7099.40  7.3399605E-05
   7099.60  4.8945996E-05
   7099.80  4.0786601E-05
   7100.00  3.6490504E-05
   7100.20  3.3926606E-05
   7100.40  3.2454440E-05
   7100.60  3.2131284E-05
   7100.80  5.7340195E-05
   7101.00  3.5749024E-05
   7101.20  5.4528144E-05
   7101.40  9.3445911E-04
   7101.60  4.8837192E-04
   7101.80  3.9780289E-05
   7102.00  4.8624676E-05
   7102.20  8.4133620E-04
   7102.40  7.2001884E-05
   7102.60  7.5218125E-04
   7102.80  2.7837221E-04
   7103.00  4.4240689E-05
   7103.20  4.3316513E-05
   7103.40  5.3958794E-05
   7103.60  1.1308775E-04
   7103.80  1.4183668E-02
   7104.00  5.8022902E-04
   7104.20  1.1239745E-04
   7104.40  7.3508926E-05
   7104.60  8.9554783E-05
   7104.80  2.3354302E-04
   7105.00  6.6926899E-04
   7105.20  5.3043783E-02
   7105.40  2.8432241E-04
   7105.60  1.3983905E-04
   7105.80  1.5531229E-04
   7106.00  1.0781503E-03
   7106.20  6.0779225E-02
   7106.40  3.5670542E-04
   7106.60  2.1587490E-03
   7106.80  9.7908087E-04
   7107.00  1.9878070E-04
   7107.20  5.6450494E-04
   7107.40  1.1710909E-03
   7107.60  2.3689372E-02
   7107.80  1.4004227E-03
   7108.00  2.7049020E-03
   7108.20  3.1394373E-02
   7108.40  5.2152659E-03
   7108.60  7.3458852E-03
   7108.80  5.4076665E-03
   7109.00  6.2982554E-03
   7109.20  2.8170395E-03
   7109.40  6.0706512E-02
   7109.60  2.0577345E-03
   7109.80  3.2898743E-01
   7110.00  9.3994384E-02
   7110.20  4.6721249E-03
   7110.40  7.0223871E-03
   7110.60  2.5245646E-02
   7110.80  1.9787842E-02
   7111.00  5.9888361E-03
   7111.20  1.1198114E-02
   7111.40  1.4134743E-02
   7111.60  2.5334474E-02
   7111.80  2.2993759E-02
   7112.00  1.4391477E-02
   7112.20  1.5488653E-02
   7112.40  2.1324445E-02
   7112.60  1.9133029E-02
   7112.80  1.2942945E-02
   7113.00  1.0009814E-02
   7113.20  8.3973532E-03
   7113.40  8.2250885E-03
   7113.60  8.8119870E-03
   7113.80  7.3975984E-03
   7114.00  5.1763099E-03
   7114.20  3.8600867E-03
   7114.40  3.1846486E-03
   7114.60  2.8491944E-03
   7114.80  2.7301726E-03
   7115.00  2.6367677E-03
   7115.20  2.3963864E-03
   7115.40  2.1287964E-03
   7115.60  1.9820101E-03
   7115.80  1.9196357E-03
   7116.00  1.9115296E-03
   7116.20  1.9418349E-03
   7116.40  2.0045061E-03
   7116.60  2.0991768E-03
   7116.80  2.2289562E-03
   7117.00  2.3985258E-03
   7117.20  2.6092805E-03
   7117.40  2.8437175E-03
   7117.60  3.0457692E-03
   7117.80  3.1638679E-03
   7118.00  3.2316827E-03
   7118.20  3.3199003E-03
   7118.40  3.4658925E-03
   7118.60  3.6787237E-03
   7118.80  3.9591367E-03
   7119.00  4.3084713E-03
   7119.20  4.7306211E-03
   7119.40  5.2314956E-03
   7119.60  5.8178820E-03
   7119.80  6.4967795E-03
   7120.00  7.2746332E-03
   7120.20  8.1498738E-03
   7120.40  9.1032362E-03
   7120.60  1.0148758E-02
   7120.80  1.1369817E-02
   7121.00  1.2806871E-02
   7121.20  1.4456639E-02
   7121.40  1.6317165E-02
   7121.60  1.8382854E-02
   7121.80  2.0630509E-02
   7122.00  2.2976497E-02
   7122.20  2.5310059E-02
   7122.40  2.7538737E-02
   7122.60  2.9654938E-02
   7122.80  3.1682179E-02
   7123.00  3.3665870E-02
   7123.20  3.5280384E-02
   7123.40  3.6048630E-02
   7123.60  3.6051549E-02
   7123.80  3.5752826E-02
   7124.00  3.5392765E-02
   7124.20  3.4982471E-02
   7124.40  3.4566333E-02
   7124.60  3.4343780E-02
   7124.80  3.4409475E-02
   7125.00  3.4679429E-02
   7125.20  3.4986877E-02
   7125.40  3.5243777E-02
   7125.60  3.5351869E-02
   7125.80  3.5381824E-02
   7126.00  3.5387297E-02
   7126.20  3.5367591E-02
   7126.40  3.5306448E-02
   7126.60  3.5181609E-02
   7126.80  3.4957142E-02
   7127.00  3.4744452E-02
   7127.20  3.4541448E-02
   7127.40  3.4361500E-02
   7127.60  3.4243983E-02
   7127.80  3.4265814E-02
   7128.00  3.4485748E-02
   7128.20  3.4922563E-02
   7128.40  3.5576360E-02
   7128.60  3.6432828E-02
   7128.80  3.7454774E-02
   7129.00  3.8582445E-02
   7129.20  3.9737342E-02
   7129.40  4.0828175E-02
   7129.60  4.1766000E-02
   7129.80  4.2490370E-02
   7130.00  4.2992694E-02
   7130.20  4.3319961E-02
   7130.40  4.3552804E-02
   7130.60  4.3773391E-02
   7130.80  4.4036244E-02
   7131.00  4.4354674E-02
   7131.20  4.4702050E-02
   7131.40  4.5026888E-02
   7131.60  4.5270571E-02
   7131.80  4.5373611E-02
   7132.00  4.5290903E-02
   7132.20  4.5005343E-02
   7132.40  4.4538389E-02
   7132.60  4.3951941E-02
   7132.80  4.3336783E-02
   7133.00  4.2790387E-02
   7133.20  4.2393813E-02
   7133.40  4.2196567E-02
   7133.60  4.2211266E-02
   7133.80  4.2423488E-02
   7134.00  4.2793399E-02
   7134.20  4.3204079E-02
   7134.40  4.3469906E-02
   7134.60  4.3463880E-02
   7134.80  4.3193737E-02
   7135.00  4.2756011E-02
   7135.20  4.2255253E-02
   7135.40  4.1764178E-02
   7135.60  4.1321108E-02
   7135.80  4.0940328E-02
   7136.00  4.0622412E-02
   7136.20  4.0361186E-02
   7136.40  4.0147803E-02
   7136.60  3.9972567E-02
   7136.80  3.9826598E-02
   7137.00  3.9705506E-02
   7137.20  3.9601565E-02
   7137.40  3.9509007E-02
   7137.60  3.9425136E-02
   7137.80  3.9348532E-02
   7138.00  3.9278901E-02
   7138.20  3.9216436E-02
   7138.40  3.9161929E-02
   7138.60  3.9116384E-02
   7138.80  3.9080780E-02
   7139.00  3.9055975E-02
   7139.20  3.9042611E-02
   7139.40  3.9041075E-02
   7139.60  3.9051552E-02
   7139.80  3.9073925E-02
   7140.00  3.9107720E-02
   7140.20  3.9152342E-02
   7140.40  3.9207059E-02
   7140.60  3.9271028E-02
   7140.80  3.9343139E-02
   7141.00  3.9422200E-02
   7141.20  3.9506952E-02
   7141.40  3.9596006E-02
   7141.60  3.9687805E-02
   7141.80  3.9780734E-02
   7142.00  3.9872453E-02
   7142.20  3.9960400E-02
   7142.40  4.0041590E-02
   7142.60  4.0112626E-02
   7142.80  4.0169702E-02
   7143.00  4.0208864E-02
   7143.20  4.0226252E-02
   7143.40  4.0221460E-02
   7143.60  4.0192641E-02
   7143.80  4.0135333E-02
   7144.00  4.0048636E-02
   7144.20  3.9935183E-02
   7144.40  3.9790494E-02
   7144.60  3.9619214E-02
   7144.80  3.9423744E-02
   7145.00  3.9206936E-02
   7145.20  3.8971890E-02
   7145.40  3.8721773E-02
   7145.60  3.8459723E-02
   7145.80  3.8189089E-02
   7146.00  3.7912204E-02
   7146.20  3.7631310E-02
   7146.40  3.7348039E-02
   7146.60  3.7064111E-02
   7146.80  3.6780617E-02
   7147.00  3.6498586E-02
   7147.20  3.6219048E-02
   7147.40  3.5942352E-02
   7147.60  3.5669064E-02
   7147.80  3.5399810E-02
   7148.00  3.5134609E-02
   7148.20  3.4874740E-02
   7148.40  3.4618440E-02
   7148.60  3.4366897E-02
   7148.80  3.4121124E-02
   7149.00  3.3878895E-02
   7149.20  3.3641492E-02
   7149.40  3.3409256E-02
   7149.60  3.3182983E-02
   7149.80  3.2960816E-02
   7150.00  3.2744411E-02
   7150.20  3.2533813E-02
   7150.40  3.2329610E-02
   7150.60  3.2131967E-02
   7150.80  3.1940802E-02
   7151.00  3.1757444E-02
   7151.20  3.1582531E-02
   7151.40  3.1416763E-02
   7151.60  3.1260850E-02
   7151.80  3.1115217E-02
   7152.00  3.0980492E-02
   7152.20  3.0857217E-02
   7152.40  3.0745889E-02
   7152.60  3.0646944E-02
   7152.80  3.0560843E-02
   7153.00  3.0489575E-02
   7153.20  3.0432456E-02
   7153.40  3.0385221E-02
   7153.60  3.0349669E-02
   7153.80  3.0324970E-02
   7154.00  3.0309809E-02
   7154.20  3.0302458E-02
   7154.40  3.0301494E-02
   7154.60  3.0303912E-02
   7154.80  3.0306897E-02
   7155.00  3.0304371E-02
   7155.20  3.0298445E-02
   7155.40  3.0282801E-02
   7155.60  3.0253922E-02
   7155.80  3.0208313E-02
   7156.00  3.0143004E-02
   7156.20  3.0055171E-02
   7156.40  2.9942490E-02
   7156.60  2.9803511E-02
   7156.80  2.9637647E-02
   7157.00  2.9445255E-02
   7157.20  2.9227695E-02
   7157.40  2.8987229E-02
   7157.60  2.8727151E-02
   7157.80  2.8451368E-02
   7158.00  2.8164458E-02
   7158.20  2.7871757E-02
   7158.40  2.7578333E-02
   7158.60  2.7288923E-02
   7158.80  2.7007289E-02
   7159.00  2.6737978E-02
   7159.20  2.6484494E-02
   7159.40  2.6249267E-02
   7159.60  2.6034896E-02
   7159.80  2.5842874E-02
   7160.00  2.5673734E-02
   7160.20  2.5527584E-02
   7160.40  2.5404432E-02
   7160.60  2.5304733E-02
   7160.80  2.5225976E-02
   7161.00  2.5166627E-02
   7161.20  2.5128541E-02
   7161.40  2.5106746E-02
   7161.60  2.5101601E-02
   7161.80  2.5111791E-02
   7162.00  2.5136126E-02
   7162.20  2.5174226E-02
   7162.40  2.5222979E-02
   7162.60  2.5282695E-02
   7162.80  2.5352412E-02
   7163.00  2.5431458E-02
   7163.20  2.5516495E-02
   7163.40  2.5608467E-02
   7163.60  2.5704979E-02
   7163.80  2.5804885E-02
   7164.00  2.5906565E-02
   7164.20  2.6008443E-02
   7164.40  2.6109210E-02
   7164.60  2.6207637E-02
   7164.80  2.6302692E-02
   7165.00  2.6393512E-02
   7165.20  2.6479448E-02
   7165.40  2.6560221E-02
   7165.60  2.6635151E-02
   7165.80  2.6704040E-02
   7166.00  2.6766856E-02
   7166.20  2.6823556E-02
   7166.40  2.6874274E-02
   7166.60  2.6919252E-02
   7166.80  2.6959101E-02
   7167.00  2.6994018E-02
   7167.20  2.7024010E-02
   7167.40  2.7049290E-02
   7167.60  2.7070138E-02
   7167.80  2.7086810E-02
   7168.00  2.7099560E-02
   7168.20  2.7108582E-02
   7168.40  2.7114046E-02
   7168.60  2.7116024E-02
   7168.80  2.7114689E-02
   7169.00  2.7110291E-02
   7169.20  2.7102604E-02
   7169.40  2.7091640E-02
   7169.60  2.7077408E-02
   7169.80  2.7059908E-02
   7170.00  2.7039159E-02
   7170.20  2.7015226E-02
   7170.40  2.6988258E-02
   7170.60  2.6958289E-02
   7170.80  2.6925464E-02
   7171.00  2.6890105E-02
   7171.20  2.6852595E-02
   7171.40  2.6813069E-02
   7171.60  2.6771843E-02
   7171.80  2.6729299E-02
   7172.00  2.6685864E-02
