  7112.000   26  1  1  1.2279749E-02 -3.5099271E+00 -3.2041171E-01  1  1  7.2647596E+03  0.0000000E+00  0.0000000E+00  4.4223547E+00  1.0000000E+00  0.0000000E+00 = E_edge, Z, n_edge, j_edge, Abs_before_edge, VO_interstitial, E_cut, ninitl, ninit1, Epsii, UnitCell_Volume, Surface_ref, f0_forward, natomsym_f, abs_u_i
    Energy    <xanes>    
   7097.00  2.5294012E-04
   7097.20  6.6203455E-05
   7097.40  4.0944435E-05
   7097.60  3.2795310E-05
   7097.80  2.9192233E-05
   7098.00  2.7401442E-05
   7098.20  2.6585508E-05
   7098.40  2.6504907E-05
   7098.60  2.7281616E-05
   7098.80  2.9645685E-05
   7099.00  3.6627378E-05
   7099.20  6.9132789E-05
   7099.40  1.9742673E-03
   7099.60  1.1587733E-04
   7099.80  4.3769502E-05
   7100.00  3.4231525E-05
   7100.20  3.3409408E-05
   7100.40  3.8301943E-05
   7100.60  6.7044363E-05
   7100.80  2.2744785E-04
   7101.00  1.8029723E-03
   7101.20  2.7111762E-04
   7101.40  6.4034043E-05
   7101.60  4.4145268E-05
   7101.80  4.8294989E-05
   7102.00  1.6441259E-04
   7102.20  1.7938827E-04
   7102.40  8.9034277E-05
   7102.60  1.8926364E-02
   7102.80  1.1247293E-04
   7103.00  1.1485807E-04
   7103.20  7.3704517E-05
   7103.40  5.7381074E-04
   7103.60  4.0736132E-04
   7103.80  7.1396196E-05
   7104.00  6.4278227E-04
   7104.20  9.3984976E-05
   7104.40  5.2959655E-05
   7104.60  6.2324808E-05
   7104.80  1.6060745E-03
   7105.00  8.4812168E-05
   7105.20  1.2538163E-04
   7105.40  9.3963039E-03
   7105.60  1.3716076E-02
   7105.80  7.1830522E-03
   7106.00  2.8687598E-04
   7106.20  1.7564523E-03
   7106.40  1.5446986E-03
   7106.60  6.6304473E-04
   7106.80  1.9759036E-03
   7107.00  3.7773290E-03
   7107.20  1.5674508E-02
   7107.40  1.0757516E-03
   7107.60  1.2603174E-03
   7107.80  1.2661707E-03
   7108.00  1.6866355E-02
   7108.20  8.6670729E-03
   7108.40  8.7057794E-04
   7108.60  1.1378130E-03
   7108.80  2.4664035E-04
   7109.00  1.6783358E-02
   7109.20  3.2799599E-03
   7109.40  1.0557702E-02
   7109.60  1.6855814E-02
   7109.80  7.2257397E-03
   7110.00  8.1442951E-03
   7110.20  7.9670779E-03
   7110.40  9.0693257E-03
   7110.60  1.6698659E-02
   7110.80  2.3176492E-02
   7111.00  2.9396170E-02
   7111.20  2.5338174E-02
   7111.40  1.7475767E-02
   7111.60  1.0208135E-02
   7111.80  7.0841614E-03
   7112.00  7.6877959E-03
   7112.20  9.1847637E-03
   7112.40  5.8015811E-03
   7112.60  4.7776328E-03
   7112.80  4.0202267E-03
   7113.00  4.4129085E-03
   7113.20  4.6402223E-03
   7113.40  4.1010667E-03
   7113.60  3.4649451E-03
   7113.80  3.3988937E-03
   7114.00  3.6661665E-03
   7114.20  2.8094079E-03
   7114.40  1.9603428E-03
   7114.60  1.5831332E-03
   7114.80  1.4131515E-03
   7115.00  1.3592547E-03
   7115.20  1.3837425E-03
   7115.40  1.4665471E-03
   7115.60  1.6011085E-03
   7115.80  1.7996443E-03
   7116.00  2.1009662E-03
   7116.20  2.5778021E-03
   7116.40  3.3573812E-03
   7116.60  4.6540576E-03
   7116.80  6.7315894E-03
   7117.00  9.4912709E-03
   7117.20  1.1797672E-02
   7117.40  1.2662403E-02
   7117.60  1.2794527E-02
   7117.80  1.3049914E-02
   7118.00  1.3861351E-02
   7118.20  1.5871886E-02
   7118.40  1.9200575E-02
   7118.60  2.2313998E-02
   7118.80  2.3109709E-02
   7119.00  2.1364567E-02
   7119.20  1.8683650E-02
   7119.40  1.6303455E-02
   7119.60  1.4539943E-02
   7119.80  1.3323051E-02
   7120.00  1.2516077E-02
   7120.20  1.2010529E-02
   7120.40  1.1754378E-02
   7120.60  1.1737286E-02
   7120.80  1.1933883E-02
   7121.00  1.2266139E-02
   7121.20  1.2644958E-02
   7121.40  1.3056634E-02
   7121.60  1.3517412E-02
   7121.80  1.4146449E-02
   7122.00  1.5149737E-02
   7122.20  1.6514785E-02
   7122.40  1.8291619E-02
   7122.60  2.0452279E-02
   7122.80  2.2741904E-02
   7123.00  2.4843597E-02
   7123.20  2.6446066E-02
   7123.40  2.7343690E-02
   7123.60  2.7603380E-02
   7123.80  2.7782390E-02
   7124.00  2.8660231E-02
   7124.20  3.0639824E-02
   7124.40  3.2452565E-02
   7124.60  3.3154126E-02
   7124.80  3.3687677E-02
   7125.00  3.4499276E-02
   7125.20  3.5564405E-02
   7125.40  3.6875137E-02
   7125.60  3.8671014E-02
   7125.80  4.1244702E-02
   7126.00  4.3737766E-02
   7126.20  4.5465793E-02
   7126.40  4.7106823E-02
   7126.60  4.9062927E-02
   7126.80  5.0877615E-02
   7127.00  5.1771991E-02
   7127.20  5.2034941E-02
   7127.40  5.1752577E-02
   7127.60  5.0040843E-02
   7127.80  4.7349428E-02
   7128.00  4.5128036E-02
   7128.20  4.3963336E-02
   7128.40  4.3630936E-02
   7128.60  4.3885373E-02
   7128.80  4.4590046E-02
   7129.00  4.5389137E-02
   7129.20  4.5844382E-02
   7129.40  4.5761479E-02
   7129.60  4.5266437E-02
   7129.80  4.4650312E-02
   7130.00  4.4179230E-02
   7130.20  4.4004363E-02
   7130.40  4.4160408E-02
   7130.60  4.4595294E-02
   7130.80  4.5188763E-02
   7131.00  4.5769359E-02
   7131.20  4.6186670E-02
   7131.40  4.6421373E-02
   7131.60  4.6599941E-02
   7131.80  4.6895543E-02
   7132.00  4.7415314E-02
   7132.20  4.8109721E-02
   7132.40  4.8730230E-02
   7132.60  4.8922158E-02
   7132.80  4.8463509E-02
   7133.00  4.7436915E-02
   7133.20  4.6147423E-02
   7133.40  4.4921373E-02
   7133.60  4.3981175E-02
   7133.80  4.3417809E-02
   7134.00  4.3182306E-02
   7134.20  4.3091742E-02
   7134.40  4.2941972E-02
   7134.60  4.2692357E-02
   7134.80  4.2494010E-02
   7135.00  4.2500837E-02
   7135.20  4.2708081E-02
   7135.40  4.3021488E-02
   7135.60  4.3175754E-02
   7135.80  4.3079904E-02
   7136.00  4.2744185E-02
   7136.20  4.2286527E-02
   7136.40  4.1824880E-02
   7136.60  4.1424763E-02
   7136.80  4.1103290E-02
   7137.00  4.0849837E-02
   7137.20  4.0641790E-02
   7137.40  4.0453853E-02
   7137.60  4.0261805E-02
   7137.80  4.0044277E-02
   7138.00  3.9783092E-02
   7138.20  3.9463135E-02
   7138.40  3.9072003E-02
   7138.60  3.8599912E-02
   7138.80  3.8040192E-02
   7139.00  3.7390555E-02
   7139.20  3.6654288E-02
   7139.40  3.5841232E-02
   7139.60  3.4967601E-02
   7139.80  3.4055520E-02
   7140.00  3.3132394E-02
   7140.20  3.2228767E-02
   7140.40  3.1375573E-02
   7140.60  3.0599538E-02
   7140.80  2.9918621E-02
   7141.00  2.9339092E-02
   7141.20  2.8855703E-02
   7141.40  2.8454754E-02
   7141.60  2.8118554E-02
   7141.80  2.7829392E-02
   7142.00  2.7571939E-02
   7142.20  2.7331707E-02
   7142.40  2.7097440E-02
   7142.60  2.6865267E-02
   7142.80  2.6631544E-02
   7143.00  2.6395191E-02
   7143.20  2.6156908E-02
   7143.40  2.5919131E-02
   7143.60  2.5685317E-02
   7143.80  2.5459178E-02
   7144.00  2.5244609E-02
   7144.20  2.5045043E-02
   7144.40  2.4863107E-02
   7144.60  2.4700897E-02
   7144.80  2.4559704E-02
   7145.00  2.4439742E-02
   7145.20  2.4340667E-02
   7145.40  2.4261669E-02
   7145.60  2.4201833E-02
   7145.80  2.4160028E-02
   7146.00  2.4135778E-02
   7146.20  2.4129353E-02
   7146.40  2.4142653E-02
   7146.60  2.4174842E-02
   7146.80  2.4227262E-02
   7147.00  2.4298055E-02
   7147.20  2.4381751E-02
   7147.40  2.4467706E-02
   7147.60  2.4547450E-02
   7147.80  2.4608472E-02
   7148.00  2.4642985E-02
   7148.20  2.4652882E-02
   7148.40  2.4643208E-02
   7148.60  2.4614227E-02
   7148.80  2.4590085E-02
   7149.00  2.4575980E-02
   7149.20  2.4581263E-02
   7149.40  2.4613070E-02
   7149.60  2.4675533E-02
   7149.80  2.4769519E-02
   7150.00  2.4892344E-02
   7150.20  2.5027261E-02
   7150.40  2.5172081E-02
   7150.60  2.5315323E-02
   7150.80  2.5448865E-02
   7151.00  2.5566023E-02
   7151.20  2.5648210E-02
   7151.40  2.5692567E-02
   7151.60  2.5695087E-02
   7151.80  2.5655128E-02
   7152.00  2.5575333E-02
   7152.20  2.5462304E-02
   7152.40  2.5322936E-02
   7152.60  2.5163609E-02
   7152.80  2.4991294E-02
   7153.00  2.4813199E-02
   7153.20  2.4635087E-02
   7153.40  2.4463340E-02
   7153.60  2.4302428E-02
   7153.80  2.4155582E-02
   7154.00  2.4026072E-02
   7154.20  2.3917250E-02
   7154.40  2.3830730E-02
   7154.60  2.3768290E-02
   7154.80  2.3731555E-02
   7155.00  2.3722466E-02
   7155.20  2.3741299E-02
   7155.40  2.3788917E-02
   7155.60  2.3866030E-02
   7155.80  2.3973422E-02
   7156.00  2.4111268E-02
   7156.20  2.4279379E-02
   7156.40  2.4477529E-02
   7156.60  2.4705163E-02
   7156.80  2.4961500E-02
   7157.00  2.5245218E-02
   7157.20  2.5554216E-02
   7157.40  2.5886122E-02
   7157.60  2.6238205E-02
   7157.80  2.6606996E-02
   7158.00  2.6988748E-02
   7158.20  2.7379125E-02
   7158.40  2.7773247E-02
   7158.60  2.8166186E-02
   7158.80  2.8554319E-02
   7159.00  2.8935589E-02
   7159.20  2.9296495E-02
   7159.40  2.9638458E-02
   7159.60  2.9955044E-02
   7159.80  3.0241920E-02
   7160.00  3.0496711E-02
   7160.20  3.0717813E-02
   7160.40  3.0902668E-02
   7160.60  3.1051180E-02
   7160.80  3.1164375E-02
   7161.00  3.1241088E-02
   7161.20  3.1282546E-02
   7161.40  3.1292622E-02
   7161.60  3.1271981E-02
   7161.80  3.1223135E-02
   7162.00  3.1148729E-02
   7162.20  3.1051659E-02
   7162.40  3.0935049E-02
   7162.60  3.0802303E-02
   7162.80  3.0656966E-02
   7163.00  3.0502482E-02
   7163.20  3.0342564E-02
   7163.40  3.0180940E-02
   7163.60  3.0021339E-02
   7163.80  2.9867215E-02
   7164.00  2.9721557E-02
   7164.20  2.9586872E-02
   7164.40  2.9465369E-02
   7164.60  2.9358885E-02
   7164.80  2.9267959E-02
   7165.00  2.9193156E-02
   7165.20  2.9134308E-02
   7165.40  2.9090951E-02
   7165.60  2.9062469E-02
   7165.80  2.9048453E-02
   7166.00  2.9047808E-02
   7166.20  2.9059819E-02
   7166.40  2.9083910E-02
   7166.60  2.9119875E-02
   7166.80  2.9167443E-02
   7167.00  2.9226050E-02
   7167.20  2.9295517E-02
   7167.40  2.9375607E-02
   7167.60  2.9466126E-02
   7167.80  2.9566966E-02
   7168.00  2.9677417E-02
   7168.20  2.9796886E-02
   7168.40  2.9925183E-02
   7168.60  3.0061270E-02
   7168.80  3.0203241E-02
   7169.00  3.0349935E-02
   7169.20  3.0499452E-02
   7169.40  3.0649890E-02
   7169.60  3.0799398E-02
   7169.80  3.0946113E-02
   7170.00  3.1088283E-02
   7170.20  3.1224220E-02
   7170.40  3.1352695E-02
   7170.60  3.1472712E-02
   7170.80  3.1583640E-02
   7171.00  3.1685002E-02
   7171.20  3.1776766E-02
   7171.40  3.1859263E-02
   7171.60  3.1933186E-02
   7171.80  3.1999208E-02
   7172.00  3.2058285E-02
