  7112.000   26  1  1  4.0176954E-02 -2.3644233E+00 -1.4838868E+00  1  1  7.2660994E+03  0.0000000E+00  0.0000000E+00  3.2140355E+00  1.0000000E+00  0.0000000E+00 = E_edge, Z, n_edge, j_edge, Abs_before_edge, VO_interstitial, E_cut, ninitl, ninit1, Epsii, UnitCell_Volume, Surface_ref, f0_forward, natomsym_f, abs_u_i
    Energy    <xanes>    
   7097.00  2.3544088E-04
   7097.20  6.7119184E-05
   7097.40  4.4366013E-05
   7097.60  3.7434821E-05
   7097.80  3.5071480E-05
   7098.00  3.4969080E-05
   7098.20  3.6747755E-05
   7098.40  4.1116528E-05
   7098.60  5.1054827E-05
   7098.80  8.3958525E-05
   7099.00  5.1045333E-03
   7099.20  2.4275784E-04
   7099.40  5.7044342E-03
   7099.60  3.5334816E-03
   7099.80  5.5836809E-04
   7100.00  1.3439259E-04
   7100.20  7.4132747E-05
   7100.40  5.7402887E-05
   7100.60  2.2792974E-04
   7100.80  7.4427373E-05
   7101.00  4.7845964E-05
   7101.20  5.7826108E-05
   7101.40  1.1376831E-04
   7101.60  3.8432644E-03
   7101.80  2.7131148E-04
   7102.00  2.2211573E-04
   7102.20  2.0587529E-04
   7102.40  4.7277999E-04
   7102.60  1.8523423E-03
   7102.80  2.0854835E-04
   7103.00  2.4613033E-04
   7103.20  4.7359581E-05
   7103.40  7.3928626E-05
   7103.60  4.2685747E-05
   7103.80  4.5250590E-05
   7104.00  5.1849457E-05
   7104.20  8.2577745E-05
   7104.40  8.7498005E-04
   7104.60  1.7590253E-04
   7104.80  2.3530544E-03
   7105.00  1.0194948E-03
   7105.20  1.8017389E-03
   7105.40  2.3557116E-04
   7105.60  2.3958705E-04
   7105.80  4.1779664E-03
   7106.00  4.5927209E-04
   7106.20  1.0321648E-01
   7106.40  7.4865433E-04
   7106.60  3.9978773E-03
   7106.80  1.0180213E-03
   7107.00  2.5473172E-04
   7107.20  2.5964243E-03
   7107.40  8.7924002E-04
   7107.60  9.1313962E-03
   7107.80  3.1926392E-03
   7108.00  3.6967350E-03
   7108.20  5.6556816E-04
   7108.40  1.2351325E-03
   7108.60  3.8394855E-03
   7108.80  1.8879141E-03
   7109.00  4.3804866E-03
   7109.20  3.9711169E-03
   7109.40  3.6896249E-03
   7109.60  6.4062172E-03
   7109.80  2.0347724E-02
   7110.00  4.0209732E-03
   7110.20  1.0388293E-02
   7110.40  3.3155700E-02
   7110.60  1.9614736E-02
   7110.80  1.0070472E-02
   7111.00  2.0606516E-02
   7111.20  2.0269889E-02
   7111.40  3.0230751E-02
   7111.60  1.8972528E-02
   7111.80  1.0566478E-02
   7112.00  2.3713003E-02
   7112.20  2.0910493E-02
   7112.40  1.5085796E-02
   7112.60  1.4029678E-02
   7112.80  1.1118878E-02
   7113.00  8.6761855E-03
   7113.20  7.2070175E-03
   7113.40  6.0838481E-03
   7113.60  5.4902877E-03
   7113.80  5.9058831E-03
   7114.00  8.0095817E-03
   7114.20  5.5517061E-03
   7114.40  3.0056171E-03
   7114.60  2.5500107E-03
   7114.80  2.5791048E-03
   7115.00  2.8830698E-03
   7115.20  3.5791857E-03
   7115.40  4.6759743E-03
   7115.60  4.6007275E-03
   7115.80  3.1998678E-03
   7116.00  2.4700814E-03
   7116.20  2.2061687E-03
   7116.40  2.1467027E-03
   7116.60  2.1863637E-03
   7116.80  2.2864671E-03
   7117.00  2.4382892E-03
   7117.20  2.6490611E-03
   7117.40  2.9392622E-03
   7117.60  3.3395165E-03
   7117.80  3.7959840E-03
   7118.00  4.0846117E-03
   7118.20  4.2933813E-03
   7118.40  4.6061613E-03
   7118.60  5.0500462E-03
   7118.80  5.6101691E-03
   7119.00  6.2761204E-03
   7119.20  7.0513049E-03
   7119.40  7.9078855E-03
   7119.60  8.7899978E-03
   7119.80  9.6725714E-03
   7120.00  1.0550778E-02
   7120.20  1.1420617E-02
   7120.40  1.2277811E-02
   7120.60  1.3119115E-02
   7120.80  1.3949639E-02
   7121.00  1.4744735E-02
   7121.20  1.5507044E-02
   7121.40  1.6256967E-02
   7121.60  1.6997118E-02
   7121.80  1.7776369E-02
   7122.00  1.8613124E-02
   7122.20  1.9499349E-02
   7122.40  2.0407295E-02
   7122.60  2.1300830E-02
   7122.80  2.2179555E-02
   7123.00  2.2988888E-02
   7123.20  2.3733284E-02
   7123.40  2.4394875E-02
   7123.60  2.5026898E-02
   7123.80  2.5660979E-02
   7124.00  2.6406111E-02
   7124.20  2.7344582E-02
   7124.40  2.8506810E-02
   7124.60  2.9840979E-02
   7124.80  3.1194042E-02
   7125.00  3.2331283E-02
   7125.20  3.3143468E-02
   7125.40  3.3668267E-02
   7125.60  3.3962884E-02
   7125.80  3.4076035E-02
   7126.00  3.4016096E-02
   7126.20  3.3766338E-02
   7126.40  3.3337034E-02
   7126.60  3.2859848E-02
   7126.80  3.2460151E-02
   7127.00  3.2232056E-02
   7127.20  3.2233871E-02
   7127.40  3.2443181E-02
   7127.60  3.2821756E-02
   7127.80  3.3250541E-02
   7128.00  3.3695841E-02
   7128.20  3.4130959E-02
   7128.40  3.4551834E-02
   7128.60  3.4967509E-02
   7128.80  3.5376650E-02
   7129.00  3.5764961E-02
   7129.20  3.6115439E-02
   7129.40  3.6435563E-02
   7129.60  3.6761603E-02
   7129.80  3.7135221E-02
   7130.00  3.7580715E-02
   7130.20  3.8096155E-02
   7130.40  3.8656870E-02
   7130.60  3.9223469E-02
   7130.80  3.9757651E-02
   7131.00  4.0242829E-02
   7131.20  4.0701471E-02
   7131.40  4.1199688E-02
   7131.60  4.1829608E-02
   7131.80  4.2699237E-02
   7132.00  4.3819582E-02
   7132.20  4.5204846E-02
   7132.40  4.6788465E-02
   7132.60  4.8482057E-02
   7132.80  5.0091457E-02
   7133.00  5.1529351E-02
   7133.20  5.2761217E-02
   7133.40  5.3861677E-02
   7133.60  5.4964993E-02
   7133.80  5.6118508E-02
   7134.00  5.7144035E-02
   7134.20  5.7710809E-02
   7134.40  5.7658809E-02
   7134.60  5.7119964E-02
   7134.80  5.6317562E-02
   7135.00  5.5416258E-02
   7135.20  5.4506831E-02
   7135.40  5.3632163E-02
   7135.60  5.2809188E-02
   7135.80  5.2050332E-02
   7136.00  5.1349068E-02
   7136.20  5.0691467E-02
   7136.40  5.0070376E-02
   7136.60  4.9478994E-02
   7136.80  4.8911060E-02
   7137.00  4.8361170E-02
   7137.20  4.7825014E-02
   7137.40  4.7299056E-02
   7137.60  4.6780442E-02
   7137.80  4.6267293E-02
   7138.00  4.5758037E-02
   7138.20  4.5251768E-02
   7138.40  4.4747863E-02
   7138.60  4.4246163E-02
   7138.80  4.3746835E-02
   7139.00  4.3250315E-02
   7139.20  4.2757286E-02
   7139.40  4.2268576E-02
   7139.60  4.1785418E-02
   7139.80  4.1308927E-02
   7140.00  4.0840394E-02
   7140.20  4.0381133E-02
   7140.40  3.9932412E-02
   7140.60  3.9495649E-02
   7140.80  3.9072142E-02
   7141.00  3.8663172E-02
   7141.20  3.8269925E-02
   7141.40  3.7893478E-02
   7141.60  3.7534863E-02
   7141.80  3.7194883E-02
   7142.00  3.6889505E-02
   7142.20  3.6601622E-02
   7142.40  3.6331573E-02
   7142.60  3.6079686E-02
   7142.80  3.5846169E-02
   7143.00  3.5631182E-02
   7143.20  3.5434816E-02
   7143.40  3.5257166E-02
   7143.60  3.5098327E-02
   7143.80  3.4958333E-02
   7144.00  3.4836954E-02
   7144.20  3.4733727E-02
   7144.40  3.4647798E-02
   7144.60  3.4577853E-02
   7144.80  3.4522252E-02
   7145.00  3.4479067E-02
   7145.20  3.4446338E-02
   7145.40  3.4422422E-02
   7145.60  3.4405950E-02
   7145.80  3.4386793E-02
   7146.00  3.4382813E-02
   7146.20  3.4384164E-02
   7146.40  3.4390899E-02
   7146.60  3.4402816E-02
   7146.80  3.4420105E-02
   7147.00  3.4442535E-02
   7147.20  3.4469707E-02
   7147.40  3.4501230E-02
   7147.60  3.4536290E-02
   7147.80  3.4573752E-02
   7148.00  3.4612380E-02
   7148.20  3.4650873E-02
   7148.40  3.4687532E-02
   7148.60  3.4720795E-02
   7148.80  3.4749792E-02
   7149.00  3.4771512E-02
   7149.20  3.4784298E-02
   7149.40  3.4787170E-02
   7149.60  3.4777045E-02
   7149.80  3.4753265E-02
   7150.00  3.4714330E-02
   7150.20  3.4662297E-02
   7150.40  3.4594940E-02
   7150.60  3.4512105E-02
   7150.80  3.4413799E-02
   7151.00  3.4298152E-02
   7151.20  3.4169613E-02
   7151.40  3.4026859E-02
   7151.60  3.3870428E-02
   7151.80  3.3700978E-02
   7152.00  3.3519371E-02
   7152.20  3.3328041E-02
   7152.40  3.3125185E-02
   7152.60  3.2913489E-02
   7152.80  3.2693932E-02
   7153.00  3.2467613E-02
   7153.20  3.2235743E-02
   7153.40  3.1999534E-02
   7153.60  3.1760189E-02
   7153.80  3.1518881E-02
   7154.00  3.1276923E-02
   7154.20  3.1035385E-02
   7154.40  3.0794960E-02
   7154.60  3.0556426E-02
   7154.80  3.0318932E-02
   7155.00  3.0086071E-02
   7155.20  2.9849827E-02
   7155.40  2.9624376E-02
   7155.60  2.9401442E-02
   7155.80  2.9183850E-02
   7156.00  2.8969845E-02
   7156.20  2.8759000E-02
   7156.40  2.8551334E-02
   7156.60  2.8346618E-02
   7156.80  2.8144573E-02
   7157.00  2.7945002E-02
   7157.20  2.7747797E-02
   7157.40  2.7552820E-02
   7157.60  2.7360231E-02
   7157.80  2.7170502E-02
   7158.00  2.6983378E-02
   7158.20  2.6799779E-02
   7158.40  2.6619645E-02
   7158.60  2.6443492E-02
   7158.80  2.6272265E-02
   7159.00  2.6105962E-02
   7159.20  2.5945282E-02
   7159.40  2.5791503E-02
   7159.60  2.5643071E-02
   7159.80  2.5503889E-02
   7160.00  2.5372830E-02
   7160.20  2.5251053E-02
   7160.40  2.5138536E-02
   7160.60  2.5035743E-02
   7160.80  2.4940856E-02
   7161.00  2.4858956E-02
   7161.20  2.4788599E-02
   7161.40  2.4729295E-02
   7161.60  2.4682876E-02
   7161.80  2.4647290E-02
   7162.00  2.4623395E-02
   7162.20  2.4611442E-02
   7162.40  2.4611033E-02
   7162.60  2.4621740E-02
   7162.80  2.4647799E-02
   7163.00  2.4680551E-02
   7163.20  2.4721647E-02
   7163.40  2.4771548E-02
   7163.60  2.4829936E-02
   7163.80  2.4895574E-02
   7164.00  2.4967540E-02
   7164.20  2.5045141E-02
   7164.40  2.5126937E-02
   7164.60  2.5211691E-02
   7164.80  2.5298098E-02
   7165.00  2.5384949E-02
   7165.20  2.5470875E-02
   7165.40  2.5554487E-02
   7165.60  2.5634576E-02
   7165.80  2.5710139E-02
   7166.00  2.5780324E-02
   7166.20  2.5844420E-02
   7166.40  2.5901995E-02
   7166.60  2.5952945E-02
   7166.80  2.5997494E-02
   7167.00  2.6035565E-02
   7167.20  2.6067638E-02
   7167.40  2.6094284E-02
   7167.60  2.6115726E-02
   7167.80  2.6133903E-02
   7168.00  2.6149260E-02
   7168.20  2.6162797E-02
   7168.40  2.6175547E-02
   7168.60  2.6188665E-02
   7168.80  2.6203244E-02
   7169.00  2.6220128E-02
   7169.20  2.6240274E-02
   7169.40  2.6264554E-02
   7169.60  2.6293788E-02
   7169.80  2.6328745E-02
   7170.00  2.6370083E-02
   7170.20  2.6418429E-02
   7170.40  2.6474095E-02
   7170.60  2.6537302E-02
   7170.80  2.6608386E-02
   7171.00  2.6687396E-02
   7171.20  2.6774146E-02
   7171.40  2.6868446E-02
   7171.60  2.6970016E-02
   7171.80  2.7078506E-02
   7172.00  2.7193433E-02
