  7112.000   26  1  1  9.4096903E-03 -2.9993884E+00 -7.0774950E-01  1  1  7.2652035E+03  0.0000000E+00  0.0000000E+00  2.7540648E+00  1.0000000E+00  0.0000000E+00 = E_edge, Z, n_edge, j_edge, Abs_before_edge, VO_interstitial, E_cut, ninitl, ninit1, Epsii, UnitCell_Volume, Surface_ref, f0_forward, natomsym_f, abs_u_i
    Energy    <xanes>    
   7097.00  3.2790549E-05
   7097.20  2.8520733E-05
   7097.40  2.6337496E-05
   7097.60  2.5041240E-05
   7097.80  2.4219791E-05
   7098.00  2.3695698E-05
   7098.20  2.3383630E-05
   7098.40  2.3244723E-05
   7098.60  2.3272374E-05
   7098.80  2.3496468E-05
   7099.00  2.4011703E-05
   7099.20  2.5086481E-05
   7099.40  2.7636514E-05
   7099.60  3.6571900E-05
   7099.80  1.6666145E-04
   7100.00  3.7911047E-04
   7100.20  4.0174912E-05
   7100.40  3.0804784E-05
   7100.60  2.9463208E-05
   7100.80  3.0258330E-05
   7101.00  3.2543818E-05
   7101.20  3.6920142E-05
   7101.40  4.5998789E-05
   7101.60  9.2445727E-05
   7101.80  1.3301559E-04
   7102.00  3.0096131E-03
   7102.20  2.8496514E-03
   7102.40  9.7516866E-04
   7102.60  1.4755211E-04
   7102.80  9.8524975E-05
   7103.00  2.4047565E-04
   7103.20  1.3444244E-03
   7103.40  1.8132854E-04
   7103.60  5.2945980E-04
   7103.80  5.3900540E-05
   7104.00  4.6336384E-05
   7104.20  5.2754469E-05
   7104.40  5.7462049E-05
   7104.60  6.8644650E-05
   7104.80  1.8485758E-04
   7105.00  1.0001820E-03
   7105.20  1.1731456E-04
   7105.40  1.4073956E-04
   7105.60  3.5971981E-03
   7105.80  3.1831214E-04
   7106.00  1.3429505E-03
   7106.20  8.7151788E-03
   7106.40  1.0220213E-02
   7106.60  1.4979342E-03
   7106.80  1.0082615E-01
   7107.00  1.9561161E-03
   7107.20  4.4024407E-04
   7107.40  4.0479654E-04
   7107.60  5.0252506E-04
   7107.80  2.1840072E-03
   7108.00  4.2233953E-04
   7108.20  2.0433684E-04
   7108.40  5.0896933E-04
   7108.60  3.8858565E-03
   7108.80  4.6578474E-03
   7109.00  7.5703550E-04
   7109.20  2.6482817E-03
   7109.40  1.8151541E-03
   7109.60  3.0246604E-02
   7109.80  1.2441467E-02
   7110.00  8.5947639E-03
   7110.20  9.0986205E-03
   7110.40  1.0159691E-02
   7110.60  4.4963274E-03
   7110.80  9.0294260E-03
   7111.00  1.1071349E-02
   7111.20  1.1544370E-02
   7111.40  1.2063819E-02
   7111.60  2.1733520E-02
   7111.80  1.5568362E-02
   7112.00  1.9392652E-02
   7112.20  1.8289768E-02
   7112.40  1.6110104E-02
   7112.60  1.3940433E-02
   7112.80  1.4710483E-02
   7113.00  1.1148047E-02
   7113.20  6.7527740E-03
   7113.40  4.2899788E-03
   7113.60  2.9158117E-03
   7113.80  2.1335792E-03
   7114.00  1.6920508E-03
   7114.20  1.4345919E-03
   7114.40  1.2550674E-03
   7114.60  1.1416682E-03
   7114.80  1.0852555E-03
   7115.00  1.0807012E-03
   7115.20  1.1169017E-03
   7115.40  1.1873274E-03
   7115.60  1.2886218E-03
   7115.80  1.4249662E-03
   7116.00  1.6144063E-03
   7116.20  1.8925544E-03
   7116.40  2.3182838E-03
   7116.60  2.9868082E-03
   7116.80  4.0401261E-03
   7117.00  5.6259831E-03
   7117.20  7.7442799E-03
   7117.40  1.0138043E-02
   7117.60  1.2507842E-02
   7117.80  1.4673214E-02
   7118.00  1.6402082E-02
   7118.20  1.7467727E-02
   7118.40  1.7898343E-02
   7118.60  1.7920647E-02
   7118.80  1.7720869E-02
   7119.00  1.7343215E-02
   7119.20  1.6778981E-02
   7119.40  1.6075004E-02
   7119.60  1.5334889E-02
   7119.80  1.4671887E-02
   7120.00  1.4170720E-02
   7120.20  1.3872982E-02
   7120.40  1.3785448E-02
   7120.60  1.3899029E-02
   7120.80  1.4205205E-02
   7121.00  1.4704347E-02
   7121.20  1.5405108E-02
   7121.40  1.6321715E-02
   7121.60  1.7418448E-02
   7121.80  1.8646320E-02
   7122.00  1.9948399E-02
   7122.20  2.1335976E-02
   7122.40  2.2941897E-02
   7122.60  2.4877253E-02
   7122.80  2.6998672E-02
   7123.00  2.8993521E-02
   7123.20  3.0593066E-02
   7123.40  3.1419959E-02
   7123.60  3.1327379E-02
   7123.80  3.0556648E-02
   7124.00  2.9558385E-02
   7124.20  2.8695563E-02
   7124.40  2.8129498E-02
   7124.60  2.7861454E-02
   7124.80  2.7832684E-02
   7125.00  2.8102048E-02
   7125.20  2.8769403E-02
   7125.40  2.9845893E-02
   7125.60  3.0876051E-02
   7125.80  3.1540162E-02
   7126.00  3.1975679E-02
   7126.20  3.2532196E-02
   7126.40  3.3485660E-02
   7126.60  3.4839481E-02
   7126.80  3.6492035E-02
   7127.00  3.8298958E-02
   7127.20  4.0119357E-02
   7127.40  4.1806160E-02
   7127.60  4.3211773E-02
   7127.80  4.4223611E-02
   7128.00  4.4811151E-02
   7128.20  4.5036669E-02
   7128.40  4.5017967E-02
   7128.60  4.4868131E-02
   7128.80  4.4652007E-02
   7129.00  4.4379286E-02
   7129.20  4.4038027E-02
   7129.40  4.3647692E-02
   7129.60  4.3287697E-02
   7129.80  4.3068285E-02
   7130.00  4.3065061E-02
   7130.20  4.3278381E-02
   7130.40  4.3649565E-02
   7130.60  4.4107066E-02
   7130.80  4.4594232E-02
   7131.00  4.5068068E-02
   7131.20  4.5483257E-02
   7131.40  4.5776326E-02
   7131.60  4.5867443E-02
   7131.80  4.5691292E-02
   7132.00  4.5246558E-02
   7132.20  4.4618274E-02
   7132.40  4.3939628E-02
   7132.60  4.3329367E-02
   7132.80  4.2861565E-02
   7133.00  4.2569660E-02
   7133.20  4.2461254E-02
   7133.40  4.2524077E-02
   7133.60  4.2727733E-02
   7133.80  4.3009165E-02
   7134.00  4.3284085E-02
   7134.20  4.3478934E-02
   7134.40  4.3569546E-02
   7134.60  4.3584872E-02
   7134.80  4.3565998E-02
   7135.00  4.3525887E-02
   7135.20  4.3447500E-02
   7135.40  4.3307009E-02
   7135.60  4.3089101E-02
   7135.80  4.2787413E-02
   7136.00  4.2403221E-02
   7136.20  4.1948754E-02
   7136.40  4.1449054E-02
   7136.60  4.0937511E-02
   7136.80  4.0447702E-02
   7137.00  4.0007252E-02
   7137.20  3.9634945E-02
   7137.40  3.9340769E-02
   7137.60  3.9127345E-02
   7137.80  3.8991606E-02
   7138.00  3.8926077E-02
   7138.20  3.8920253E-02
   7138.40  3.8961173E-02
   7138.60  3.9034401E-02
   7138.80  3.9124825E-02
   7139.00  3.9217132E-02
   7139.20  3.9296677E-02
   7139.40  3.9350102E-02
   7139.60  3.9365915E-02
   7139.80  3.9335261E-02
   7140.00  3.9253605E-02
   7140.20  3.9117385E-02
   7140.40  3.8925608E-02
   7140.60  3.8678407E-02
   7140.80  3.8381970E-02
   7141.00  3.8040114E-02
   7141.20  3.7659096E-02
   7141.40  3.7245768E-02
   7141.60  3.6807072E-02
   7141.80  3.6349958E-02
   7142.00  3.5880565E-02
   7142.20  3.5404361E-02
   7142.40  3.4926137E-02
   7142.60  3.4450304E-02
   7142.80  3.3981124E-02
   7143.00  3.3522572E-02
   7143.20  3.3078467E-02
   7143.40  3.2652820E-02
   7143.60  3.2248959E-02
   7143.80  3.1870173E-02
   7144.00  3.1519312E-02
   7144.20  3.1198305E-02
   7144.40  3.0908419E-02
   7144.60  3.0650453E-02
   7144.80  3.0424084E-02
   7145.00  3.0228621E-02
   7145.20  3.0062932E-02
   7145.40  2.9925785E-02
   7145.60  2.9815366E-02
   7145.80  2.9732969E-02
   7146.00  2.9671082E-02
   7146.20  2.9631016E-02
   7146.40  2.9611285E-02
   7146.60  2.9610383E-02
   7146.80  2.9626348E-02
   7147.00  2.9647099E-02
   7147.20  2.9681482E-02
   7147.40  2.9728419E-02
   7147.60  2.9786582E-02
   7147.80  2.9854566E-02
   7148.00  2.9930535E-02
   7148.20  3.0012375E-02
   7148.40  3.0104409E-02
   7148.60  3.0190565E-02
   7148.80  3.0276219E-02
   7149.00  3.0354862E-02
   7149.20  3.0424016E-02
   7149.40  3.0484247E-02
   7149.60  3.0542531E-02
   7149.80  3.0571873E-02
   7150.00  3.0604955E-02
   7150.20  3.0607623E-02
   7150.40  3.0598501E-02
   7150.60  3.0578588E-02
   7150.80  3.0547272E-02
   7151.00  3.0505581E-02
   7151.20  3.0454518E-02
   7151.40  3.0394858E-02
   7151.60  3.0327267E-02
   7151.80  3.0252289E-02
   7152.00  3.0170376E-02
   7152.20  3.0082159E-02
   7152.40  2.9988082E-02
   7152.60  2.9888689E-02
   7152.80  2.9783883E-02
   7153.00  2.9674557E-02
   7153.20  2.9560511E-02
   7153.40  2.9442390E-02
   7153.60  2.9321065E-02
   7153.80  2.9196783E-02
   7154.00  2.9070523E-02
   7154.20  2.8943703E-02
   7154.40  2.8816779E-02
   7154.60  2.8691088E-02
   7154.80  2.8568041E-02
   7155.00  2.8448920E-02
   7155.20  2.8334296E-02
   7155.40  2.8225233E-02
   7155.60  2.8122566E-02
   7155.80  2.8027415E-02
   7156.00  2.7939242E-02
   7156.20  2.7857617E-02
   7156.40  2.7781583E-02
   7156.60  2.7709628E-02
   7156.80  2.7640101E-02
   7157.00  2.7569995E-02
   7157.20  2.7496310E-02
   7157.40  2.7415979E-02
   7157.60  2.7326117E-02
   7157.80  2.7224153E-02
   7158.00  2.7108776E-02
   7158.20  2.6978546E-02
   7158.40  2.6833454E-02
   7158.60  2.6674565E-02
   7158.80  2.6503965E-02
   7159.00  2.6324476E-02
   7159.20  2.6139548E-02
   7159.40  2.5953139E-02
   7159.60  2.5768570E-02
   7159.80  2.5589405E-02
   7160.00  2.5418846E-02
   7160.20  2.5257473E-02
   7160.40  2.5113483E-02
   7160.60  2.4983397E-02
   7160.80  2.4866864E-02
   7161.00  2.4770170E-02
   7161.20  2.4690452E-02
   7161.40  2.4626917E-02
   7161.60  2.4578976E-02
   7161.80  2.4544599E-02
   7162.00  2.4527091E-02
   7162.20  2.4522564E-02
   7162.40  2.4528692E-02
   7162.60  2.4547018E-02
   7162.80  2.4574931E-02
   7163.00  2.4611507E-02
   7163.20  2.4655972E-02
   7163.40  2.4707794E-02
   7163.60  2.4767355E-02
   7163.80  2.4833574E-02
   7164.00  2.4906259E-02
   7164.20  2.4985442E-02
   7164.40  2.5071285E-02
   7164.60  2.5163812E-02
   7164.80  2.5262857E-02
   7165.00  2.5368523E-02
   7165.20  2.5480906E-02
   7165.40  2.5599829E-02
   7165.60  2.5725151E-02
   7165.80  2.5856856E-02
   7166.00  2.5994610E-02
   7166.20  2.6138027E-02
   7166.40  2.6286809E-02
   7166.60  2.6440725E-02
   7166.80  2.6599318E-02
   7167.00  2.6761828E-02
   7167.20  2.6927793E-02
   7167.40  2.7096685E-02
   7167.60  2.7267977E-02
   7167.80  2.7441408E-02
   7168.00  2.7616239E-02
   7168.20  2.7791897E-02
   7168.40  2.7967893E-02
   7168.60  2.8143771E-02
   7168.80  2.8319225E-02
   7169.00  2.8493950E-02
   7169.20  2.8667421E-02
   7169.40  2.8839250E-02
   7169.60  2.9009150E-02
   7169.80  2.9176880E-02
   7170.00  2.9342050E-02
   7170.20  2.9504678E-02
   7170.40  2.9664949E-02
   7170.60  2.9822667E-02
   7170.80  2.9977698E-02
   7171.00  3.0130090E-02
   7171.20  3.0279920E-02
   7171.40  3.0427406E-02
   7171.60  3.0572675E-02
   7171.80  3.0715854E-02
   7172.00  3.0857236E-02
