  7112.000   26  1  1  1.3486251E-02 -1.8452788E+00  3.4779638E-02  1  1  7.2645819E+03  0.0000000E+00  0.0000000E+00  3.2315109E+00  1.0000000E+00  0.0000000E+00 = E_edge, Z, n_edge, j_edge, Abs_before_edge, VO_interstitial, E_cut, ninitl, ninit1, Epsii, UnitCell_Volume, Surface_ref, f0_forward, natomsym_f, abs_u_i
    Energy    <xanes>    
   7097.00  4.6245298E-05
   7097.20  1.6321505E-04
   7097.40  2.8980352E-05
   7097.60  2.6026078E-05
   7097.80  2.4427696E-05
   7098.00  2.3467009E-05
   7098.20  2.2877378E-05
   7098.40  2.2535973E-05
   7098.60  2.2390474E-05
   7098.80  2.2442941E-05
   7099.00  2.2779463E-05
   7099.20  2.3743354E-05
   7099.40  2.7078787E-05
   7099.60  5.7779318E-05
   7099.80  1.1817019E-04
   7100.00  2.9706516E-05
   7100.20  2.5172748E-05
   7100.40  2.4379635E-05
   7100.60  2.4476197E-05
   7100.80  2.5014964E-05
   7101.00  2.5944335E-05
   7101.20  2.7379931E-05
   7101.40  2.9645011E-05
   7101.60  3.3566349E-05
   7101.80  4.1770507E-05
   7102.00  6.8006028E-05
   7102.20  5.9219343E-04
   7102.40  1.6713272E-03
   7102.60  1.5886676E-04
   7102.80  2.3876703E-02
   7103.00  4.1742434E-04
   7103.20  8.4810060E-03
   7103.40  2.0614696E-04
   7103.60  2.5055269E-04
   7103.80  8.1910743E-04
   7104.00  1.1752295E-04
   7104.20  1.7595611E-04
   7104.40  1.0993369E-04
   7104.60  5.1582520E-04
   7104.80  8.6955626E-04
   7105.00  1.4880049E-03
   7105.20  2.8099083E-04
   7105.40  1.1301574E-04
   7105.60  1.3442330E-04
   7105.80  3.8247816E-03
   7106.00  1.5689192E-04
   7106.20  2.4104351E-04
   7106.40  2.4196358E-03
   7106.60  1.9592595E-03
   7106.80  6.4717240E-03
   7107.00  4.7304878E-02
   7107.20  1.7572466E-03
   7107.40  2.5184862E-03
   7107.60  1.6757062E-03
   7107.80  1.3293719E-02
   7108.00  4.0397997E-03
   7108.20  4.2259103E-04
   7108.40  2.6381141E-04
   7108.60  2.3514953E-02
   7108.80  2.1922614E-04
   7109.00  1.4528071E-04
   7109.20  1.8284441E-04
   7109.40  5.3864669E-04
   7109.60  1.6002373E-03
   7109.80  1.2636339E-03
   7110.00  6.1395110E-03
   7110.20  1.0448528E-03
   7110.40  1.8499276E-04
   7110.60  2.8137287E-02
   7110.80  8.9935034E-02
   7111.00  4.2694089E-03
   7111.20  5.7684417E-03
   7111.40  8.1967987E-03
   7111.60  2.0680689E-02
   7111.80  5.5717483E-03
   7112.00  1.1152711E-03
   7112.20  8.0700344E-04
   7112.40  1.3829256E-03
   7112.60  3.7242847E-03
   7112.80  1.4621901E-03
   7113.00  1.8986202E-03
   7113.20  6.2935989E-03
   7113.40  5.0615146E-02
   7113.60  5.7173653E-03
   7113.80  2.1613176E-03
   7114.00  1.2912255E-03
   7114.20  9.5038987E-04
   7114.40  7.8448425E-04
   7114.60  6.9647146E-04
   7114.80  6.6596868E-04
   7115.00  6.4714500E-04
   7115.20  5.9451454E-04
   7115.40  5.4815212E-04
   7115.60  5.4263991E-04
   7115.80  5.6552302E-04
   7116.00  6.0408850E-04
   7116.20  6.5304177E-04
   7116.40  7.0957001E-04
   7116.60  7.7112646E-04
   7116.80  8.3619964E-04
   7117.00  9.0580309E-04
   7117.20  9.8517283E-04
   7117.40  1.0851369E-03
   7117.60  1.2237974E-03
   7117.80  1.4282444E-03
   7118.00  1.7261705E-03
   7118.20  2.0945714E-03
   7118.40  2.4159318E-03
   7118.60  2.6750300E-03
   7118.80  3.0070055E-03
   7119.00  3.4798759E-03
   7119.20  4.0855608E-03
   7119.40  4.8035790E-03
   7119.60  5.6113702E-03
   7119.80  6.3660542E-03
   7120.00  6.7252347E-03
   7120.20  6.6060118E-03
   7120.40  6.4427176E-03
   7120.60  6.5240951E-03
   7120.80  6.8600981E-03
   7121.00  7.4003168E-03
   7121.20  8.1568544E-03
   7121.40  9.2668157E-03
   7121.60  1.1005520E-02
   7121.80  1.3729554E-02
   7122.00  1.7691685E-02
   7122.20  2.2449035E-02
   7122.40  2.6024147E-02
   7122.60  2.6265472E-02
   7122.80  2.3681077E-02
   7123.00  2.1002750E-02
   7123.20  2.2132936E-02
   7123.40  2.7380756E-02
   7123.60  3.7357503E-02
   7123.80  5.0478204E-02
   7124.00  6.1064231E-02
   7124.20  6.2119260E-02
   7124.40  5.7157862E-02
   7124.60  5.1610177E-02
   7124.80  4.7894217E-02
   7125.00  4.7974126E-02
   7125.20  5.4481489E-02
   7125.40  6.3688140E-02
   7125.60  6.7469239E-02
   7125.80  6.5541876E-02
   7126.00  6.0849821E-02
   7126.20  5.7487939E-02
   7126.40  5.5910942E-02
   7126.60  5.3885219E-02
   7126.80  5.1514012E-02
   7127.00  5.0234242E-02
   7127.20  5.0534730E-02
   7127.40  5.1984305E-02
   7127.60  5.3989337E-02
   7127.80  5.5934392E-02
   7128.00  5.7412095E-02
   7128.20  5.8171740E-02
   7128.40  5.8179268E-02
   7128.60  5.7552233E-02
   7128.80  5.6456505E-02
   7129.00  5.5035716E-02
   7129.20  5.3401494E-02
   7129.40  5.1679898E-02
   7129.60  5.0097242E-02
   7129.80  4.8976170E-02
   7130.00  4.8419823E-02
   7130.20  4.8036601E-02
   7130.40  4.7391396E-02
   7130.60  4.6494378E-02
   7130.80  4.5549566E-02
   7131.00  4.4700420E-02
   7131.20  4.4009466E-02
   7131.40  4.3470775E-02
   7131.60  4.3027213E-02
   7131.80  4.2604370E-02
   7132.00  4.2149343E-02
   7132.20  4.1659025E-02
   7132.40  4.1181757E-02
   7132.60  4.0780063E-02
   7132.80  4.0477628E-02
   7133.00  4.0246154E-02
   7133.20  4.0037045E-02
   7133.40  3.9810061E-02
   7133.60  3.9543285E-02
   7133.80  3.9228951E-02
   7134.00  3.8868145E-02
   7134.20  3.8464924E-02
   7134.40  3.8025754E-02
   7134.60  3.7564286E-02
   7134.80  3.7127215E-02
   7135.00  3.6820285E-02
   7135.20  3.6702098E-02
   7135.40  3.6687739E-02
   7135.60  3.6716279E-02
   7135.80  3.6728958E-02
   7136.00  3.6718100E-02
   7136.20  3.6703924E-02
   7136.40  3.6714110E-02
   7136.60  3.6771203E-02
   7136.80  3.6889260E-02
   7137.00  3.7074383E-02
   7137.20  3.7325583E-02
   7137.40  3.7635939E-02
   7137.60  3.7993304E-02
   7137.80  3.8381339E-02
   7138.00  3.8781084E-02
   7138.20  3.9173085E-02
   7138.40  3.9539278E-02
   7138.60  3.9864492E-02
   7138.80  4.0136582E-02
   7139.00  4.0346026E-02
   7139.20  4.0485171E-02
   7139.40  4.0547611E-02
   7139.60  4.0521077E-02
   7139.80  4.0410765E-02
   7140.00  4.0214887E-02
   7140.20  3.9932429E-02
   7140.40  3.9564372E-02
   7140.60  3.9113748E-02
   7140.80  3.8585757E-02
   7141.00  3.7987777E-02
   7141.20  3.7329454E-02
   7141.40  3.6622285E-02
   7141.60  3.5878276E-02
   7141.80  3.5110166E-02
   7142.00  3.4330826E-02
   7142.20  3.3551902E-02
   7142.40  3.2784209E-02
   7142.60  3.2036116E-02
   7142.80  3.1314262E-02
   7143.00  3.0623266E-02
   7143.20  2.9965539E-02
   7143.40  2.9341999E-02
   7143.60  2.8751698E-02
   7143.80  2.8192067E-02
   7144.00  2.7659344E-02
   7144.20  2.7148720E-02
   7144.40  2.6653634E-02
   7144.60  2.6166957E-02
   7144.80  2.5680798E-02
   7145.00  2.5187330E-02
   7145.20  2.4678736E-02
   7145.40  2.4148592E-02
   7145.60  2.3592500E-02
   7145.80  2.3008727E-02
   7146.00  2.2398832E-02
   7146.20  2.1767497E-02
   7146.40  2.1134225E-02
   7146.60  2.0507735E-02
   7146.80  1.9890712E-02
   7147.00  1.9294355E-02
   7147.20  1.8728694E-02
   7147.40  1.8200620E-02
   7147.60  1.7720851E-02
   7147.80  1.7291068E-02
   7148.00  1.6913168E-02
   7148.20  1.6585390E-02
   7148.40  1.6310459E-02
   7148.60  1.6086662E-02
   7148.80  1.5905823E-02
   7149.00  1.5767019E-02
   7149.20  1.5666972E-02
   7149.40  1.5601558E-02
   7149.60  1.5570171E-02
   7149.80  1.5568997E-02
   7150.00  1.5595896E-02
   7150.20  1.5647636E-02
   7150.40  1.5725364E-02
   7150.60  1.5826187E-02
   7150.80  1.5948591E-02
   7151.00  1.6090957E-02
   7151.20  1.6252203E-02
   7151.40  1.6430220E-02
   7151.60  1.6622014E-02
   7151.80  1.6824402E-02
   7152.00  1.7034279E-02
   7152.20  1.7248075E-02
   7152.40  1.7462568E-02
   7152.60  1.7679599E-02
   7152.80  1.7886917E-02
   7153.00  1.8086280E-02
   7153.20  1.8275947E-02
   7153.40  1.8448866E-02
   7153.60  1.8615007E-02
   7153.80  1.8764521E-02
   7154.00  1.8901347E-02
   7154.20  1.9023584E-02
   7154.40  1.9130107E-02
   7154.60  1.9221490E-02
   7154.80  1.9299207E-02
   7155.00  1.9365431E-02
   7155.20  1.9422779E-02
   7155.40  1.9475185E-02
   7155.60  1.9527499E-02
   7155.80  1.9585268E-02
   7156.00  1.9654643E-02
   7156.20  1.9740990E-02
   7156.40  1.9849480E-02
   7156.60  1.9984289E-02
   7156.80  2.0148524E-02
   7157.00  2.0343931E-02
   7157.20  2.0571111E-02
   7157.40  2.0829304E-02
   7157.60  2.1117034E-02
   7157.80  2.1431938E-02
   7158.00  2.1771395E-02
   7158.20  2.2132496E-02
   7158.40  2.2512206E-02
   7158.60  2.2907530E-02
   7158.80  2.3315280E-02
   7159.00  2.3732896E-02
   7159.20  2.4157699E-02
   7159.40  2.4587081E-02
   7159.60  2.5018495E-02
   7159.80  2.5449454E-02
   7160.00  2.5877517E-02
   7160.20  2.6300121E-02
   7160.40  2.6715111E-02
   7160.60  2.7120240E-02
   7160.80  2.7513359E-02
   7161.00  2.7892757E-02
   7161.20  2.8256968E-02
   7161.40  2.8605529E-02
   7161.60  2.8938484E-02
   7161.80  2.9256536E-02
   7162.00  2.9551023E-02
   7162.20  2.9844013E-02
   7162.40  3.0128988E-02
   7162.60  3.0406943E-02
   7162.80  3.0680019E-02
   7163.00  3.0950195E-02
   7163.20  3.1216755E-02
   7163.40  3.1484455E-02
   7163.60  3.1752519E-02
   7163.80  3.2020949E-02
   7164.00  3.2288159E-02
   7164.20  3.2554767E-02
   7164.40  3.2820357E-02
   7164.60  3.3083963E-02
   7164.80  3.3344878E-02
   7165.00  3.3602191E-02
   7165.20  3.3855281E-02
   7165.40  3.4103595E-02
   7165.60  3.4346403E-02
   7165.80  3.4583310E-02
   7166.00  3.4814089E-02
   7166.20  3.5038430E-02
   7166.40  3.5256441E-02
   7166.60  3.5467697E-02
   7166.80  3.5671626E-02
   7167.00  3.5868184E-02
   7167.20  3.6056925E-02
   7167.40  3.6236974E-02
   7167.60  3.6407586E-02
   7167.80  3.6567891E-02
   7168.00  3.6716454E-02
   7168.20  3.6852136E-02
   7168.40  3.6974061E-02
   7168.60  3.7080841E-02
   7168.80  3.7171636E-02
   7169.00  3.7245798E-02
   7169.20  3.7303424E-02
   7169.40  3.7344184E-02
   7169.60  3.7368387E-02
   7169.80  3.7376708E-02
   7170.00  3.7370040E-02
   7170.20  3.7349702E-02
   7170.40  3.7317174E-02
   7170.60  3.7273983E-02
   7170.80  3.7222028E-02
   7171.00  3.7162899E-02
   7171.20  3.7097611E-02
   7171.40  3.7027208E-02
   7171.60  3.6952952E-02
   7171.80  3.6875721E-02
   7172.00  3.6796170E-02
