  7112.000   26  1  1  2.3438720E-02 -3.2560825E+00 -2.0559840E+00  1  1  7.2659429E+03  0.0000000E+00  0.0000000E+00  2.7310798E+00  1.0000000E+00  0.0000000E+00 = E_edge, Z, n_edge, j_edge, Abs_before_edge, VO_interstitial, E_cut, ninitl, ninit1, Epsii, UnitCell_Volume, Surface_ref, f0_forward, natomsym_f, abs_u_i
    Energy    <xanes>    
   7097.00  4.6641844E-05
   7097.20  3.3942158E-05
   7097.40  2.8739848E-05
   7097.60  2.6213671E-05
   7097.80  2.4920388E-05
   7098.00  2.4339976E-05
   7098.20  2.4315184E-05
   7098.40  2.4956931E-05
   7098.60  2.6918114E-05
   7098.80  3.3309352E-05
   7099.00  7.5712979E-05
   7099.20  1.1336262E-03
   7099.40  5.0267490E-05
   7099.60  3.3380926E-05
   7099.80  3.5019525E-05
   7100.00  1.0703798E-04
   7100.20  8.0594630E-05
   7100.40  4.6896986E-05
   7100.60  2.0796771E-04
   7100.80  5.1872157E-04
   7101.00  4.0743989E-05
   7101.20  3.3155002E-05
   7101.40  3.2995184E-05
   7101.60  3.6394178E-05
   7101.80  4.6045156E-05
   7102.00  8.1715968E-05
   7102.20  1.0955018E-03
   7102.40  1.9513442E-02
   7102.60  1.5495578E-04
   7102.80  8.5089191E-05
   7103.00  4.7038124E-04
   7103.20  1.4445628E-04
   7103.40  3.8373209E-04
   7103.60  6.0678326E-04
   7103.80  9.2465468E-05
   7104.00  6.6990537E-05
   7104.20  3.4986130E-04
   7104.40  1.7015672E-04
   7104.60  1.3373857E-04
   7104.80  9.2523599E-04
   7105.00  8.9441291E-05
   7105.20  1.0691903E-04
   7105.40  5.0831706E-03
   7105.60  1.7039451E-04
   7105.80  7.6445772E-03
   7106.00  1.6913835E-04
   7106.20  1.6517572E-04
   7106.40  4.5247816E-03
   7106.60  3.6229169E-04
   7106.80  7.6267400E-03
   7107.00  4.1033608E-03
   7107.20  3.6037022E-03
   7107.40  9.8532146E-04
   7107.60  3.2762621E-04
   7107.80  3.5167212E-04
   7108.00  2.8255753E-04
   7108.20  2.9269291E-04
   7108.40  4.3252554E-03
   7108.60  5.5313387E-02
   7108.80  2.1582788E-03
   7109.00  1.1910278E-01
   7109.20  9.3446099E-03
   7109.40  2.7732673E-02
   7109.60  1.5753268E-02
   7109.80  1.1412312E-02
   7110.00  2.4290076E-02
   7110.20  1.1367409E-02
   7110.40  7.0114282E-03
   7110.60  8.5525559E-03
   7110.80  8.4881702E-03
   7111.00  7.6207621E-03
   7111.20  1.3228149E-02
   7111.40  1.4353494E-02
   7111.60  2.2956203E-02
   7111.80  4.9940285E-02
   7112.00  5.4509105E-02
   7112.20  4.7958681E-02
   7112.40  4.1557064E-02
   7112.60  3.7747315E-02
   7112.80  3.6952001E-02
   7113.00  3.9614375E-02
   7113.20  4.5823517E-02
   7113.40  5.7408243E-02
   7113.60  6.6262442E-02
   7113.80  4.9397240E-02
   7114.00  3.1351673E-02
   7114.20  2.1341836E-02
   7114.40  1.5894764E-02
   7114.60  1.2731253E-02
   7114.80  1.0804172E-02
   7115.00  9.5713356E-03
   7115.20  8.9660867E-03
   7115.40  8.8478942E-03
   7115.60  9.2981448E-03
   7115.80  1.0539995E-02
   7116.00  1.2511806E-02
   7116.20  1.4380951E-02
   7116.40  1.4768232E-02
   7116.60  1.3769148E-02
   7116.80  1.2562980E-02
   7117.00  1.1708220E-02
   7117.20  1.1192090E-02
   7117.40  1.0892179E-02
   7117.60  1.0677575E-02
   7117.80  1.0426530E-02
   7118.00  1.0088255E-02
   7118.20  9.6883429E-03
   7118.40  9.2774586E-03
   7118.60  8.8931575E-03
   7118.80  8.5667063E-03
   7119.00  8.3363366E-03
   7119.20  8.2081316E-03
   7119.40  8.1204749E-03
   7119.60  7.9577290E-03
   7119.80  7.6084754E-03
   7120.00  7.1099663E-03
   7120.20  6.6593802E-03
   7120.40  6.3646033E-03
   7120.60  6.1993263E-03
   7120.80  6.1230704E-03
   7121.00  6.0810881E-03
   7121.20  6.0659683E-03
   7121.40  6.1686918E-03
   7121.60  6.3876185E-03
   7121.80  6.5852167E-03
   7122.00  6.6158519E-03
   7122.20  6.5354209E-03
   7122.40  6.5157756E-03
   7122.60  6.6163768E-03
   7122.80  6.8292140E-03
   7123.00  7.1375652E-03
   7123.20  7.5334415E-03
   7123.40  8.0150943E-03
   7123.60  8.5854120E-03
   7123.80  9.2480091E-03
   7124.00  9.9964390E-03
   7124.20  1.0802924E-02
   7124.40  1.1605245E-02
   7124.60  1.2305982E-02
   7124.80  1.2823743E-02
   7125.00  1.3168023E-02
   7125.20  1.3413497E-02
   7125.40  1.3632816E-02
   7125.60  1.3881052E-02
   7125.80  1.4199312E-02
   7126.00  1.4589162E-02
   7126.20  1.5078215E-02
   7126.40  1.5665533E-02
   7126.60  1.6377194E-02
   7126.80  1.7228749E-02
   7127.00  1.8204490E-02
   7127.20  1.9177289E-02
   7127.40  1.9893349E-02
   7127.60  2.0216351E-02
   7127.80  2.0405261E-02
   7128.00  2.0765113E-02
   7128.20  2.1389180E-02
   7128.40  2.2333190E-02
   7128.60  2.3515777E-02
   7128.80  2.4809036E-02
   7129.00  2.6081132E-02
   7129.20  2.7099371E-02
   7129.40  2.7799044E-02
   7129.60  2.8235734E-02
   7129.80  2.8613071E-02
   7130.00  2.9187333E-02
   7130.20  3.0170427E-02
   7130.40  3.1684799E-02
   7130.60  3.3750938E-02
   7130.80  3.6275001E-02
   7131.00  3.9042457E-02
   7131.20  4.1765655E-02
   7131.40  4.4200800E-02
   7131.60  4.6251488E-02
   7131.80  4.7975656E-02
   7132.00  4.9539618E-02
   7132.20  5.1154931E-02
   7132.40  5.2993841E-02
   7132.60  5.5123050E-02
   7132.80  5.7487443E-02
   7133.00  5.9917869E-02
   7133.20  6.2152819E-02
   7133.40  6.3895653E-02
   7133.60  6.4923247E-02
   7133.80  6.5203603E-02
   7134.00  6.4941629E-02
   7134.20  6.4475301E-02
   7134.40  6.3994118E-02
   7134.60  6.3370885E-02
   7134.80  6.2367657E-02
   7135.00  6.0929917E-02
   7135.20  5.9151914E-02
   7135.40  5.7154385E-02
   7135.60  5.5044032E-02
   7135.80  5.2911442E-02
   7136.00  5.0827944E-02
   7136.20  4.8840411E-02
   7136.40  4.6970252E-02
   7136.60  4.5218463E-02
   7136.80  4.3572662E-02
   7137.00  4.2014381E-02
   7137.20  4.0525740E-02
   7137.40  3.9094055E-02
   7137.60  3.7714884E-02
   7137.80  3.6393678E-02
   7138.00  3.5143582E-02
   7138.20  3.3982834E-02
   7138.40  3.2930435E-02
   7138.60  3.2003597E-02
   7138.80  3.1215152E-02
   7139.00  3.0573095E-02
   7139.20  3.0080325E-02
   7139.40  2.9735006E-02
   7139.60  2.9531124E-02
   7139.80  2.9458803E-02
   7140.00  2.9505290E-02
   7140.20  2.9655492E-02
   7140.40  2.9892758E-02
   7140.60  3.0199877E-02
   7140.80  3.0560063E-02
   7141.00  3.0958051E-02
   7141.20  3.1388366E-02
   7141.40  3.1834847E-02
   7141.60  3.2290987E-02
   7141.80  3.2752288E-02
   7142.00  3.3216691E-02
   7142.20  3.3683643E-02
   7142.40  3.4153533E-02
   7142.60  3.4627003E-02
   7142.80  3.5104056E-02
   7143.00  3.5583956E-02
   7143.20  3.6064803E-02
   7143.40  3.6543282E-02
   7143.60  3.7014804E-02
   7143.80  3.7473479E-02
   7144.00  3.7912769E-02
   7144.20  3.8326669E-02
   7144.40  3.8710646E-02
   7144.60  3.9062967E-02
   7144.80  3.9384823E-02
   7145.00  3.9680492E-02
   7145.20  3.9955803E-02
   7145.40  4.0217327E-02
   7145.60  4.0470898E-02
   7145.80  4.0720907E-02
   7146.00  4.0969823E-02
   7146.20  4.1218351E-02
   7146.40  4.1465960E-02
   7146.60  4.1710631E-02
   7146.80  4.1950099E-02
   7147.00  4.2181786E-02
   7147.20  4.2403213E-02
   7147.40  4.2612244E-02
   7147.60  4.2806790E-02
   7147.80  4.2986383E-02
   7148.00  4.3148993E-02
   7148.20  4.3294873E-02
   7148.40  4.3422661E-02
   7148.60  4.3534177E-02
   7148.80  4.3624894E-02
   7149.00  4.3699492E-02
   7149.20  4.3760648E-02
   7149.40  4.3806919E-02
   7149.60  4.3838454E-02
   7149.80  4.3855359E-02
   7150.00  4.3857422E-02
   7150.20  4.3844425E-02
   7150.40  4.3814097E-02
   7150.60  4.3770129E-02
   7150.80  4.3710358E-02
   7151.00  4.3633709E-02
   7151.20  4.3539804E-02
   7151.40  4.3428164E-02
   7151.60  4.3298096E-02
   7151.80  4.3149272E-02
   7152.00  4.2981985E-02
   7152.20  4.2795752E-02
   7152.40  4.2591008E-02
   7152.60  4.2368533E-02
   7152.80  4.2129902E-02
   7153.00  4.1876301E-02
   7153.20  4.1609702E-02
   7153.40  4.1332470E-02
   7153.60  4.1047492E-02
   7153.80  4.0757823E-02
   7154.00  4.0466283E-02
   7154.20  4.0176092E-02
   7154.40  3.9890503E-02
   7154.60  3.9612571E-02
   7154.80  3.9345621E-02
   7155.00  3.9091637E-02
   7155.20  3.8852773E-02
   7155.40  3.8630796E-02
   7155.60  3.8426803E-02
   7155.80  3.8241466E-02
   7156.00  3.8075440E-02
   7156.20  3.7928212E-02
   7156.40  3.7799043E-02
   7156.60  3.7686867E-02
   7156.80  3.7590313E-02
   7157.00  3.7507860E-02
   7157.20  3.7437955E-02
   7157.40  3.7378949E-02
   7157.60  3.7328601E-02
   7157.80  3.7285045E-02
   7158.00  3.7246362E-02
   7158.20  3.7210830E-02
   7158.40  3.7176802E-02
   7158.60  3.7142748E-02
   7158.80  3.7107309E-02
   7159.00  3.7069351E-02
   7159.20  3.7027228E-02
   7159.40  3.6979648E-02
   7159.60  3.6925353E-02
   7159.80  3.6863086E-02
   7160.00  3.6791658E-02
   7160.20  3.6709969E-02
   7160.40  3.6623156E-02
   7160.60  3.6518220E-02
   7160.80  3.6401054E-02
   7161.00  3.6271107E-02
   7161.20  3.6126103E-02
   7161.40  3.5967720E-02
   7161.60  3.5801236E-02
   7161.80  3.5623833E-02
   7162.00  3.5435606E-02
   7162.20  3.5238376E-02
   7162.40  3.5033317E-02
   7162.60  3.4821660E-02
   7162.80  3.4604744E-02
   7163.00  3.4383202E-02
   7163.20  3.4157793E-02
   7163.40  3.3929081E-02
   7163.60  3.3697415E-02
   7163.80  3.3462951E-02
   7164.00  3.3225595E-02
   7164.20  3.2985117E-02
   7164.40  3.2741197E-02
   7164.60  3.2493352E-02
   7164.80  3.2241165E-02
   7165.00  3.1984511E-02
   7165.20  3.1722681E-02
   7165.40  3.1455546E-02
   7165.60  3.1183906E-02
   7165.80  3.0906965E-02
   7166.00  3.0625086E-02
   7166.20  3.0338404E-02
   7166.40  3.0048212E-02
   7166.60  2.9755306E-02
   7166.80  2.9460246E-02
   7167.00  2.9163933E-02
   7167.20  2.8867352E-02
   7167.40  2.8573244E-02
   7167.60  2.8281458E-02
   7167.80  2.7981262E-02
   7168.00  2.7693895E-02
   7168.20  2.7410208E-02
   7168.40  2.7130616E-02
   7168.60  2.6856057E-02
   7168.80  2.6586495E-02
   7169.00  2.6322090E-02
   7169.20  2.6062932E-02
   7169.40  2.5809114E-02
   7169.60  2.5560745E-02
   7169.80  2.5317916E-02
   7170.00  2.5081352E-02
   7170.20  2.4850596E-02
   7170.40  2.4625443E-02
   7170.60  2.4406081E-02
   7170.80  2.4192503E-02
   7171.00  2.3984809E-02
   7171.20  2.3783150E-02
   7171.40  2.3587880E-02
   7171.60  2.3399600E-02
   7171.80  2.3218046E-02
   7172.00  2.3043505E-02
