  7112.000   26  1  1  5.3343259E-02 -3.2492585E+00 -2.4974979E+00  1  1  7.2664363E+03  0.0000000E+00  0.0000000E+00  4.0396242E+00  1.0000000E+00  0.0000000E+00 = E_edge, Z, n_edge, j_edge, Abs_before_edge, VO_interstitial, E_cut, ninitl, ninit1, Epsii, UnitCell_Volume, Surface_ref, f0_forward, natomsym_f, abs_u_i
    Energy    <xanes>    
   7097.00  2.3570751E-05
   7097.20  2.4374985E-05
   7097.40  2.5494783E-05
   7097.60  2.7161319E-05
   7097.80  2.9898361E-05
   7098.00  3.5139867E-05
   7098.20  4.8262221E-05
   7098.40  1.0739115E-04
   7098.60  2.6906569E-03
   7098.80  1.9244540E-04
   7099.00  6.9975258E-05
   7099.20  6.6036216E-05
   7099.40  1.3964419E-04
   7099.60  7.8732721E-03
   7099.80  1.2923250E-04
   7100.00  8.2166632E-05
   7100.20  2.0841811E-04
   7100.40  3.6150637E-04
   7100.60  1.2727882E-03
   7100.80  1.7123772E-04
   7101.00  3.1619027E-04
   7101.20  2.9473482E-03
   7101.40  9.6864967E-04
   7101.60  2.3011451E-04
   7101.80  3.6352672E-04
   7102.00  2.9371026E-02
   7102.20  2.9990291E-04
   7102.40  1.3736439E-04
   7102.60  2.3157305E-04
   7102.80  1.1757744E-02
   7103.00  1.9492926E-03
   7103.20  1.1546164E-03
   7103.40  1.5900696E-03
   7103.60  4.3473006E-04
   7103.80  9.4272498E-03
   7104.00  2.4308598E-04
   7104.20  1.1550415E-04
   7104.40  1.1144973E-04
   7104.60  1.5509772E-04
   7104.80  4.0776281E-04
   7105.00  1.8383489E-03
   7105.20  5.2545237E-03
   7105.40  2.3098947E-03
   7105.60  3.4623028E-03
   7105.80  1.9784135E-04
   7106.00  1.7814957E-04
   7106.20  1.4912556E-03
   7106.40  1.0612192E-03
   7106.60  4.6612496E-02
   7106.80  5.3382536E-04
   7107.00  2.2563156E-04
   7107.20  1.9028592E-03
   7107.40  8.1286567E-04
   7107.60  1.2475893E-02
   7107.80  1.9667846E-03
   7108.00  1.3773517E-03
   7108.20  1.0118881E-02
   7108.40  7.0690493E-03
   7108.60  6.6558179E-03
   7108.80  1.2435918E-02
   7109.00  8.1775858E-04
   7109.20  1.1173261E-02
   7109.40  1.3975278E-02
   7109.60  6.8205766E-03
   7109.80  1.2705857E-02
   7110.00  2.2101828E-02
   7110.20  3.0886946E-02
   7110.40  2.1919038E-02
   7110.60  2.6876445E-02
   7110.80  3.0788700E-02
   7111.00  2.5988963E-02
   7111.20  1.9088827E-02
   7111.40  2.0449298E-02
   7111.60  3.8621500E-02
   7111.80  6.6997642E-02
   7112.00  4.5476807E-02
   7112.20  3.2364015E-02
   7112.40  2.8284792E-02
   7112.60  2.8831454E-02
   7112.80  2.8382729E-02
   7113.00  2.5266710E-02
   7113.20  2.3826783E-02
   7113.40  2.4571709E-02
   7113.60  2.7781991E-02
   7113.80  2.7732145E-02
   7114.00  2.1373497E-02
   7114.20  1.5060014E-02
   7114.40  1.1543537E-02
   7114.60  9.3621829E-03
   7114.80  7.8866843E-03
   7115.00  6.4594102E-03
   7115.20  5.6266527E-03
   7115.40  4.9758899E-03
   7115.60  4.4910667E-03
   7115.80  4.1619304E-03
   7116.00  3.9779756E-03
   7116.20  3.9305951E-03
   7116.40  4.0173238E-03
   7116.60  4.2381060E-03
   7116.80  4.5799699E-03
   7117.00  5.0029132E-03
   7117.20  5.4569672E-03
   7117.40  5.9163291E-03
   7117.60  6.3706416E-03
   7117.80  6.8258596E-03
   7118.00  7.3600224E-03
   7118.20  8.1076593E-03
   7118.40  9.1852358E-03
   7118.60  1.0587508E-02
   7118.80  1.1782963E-02
   7119.00  1.2150306E-02
   7119.20  1.2247100E-02
   7119.40  1.2642729E-02
   7119.60  1.3208426E-02
   7119.80  1.3582335E-02
   7120.00  1.3900989E-02
   7120.20  1.4589254E-02
   7120.40  1.5283940E-02
   7120.60  1.5414366E-02
   7120.80  1.5165350E-02
   7121.00  1.4975086E-02
   7121.20  1.4761209E-02
   7121.40  1.4636809E-02
   7121.60  1.5008796E-02
   7121.80  1.6090132E-02
   7122.00  1.7724889E-02
   7122.20  1.9415423E-02
   7122.40  2.1200646E-02
   7122.60  2.3259938E-02
   7122.80  2.5594791E-02
   7123.00  2.8128101E-02
   7123.20  3.0755338E-02
   7123.40  3.3407647E-02
   7123.60  3.5700836E-02
   7123.80  3.7494202E-02
   7124.00  3.8685017E-02
   7124.20  3.9357627E-02
   7124.40  3.9736047E-02
   7124.60  4.0063176E-02
   7124.80  4.0448029E-02
   7125.00  4.0947229E-02
   7125.20  4.1377955E-02
   7125.40  4.1663207E-02
   7125.60  4.1908507E-02
   7125.80  4.2257019E-02
   7126.00  4.2900809E-02
   7126.20  4.3685686E-02
   7126.40  4.4445100E-02
   7126.60  4.4958090E-02
   7126.80  4.5025119E-02
   7127.00  4.4597565E-02
   7127.20  4.3826340E-02
   7127.40  4.2894465E-02
   7127.60  4.1946510E-02
   7127.80  4.1017568E-02
   7128.00  4.0063905E-02
   7128.20  3.9081617E-02
   7128.40  3.8126521E-02
   7128.60  3.7271183E-02
   7128.80  3.6601222E-02
   7129.00  3.6239010E-02
   7129.20  3.6293368E-02
   7129.40  3.6771847E-02
   7129.60  3.7548582E-02
   7129.80  3.8371130E-02
   7130.00  3.8919862E-02
   7130.20  3.8948207E-02
   7130.40  3.8412028E-02
   7130.60  3.7457722E-02
   7130.80  3.6300826E-02
   7131.00  3.5125351E-02
   7131.20  3.4054139E-02
   7131.40  3.3158983E-02
   7131.60  3.2475368E-02
   7131.80  3.2006331E-02
   7132.00  3.1718489E-02
   7132.20  3.1551662E-02
   7132.40  3.1442499E-02
   7132.60  3.1359010E-02
   7132.80  3.1314534E-02
   7133.00  3.1364957E-02
   7133.20  3.1588240E-02
   7133.40  3.2042832E-02
   7133.60  3.2716084E-02
   7133.80  3.3491283E-02
   7134.00  3.4163456E-02
   7134.20  3.4530071E-02
   7134.40  3.4516223E-02
   7134.60  3.4207613E-02
   7134.80  3.3763591E-02
   7135.00  3.3319454E-02
   7135.20  3.2948141E-02
   7135.40  3.2667055E-02
   7135.60  3.2461836E-02
   7135.80  3.2312035E-02
   7136.00  3.2207942E-02
   7136.20  3.2153213E-02
   7136.40  3.2158830E-02
   7136.60  3.2235316E-02
   7136.80  3.2387156E-02
   7137.00  3.2610489E-02
   7137.20  3.2892422E-02
   7137.40  3.3227025E-02
   7137.60  3.3583983E-02
   7137.80  3.3921221E-02
   7138.00  3.4243447E-02
   7138.20  3.4545531E-02
   7138.40  3.4825619E-02
   7138.60  3.5087862E-02
   7138.80  3.5339153E-02
   7139.00  3.5586279E-02
   7139.20  3.5836145E-02
   7139.40  3.6095431E-02
   7139.60  3.6369394E-02
   7139.80  3.6661846E-02
   7140.00  3.6974762E-02
   7140.20  3.7307189E-02
   7140.40  3.7655479E-02
   7140.60  3.8051657E-02
   7140.80  3.8407741E-02
   7141.00  3.8754177E-02
   7141.20  3.9081366E-02
   7141.40  3.9380791E-02
   7141.60  3.9646284E-02
   7141.80  3.9874786E-02
   7142.00  4.0065981E-02
   7142.20  4.0221802E-02
   7142.40  4.0345455E-02
   7142.60  4.0440799E-02
   7142.80  4.0510812E-02
   7143.00  4.0556999E-02
   7143.20  4.0579155E-02
   7143.40  4.0574582E-02
   7143.60  4.0538472E-02
   7143.80  4.0463822E-02
   7144.00  4.0343032E-02
   7144.20  4.0168031E-02
   7144.40  3.9932768E-02
   7144.60  3.9634045E-02
   7144.80  3.9276037E-02
   7145.00  3.8874090E-02
   7145.20  3.8428830E-02
   7145.40  3.7951459E-02
   7145.60  3.7454856E-02
   7145.80  3.6952077E-02
   7146.00  3.6454542E-02
   7146.20  3.5972403E-02
   7146.40  3.5513958E-02
   7146.60  3.5085472E-02
   7146.80  3.4691082E-02
   7147.00  3.4333531E-02
   7147.20  3.4014306E-02
   7147.40  3.3734198E-02
   7147.60  3.3492705E-02
   7147.80  3.3283597E-02
   7148.00  3.3119122E-02
   7148.20  3.2987329E-02
   7148.40  3.2890046E-02
   7148.60  3.2824396E-02
   7148.80  3.2788544E-02
   7149.00  3.2780634E-02
   7149.20  3.2798737E-02
   7149.40  3.2840991E-02
   7149.60  3.2905501E-02
   7149.80  3.2990217E-02
   7150.00  3.3093038E-02
   7150.20  3.3211906E-02
   7150.40  3.3344642E-02
   7150.60  3.3488979E-02
   7150.80  3.3642691E-02
   7151.00  3.3803247E-02
   7151.20  3.3967905E-02
   7151.40  3.4133956E-02
   7151.60  3.4298533E-02
   7151.80  3.4458752E-02
   7152.00  3.4611950E-02
   7152.20  3.4755432E-02
   7152.40  3.4887709E-02
   7152.60  3.5006688E-02
   7152.80  3.5108902E-02
   7153.00  3.5192601E-02
   7153.20  3.5256244E-02
   7153.40  3.5298421E-02
   7153.60  3.5317860E-02
   7153.80  3.5313628E-02
   7154.00  3.5284234E-02
   7154.20  3.5228768E-02
   7154.40  3.5146025E-02
   7154.60  3.5035556E-02
   7154.80  3.4896337E-02
   7155.00  3.4728329E-02
   7155.20  3.4531533E-02
   7155.40  3.4306479E-02
   7155.60  3.4055056E-02
   7155.80  3.3778475E-02
   7156.00  3.3479108E-02
   7156.20  3.3160397E-02
   7156.40  3.2825870E-02
   7156.60  3.2478900E-02
   7156.80  3.2123550E-02
   7157.00  3.1764407E-02
   7157.20  3.1405153E-02
   7157.40  3.1049393E-02
   7157.60  3.0700421E-02
   7157.80  3.0361015E-02
   7158.00  3.0033867E-02
   7158.20  2.9720127E-02
   7158.40  2.9421029E-02
   7158.60  2.9133353E-02
   7158.80  2.8865587E-02
   7159.00  2.8614239E-02
   7159.20  2.8378300E-02
   7159.40  2.8157231E-02
   7159.60  2.7950591E-02
   7159.80  2.7757337E-02
   7160.00  2.7577049E-02
   7160.20  2.7408863E-02
   7160.40  2.7251270E-02
   7160.60  2.7103613E-02
   7160.80  2.6966482E-02
   7161.00  2.6837686E-02
   7161.20  2.6717049E-02
   7161.40  2.6606413E-02
   7161.60  2.6499837E-02
   7161.80  2.6397518E-02
   7162.00  2.6301756E-02
   7162.20  2.6210810E-02
   7162.40  2.6124151E-02
   7162.60  2.6041227E-02
   7162.80  2.5961917E-02
   7163.00  2.5885687E-02
   7163.20  2.5811865E-02
   7163.40  2.5739948E-02
   7163.60  2.5669652E-02
   7163.80  2.5600847E-02
   7164.00  2.5533477E-02
   7164.20  2.5467588E-02
   7164.40  2.5403555E-02
   7164.60  2.5341786E-02
   7164.80  2.5282156E-02
   7165.00  2.5225004E-02
   7165.20  2.5170755E-02
   7165.40  2.5119713E-02
   7165.60  2.5072161E-02
   7165.80  2.5028241E-02
   7166.00  2.4988036E-02
   7166.20  2.4951633E-02
   7166.40  2.4919035E-02
   7166.60  2.4889617E-02
   7166.80  2.4862938E-02
   7167.00  2.4838509E-02
   7167.20  2.4815690E-02
   7167.40  2.4793901E-02
   7167.60  2.4772563E-02
   7167.80  2.4751064E-02
   7168.00  2.4728871E-02
   7168.20  2.4705734E-02
   7168.40  2.4681701E-02
   7168.60  2.4656323E-02
   7168.80  2.4629720E-02
   7169.00  2.4602059E-02
   7169.20  2.4573605E-02
   7169.40  2.4544684E-02
   7169.60  2.4515703E-02
   7169.80  2.4487009E-02
   7170.00  2.4459234E-02
   7170.20  2.4432835E-02
   7170.40  2.4408053E-02
   7170.60  2.4385558E-02
   7170.80  2.4365628E-02
   7171.00  2.4348523E-02
   7171.20  2.4334628E-02
   7171.40  2.4324155E-02
   7171.60  2.4317252E-02
   7171.80  2.4314121E-02
   7172.00  2.4314953E-02
