  7112.000   26  1  1  2.6172716E-02 -3.1414894E+00 -9.3271681E-01  1  1  7.2656938E+03  0.0000000E+00  0.0000000E+00  2.8093543E+00  1.0000000E+00  0.0000000E+00 = E_edge, Z, n_edge, j_edge, Abs_before_edge, VO_interstitial, E_cut, ninitl, ninit1, Epsii, UnitCell_Volume, Surface_ref, f0_forward, natomsym_f, abs_u_i
    Energy    <xanes>    
   7097.00  4.5266590E-05
   7097.20  5.2406682E-05
   7097.40  6.7763571E-05
   7097.60  1.0067397E-04
   7097.80  1.8862864E-04
   7098.00  6.1717959E-04
   7098.20  9.6147260E-03
   7098.40  3.6751608E-03
   7098.60  3.9233082E-04
   7098.80  1.5475040E-04
   7099.00  8.8977214E-05
   7099.20  6.1670959E-05
   7099.40  4.7772179E-05
   7099.60  3.9769092E-05
   7099.80  3.4759355E-05
   7100.00  3.1442190E-05
   7100.20  2.9165222E-05
   7100.40  2.7576439E-05
   7100.60  2.6482083E-05
   7100.80  2.5803134E-05
   7101.00  2.5638839E-05
   7101.20  2.7911331E-05
   7101.40  3.3937495E-05
   7101.60  9.7150988E-05
   7101.80  1.5891035E-04
   7102.00  4.6130435E-05
   7102.20  3.3454644E-05
   7102.40  2.8510930E-05
   7102.60  9.2322601E-05
   7102.80  6.5915812E-05
   7103.00  2.4846658E-04
   7103.20  5.3321011E-04
   7103.40  3.1004957E-05
   7103.60  3.8333389E-05
   7103.80  4.2230624E-05
   7104.00  4.2746205E-05
   7104.20  4.0804169E-05
   7104.40  4.5321042E-05
   7104.60  1.8128166E-03
   7104.80  6.2112349E-05
   7105.00  1.5041062E-04
   7105.20  3.6811557E-05
   7105.40  5.3072659E-05
   7105.60  4.3216774E-05
   7105.80  5.2653391E-05
   7106.00  9.8580593E-05
   7106.20  1.4523262E-04
   7106.40  1.5068072E-04
   7106.60  1.2120002E-04
   7106.80  1.6234321E-02
   7107.00  2.6908357E-04
   7107.20  2.2413769E-04
   7107.40  4.6818978E-04
   7107.60  3.3390654E-03
   7107.80  8.5990212E-04
   7108.00  1.0776061E-03
   7108.20  2.0880189E-03
   7108.40  3.2748710E-02
   7108.60  9.1160297E-03
   7108.80  7.3100428E-02
   7109.00  4.2736782E-03
   7109.20  2.1107998E-03
   7109.40  5.7653859E-02
   7109.60  9.3824046E-03
   7109.80  6.1284747E-03
   7110.00  5.4142155E-03
   7110.20  1.6348541E-02
   7110.40  1.1609728E-02
   7110.60  8.0752348E-03
   7110.80  1.3073193E-02
   7111.00  7.7418499E-03
   7111.20  1.4338446E-02
   7111.40  1.3699706E-02
   7111.60  7.5972760E-03
   7111.80  1.2000726E-02
   7112.00  1.5215999E-02
   7112.20  1.1703363E-02
   7112.40  1.0678138E-02
   7112.60  1.1012162E-02
   7112.80  7.3129088E-03
   7113.00  5.7547002E-03
   7113.20  4.5218704E-03
   7113.40  3.6574457E-03
   7113.60  3.1248045E-03
   7113.80  2.7903590E-03
   7114.00  2.5528335E-03
   7114.20  2.3527132E-03
   7114.40  2.1863253E-03
   7114.60  2.0656435E-03
   7114.80  1.9752976E-03
   7115.00  1.9222412E-03
   7115.20  1.8958481E-03
   7115.40  1.8932010E-03
   7115.60  1.9067476E-03
   7115.80  1.9524395E-03
   7116.00  2.0287628E-03
   7116.20  2.1448094E-03
   7116.40  2.3093942E-03
   7116.60  2.5236292E-03
   7116.80  2.7773004E-03
   7117.00  3.0564879E-03
   7117.20  3.3429459E-03
   7117.40  3.6312356E-03
   7117.60  3.9586538E-03
   7117.80  4.3802449E-03
   7118.00  4.9464190E-03
   7118.20  5.7254753E-03
   7118.40  6.8307785E-03
   7118.60  8.4195239E-03
   7118.80  1.0692201E-02
   7119.00  1.3859006E-02
   7119.20  1.7942890E-02
   7119.40  2.2400172E-02
   7119.60  2.6268490E-02
   7119.80  2.9325720E-02
   7120.00  3.2173148E-02
   7120.20  3.4975454E-02
   7120.40  3.7168773E-02
   7120.60  3.8132571E-02
   7120.80  3.7704875E-02
   7121.00  3.6192668E-02
   7121.20  3.4213536E-02
   7121.40  3.2394699E-02
   7121.60  3.1076947E-02
   7121.80  3.0302330E-02
   7122.00  2.9955532E-02
   7122.20  2.9882578E-02
   7122.40  2.9954447E-02
   7122.60  3.0079872E-02
   7122.80  3.0208583E-02
   7123.00  3.0309961E-02
   7123.20  3.0376736E-02
   7123.40  3.0412587E-02
   7123.60  3.0381958E-02
   7123.80  3.0277509E-02
   7124.00  3.0141082E-02
   7124.20  3.0062436E-02
   7124.40  3.0125177E-02
   7124.60  3.0361698E-02
   7124.80  3.0774876E-02
   7125.00  3.1323483E-02
   7125.20  3.2014121E-02
   7125.40  3.2824589E-02
   7125.60  3.3710775E-02
   7125.80  3.4603574E-02
   7126.00  3.5427368E-02
   7126.20  3.6194830E-02
   7126.40  3.6944150E-02
   7126.60  3.7649069E-02
   7126.80  3.8334642E-02
   7127.00  3.9005576E-02
   7127.20  3.9707625E-02
   7127.40  4.0493685E-02
   7127.60  4.1352762E-02
   7127.80  4.2202611E-02
   7128.00  4.2946812E-02
   7128.20  4.3517327E-02
   7128.40  4.3877943E-02
   7128.60  4.3995017E-02
   7128.80  4.3905257E-02
   7129.00  4.3604069E-02
   7129.20  4.3120623E-02
   7129.40  4.2482110E-02
   7129.60  4.1697505E-02
   7129.80  4.0757434E-02
   7130.00  3.9656224E-02
   7130.20  3.8420031E-02
   7130.40  3.7111804E-02
   7130.60  3.5808587E-02
   7130.80  3.4572863E-02
   7131.00  3.3438393E-02
   7131.20  3.2413023E-02
   7131.40  3.1488533E-02
   7131.60  3.0651396E-02
   7131.80  2.9891321E-02
   7132.00  2.9204501E-02
   7132.20  2.8590654E-02
   7132.40  2.8057893E-02
   7132.60  2.7616661E-02
   7132.80  2.7273627E-02
   7133.00  2.7032503E-02
   7133.20  2.6891134E-02
   7133.40  2.6837504E-02
   7133.60  2.6851217E-02
   7133.80  2.6911279E-02
   7134.00  2.7004645E-02
   7134.20  2.7130794E-02
   7134.40  2.7296447E-02
   7134.60  2.7507392E-02
   7134.80  2.7766012E-02
   7135.00  2.8072329E-02
   7135.20  2.8424408E-02
   7135.40  2.8818702E-02
   7135.60  2.9249531E-02
   7135.80  2.9708740E-02
   7136.00  3.0186159E-02
   7136.20  3.0670823E-02
   7136.40  3.1152724E-02
   7136.60  3.1624313E-02
   7136.80  3.2081247E-02
   7137.00  3.2522222E-02
   7137.20  3.2947749E-02
   7137.40  3.3358859E-02
   7137.60  3.3755269E-02
   7137.80  3.4135370E-02
   7138.00  3.4495651E-02
   7138.20  3.4831467E-02
   7138.40  3.5139622E-02
   7138.60  3.5415294E-02
   7138.80  3.5653309E-02
   7139.00  3.5850007E-02
   7139.20  3.6002946E-02
   7139.40  3.6111191E-02
   7139.60  3.6175461E-02
   7139.80  3.6197676E-02
   7140.00  3.6181657E-02
   7140.20  3.6132675E-02
   7140.40  3.6057157E-02
   7140.60  3.5962159E-02
   7140.80  3.5855081E-02
   7141.00  3.5742581E-02
   7141.20  3.5630665E-02
   7141.40  3.5524214E-02
   7141.60  3.5426912E-02
   7141.80  3.5340986E-02
   7142.00  3.5267777E-02
   7142.20  3.5208055E-02
   7142.40  3.5161768E-02
   7142.60  3.5128857E-02
   7142.80  3.5109186E-02
   7143.00  3.5102659E-02
   7143.20  3.5109243E-02
   7143.40  3.5128994E-02
   7143.60  3.5162054E-02
   7143.80  3.5208515E-02
   7144.00  3.5268142E-02
   7144.20  3.5341083E-02
   7144.40  3.5427339E-02
   7144.60  3.5527015E-02
   7144.80  3.5640235E-02
   7145.00  3.5767153E-02
   7145.20  3.5908159E-02
   7145.40  3.6061018E-02
   7145.60  3.6226719E-02
   7145.80  3.6403021E-02
   7146.00  3.6587266E-02
   7146.20  3.6777058E-02
   7146.40  3.6969589E-02
   7146.60  3.7161778E-02
   7146.80  3.7350340E-02
   7147.00  3.7532022E-02
   7147.20  3.7703600E-02
   7147.40  3.7862220E-02
   7147.60  3.8005193E-02
   7147.80  3.8130627E-02
   7148.00  3.8237294E-02
   7148.20  3.8324726E-02
   7148.40  3.8393120E-02
   7148.60  3.8443399E-02
   7148.80  3.8475157E-02
   7149.00  3.8493273E-02
   7149.20  3.8498884E-02
   7149.40  3.8494705E-02
   7149.60  3.8483073E-02
   7149.80  3.8466268E-02
   7150.00  3.8446363E-02
   7150.20  3.8424992E-02
   7150.40  3.8403241E-02
   7150.60  3.8381598E-02
   7150.80  3.8359856E-02
   7151.00  3.8337215E-02
   7151.20  3.8312242E-02
   7151.40  3.8282863E-02
   7151.60  3.8246155E-02
   7151.80  3.8200960E-02
   7152.00  3.8143480E-02
   7152.20  3.8074756E-02
   7152.40  3.7989330E-02
   7152.60  3.7887998E-02
   7152.80  3.7771186E-02
   7153.00  3.7639419E-02
   7153.20  3.7495757E-02
   7153.40  3.7343036E-02
   7153.60  3.7184517E-02
   7153.80  3.7023742E-02
   7154.00  3.6864247E-02
   7154.20  3.6709463E-02
   7154.40  3.6562244E-02
   7154.60  3.6424915E-02
   7154.80  3.6299430E-02
   7155.00  3.6187256E-02
   7155.20  3.6089440E-02
   7155.40  3.6007186E-02
   7155.60  3.5940260E-02
   7155.80  3.5888558E-02
   7156.00  3.5851707E-02
   7156.20  3.5829195E-02
   7156.40  3.5820777E-02
   7156.60  3.5825252E-02
   7156.80  3.5841272E-02
   7157.00  3.5867522E-02
   7157.20  3.5902483E-02
   7157.40  3.5944407E-02
   7157.60  3.5991870E-02
   7157.80  3.6042687E-02
   7158.00  3.6094291E-02
   7158.20  3.6144346E-02
   7158.40  3.6190586E-02
   7158.60  3.6230788E-02
   7158.80  3.6262678E-02
   7159.00  3.6284893E-02
   7159.20  3.6295333E-02
   7159.40  3.6292524E-02
   7159.60  3.6275591E-02
   7159.80  3.6244081E-02
   7160.00  3.6197511E-02
   7160.20  3.6138920E-02
   7160.40  3.6063544E-02
   7160.60  3.5969513E-02
   7160.80  3.5867063E-02
   7161.00  3.5754869E-02
   7161.20  3.5633043E-02
   7161.40  3.5502683E-02
   7161.60  3.5365003E-02
   7161.80  3.5221662E-02
   7162.00  3.5074813E-02
   7162.20  3.4922206E-02
   7162.40  3.4766373E-02
   7162.60  3.4607722E-02
   7162.80  3.4446804E-02
   7163.00  3.4284089E-02
   7163.20  3.4119864E-02
   7163.40  3.3954309E-02
   7163.60  3.3787731E-02
   7163.80  3.3620066E-02
   7164.00  3.3451426E-02
   7164.20  3.3282100E-02
   7164.40  3.3111604E-02
   7164.60  3.2939854E-02
   7164.80  3.2766802E-02
   7165.00  3.2592466E-02
   7165.20  3.2416860E-02
   7165.40  3.2240097E-02
   7165.60  3.2062288E-02
   7165.80  3.1883600E-02
   7166.00  3.1704249E-02
   7166.20  3.1524895E-02
   7166.40  3.1345707E-02
   7166.60  3.1166756E-02
   7166.80  3.0988250E-02
   7167.00  3.0810436E-02
   7167.20  3.0633535E-02
   7167.40  3.0457845E-02
   7167.60  3.0283570E-02
   7167.80  3.0110947E-02
   7168.00  2.9940177E-02
   7168.20  2.9771451E-02
   7168.40  2.9604976E-02
   7168.60  2.9441328E-02
   7168.80  2.9280353E-02
   7169.00  2.9122001E-02
   7169.20  2.8966322E-02
   7169.40  2.8813388E-02
   7169.60  2.8663356E-02
   7169.80  2.8516224E-02
   7170.00  2.8372126E-02
   7170.20  2.8231309E-02
   7170.40  2.8093565E-02
   7170.60  2.7959035E-02
   7170.80  2.7827874E-02
   7171.00  2.7700342E-02
   7171.20  2.7576868E-02
   7171.40  2.7457438E-02
   7171.60  2.7342326E-02
   7171.80  2.7232037E-02
   7172.00  2.7126689E-02
