  7112.000   26  1  1  2.3696659E-02 -2.6325868E+00 -2.5951141E+00  1  1  7.2664779E+03  0.0000000E+00  0.0000000E+00  2.0468867E+00  1.0000000E+00  0.0000000E+00 = E_edge, Z, n_edge, j_edge, Abs_before_edge, VO_interstitial, E_cut, ninitl, ninit1, Epsii, UnitCell_Volume, Surface_ref, f0_forward, natomsym_f, abs_u_i
    Energy    <xanes>    
   7097.00  1.9345371E-05
   7097.20  1.9392524E-05
   7097.40  1.9453576E-05
   7097.60  1.9528166E-05
   7097.80  1.9617079E-05
   7098.00  1.9721778E-05
   7098.20  1.9844259E-05
   7098.40  1.9987149E-05
   7098.60  2.0153957E-05
   7098.80  2.0349272E-05
   7099.00  2.0579204E-05
   7099.20  2.0852186E-05
   7099.40  2.1179995E-05
   7099.60  2.1579606E-05
   7099.80  2.2076411E-05
   7100.00  2.2709934E-05
   7100.20  2.3544981E-05
   7100.40  2.4694454E-05
   7100.60  2.6371100E-05
   7100.80  2.9020588E-05
   7101.00  3.3720800E-05
   7101.20  4.3708452E-05
   7101.40  7.3032478E-05
   7101.60  2.6273780E-04
   7101.80  4.6766869E-03
   7102.00  1.8585947E-04
   7102.20  1.7021745E-04
   7102.40  9.2289744E-05
   7102.60  5.6624800E-04
   7102.80  2.7553879E-04
   7103.00  6.9374081E-05
   7103.20  5.3498212E-05
   7103.40  6.9530156E-05
   7103.60  4.1318717E-04
   7103.80  2.3634393E-04
   7104.00  6.4636482E-05
   7104.20  6.8144865E-05
   7104.40  4.5495009E-05
   7104.60  5.0916984E-05
   7104.80  8.1848576E-05
   7105.00  2.0749210E-03
   7105.20  1.3554769E-04
   7105.40  1.3419864E-04
   7105.60  1.6455050E-02
   7105.80  2.0130906E-04
   7106.00  4.5877678E-04
   7106.20  1.1335838E-04
   7106.40  1.7069796E-04
   7106.60  4.1312212E-04
   7106.80  7.6459320E-02
   7107.00  3.8946785E-02
   7107.20  5.5807367E-04
   7107.40  1.7445325E-04
   7107.60  1.5696041E-04
   7107.80  2.8443547E-04
   7108.00  2.4789339E-04
   7108.20  6.7787539E-04
   7108.40  2.9490480E-02
   7108.60  2.0241082E-03
   7108.80  1.8909094E-02
   7109.00  4.0281361E-03
   7109.20  1.4312936E-03
   7109.40  8.2327527E-04
   7109.60  7.0916943E-02
   7109.80  2.5914992E-03
   7110.00  4.1459029E-03
   7110.20  8.4385326E-03
   7110.40  1.0188024E-02
   7110.60  8.3360016E-03
   7110.80  4.1486106E-03
   7111.00  3.5525987E-03
   7111.20  1.1074197E-02
   7111.40  7.3689873E-03
   7111.60  4.2646682E-03
   7111.80  4.8284555E-03
   7112.00  6.3520770E-03
   7112.20  8.4848485E-03
   7112.40  1.4475564E-02
   7112.60  3.1618021E-02
   7112.80  5.0884912E-02
   7113.00  7.3228565E-02
   7113.20  6.8362563E-02
   7113.40  8.3998728E-02
   7113.60  8.9546953E-02
   7113.80  7.8100482E-02
   7114.00  4.8265240E-02
   7114.20  3.1371726E-02
   7114.40  2.2715722E-02
   7114.60  1.7678447E-02
   7114.80  1.4466501E-02
   7115.00  1.2319081E-02
   7115.20  1.0828683E-02
   7115.40  9.7695328E-03
   7115.60  9.0200819E-03
   7115.80  8.5299687E-03
   7116.00  8.3202211E-03
   7116.20  8.4756344E-03
   7116.40  9.4355390E-03
   7116.60  1.1449069E-02
   7116.80  1.3401628E-02
   7117.00  1.3405058E-02
   7117.20  1.2492591E-02
   7117.40  1.1683288E-02
   7117.60  1.0848192E-02
   7117.80  9.8123831E-03
   7118.00  8.7632171E-03
   7118.20  7.9479718E-03
   7118.40  7.4345241E-03
   7118.60  7.1546930E-03
   7118.80  7.0062776E-03
   7119.00  6.9105568E-03
   7119.20  6.8202823E-03
   7119.40  6.7086782E-03
   7119.60  6.5624850E-03
   7119.80  6.3855422E-03
   7120.00  6.2066774E-03
   7120.20  6.0694418E-03
   7120.40  6.0097469E-03
   7120.60  6.0360026E-03
   7120.80  6.0596682E-03
   7121.00  5.9818246E-03
   7121.20  5.8724078E-03
   7121.40  5.8423360E-03
   7121.60  5.9036431E-03
   7121.80  6.0220131E-03
   7122.00  6.1667186E-03
   7122.20  6.3222845E-03
   7122.40  6.4822751E-03
   7122.60  6.6439646E-03
   7122.80  6.8054033E-03
   7123.00  6.9642286E-03
   7123.20  7.1181333E-03
   7123.40  7.2671395E-03
   7123.60  7.4167622E-03
   7123.80  7.5792315E-03
   7124.00  7.7706446E-03
   7124.20  8.0052446E-03
   7124.40  8.2913684E-03
   7124.60  8.6331287E-03
   7124.80  9.0378325E-03
   7125.00  9.5230557E-03
   7125.20  1.0116310E-02
   7125.40  1.0848356E-02
   7125.60  1.1744238E-02
   7125.80  1.2814973E-02
   7126.00  1.4056167E-02
   7126.20  1.5462329E-02
   7126.40  1.6990090E-02
   7126.60  1.8463319E-02
   7126.80  1.9948342E-02
   7127.00  2.1419659E-02
   7127.20  2.2824667E-02
   7127.40  2.4102961E-02
   7127.60  2.5200104E-02
   7127.80  2.6066554E-02
   7128.00  2.6675843E-02
   7128.20  2.7066116E-02
   7128.40  2.7484128E-02
   7128.60  2.8003736E-02
   7128.80  2.8888844E-02
   7129.00  3.0251403E-02
   7129.20  3.2042756E-02
   7129.40  3.4089429E-02
   7129.60  3.6375825E-02
   7129.80  3.8747832E-02
   7130.00  4.1154873E-02
   7130.20  4.3571419E-02
   7130.40  4.5987659E-02
   7130.60  4.8403168E-02
   7130.80  5.0824901E-02
   7131.00  5.3265582E-02
   7131.20  5.5744670E-02
   7131.40  5.8296059E-02
   7131.60  6.0963427E-02
   7131.80  6.3781116E-02
   7132.00  6.6777416E-02
   7132.20  6.9940900E-02
   7132.40  7.3194748E-02
   7132.60  7.6379495E-02
   7132.80  7.9254544E-02
   7133.00  8.1526616E-02
   7133.20  8.2912360E-02
   7133.40  8.3215422E-02
   7133.60  8.2386579E-02
   7133.80  8.0529681E-02
   7134.00  7.7857681E-02
   7134.20  7.4624812E-02
   7134.40  7.1069847E-02
   7134.60  6.7384670E-02
   7134.80  6.3707083E-02
   7135.00  6.0126461E-02
   7135.20  5.6695261E-02
   7135.40  5.3440459E-02
   7135.60  5.0372991E-02
   7135.80  4.7494532E-02
   7136.00  4.4802850E-02
   7136.20  4.2294152E-02
   7136.40  3.9965768E-02
   7136.60  3.7817060E-02
   7136.80  3.5850734E-02
   7137.00  3.4071854E-02
   7137.20  3.2491731E-02
   7137.40  3.1128855E-02
   7137.60  2.9972345E-02
   7137.80  2.9026882E-02
   7138.00  2.8290636E-02
   7138.20  2.7751582E-02
   7138.40  2.7386756E-02
   7138.60  2.7164451E-02
   7138.80  2.7049038E-02
   7139.00  2.7007542E-02
   7139.20  2.7014922E-02
   7139.40  2.7055988E-02
   7139.60  2.7124533E-02
   7139.80  2.7220464E-02
   7140.00  2.7346826E-02
   7140.20  2.7507500E-02
   7140.40  2.7705870E-02
   7140.60  2.7944185E-02
   7140.80  2.8223346E-02
   7141.00  2.8543100E-02
   7141.20  2.8901912E-02
   7141.40  2.9297510E-02
   7141.60  2.9727027E-02
   7141.80  3.0187014E-02
   7142.00  3.0673398E-02
   7142.20  3.1182028E-02
   7142.40  3.1708162E-02
   7142.60  3.2246986E-02
   7142.80  3.2793624E-02
   7143.00  3.3342825E-02
   7143.20  3.3889474E-02
   7143.40  3.4428629E-02
   7143.60  3.4955308E-02
   7143.80  3.5464022E-02
   7144.00  3.5950850E-02
   7144.20  3.6412433E-02
   7144.40  3.6845269E-02
   7144.60  3.7246462E-02
   7144.80  3.7613441E-02
   7145.00  3.7944149E-02
   7145.20  3.8237035E-02
   7145.40  3.8491102E-02
   7145.60  3.8705739E-02
   7145.80  3.8880692E-02
   7146.00  3.9016081E-02
   7146.20  3.9112581E-02
   7146.40  3.9170964E-02
   7146.60  3.9192857E-02
   7146.80  3.9179004E-02
   7147.00  3.9131579E-02
   7147.20  3.9052587E-02
   7147.40  3.8944262E-02
   7147.60  3.8809107E-02
   7147.80  3.8649816E-02
   7148.00  3.8469235E-02
   7148.20  3.8270393E-02
   7148.40  3.8056424E-02
   7148.60  3.7830585E-02
   7148.80  3.7596238E-02
   7149.00  3.7356437E-02
   7149.20  3.7114159E-02
   7149.40  3.6872802E-02
   7149.60  3.6629124E-02
   7149.80  3.6397254E-02
   7150.00  3.6174289E-02
   7150.20  3.5962112E-02
   7150.40  3.5762811E-02
   7150.60  3.5578469E-02
   7150.80  3.5410871E-02
   7151.00  3.5260967E-02
   7151.20  3.5130588E-02
   7151.40  3.5021656E-02
   7151.60  3.4935471E-02
   7151.80  3.4872959E-02
   7152.00  3.4835146E-02
   7152.20  3.4822887E-02
   7152.40  3.4837051E-02
   7152.60  3.4878076E-02
   7152.80  3.4946012E-02
   7153.00  3.5040864E-02
   7153.20  3.5161979E-02
   7153.40  3.5308384E-02
   7153.60  3.5478784E-02
   7153.80  3.5671069E-02
   7154.00  3.5882851E-02
   7154.20  3.6111259E-02
   7154.40  3.6352893E-02
   7154.60  3.6604073E-02
   7154.80  3.6860922E-02
   7155.00  3.7119330E-02
   7155.20  3.7375209E-02
   7155.40  3.7624704E-02
   7155.60  3.7863921E-02
   7155.80  3.8089524E-02
   7156.00  3.8298612E-02
   7156.20  3.8488857E-02
   7156.40  3.8658410E-02
   7156.60  3.8805953E-02
   7156.80  3.8930712E-02
   7157.00  3.9032438E-02
   7157.20  3.9111307E-02
   7157.40  3.9167752E-02
   7157.60  3.9202565E-02
   7157.80  3.9216885E-02
   7158.00  3.9211986E-02
   7158.20  3.9188934E-02
   7158.40  3.9149034E-02
   7158.60  3.9093615E-02
   7158.80  3.9023958E-02
   7159.00  3.8941114E-02
   7159.20  3.8846415E-02
   7159.40  3.8740978E-02
   7159.60  3.8626018E-02
   7159.80  3.8502413E-02
   7160.00  3.8370896E-02
   7160.20  3.8232232E-02
   7160.40  3.8087104E-02
   7160.60  3.7935166E-02
   7160.80  3.7779285E-02
   7161.00  3.7617965E-02
   7161.20  3.7455037E-02
   7161.40  3.7284931E-02
   7161.60  3.7110413E-02
   7161.80  3.6931879E-02
   7162.00  3.6754849E-02
   7162.20  3.6567940E-02
   7162.40  3.6376958E-02
   7162.60  3.6181853E-02
   7162.80  3.5982554E-02
   7163.00  3.5779170E-02
   7163.20  3.5571728E-02
   7163.40  3.5359793E-02
   7163.60  3.5143278E-02
   7163.80  3.4922618E-02
   7164.00  3.4697984E-02
   7164.20  3.4468555E-02
   7164.40  3.4234329E-02
   7164.60  3.3995349E-02
   7164.80  3.3752387E-02
   7165.00  3.3505121E-02
   7165.20  3.3253601E-02
   7165.40  3.2998132E-02
   7165.60  3.2739062E-02
   7165.80  3.2477398E-02
   7166.00  3.2213565E-02
   7166.20  3.1947544E-02
   7166.40  3.1680332E-02
   7166.60  3.1412070E-02
   7166.80  3.1143333E-02
   7167.00  3.0875063E-02
   7167.20  3.0607972E-02
   7167.40  3.0342304E-02
   7167.60  3.0078540E-02
   7167.80  2.9817364E-02
   7168.00  2.9559392E-02
   7168.20  2.9305641E-02
   7168.40  2.9054077E-02
   7168.60  2.8811321E-02
   7168.80  2.8574210E-02
   7169.00  2.8345174E-02
   7169.20  2.8121889E-02
   7169.40  2.7905842E-02
   7169.60  2.7697513E-02
   7169.80  2.7497359E-02
   7170.00  2.7306101E-02
   7170.20  2.7124038E-02
   7170.40  2.6951152E-02
   7170.60  2.6787670E-02
   7170.80  2.6633855E-02
   7171.00  2.6489813E-02
   7171.20  2.6355547E-02
   7171.40  2.6231028E-02
   7171.60  2.6116189E-02
   7171.80  2.6011104E-02
   7172.00  2.5915713E-02
