  7112.000   26  1  1  2.3094790E-02 -3.2143264E+00 -8.7358808E-01  1  1  7.2656968E+03  0.0000000E+00  0.0000000E+00  2.7702198E+00  1.0000000E+00  0.0000000E+00 = E_edge, Z, n_edge, j_edge, Abs_before_edge, VO_interstitial, E_cut, ninitl, ninit1, Epsii, UnitCell_Volume, Surface_ref, f0_forward, natomsym_f, abs_u_i
    Energy    <xanes>    
   7097.00  1.7057625E-04
   7097.20  8.8586019E-05
   7097.40  6.3642098E-05
   7097.60  5.4183766E-05
   7097.80  5.1572374E-05
   7098.00  5.3952004E-05
   7098.20  6.2842650E-05
   7098.40  8.6116186E-05
   7098.60  1.6414872E-04
   7098.80  9.7353695E-04
   7099.00  1.3073177E-03
   7099.20  1.6378368E-02
   7099.40  1.0123384E-03
   7099.60  9.9598757E-04
   7099.80  1.3306812E-02
   7100.00  1.6425641E-04
   7100.20  7.8686996E-05
   7100.40  5.6358674E-05
   7100.60  4.7116953E-05
   7100.80  4.3025031E-05
   7101.00  4.2260461E-05
   7101.20  4.6000724E-05
   7101.40  6.5873395E-05
   7101.60  4.5456907E-04
   7101.80  4.0528149E-04
   7102.00  8.3625462E-05
   7102.20  6.0348423E-05
   7102.40  2.4850211E-04
   7102.60  1.0903703E-04
   7102.80  5.0554893E-05
   7103.00  4.8556088E-05
   7103.20  7.2016815E-05
   7103.40  5.3877875E-04
   7103.60  7.4383605E-05
   7103.80  5.6602002E-05
   7104.00  6.2020791E-05
   7104.20  7.6550115E-05
   7104.40  1.1834058E-04
   7104.60  5.0068880E-04
   7104.80  5.5033124E-03
   7105.00  2.4676652E-04
   7105.20  4.5695058E-04
   7105.40  6.3489588E-03
   7105.60  3.5941469E-03
   7105.80  1.2810402E-03
   7106.00  4.2457366E-02
   7106.20  7.1719611E-04
   7106.40  9.2863414E-04
   7106.60  6.6504544E-03
   7106.80  4.3089838E-04
   7107.00  8.1368818E-04
   7107.20  1.2698789E-03
   7107.40  1.8215709E-02
   7107.60  6.2947125E-02
   7107.80  3.1662912E-03
   7108.00  1.7470447E-03
   7108.20  1.4383800E-02
   7108.40  6.5469527E-03
   7108.60  1.4409255E-03
   7108.80  3.7637932E-03
   7109.00  6.4518941E-03
   7109.20  5.4013293E-02
   7109.40  3.1759316E-02
   7109.60  4.6225608E-02
   7109.80  3.5603418E-02
   7110.00  4.5918107E-02
   7110.20  3.2746309E-02
   7110.40  3.4918922E-02
   7110.60  2.6003562E-02
   7110.80  2.9321461E-02
   7111.00  1.9490045E-02
   7111.20  2.4211177E-02
   7111.40  3.3734856E-02
   7111.60  9.2747399E-03
   7111.80  6.9085132E-03
   7112.00  7.4498814E-03
   7112.20  7.5064495E-03
   7112.40  7.9230673E-03
   7112.60  6.7156708E-03
   7112.80  5.3518086E-03
   7113.00  4.5781946E-03
   7113.20  4.2412936E-03
   7113.40  3.8388834E-03
   7113.60  3.2489612E-03
   7113.80  2.7508117E-03
   7114.00  2.3469005E-03
   7114.20  2.5047352E-03
   7114.40  3.2415311E-03
   7114.60  2.3867182E-03
   7114.80  2.4297466E-03
   7115.00  1.5462690E-03
   7115.20  1.1974504E-03
   7115.40  1.0680660E-03
   7115.60  1.0272053E-03
   7115.80  1.0356723E-03
   7116.00  1.0774803E-03
   7116.20  1.1439516E-03
   7116.40  1.2186412E-03
   7116.60  1.2977007E-03
   7116.80  1.3866536E-03
   7117.00  1.4983342E-03
   7117.20  1.6418761E-03
   7117.40  1.8146457E-03
   7117.60  1.9987784E-03
   7117.80  2.1656365E-03
   7118.00  2.2908427E-03
   7118.20  2.3699550E-03
   7118.40  2.4219131E-03
   7118.60  2.4761000E-03
   7118.80  2.5538456E-03
   7119.00  2.6575260E-03
   7119.20  2.7727058E-03
   7119.40  2.8824296E-03
   7119.60  2.9802441E-03
   7119.80  3.0621153E-03
   7120.00  3.1055849E-03
   7120.20  3.0759841E-03
   7120.40  2.9729093E-03
   7120.60  2.8417237E-03
   7120.80  2.7283773E-03
   7121.00  2.6520953E-03
   7121.20  2.6088973E-03
   7121.40  2.5839857E-03
   7121.60  2.5656060E-03
   7121.80  2.5550394E-03
   7122.00  2.5658981E-03
   7122.20  2.6236272E-03
   7122.40  2.7315542E-03
   7122.60  2.9077000E-03
   7122.80  3.1665472E-03
   7123.00  3.5434515E-03
   7123.20  4.0764920E-03
   7123.40  4.8037526E-03
   7123.60  5.7629639E-03
   7123.80  6.9947435E-03
   7124.00  8.1270546E-03
   7124.20  8.9694977E-03
   7124.40  9.4990993E-03
   7124.60  9.9420668E-03
   7124.80  1.0543140E-02
   7125.00  1.1436879E-02
   7125.20  1.2641835E-02
   7125.40  1.4082358E-02
   7125.60  1.5561306E-02
   7125.80  1.6838471E-02
   7126.00  1.7721072E-02
   7126.20  1.8244969E-02
   7126.40  1.8635957E-02
   7126.60  1.9077528E-02
   7126.80  1.9641850E-02
   7127.00  2.0300992E-02
   7127.20  2.1102945E-02
   7127.40  2.2124967E-02
   7127.60  2.3283701E-02
   7127.80  2.4400671E-02
   7128.00  2.5449333E-02
   7128.20  2.6691497E-02
   7128.40  2.8463533E-02
   7128.60  3.0985109E-02
   7128.80  3.4164981E-02
   7129.00  3.7557009E-02
   7129.20  4.0783640E-02
   7129.40  4.3772168E-02
   7129.60  4.6480445E-02
   7129.80  4.8788064E-02
   7130.00  5.0615274E-02
   7130.20  5.2010717E-02
   7130.40  5.3114981E-02
   7130.60  5.4092362E-02
   7130.80  5.5025238E-02
   7131.00  5.6016638E-02
   7131.20  5.7139659E-02
   7131.40  5.8471437E-02
   7131.60  6.0096277E-02
   7131.80  6.2101553E-02
   7132.00  6.4566823E-02
   7132.20  6.7537089E-02
   7132.40  7.0975727E-02
   7132.60  7.4698533E-02
   7132.80  7.8335435E-02
   7133.00  8.1380003E-02
   7133.20  8.3326681E-02
   7133.40  8.3831927E-02
   7133.60  8.2830695E-02
   7133.80  8.0608041E-02
   7134.00  7.7664436E-02
   7134.20  7.4494957E-02
   7134.40  7.1396251E-02
   7134.60  6.8492973E-02
   7134.80  6.5856360E-02
   7135.00  6.3534311E-02
   7135.20  6.1537930E-02
   7135.40  5.9842608E-02
   7135.60  5.8403325E-02
   7135.80  5.7171027E-02
   7136.00  5.6103097E-02
   7136.20  5.5166876E-02
   7136.40  5.4338995E-02
   7136.60  5.3602917E-02
   7136.80  5.2946192E-02
   7137.00  5.2358442E-02
   7137.20  5.1829954E-02
   7137.40  5.1351160E-02
   7137.60  5.0910522E-02
   7137.80  5.0499692E-02
   7138.00  5.0110216E-02
   7138.20  4.9733123E-02
   7138.40  4.9360430E-02
   7138.60  4.8984208E-02
   7138.80  4.8597536E-02
   7139.00  4.8193365E-02
   7139.20  4.7765248E-02
   7139.40  4.7306666E-02
   7139.60  4.6810741E-02
   7139.80  4.6270826E-02
   7140.00  4.5687318E-02
   7140.20  4.5053723E-02
   7140.40  4.4362843E-02
   7140.60  4.3614009E-02
   7140.80  4.2810552E-02
   7141.00  4.1961477E-02
   7141.20  4.1082072E-02
   7141.40  4.0194449E-02
   7141.60  3.9325328E-02
   7141.80  3.8503279E-02
   7142.00  3.7754957E-02
   7142.20  3.7101556E-02
   7142.40  3.6556482E-02
   7142.60  3.6124095E-02
   7142.80  3.5800846E-02
   7143.00  3.5577136E-02
   7143.20  3.5439615E-02
   7143.40  3.5373372E-02
   7143.60  3.5363515E-02
   7143.80  3.5396147E-02
   7144.00  3.5448521E-02
   7144.20  3.5531697E-02
   7144.40  3.5625071E-02
   7144.60  3.5721080E-02
   7144.80  3.5813462E-02
   7145.00  3.5897275E-02
   7145.20  3.5968844E-02
   7145.40  3.6025708E-02
   7145.60  3.6066611E-02
   7145.80  3.6091428E-02
   7146.00  3.6100978E-02
   7146.20  3.6096779E-02
   7146.40  3.6080937E-02
   7146.60  3.6055920E-02
   7146.80  3.6024522E-02
   7147.00  3.5989589E-02
   7147.20  3.5953183E-02
   7147.40  3.5914088E-02
   7147.60  3.5879237E-02
   7147.80  3.5851310E-02
   7148.00  3.5832871E-02
   7148.20  3.5826203E-02
   7148.40  3.5833447E-02
   7148.60  3.5855759E-02
   7148.80  3.5897701E-02
   7149.00  3.5951278E-02
   7149.20  3.6019696E-02
   7149.40  3.6101419E-02
   7149.60  3.6194327E-02
   7149.80  3.6295912E-02
   7150.00  3.6403929E-02
   7150.20  3.6514342E-02
   7150.40  3.6623390E-02
   7150.60  3.6740916E-02
   7150.80  3.6835685E-02
   7151.00  3.6917343E-02
   7151.20  3.6981947E-02
   7151.40  3.7026106E-02
   7151.60  3.7046364E-02
   7151.80  3.7038899E-02
   7152.00  3.7002778E-02
   7152.20  3.6935608E-02
   7152.40  3.6835698E-02
   7152.60  3.6702242E-02
   7152.80  3.6535015E-02
   7153.00  3.6334784E-02
   7153.20  3.6102170E-02
   7153.40  3.5838594E-02
   7153.60  3.5545962E-02
   7153.80  3.5226592E-02
   7154.00  3.4883466E-02
   7154.20  3.4519078E-02
   7154.40  3.4137549E-02
   7154.60  3.3738679E-02
   7154.80  3.3326797E-02
   7155.00  3.2904323E-02
   7155.20  3.2473873E-02
   7155.40  3.2034906E-02
   7155.60  3.1590766E-02
   7155.80  3.1143170E-02
   7156.00  3.0693383E-02
   7156.20  3.0242452E-02
   7156.40  2.9791306E-02
   7156.60  2.9341240E-02
   7156.80  2.8892615E-02
   7157.00  2.8446214E-02
   7157.20  2.8002772E-02
   7157.40  2.7562985E-02
   7157.60  2.7127498E-02
   7157.80  2.6696852E-02
   7158.00  2.6271586E-02
   7158.20  2.5852247E-02
   7158.40  2.5438615E-02
   7158.60  2.5030770E-02
   7158.80  2.4628686E-02
   7159.00  2.4232274E-02
   7159.20  2.3841412E-02
   7159.40  2.3455981E-02
   7159.60  2.3074926E-02
   7159.80  2.2700396E-02
   7160.00  2.2331498E-02
   7160.20  2.1968104E-02
   7160.40  2.1610448E-02
   7160.60  2.1258866E-02
   7160.80  2.0913819E-02
   7161.00  2.0575918E-02
   7161.20  2.0245825E-02
   7161.40  1.9924422E-02
   7161.60  1.9614156E-02
   7161.80  1.9313074E-02
   7162.00  1.9024847E-02
   7162.20  1.8750121E-02
   7162.40  1.8490008E-02
   7162.60  1.8247023E-02
   7162.80  1.8021796E-02
   7163.00  1.7815540E-02
   7163.20  1.7629269E-02
   7163.40  1.7467145E-02
   7163.60  1.7319946E-02
   7163.80  1.7198287E-02
   7164.00  1.7098694E-02
   7164.20  1.7020779E-02
   7164.40  1.6963748E-02
   7164.60  1.6926214E-02
   7164.80  1.6907364E-02
   7165.00  1.6906389E-02
   7165.20  1.6922022E-02
   7165.40  1.6953335E-02
   7165.60  1.6999689E-02
   7165.80  1.7059921E-02
   7166.00  1.7134802E-02
   7166.20  1.7220685E-02
   7166.40  1.7318228E-02
   7166.60  1.7426740E-02
   7166.80  1.7545398E-02
   7167.00  1.7673573E-02
   7167.20  1.7810685E-02
   7167.40  1.7956181E-02
   7167.60  1.8109716E-02
   7167.80  1.8270529E-02
   7168.00  1.8438013E-02
   7168.20  1.8611568E-02
   7168.40  1.8790632E-02
   7168.60  1.8974635E-02
   7168.80  1.9163148E-02
   7169.00  1.9356201E-02
   7169.20  1.9551908E-02
   7169.40  1.9750365E-02
   7169.60  1.9951170E-02
   7169.80  2.0153952E-02
   7170.00  2.0358364E-02
   7170.20  2.0564105E-02
   7170.40  2.0770990E-02
   7170.60  2.0978868E-02
   7170.80  2.1187705E-02
   7171.00  2.1397584E-02
   7171.20  2.1608726E-02
   7171.40  2.1821173E-02
   7171.60  2.2035190E-02
   7171.80  2.2250992E-02
   7172.00  2.2468843E-02
