  7112.000   26  1  1  3.7726212E-02 -2.4985820E+00 -9.6085860E-01  1  1  7.2657481E+03  0.0000000E+00  0.0000000E+00  3.2111473E+00  1.0000000E+00  0.0000000E+00 = E_edge, Z, n_edge, j_edge, Abs_before_edge, VO_interstitial, E_cut, ninitl, ninit1, Epsii, UnitCell_Volume, Surface_ref, f0_forward, natomsym_f, abs_u_i
    Energy    <xanes>    
   7097.00  6.4224646E-03
   7097.20  2.5195361E-04
   7097.40  9.4784505E-05
   7097.60  6.0629957E-05
   7097.80  5.2239278E-05
   7098.00  1.2212703E-04
   7098.20  6.7316436E-05
   7098.40  5.2534247E-05
   7098.60  6.5266280E-05
   7098.80  1.0890251E-04
   7099.00  3.2924289E-04
   7099.20  3.0121548E-02
   7099.40  4.7456244E-04
   7099.60  1.2568018E-04
   7099.80  6.8134801E-05
   7100.00  4.9472262E-05
   7100.20  4.2338604E-05
   7100.40  4.1481935E-05
   7100.60  5.0652017E-05
   7100.80  1.3676394E-04
   7101.00  8.6266823E-04
   7101.20  7.0453678E-05
   7101.40  5.7656517E-05
   7101.60  2.1721761E-04
   7101.80  1.9600551E-04
   7102.00  4.8359634E-05
   7102.20  3.6824891E-05
   7102.40  3.9028816E-05
   7102.60  2.9233557E-04
   7102.80  5.8017744E-05
   7103.00  1.4407004E-03
   7103.20  4.6645485E-05
   7103.40  3.5546949E-05
   7103.60  3.4410693E-05
   7103.80  3.5581929E-05
   7104.00  3.8560969E-05
   7104.20  4.4883043E-05
   7104.40  6.2573413E-05
   7104.60  1.8686645E-04
   7104.80  9.2548509E-04
   7105.00  1.3928774E-04
   7105.20  1.7618310E-04
   7105.40  2.3061782E-03
   7105.60  2.2161228E-04
   7105.80  9.4877840E-05
   7106.00  8.9590722E-05
   7106.20  1.1795833E-04
   7106.40  2.8537498E-04
   7106.60  7.6741300E-02
   7106.80  3.0654350E-04
   7107.00  2.1516635E-04
   7107.20  8.3121659E-04
   7107.40  1.4556422E-03
   7107.60  3.4390001E-03
   7107.80  1.5978163E-03
   7108.00  4.6362379E-04
   7108.20  5.7388481E-04
   7108.40  7.2153997E-03
   7108.60  2.1668687E-02
   7108.80  2.7426649E-02
   7109.00  5.0470200E-03
   7109.20  3.5021831E-03
   7109.40  3.4731299E-03
   7109.60  9.2079083E-03
   7109.80  2.0018272E-02
   7110.00  2.5086353E-02
   7110.20  2.4497949E-02
   7110.40  5.8119763E-03
   7110.60  7.6673725E-03
   7110.80  9.7694556E-03
   7111.00  9.9294253E-03
   7111.20  3.0208447E-02
   7111.40  1.4175845E-02
   7111.60  4.8584718E-03
   7111.80  5.1844874E-03
   7112.00  2.4545774E-02
   7112.20  1.4181959E-02
   7112.40  6.1263076E-03
   7112.60  5.7149182E-03
   7112.80  4.9297128E-03
   7113.00  3.6375782E-03
   7113.20  2.8812401E-03
   7113.40  2.0599992E-03
   7113.60  1.6620723E-03
   7113.80  1.4653485E-03
   7114.00  1.4214914E-03
   7114.20  2.3058958E-03
   7114.40  1.5791109E-03
   7114.60  9.3738440E-04
   7114.80  7.8256925E-04
   7115.00  7.0595817E-04
   7115.20  6.4158998E-04
   7115.40  6.1046322E-04
   7115.60  5.9899076E-04
   7115.80  6.0990925E-04
   7116.00  6.4502601E-04
   7116.20  7.0556508E-04
   7116.40  7.9177160E-04
   7116.60  9.0153268E-04
   7116.80  1.0329738E-03
   7117.00  1.1785423E-03
   7117.20  1.3377563E-03
   7117.40  1.5080509E-03
   7117.60  1.6896953E-03
   7117.80  1.8905390E-03
   7118.00  2.1259145E-03
   7118.20  2.4146447E-03
   7118.40  2.7762418E-03
   7118.60  3.2284147E-03
   7118.80  3.7843564E-03
   7119.00  4.4463076E-03
   7119.20  5.1888573E-03
   7119.40  5.9406832E-03
   7119.60  6.5968460E-03
   7119.80  7.0643122E-03
   7120.00  7.3045154E-03
   7120.20  7.3445353E-03
   7120.40  7.2530103E-03
   7120.60  7.1063319E-03
   7120.80  6.9698420E-03
   7121.00  6.8958356E-03
   7121.20  6.9279712E-03
   7121.40  7.1021884E-03
   7121.60  7.4348340E-03
   7121.80  7.8964164E-03
   7122.00  8.4055992E-03
   7122.20  8.8821404E-03
   7122.40  9.3381948E-03
   7122.60  9.8346170E-03
   7122.80  1.0509320E-02
   7123.00  1.1392164E-02
   7123.20  1.2519731E-02
   7123.40  1.3923978E-02
   7123.60  1.5641655E-02
   7123.80  1.7722634E-02
   7124.00  2.0238778E-02
   7124.20  2.3329376E-02
   7124.40  2.7052792E-02
   7124.60  3.1543775E-02
   7124.80  3.6782299E-02
   7125.00  4.2438263E-02
   7125.20  4.7643500E-02
   7125.40  5.1137681E-02
   7125.60  5.1758320E-02
   7125.80  4.9439361E-02
   7126.00  4.5300051E-02
   7126.20  4.1003519E-02
   7126.40  3.8039673E-02
   7126.60  3.7036937E-02
   7126.80  3.7703751E-02
   7127.00  3.9230428E-02
   7127.20  4.0730981E-02
   7127.40  4.2033331E-02
   7127.60  4.3088762E-02
   7127.80  4.3974214E-02
   7128.00  4.4758563E-02
   7128.20  4.5575689E-02
   7128.40  4.6512533E-02
   7128.60  4.7617013E-02
   7128.80  4.8861565E-02
   7129.00  5.0191549E-02
   7129.20  5.1592612E-02
   7129.40  5.3029605E-02
   7129.60  5.4563718E-02
   7129.80  5.6238719E-02
   7130.00  5.8064098E-02
   7130.20  5.9985591E-02
   7130.40  6.1872379E-02
   7130.60  6.3530288E-02
   7130.80  6.4746058E-02
   7131.00  6.5376227E-02
   7131.20  6.5319845E-02
   7131.40  6.4645927E-02
   7131.60  6.3474530E-02
   7131.80  6.2000123E-02
   7132.00  6.0391600E-02
   7132.20  5.8762439E-02
   7132.40  5.7168420E-02
   7132.60  5.5620375E-02
   7132.80  5.4101766E-02
   7133.00  5.2584980E-02
   7133.20  5.1047480E-02
   7133.40  4.9490424E-02
   7133.60  4.7959091E-02
   7133.80  4.6557117E-02
   7134.00  4.5430659E-02
   7134.20  4.4701652E-02
   7134.40  4.4384069E-02
   7134.60  4.4361374E-02
   7134.80  4.4457605E-02
   7135.00  4.4529543E-02
   7135.20  4.4505402E-02
   7135.40  4.4372253E-02
   7135.60  4.4148726E-02
   7135.80  4.3863732E-02
   7136.00  4.3544766E-02
   7136.20  4.3213140E-02
   7136.40  4.2883683E-02
   7136.60  4.2564799E-02
   7136.80  4.2260279E-02
   7137.00  4.1971062E-02
   7137.20  4.1696289E-02
   7137.40  4.1437843E-02
   7137.60  4.1191660E-02
   7137.80  4.0955933E-02
   7138.00  4.0731002E-02
   7138.20  4.0517670E-02
   7138.40  4.0317234E-02
   7138.60  4.0131035E-02
   7138.80  3.9959754E-02
   7139.00  3.9803077E-02
   7139.20  3.9659023E-02
   7139.40  3.9523601E-02
   7139.60  3.9390625E-02
   7139.80  3.9251873E-02
   7140.00  3.9097129E-02
   7140.20  3.8915295E-02
   7140.40  3.8695416E-02
   7140.60  3.8428210E-02
   7140.80  3.8107472E-02
   7141.00  3.7731335E-02
   7141.20  3.7302827E-02
   7141.40  3.6829749E-02
   7141.60  3.6323707E-02
   7141.80  3.5798703E-02
   7142.00  3.5269177E-02
   7142.20  3.4748663E-02
   7142.40  3.4248702E-02
   7142.60  3.3771881E-02
   7142.80  3.3337456E-02
   7143.00  3.2942601E-02
   7143.20  3.2588875E-02
   7143.40  3.2276275E-02
   7143.60  3.2003660E-02
   7143.80  3.1769827E-02
   7144.00  3.1572242E-02
   7144.20  3.1404024E-02
   7144.40  3.1263088E-02
   7144.60  3.1147321E-02
   7144.80  3.1055182E-02
   7145.00  3.0984334E-02
   7145.20  3.0932654E-02
   7145.40  3.0898248E-02
   7145.60  3.0879141E-02
   7145.80  3.0873867E-02
   7146.00  3.0880837E-02
   7146.20  3.0898870E-02
   7146.40  3.0927035E-02
   7146.60  3.0964239E-02
   7146.80  3.1009752E-02
   7147.00  3.1063143E-02
   7147.20  3.1123617E-02
   7147.40  3.1190462E-02
   7147.60  3.1262872E-02
   7147.80  3.1340112E-02
   7148.00  3.1420768E-02
   7148.20  3.1503448E-02
   7148.40  3.1586580E-02
   7148.60  3.1666648E-02
   7148.80  3.1745676E-02
   7149.00  3.1819634E-02
   7149.20  3.1886644E-02
   7149.40  3.1944910E-02
   7149.60  3.1992853E-02
   7149.80  3.2029169E-02
   7150.00  3.2052692E-02
   7150.20  3.2062633E-02
   7150.40  3.2058584E-02
   7150.60  3.2040522E-02
   7150.80  3.2008819E-02
   7151.00  3.1964327E-02
   7151.20  3.1908178E-02
   7151.40  3.1840566E-02
   7151.60  3.1762466E-02
   7151.80  3.1674915E-02
   7152.00  3.1578863E-02
   7152.20  3.1475226E-02
   7152.40  3.1364408E-02
   7152.60  3.1246487E-02
   7152.80  3.1121253E-02
   7153.00  3.0988114E-02
   7153.20  3.0846074E-02
   7153.40  3.0693788E-02
   7153.60  3.0529642E-02
   7153.80  3.0352125E-02
   7154.00  3.0160038E-02
   7154.20  2.9950271E-02
   7154.40  2.9722815E-02
   7154.60  2.9477391E-02
   7154.80  2.9214314E-02
   7155.00  2.8934668E-02
   7155.20  2.8640172E-02
   7155.40  2.8333133E-02
   7155.60  2.8016177E-02
   7155.80  2.7691827E-02
   7156.00  2.7362701E-02
   7156.20  2.7031249E-02
   7156.40  2.6699667E-02
   7156.60  2.6370209E-02
   7156.80  2.6044793E-02
   7157.00  2.5724822E-02
   7157.20  2.5410714E-02
   7157.40  2.5104102E-02
   7157.60  2.4804825E-02
   7157.80  2.4513752E-02
   7158.00  2.4231822E-02
   7158.20  2.3959143E-02
   7158.40  2.3696576E-02
   7158.60  2.3445450E-02
   7158.80  2.3206134E-02
   7159.00  2.2979419E-02
   7159.20  2.2767073E-02
   7159.40  2.2571243E-02
   7159.60  2.2392870E-02
   7159.80  2.2233356E-02
   7160.00  2.2094267E-02
   7160.20  2.1977204E-02
   7160.40  2.1883960E-02
   7160.60  2.1815209E-02
   7160.80  2.1773269E-02
   7161.00  2.1755964E-02
   7161.20  2.1764920E-02
   7161.40  2.1800115E-02
   7161.60  2.1861092E-02
   7161.80  2.1946488E-02
   7162.00  2.2051279E-02
   7162.20  2.2180417E-02
   7162.40  2.2328333E-02
   7162.60  2.2500330E-02
   7162.80  2.2678670E-02
   7163.00  2.2868059E-02
   7163.20  2.3081758E-02
   7163.40  2.3300533E-02
   7163.60  2.3508244E-02
   7163.80  2.3716911E-02
   7164.00  2.3924736E-02
   7164.20  2.4130045E-02
   7164.40  2.4331866E-02
   7164.60  2.4530012E-02
   7164.80  2.4721641E-02
   7165.00  2.4907613E-02
   7165.20  2.5087928E-02
   7165.40  2.5262662E-02
   7165.60  2.5432186E-02
   7165.80  2.5597017E-02
   7166.00  2.5757839E-02
   7166.20  2.5915461E-02
   7166.40  2.6070350E-02
   7166.60  2.6223231E-02
   7166.80  2.6374640E-02
   7167.00  2.6525012E-02
   7167.20  2.6681483E-02
   7167.40  2.6831453E-02
   7167.60  2.6982164E-02
   7167.80  2.7133070E-02
   7168.00  2.7284401E-02
   7168.20  2.7436247E-02
   7168.40  2.7588504E-02
   7168.60  2.7741203E-02
   7168.80  2.7894263E-02
   7169.00  2.8047642E-02
   7169.20  2.8201241E-02
   7169.40  2.8354953E-02
   7169.60  2.8508671E-02
   7169.80  2.8662293E-02
   7170.00  2.8815687E-02
   7170.20  2.8968837E-02
   7170.40  2.9121434E-02
   7170.60  2.9266227E-02
   7170.80  2.9417057E-02
   7171.00  2.9566748E-02
   7171.20  2.9715035E-02
   7171.40  2.9861580E-02
   7171.60  3.0006059E-02
   7171.80  3.0148306E-02
   7172.00  3.0287868E-02
