  7112.000   26  1  1  1.4240818E-02 -3.2069896E+00 -2.7497799E+00  1  1  7.2664639E+03  0.0000000E+00  0.0000000E+00  2.1752584E+00  1.0000000E+00  0.0000000E+00 = E_edge, Z, n_edge, j_edge, Abs_before_edge, VO_interstitial, E_cut, ninitl, ninit1, Epsii, UnitCell_Volume, Surface_ref, f0_forward, natomsym_f, abs_u_i
    Energy    <xanes>    
   7097.00  1.9819948E-05
   7097.20  1.9921660E-05
   7097.40  2.0052740E-05
   7097.60  2.0223413E-05
   7097.80  2.0451234E-05
   7098.00  2.0767655E-05
   7098.20  2.1234425E-05
   7098.40  2.1987392E-05
   7098.60  2.3376247E-05
   7098.80  2.6552928E-05
   7099.00  3.7398353E-05
   7099.20  1.5322672E-04
   7099.40  2.2502806E-04
   7099.60  4.0716524E-05
   7099.80  2.8276430E-05
   7100.00  2.5401041E-05
   7100.20  2.5472201E-05
   7100.40  6.7134858E-05
   7100.60  2.7823981E-05
   7100.80  2.4757698E-05
   7101.00  2.4940638E-05
   7101.20  2.5889142E-05
   7101.40  2.7781881E-05
   7101.60  3.1895749E-05
   7101.80  4.4289769E-05
   7102.00  1.3336915E-04
   7102.20  9.8873996E-04
   7102.40  6.6235124E-05
   7102.60  4.0640020E-05
   7102.80  3.8042609E-05
   7103.00  5.3227912E-05
   7103.20  3.9135263E-04
   7103.40  1.4945230E-04
   7103.60  5.3555203E-05
   7103.80  4.1040816E-05
   7104.00  4.3394582E-05
   7104.20  5.4738134E-05
   7104.40  1.0751992E-04
   7104.60  3.6223815E-03
   7104.80  1.7534255E-04
   7105.00  6.9903898E-05
   7105.20  5.7011954E-05
   7105.40  5.6867929E-05
   7105.60  6.2706424E-05
   7105.80  7.8533802E-05
   7106.00  1.5211358E-03
   7106.20  1.4326060E-04
   7106.40  3.3830393E-04
   7106.60  1.6666354E-03
   7106.80  2.9772319E-02
   7107.00  1.0560038E-03
   7107.20  2.8721304E-04
   7107.40  1.8707121E-04
   7107.60  1.9447011E-04
   7107.80  4.2046779E-04
   7108.00  4.3859999E-03
   7108.20  7.6613189E-04
   7108.40  1.8965756E-01
   7108.60  1.1080408E-03
   7108.80  4.2302170E-03
   7109.00  1.2591181E-03
   7109.20  2.5029043E-03
   7109.40  1.9341146E-02
   7109.60  2.3301973E-02
   7109.80  1.3889447E-02
   7110.00  1.1786003E-02
   7110.20  3.4453363E-03
   7110.40  2.9044738E-03
   7110.60  3.5753135E-03
   7110.80  5.0821023E-03
   7111.00  9.6938974E-03
   7111.20  9.9517007E-03
   7111.40  1.1368003E-02
   7111.60  3.3657373E-02
   7111.80  7.1184036E-02
   7112.00  3.5543229E-02
   7112.20  2.9469211E-02
   7112.40  3.8057995E-02
   7112.60  5.7583439E-02
   7112.80  9.1461507E-02
   7113.00  1.2912438E-01
   7113.20  1.0875477E-01
   7113.40  6.6549783E-02
   7113.60  4.1765721E-02
   7113.80  2.9157673E-02
   7114.00  2.2320998E-02
   7114.20  1.8252855E-02
   7114.40  1.5628790E-02
   7114.60  1.3827172E-02
   7114.80  1.2440329E-02
   7115.00  1.1480720E-02
   7115.20  1.0727480E-02
   7115.40  1.0112920E-02
   7115.60  9.6037936E-03
   7115.80  9.1133650E-03
   7116.00  8.8490076E-03
   7116.20  8.7750622E-03
   7116.40  8.9783586E-03
   7116.60  9.5246444E-03
   7116.80  1.0289637E-02
   7117.00  1.0813561E-02
   7117.20  1.0708192E-02
   7117.40  1.0183608E-02
   7117.60  9.6397276E-03
   7117.80  9.1824506E-03
   7118.00  8.7723852E-03
   7118.20  8.4113387E-03
   7118.40  8.1222975E-03
   7118.60  7.9229829E-03
   7118.80  7.8258121E-03
   7119.00  7.8316334E-03
   7119.20  7.9112267E-03
   7119.40  7.9742848E-03
   7119.60  7.8408833E-03
   7119.80  7.2089217E-03
   7120.00  6.2096178E-03
   7120.20  5.6375337E-03
   7120.40  5.4958036E-03
   7120.60  5.5301713E-03
   7120.80  5.6201738E-03
   7121.00  5.7251725E-03
   7121.20  5.8413463E-03
   7121.40  5.9885531E-03
   7121.60  6.1804773E-03
   7121.80  6.3953649E-03
   7122.00  6.6203229E-03
   7122.20  6.8350631E-03
   7122.40  7.0709482E-03
   7122.60  7.3427739E-03
   7122.80  7.6180490E-03
   7123.00  7.8297681E-03
   7123.20  7.9713831E-03
   7123.40  8.0940510E-03
   7123.60  8.2395370E-03
   7123.80  8.4294265E-03
   7124.00  8.6779197E-03
   7124.20  8.9998144E-03
   7124.40  9.4132569E-03
   7124.60  9.9397505E-03
   7124.80  1.0601583E-02
   7125.00  1.1414724E-02
   7125.20  1.2374625E-02
   7125.40  1.3434569E-02
   7125.60  1.4486251E-02
   7125.80  1.5369507E-02
   7126.00  1.5929357E-02
   7126.20  1.6107383E-02
   7126.40  1.5983267E-02
   7126.60  1.5707837E-02
   7126.80  1.5389859E-02
   7127.00  1.5232488E-02
   7127.20  1.5262137E-02
   7127.40  1.5516301E-02
   7127.60  1.6022355E-02
   7127.80  1.6896407E-02
   7128.00  1.8031817E-02
   7128.20  1.9473050E-02
   7128.40  2.1307764E-02
   7128.60  2.3589117E-02
   7128.80  2.6347917E-02
   7129.00  2.9549319E-02
   7129.20  3.3149699E-02
   7129.40  3.6607370E-02
   7129.60  3.9647856E-02
   7129.80  4.1953175E-02
   7130.00  4.3422836E-02
   7130.20  4.4188138E-02
   7130.40  4.4503150E-02
   7130.60  4.4622997E-02
   7130.80  4.4743146E-02
   7131.00  4.4990370E-02
   7131.20  4.5431895E-02
   7131.40  4.6080297E-02
   7131.60  4.6893385E-02
   7131.80  4.7778819E-02
   7132.00  4.8618016E-02
   7132.20  4.9308629E-02
   7132.40  4.9800088E-02
   7132.60  5.0101141E-02
   7132.80  5.0261855E-02
   7133.00  5.0350781E-02
   7133.20  5.0448415E-02
   7133.40  5.0668617E-02
   7133.60  5.1169716E-02
   7133.80  5.2090550E-02
   7134.00  5.3330319E-02
   7134.20  5.4301379E-02
   7134.40  5.4287502E-02
   7134.60  5.3215831E-02
   7134.80  5.1537770E-02
   7135.00  4.9638828E-02
   7135.20  4.7687400E-02
   7135.40  4.5734733E-02
   7135.60  4.3796265E-02
   7135.80  4.1880417E-02
   7136.00  3.9993517E-02
   7136.20  3.8140623E-02
   7136.40  3.6327665E-02
   7136.60  3.4565595E-02
   7136.80  3.2872941E-02
   7137.00  3.1275046E-02
   7137.20  2.9800518E-02
   7137.40  2.8477497E-02
   7137.60  2.7330567E-02
   7137.80  2.6379468E-02
   7138.00  2.5639224E-02
   7138.20  2.5120623E-02
   7138.40  2.4830046E-02
   7138.60  2.4768344E-02
   7138.80  2.4928666E-02
   7139.00  2.5293970E-02
   7139.20  2.5833984E-02
   7139.40  2.6506333E-02
   7139.60  2.7259112E-02
   7139.80  2.8039347E-02
   7140.00  2.8794722E-02
   7140.20  2.9483946E-02
   7140.40  3.0081399E-02
   7140.60  3.0578861E-02
   7140.80  3.0983799E-02
   7141.00  3.1314947E-02
   7141.20  3.1596603E-02
   7141.40  3.1853719E-02
   7141.60  3.2108522E-02
   7141.80  3.2378692E-02
   7142.00  3.2676570E-02
   7142.20  3.3009103E-02
   7142.40  3.3378448E-02
   7142.60  3.3782515E-02
   7142.80  3.4216607E-02
   7143.00  3.4674100E-02
   7143.20  3.5147597E-02
   7143.40  3.5630025E-02
   7143.60  3.6114711E-02
   7143.80  3.6596204E-02
   7144.00  3.7070819E-02
   7144.20  3.7536579E-02
   7144.40  3.7992922E-02
   7144.60  3.8440947E-02
   7144.80  3.8882625E-02
   7145.00  3.9320409E-02
   7145.20  3.9757472E-02
   7145.40  4.0197152E-02
   7145.60  4.0642716E-02
   7145.80  4.1097228E-02
   7146.00  4.1563621E-02
   7146.20  4.2043940E-02
   7146.40  4.2539834E-02
   7146.60  4.3052255E-02
   7146.80  4.3580946E-02
   7147.00  4.4117409E-02
   7147.20  4.4667115E-02
   7147.40  4.5229128E-02
   7147.60  4.5802413E-02
   7147.80  4.6386178E-02
   7148.00  4.6975045E-02
   7148.20  4.7568771E-02
   7148.40  4.8164728E-02
   7148.60  4.8760073E-02
   7148.80  4.9351890E-02
   7149.00  4.9936982E-02
   7149.20  5.0512003E-02
   7149.40  5.1073846E-02
   7149.60  5.1610308E-02
   7149.80  5.2133771E-02
   7150.00  5.2633666E-02
   7150.20  5.3106529E-02
   7150.40  5.3549107E-02
   7150.60  5.3958722E-02
   7150.80  5.4332148E-02
   7151.00  5.4666658E-02
   7151.20  5.4960124E-02
   7151.40  5.5210436E-02
   7151.60  5.5415430E-02
   7151.80  5.5573813E-02
   7152.00  5.5684242E-02
   7152.20  5.5745854E-02
   7152.40  5.5758229E-02
   7152.60  5.5721720E-02
   7152.80  5.5636428E-02
   7153.00  5.5502888E-02
   7153.20  5.5322166E-02
   7153.40  5.5095663E-02
   7153.60  5.4825550E-02
   7153.80  5.4513220E-02
   7154.00  5.4160742E-02
   7154.20  5.3770483E-02
   7154.40  5.3344843E-02
   7154.60  5.2886854E-02
   7154.80  5.2398165E-02
   7155.00  5.1879095E-02
   7155.20  5.1334471E-02
   7155.40  5.0767018E-02
   7155.60  5.0179420E-02
   7155.80  4.9574825E-02
   7156.00  4.8955547E-02
   7156.20  4.8323892E-02
   7156.40  4.7682358E-02
   7156.60  4.7033427E-02
   7156.80  4.6379514E-02
   7157.00  4.5722955E-02
   7157.20  4.5066649E-02
   7157.40  4.4412446E-02
   7157.60  4.3762185E-02
   7157.80  4.3117874E-02
   7158.00  4.2481400E-02
   7158.20  4.1854519E-02
   7158.40  4.1238808E-02
   7158.60  4.0635749E-02
   7158.80  4.0047334E-02
   7159.00  3.9474123E-02
   7159.20  3.8916956E-02
   7159.40  3.8376592E-02
   7159.60  3.7853598E-02
   7159.80  3.7348355E-02
   7160.00  3.6861049E-02
   7160.20  3.6391707E-02
   7160.40  3.5940168E-02
   7160.60  3.5506736E-02
   7160.80  3.5090126E-02
   7161.00  3.4689630E-02
   7161.20  3.4307791E-02
   7161.40  3.3935459E-02
   7161.60  3.3575142E-02
   7161.80  3.3231128E-02
   7162.00  3.2895325E-02
   7162.20  3.2568360E-02
   7162.40  3.2248790E-02
   7162.60  3.1935527E-02
   7162.80  3.1626516E-02
   7163.00  3.1320332E-02
   7163.20  3.1015704E-02
   7163.40  3.0711535E-02
   7163.60  3.0406814E-02
   7163.80  3.0100958E-02
   7164.00  2.9793825E-02
   7164.20  2.9485398E-02
   7164.40  2.9175980E-02
   7164.60  2.8866249E-02
   7164.80  2.8557452E-02
   7165.00  2.8250044E-02
   7165.20  2.7945082E-02
   7165.40  2.7643683E-02
   7165.60  2.7347735E-02
   7165.80  2.7057496E-02
   7166.00  2.6773909E-02
   7166.20  2.6497680E-02
   7166.40  2.6229670E-02
   7166.60  2.5970080E-02
   7166.80  2.5718748E-02
   7167.00  2.5475639E-02
   7167.20  2.5250185E-02
   7167.40  2.5023485E-02
   7167.60  2.4809218E-02
   7167.80  2.4596126E-02
   7168.00  2.4388139E-02
   7168.20  2.4184315E-02
   7168.40  2.3983723E-02
   7168.60  2.3785765E-02
   7168.80  2.3589209E-02
   7169.00  2.3392995E-02
   7169.20  2.3196401E-02
   7169.40  2.2998802E-02
   7169.60  2.2799725E-02
   7169.80  2.2599089E-02
   7170.00  2.2397456E-02
   7170.20  2.2194367E-02
   7170.40  2.1990085E-02
   7170.60  2.1785197E-02
   7170.80  2.1580450E-02
   7171.00  2.1376761E-02
   7171.20  2.1175076E-02
   7171.40  2.0976449E-02
   7171.60  2.0782240E-02
   7171.80  2.0593155E-02
   7172.00  2.0410267E-02
