  7112.000   26  1  1  9.1678977E-02 -1.4795036E+00 -2.5212756E+00  1  1  7.2664734E+03  0.0000000E+00  0.0000000E+00  2.8499033E+00  1.0000000E+00  0.0000000E+00 = E_edge, Z, n_edge, j_edge, Abs_before_edge, VO_interstitial, E_cut, ninitl, ninit1, Epsii, UnitCell_Volume, Surface_ref, f0_forward, natomsym_f, abs_u_i
    Energy    <xanes>    
   7097.00  2.0389030E-05
   7097.20  2.0811865E-05
   7097.40  2.1421351E-05
   7097.60  2.2342100E-05
   7097.80  2.3829309E-05
   7098.00  2.6477027E-05
   7098.20  3.1949573E-05
   7098.40  4.6540633E-05
   7098.60  1.1345391E-04
   7098.80  4.4193278E-03
   7099.00  2.0064561E-04
   7099.20  5.8160205E-05
   7099.40  3.7093212E-05
   7099.60  3.1629019E-05
   7099.80  3.4128469E-05
   7100.00  1.0202663E-04
   7100.20  9.6314380E-05
   7100.40  3.1597942E-05
   7100.60  2.6353711E-05
   7100.80  2.5263032E-05
   7101.00  2.5410364E-05
   7101.20  2.6442880E-05
   7101.40  2.8780543E-05
   7101.60  3.4326767E-05
   7101.80  5.3424749E-05
   7102.00  2.9820944E-04
   7102.20  2.7188168E-04
   7102.40  9.2108035E-05
   7102.60  1.2500574E-03
   7102.80  6.0142093E-05
   7103.00  5.0641152E-05
   7103.20  7.4774121E-05
   7103.40  2.5724727E-04
   7103.60  2.4466683E-04
   7103.80  3.4361124E-02
   7104.00  4.5446798E-04
   7104.20  4.6042636E-04
   7104.40  1.7022891E-04
   7104.60  5.6192770E-04
   7104.80  6.9925255E-05
   7105.00  4.8547234E-05
   7105.20  5.8675552E-05
   7105.40  6.0773097E-05
   7105.60  1.4869447E-04
   7105.80  5.4958574E-05
   7106.00  9.4006238E-05
   7106.20  1.5883214E-04
   7106.40  7.3828245E-05
   7106.60  4.9856226E-04
   7106.80  1.2477413E-04
   7107.00  2.8861407E-03
   7107.20  3.5479705E-03
   7107.40  1.1401514E-03
   7107.60  2.6032349E-04
   7107.80  6.7076805E-04
   7108.00  1.4171579E-04
   7108.20  2.2810759E-04
   7108.40  5.8347014E-04
   7108.60  5.7978314E-03
   7108.80  9.9702831E-03
   7109.00  2.4125263E-03
   7109.20  4.2417065E-03
   7109.40  1.3564372E-02
   7109.60  5.1285284E-04
   7109.80  2.1897841E-03
   7110.00  2.5281262E-03
   7110.20  1.3927390E-03
   7110.40  4.1865654E-03
   7110.60  2.5343958E-02
   7110.80  4.0758847E-04
   7111.00  2.3003329E-03
   7111.20  4.3315942E-03
   7111.40  2.0622452E-02
   7111.60  1.6914635E-02
   7111.80  1.4791112E-02
   7112.00  1.5870848E-02
   7112.20  1.1394355E-02
   7112.40  1.4010790E-02
   7112.60  2.5433025E-02
   7112.80  1.8544027E-02
   7113.00  1.6583370E-02
   7113.20  2.5086029E-02
   7113.40  3.2280250E-02
   7113.60  2.5860534E-02
   7113.80  2.3281791E-02
   7114.00  2.7633764E-02
   7114.20  2.3108181E-02
   7114.40  1.3799514E-02
   7114.60  1.0586518E-02
   7114.80  1.2623537E-02
   7115.00  1.7807682E-02
   7115.20  1.5946826E-02
   7115.40  1.4077361E-02
   7115.60  1.6714660E-02
   7115.80  2.6949261E-02
   7116.00  4.1277932E-02
   7116.20  3.4399887E-02
   7116.40  2.2074598E-02
   7116.60  1.5368744E-02
   7116.80  1.1957307E-02
   7117.00  1.0138657E-02
   7117.20  8.9369765E-03
   7117.40  8.6424423E-03
   7117.60  8.8552514E-03
   7117.80  9.5961427E-03
   7118.00  1.0726910E-02
   7118.20  1.1657029E-02
   7118.40  1.1893105E-02
   7118.60  1.1775898E-02
   7118.80  1.1797925E-02
   7119.00  1.2094820E-02
   7119.20  1.2381871E-02
   7119.40  1.2313780E-02
   7119.60  1.1950462E-02
   7119.80  1.1547952E-02
   7120.00  1.1235165E-02
   7120.20  1.1078720E-02
   7120.40  1.1112738E-02
   7120.60  1.1314951E-02
   7120.80  1.1619189E-02
   7121.00  1.1970293E-02
   7121.20  1.2366114E-02
   7121.40  1.2823215E-02
   7121.60  1.3343785E-02
   7121.80  1.3918391E-02
   7122.00  1.4533724E-02
   7122.20  1.5148446E-02
   7122.40  1.5706492E-02
   7122.60  1.6177776E-02
   7122.80  1.6562800E-02
   7123.00  1.6874892E-02
   7123.20  1.7162840E-02
   7123.40  1.7402341E-02
   7123.60  1.7619576E-02
   7123.80  1.7848252E-02
   7124.00  1.8090125E-02
   7124.20  1.8355775E-02
   7124.40  1.8734456E-02
   7124.60  1.9256632E-02
   7124.80  1.9584614E-02
   7125.00  1.9472383E-02
   7125.20  1.9249060E-02
   7125.40  1.9130106E-02
   7125.60  1.9107837E-02
   7125.80  1.9161135E-02
   7126.00  1.9490894E-02
   7126.20  2.0255231E-02
   7126.40  2.1425111E-02
   7126.60  2.2868828E-02
   7126.80  2.4428664E-02
   7127.00  2.5939369E-02
   7127.20  2.7288294E-02
   7127.40  2.8476541E-02
   7127.60  2.9637659E-02
   7127.80  3.0999598E-02
   7128.00  3.2745028E-02
   7128.20  3.5000632E-02
   7128.40  3.7856375E-02
   7128.60  4.1032742E-02
   7128.80  4.3951661E-02
   7129.00  4.6415627E-02
   7129.20  4.8562474E-02
   7129.40  5.0463138E-02
   7129.60  5.2100926E-02
   7129.80  5.3570067E-02
   7130.00  5.4534433E-02
   7130.20  5.5279791E-02
   7130.40  5.5770800E-02
   7130.60  5.6056110E-02
   7130.80  5.6207297E-02
   7131.00  5.6300703E-02
   7131.20  5.6388271E-02
   7131.40  5.6475705E-02
   7131.60  5.6524212E-02
   7131.80  5.6478560E-02
   7132.00  5.6303091E-02
   7132.20  5.6000702E-02
   7132.40  5.5608835E-02
   7132.60  5.5180418E-02
   7132.80  5.4766694E-02
   7133.00  5.4408203E-02
   7133.20  5.4132090E-02
   7133.40  5.3950633E-02
   7133.60  5.3859874E-02
   7133.80  5.3840110E-02
   7134.00  5.3867027E-02
   7134.20  5.3935660E-02
   7134.40  5.4054270E-02
   7134.60  5.4180038E-02
   7134.80  5.4210890E-02
   7135.00  5.4008914E-02
   7135.20  5.3441797E-02
   7135.40  5.2415911E-02
   7135.60  5.0898882E-02
   7135.80  4.8936443E-02
   7136.00  4.6647160E-02
   7136.20  4.4189309E-02
   7136.40  4.1717830E-02
   7136.60  3.9352767E-02
   7136.80  3.7171059E-02
   7137.00  3.5211594E-02
   7137.20  3.3487075E-02
   7137.40  3.1995406E-02
   7137.60  3.0726991E-02
   7137.80  2.9669628E-02
   7138.00  2.8810925E-02
   7138.20  2.8139691E-02
   7138.40  2.7645189E-02
   7138.60  2.7315652E-02
   7138.80  2.7135610E-02
   7139.00  2.7082639E-02
   7139.20  2.7124907E-02
   7139.40  2.7224612E-02
   7139.60  2.7330365E-02
   7139.80  2.7413783E-02
   7140.00  2.7463013E-02
   7140.20  2.7455320E-02
   7140.40  2.7399060E-02
   7140.60  2.7313719E-02
   7140.80  2.7223967E-02
   7141.00  2.7154531E-02
   7141.20  2.7127152E-02
   7141.40  2.7159501E-02
   7141.60  2.7264715E-02
   7141.80  2.7451475E-02
   7142.00  2.7723731E-02
   7142.20  2.8080246E-02
   7142.40  2.8513894E-02
   7142.60  2.9010684E-02
   7142.80  2.9549656E-02
   7143.00  3.0103761E-02
   7143.20  3.0642045E-02
   7143.40  3.1133631E-02
   7143.60  3.1552183E-02
   7143.80  3.1879560E-02
   7144.00  3.2108240E-02
   7144.20  3.2240996E-02
   7144.40  3.2288757E-02
   7144.60  3.2267824E-02
   7144.80  3.2196737E-02
   7145.00  3.2093725E-02
   7145.20  3.1975336E-02
   7145.40  3.1855627E-02
   7145.60  3.1745954E-02
   7145.80  3.1655218E-02
   7146.00  3.1589848E-02
   7146.20  3.1555319E-02
   7146.40  3.1555430E-02
   7146.60  3.1592676E-02
   7146.80  3.1669074E-02
   7147.00  3.1785556E-02
   7147.20  3.1942647E-02
   7147.40  3.2140731E-02
   7147.60  3.2379576E-02
   7147.80  3.2658520E-02
   7148.00  3.2976638E-02
   7148.20  3.3332587E-02
   7148.40  3.3724072E-02
   7148.60  3.4148127E-02
   7148.80  3.4610465E-02
   7149.00  3.5088280E-02
   7149.20  3.5595918E-02
   7149.40  3.6106106E-02
   7149.60  3.6619454E-02
   7149.80  3.7129033E-02
   7150.00  3.7626647E-02
   7150.20  3.8104677E-02
   7150.40  3.8551131E-02
   7150.60  3.8968222E-02
   7150.80  3.9352086E-02
   7151.00  3.9691601E-02
   7151.20  3.9989405E-02
   7151.40  4.0245223E-02
   7151.60  4.0460114E-02
   7151.80  4.0635871E-02
   7152.00  4.0775024E-02
   7152.20  4.0879838E-02
   7152.40  4.0954306E-02
   7152.60  4.1000839E-02
   7152.80  4.1022451E-02
   7153.00  4.1021568E-02
   7153.20  4.1001080E-02
   7153.40  4.0964003E-02
   7153.60  4.0912816E-02
   7153.80  4.0850072E-02
   7154.00  4.0778175E-02
   7154.20  4.0699282E-02
   7154.40  4.0615391E-02
   7154.60  4.0528174E-02
   7154.80  4.0439323E-02
   7155.00  4.0349760E-02
   7155.20  4.0260170E-02
   7155.40  4.0171056E-02
   7155.60  4.0082722E-02
   7155.80  3.9995164E-02
   7156.00  3.9908197E-02
   7156.20  3.9821554E-02
   7156.40  3.9734899E-02
   7156.60  3.9647931E-02
   7156.80  3.9560025E-02
   7157.00  3.9470753E-02
   7157.20  3.9379641E-02
   7157.40  3.9286414E-02
   7157.60  3.9190674E-02
   7157.80  3.9092103E-02
   7158.00  3.8990478E-02
   7158.20  3.8885605E-02
   7158.40  3.8777504E-02
   7158.60  3.8665754E-02
   7158.80  3.8550074E-02
   7159.00  3.8430191E-02
   7159.20  3.8305793E-02
   7159.40  3.8176519E-02
   7159.60  3.8041174E-02
   7159.80  3.7900891E-02
   7160.00  3.7754494E-02
   7160.20  3.7601975E-02
   7160.40  3.7443280E-02
   7160.60  3.7277415E-02
   7160.80  3.7103974E-02
   7161.00  3.6922855E-02
   7161.20  3.6734640E-02
   7161.40  3.6539166E-02
   7161.60  3.6336690E-02
   7161.80  3.6129069E-02
   7162.00  3.5913184E-02
   7162.20  3.5691981E-02
   7162.40  3.5467208E-02
   7162.60  3.5238773E-02
   7162.80  3.5007894E-02
   7163.00  3.4775545E-02
   7163.20  3.4541941E-02
   7163.40  3.4310222E-02
   7163.60  3.4079393E-02
   7163.80  3.3845746E-02
   7164.00  3.3616574E-02
   7164.20  3.3389684E-02
   7164.40  3.3165440E-02
   7164.60  3.2944149E-02
   7164.80  3.2726624E-02
   7165.00  3.2512391E-02
   7165.20  3.2301608E-02
   7165.40  3.2094387E-02
   7165.60  3.1890558E-02
   7165.80  3.1690180E-02
   7166.00  3.1493241E-02
   7166.20  3.1299841E-02
   7166.40  3.1110065E-02
   7166.60  3.0923447E-02
   7166.80  3.0739955E-02
   7167.00  3.0559469E-02
   7167.20  3.0381908E-02
   7167.40  3.0207210E-02
   7167.60  3.0035350E-02
   7167.80  2.9866221E-02
   7168.00  2.9700434E-02
   7168.20  2.9537647E-02
   7168.40  2.9378194E-02
   7168.60  2.9221047E-02
   7168.80  2.9066651E-02
   7169.00  2.8915040E-02
   7169.20  2.8766218E-02
   7169.40  2.8620117E-02
   7169.60  2.8476652E-02
   7169.80  2.8335974E-02
   7170.00  2.8198223E-02
   7170.20  2.8067387E-02
   7170.40  2.7934981E-02
   7170.60  2.7804899E-02
   7170.80  2.7677189E-02
   7171.00  2.7551938E-02
   7171.20  2.7429221E-02
   7171.40  2.7309030E-02
   7171.60  2.7191571E-02
   7171.80  2.7077157E-02
   7172.00  2.6966246E-02
