  7112.000   26  1  1  2.9745458E-02 -2.6684475E+00 -1.5933128E+00  1  1  7.2657152E+03  0.0000000E+00  0.0000000E+00  4.4711857E+00  1.0000000E+00  0.0000000E+00 = E_edge, Z, n_edge, j_edge, Abs_before_edge, VO_interstitial, E_cut, ninitl, ninit1, Epsii, UnitCell_Volume, Surface_ref, f0_forward, natomsym_f, abs_u_i
    Energy    <xanes>    
   7097.00  1.7785936E-01
   7097.20  4.7675420E-04
   7097.40  1.3623991E-04
   7097.60  7.3343978E-05
   7097.80  5.1702150E-05
   7098.00  4.2120452E-05
   7098.20  3.7430900E-05
   7098.40  3.5245419E-05
   7098.60  3.4678641E-05
   7098.80  3.5500830E-05
   7099.00  3.7965751E-05
   7099.20  4.3050159E-05
   7099.40  5.3607060E-05
   7099.60  8.0007590E-05
   7099.80  1.9645518E-04
   7100.00  1.2048767E-02
   7100.20  4.6629318E-02
   7100.40  2.0182678E-02
   7100.60  2.4038610E-04
   7100.80  9.7099111E-05
   7101.00  9.3906473E-05
   7101.20  5.5358999E-05
   7101.40  5.4879054E-05
   7101.60  6.7572874E-05
   7101.80  1.4309210E-04
   7102.00  2.8625560E-02
   7102.20  1.7575282E-04
   7102.40  1.2898402E-04
   7102.60  4.1720943E-04
   7102.80  1.3033000E-02
   7103.00  2.3871602E-04
   7103.20  6.9058112E-04
   7103.40  1.9115160E-03
   7103.60  1.6707958E-04
   7103.80  3.4399219E-03
   7104.00  1.6299790E-03
   7104.20  2.3956010E-02
   7104.40  2.1772594E-04
   7104.60  2.1871688E-04
   7104.80  3.7068665E-03
   7105.00  2.2150007E-03
   7105.20  7.9891145E-04
   7105.40  1.7477978E-04
   7105.60  1.1956448E-04
   7105.80  1.5790707E-04
   7106.00  1.3585114E-03
   7106.20  1.2707169E-03
   7106.40  1.6349482E-04
   7106.60  2.4720401E-04
   7106.80  1.6672202E-04
   7107.00  3.9836370E-04
   7107.20  5.6834011E-03
   7107.40  3.7824829E-03
   7107.60  2.1694492E-03
   7107.80  9.0082107E-04
   7108.00  2.9210863E-02
   7108.20  2.0235764E-03
   7108.40  1.4563549E-03
   7108.60  4.2925288E-02
   7108.80  1.4242054E-03
   7109.00  2.2111121E-02
   7109.20  2.7439436E-02
   7109.40  1.5670037E-03
   7109.60  2.5701292E-03
   7109.80  1.2344663E-02
   7110.00  1.0141141E-02
   7110.20  2.6350789E-02
   7110.40  1.8074853E-02
   7110.60  1.3638305E-02
   7110.80  1.2147466E-02
   7111.00  1.6524327E-02
   7111.20  1.9611299E-02
   7111.40  3.4387634E-02
   7111.60  2.3045603E-02
   7111.80  2.2542229E-02
   7112.00  1.7272830E-02
   7112.20  2.1911915E-02
   7112.40  5.9113701E-02
   7112.60  3.9360228E-02
   7112.80  7.3121156E-02
   7113.00  5.6102034E-02
   7113.20  2.4650474E-02
   7113.40  1.7226299E-02
   7113.60  1.1005513E-02
   7113.80  6.8488613E-03
   7114.00  4.4746378E-03
   7114.20  3.2356922E-03
   7114.40  2.6531641E-03
   7114.60  2.4926165E-03
   7114.80  2.7807498E-03
   7115.00  3.8956394E-03
   7115.20  7.2006714E-03
   7115.40  1.5449536E-02
   7115.60  2.4307910E-02
   7115.80  2.0285411E-02
   7116.00  1.0327633E-02
   7116.20  6.1568478E-03
   7116.40  4.3365547E-03
   7116.60  3.4388358E-03
   7116.80  2.9872842E-03
   7117.00  2.8005853E-03
   7117.20  2.8051414E-03
   7117.40  2.9641184E-03
   7117.60  3.2263600E-03
   7117.80  3.4970956E-03
   7118.00  3.6771034E-03
   7118.20  3.7197243E-03
   7118.40  3.6991859E-03
   7118.60  3.7251005E-03
   7118.80  3.8834778E-03
   7119.00  4.1928501E-03
   7119.20  4.5128753E-03
   7119.40  4.6204054E-03
   7119.60  4.4699846E-03
   7119.80  4.2388941E-03
   7120.00  4.1141155E-03
   7120.20  4.1435117E-03
   7120.40  4.2721931E-03
   7120.60  4.4219575E-03
   7120.80  4.5717059E-03
   7121.00  4.7704494E-03
   7121.20  5.0859762E-03
   7121.40  5.5599518E-03
   7121.60  6.2162483E-03
   7121.80  7.1074181E-03
   7122.00  8.2842038E-03
   7122.20  9.4251328E-03
   7122.40  1.0422699E-02
   7122.60  1.1343947E-02
   7122.80  1.2395059E-02
   7123.00  1.3728222E-02
   7123.20  1.5587618E-02
   7123.40  1.7944511E-02
   7123.60  2.0243095E-02
   7123.80  2.2206647E-02
   7124.00  2.3930520E-02
   7124.20  2.5442788E-02
   7124.40  2.6601581E-02
   7124.60  2.7171232E-02
   7124.80  2.7063329E-02
   7125.00  2.6469499E-02
   7125.20  2.5697751E-02
   7125.40  2.4982179E-02
   7125.60  2.4414050E-02
   7125.80  2.3978775E-02
   7126.00  2.3683108E-02
   7126.20  2.3616504E-02
   7126.40  2.3819670E-02
   7126.60  2.4291608E-02
   7126.80  2.4989844E-02
   7127.00  2.5743365E-02
   7127.20  2.6394379E-02
   7127.40  2.6995607E-02
   7127.60  2.7660412E-02
   7127.80  2.8576270E-02
   7128.00  2.9816209E-02
   7128.20  3.1355505E-02
   7128.40  3.3109682E-02
   7128.60  3.4966482E-02
   7128.80  3.6832867E-02
   7129.00  3.8695891E-02
   7129.20  4.0636314E-02
   7129.40  4.2726338E-02
   7129.60  4.4898884E-02
   7129.80  4.6968476E-02
   7130.00  4.8769774E-02
   7130.20  5.0296540E-02
   7130.40  5.1744116E-02
   7130.60  5.3381995E-02
   7130.80  5.5423066E-02
   7131.00  5.7966587E-02
   7131.20  6.0944483E-02
   7131.40  6.4057639E-02
   7131.60  6.6757397E-02
   7131.80  6.8372406E-02
   7132.00  6.8403746E-02
   7132.20  6.6791502E-02
   7132.40  6.3904760E-02
   7132.60  6.0308318E-02
   7132.80  5.6554056E-02
   7133.00  5.3086229E-02
   7133.20  5.0219495E-02
   7133.40  4.8140985E-02
   7133.60  4.6876745E-02
   7133.80  4.6357458E-02
   7134.00  4.6424935E-02
   7134.20  4.6805337E-02
   7134.40  4.7153411E-02
   7134.60  4.7271057E-02
   7134.80  4.7250786E-02
   7135.00  4.7238236E-02
   7135.20  4.7202726E-02
   7135.40  4.7006747E-02
   7135.60  4.6557032E-02
   7135.80  4.5881666E-02
   7136.00  4.5119376E-02
   7136.20  4.4440793E-02
   7136.40  4.3957666E-02
   7136.60  4.3689494E-02
   7136.80  4.3596078E-02
   7137.00  4.3626108E-02
   7137.20  4.3743211E-02
   7137.40  4.3928597E-02
   7137.60  4.4173403E-02
   7137.80  4.4470345E-02
   7138.00  4.4805771E-02
   7138.20  4.5154797E-02
   7138.40  4.5477967E-02
   7138.60  4.5727150E-02
   7138.80  4.5857634E-02
   7139.00  4.5844818E-02
   7139.20  4.5692735E-02
   7139.40  4.5450446E-02
   7139.60  4.5137946E-02
   7139.80  4.4785692E-02
   7140.00  4.4414383E-02
   7140.20  4.4031082E-02
   7140.40  4.3631751E-02
   7140.60  4.3206448E-02
   7140.80  4.2745102E-02
   7141.00  4.2242277E-02
   7141.20  4.1699532E-02
   7141.40  4.1125902E-02
   7141.60  4.0536397E-02
   7141.80  3.9949996E-02
   7142.00  3.9387834E-02
   7142.20  3.8871777E-02
   7142.40  3.8422886E-02
   7142.60  3.8059803E-02
   7142.80  3.7797465E-02
   7143.00  3.7645460E-02
   7143.20  3.7606344E-02
   7143.40  3.7674003E-02
   7143.60  3.7831577E-02
   7143.80  3.8049439E-02
   7144.00  3.8284919E-02
   7144.20  3.8483667E-02
   7144.40  3.8585294E-02
   7144.60  3.8533560E-02
   7144.80  3.8288331E-02
   7145.00  3.7837400E-02
   7145.20  3.7200738E-02
   7145.40  3.6425197E-02
   7145.60  3.5572490E-02
   7145.80  3.4645836E-02
   7146.00  3.3812983E-02
   7146.20  3.3034528E-02
   7146.40  3.2382079E-02
   7146.60  3.1814932E-02
   7146.80  3.1325751E-02
   7147.00  3.0950817E-02
   7147.20  3.0651341E-02
   7147.40  3.0417908E-02
   7147.60  3.0241494E-02
   7147.80  3.0114388E-02
   7148.00  3.0029836E-02
   7148.20  2.9979776E-02
   7148.40  2.9958342E-02
   7148.60  2.9969398E-02
   7148.80  3.0006571E-02
   7149.00  3.0065302E-02
   7149.20  3.0143707E-02
   7149.40  3.0239865E-02
   7149.60  3.0352404E-02
   7149.80  3.0480460E-02
   7150.00  3.0622823E-02
   7150.20  3.0778502E-02
   7150.40  3.0946655E-02
   7150.60  3.1126655E-02
   7150.80  3.1317667E-02
   7151.00  3.1519190E-02
   7151.20  3.1730763E-02
   7151.40  3.1952286E-02
   7151.60  3.2183013E-02
   7151.80  3.2422271E-02
   7152.00  3.2668981E-02
   7152.20  3.2921490E-02
   7152.40  3.3177670E-02
   7152.60  3.3434585E-02
   7152.80  3.3688724E-02
   7153.00  3.3936084E-02
   7153.20  3.4172171E-02
   7153.40  3.4392380E-02
   7153.60  3.4592092E-02
   7153.80  3.4766460E-02
   7154.00  3.4911548E-02
   7154.20  3.5024663E-02
   7154.40  3.5101561E-02
   7154.60  3.5140840E-02
   7154.80  3.5142407E-02
   7155.00  3.5107377E-02
   7155.20  3.5038075E-02
   7155.40  3.4937862E-02
   7155.60  3.4810757E-02
   7155.80  3.4660761E-02
   7156.00  3.4492032E-02
   7156.20  3.4308505E-02
   7156.40  3.4113640E-02
   7156.60  3.3909949E-02
   7156.80  3.3699439E-02
   7157.00  3.3483470E-02
   7157.20  3.3262817E-02
   7157.40  3.3037775E-02
   7157.60  3.2808327E-02
   7157.80  3.2574288E-02
   7158.00  3.2335569E-02
   7158.20  3.2091476E-02
   7158.40  3.1841813E-02
   7158.60  3.1586421E-02
   7158.80  3.1325372E-02
   7159.00  3.1059258E-02
   7159.20  3.0787988E-02
   7159.40  3.0512638E-02
   7159.60  3.0234502E-02
   7159.80  2.9954116E-02
   7160.00  2.9672974E-02
   7160.20  2.9391691E-02
   7160.40  2.9110850E-02
   7160.60  2.8834863E-02
   7160.80  2.8563228E-02
   7161.00  2.8295192E-02
   7161.20  2.8035885E-02
   7161.40  2.7784613E-02
   7161.60  2.7537379E-02
   7161.80  2.7303174E-02
   7162.00  2.7079179E-02
   7162.20  2.6864005E-02
   7162.40  2.6654212E-02
   7162.60  2.6451858E-02
   7162.80  2.6255496E-02
   7163.00  2.6064308E-02
   7163.20  2.5877573E-02
   7163.40  2.5695305E-02
   7163.60  2.5516433E-02
   7163.80  2.5340736E-02
   7164.00  2.5168266E-02
   7164.20  2.4999390E-02
   7164.40  2.4834488E-02
   7164.60  2.4673355E-02
   7164.80  2.4516317E-02
   7165.00  2.4363787E-02
   7165.20  2.4216117E-02
   7165.40  2.4074070E-02
   7165.60  2.3937622E-02
   7165.80  2.3806938E-02
   7166.00  2.3682390E-02
   7166.20  2.3564213E-02
   7166.40  2.3452780E-02
   7166.60  2.3348769E-02
   7166.80  2.3252570E-02
   7167.00  2.3164180E-02
   7167.20  2.3083968E-02
   7167.40  2.3012209E-02
   7167.60  2.2949167E-02
   7167.80  2.2895115E-02
   7168.00  2.2850162E-02
   7168.20  2.2814641E-02
   7168.40  2.2788162E-02
   7168.60  2.2770583E-02
   7168.80  2.2761819E-02
   7169.00  2.2761608E-02
   7169.20  2.2769654E-02
   7169.40  2.2785715E-02
   7169.60  2.2809390E-02
   7169.80  2.2840403E-02
   7170.00  2.2878218E-02
   7170.20  2.2922380E-02
   7170.40  2.2972395E-02
   7170.60  2.3027825E-02
   7170.80  2.3088262E-02
   7171.00  2.3153352E-02
   7171.20  2.3222660E-02
   7171.40  2.3296011E-02
   7171.60  2.3373073E-02
   7171.80  2.3453932E-02
   7172.00  2.3538173E-02
