  7112.000   26  1  1  1.1875185E-02 -3.7465490E+00 -6.1478164E-01  1  1  7.2654044E+03  0.0000000E+00  0.0000000E+00  3.8900819E+00  1.0000000E+00  0.0000000E+00 = E_edge, Z, n_edge, j_edge, Abs_before_edge, VO_interstitial, E_cut, ninitl, ninit1, Epsii, UnitCell_Volume, Surface_ref, f0_forward, natomsym_f, abs_u_i
    Energy    <xanes>    
   7097.00  7.3710403E-04
   7097.20  6.7137149E-03
   7097.40  6.8441704E-04
   7097.60  6.0958991E-03
   7097.80  2.4525142E-04
   7098.00  1.0374567E-04
   7098.20  7.0623978E-05
   7098.40  6.9772476E-05
   7098.60  6.4068622E-04
   7098.80  9.5140208E-05
   7099.00  4.4213940E-05
   7099.20  3.6068510E-05
   7099.40  3.3048159E-05
   7099.60  3.1832846E-05
   7099.80  3.2008078E-05
   7100.00  3.5691619E-05
   7100.20  6.0303753E-04
   7100.40  5.1530109E-04
   7100.60  4.5945561E-05
   7100.80  7.3961662E-05
   7101.00  1.8347215E-03
   7101.20  6.1968835E-05
   7101.40  3.5224370E-04
   7101.60  5.8550835E-05
   7101.80  9.4102874E-05
   7102.00  1.6562321E-03
   7102.20  1.9906972E-04
   7102.40  8.5662067E-05
   7102.60  1.1654197E-04
   7102.80  5.3595503E-03
   7103.00  3.2924450E-04
   7103.20  1.7954535E-03
   7103.40  6.9965556E-03
   7103.60  2.0056401E-04
   7103.80  1.1739885E-04
   7104.00  1.3538884E-04
   7104.20  3.9286954E-04
   7104.40  6.9327921E-03
   7104.60  5.6680430E-04
   7104.80  7.6307427E-04
   7105.00  2.2179814E-03
   7105.20  2.9871864E-04
   7105.40  8.1582888E-04
   7105.60  3.7378954E-02
   7105.80  2.0016372E-03
   7106.00  2.1714984E-03
   7106.20  6.9647382E-03
   7106.40  1.6064001E-03
   7106.60  7.5136102E-04
   7106.80  6.5093727E-03
   7107.00  1.3890519E-03
   7107.20  1.7185833E-01
   7107.40  1.1191962E-03
   7107.60  1.0377796E-01
   7107.80  2.3323870E-03
   7108.00  3.7205494E-03
   7108.20  6.2799050E-03
   7108.40  1.0572446E-03
   7108.60  2.1498444E-03
   7108.80  1.5935641E-02
   7109.00  2.1352816E-02
   7109.20  3.6762079E-02
   7109.40  2.2297498E-02
   7109.60  1.5949634E-02
   7109.80  7.8176312E-03
   7110.00  1.0736735E-02
   7110.20  1.3799235E-02
   7110.40  1.2056761E-02
   7110.60  1.6057126E-02
   7110.80  2.4367054E-02
   7111.00  1.7743042E-02
   7111.20  1.6749786E-02
   7111.40  1.7679303E-02
   7111.60  1.4209472E-02
   7111.80  1.2075307E-02
   7112.00  1.4694625E-02
   7112.20  1.4429202E-02
   7112.40  1.1614310E-02
   7112.60  1.0875032E-02
   7112.80  9.0802053E-03
   7113.00  1.2870509E-02
   7113.20  2.5242280E-02
   7113.40  1.9827564E-02
   7113.60  9.6520087E-03
   7113.80  5.7000604E-03
   7114.00  4.1179965E-03
   7114.20  4.6873188E-03
   7114.40  8.3402272E-03
   7114.60  7.2699667E-03
   7114.80  4.0895974E-03
   7115.00  2.8340088E-03
   7115.20  2.2927345E-03
   7115.40  2.0260538E-03
   7115.60  1.8794008E-03
   7115.80  1.7927724E-03
   7116.00  1.7439044E-03
   7116.20  1.7260275E-03
   7116.40  1.7426041E-03
   7116.60  1.7996167E-03
   7116.80  1.8976630E-03
   7117.00  2.0330161E-03
   7117.20  2.2012996E-03
   7117.40  2.3979853E-03
   7117.60  2.6172202E-03
   7117.80  2.8517389E-03
   7118.00  3.0907970E-03
   7118.20  3.3152086E-03
   7118.40  3.5022988E-03
   7118.60  3.6429343E-03
   7118.80  3.7529832E-03
   7119.00  3.8664665E-03
   7119.20  4.0180250E-03
   7119.40  4.2304344E-03
   7119.60  4.5132005E-03
   7119.80  4.8663884E-03
   7120.00  5.2832359E-03
   7120.20  5.7501506E-03
   7120.40  6.2472050E-03
   7120.60  6.7528449E-03
   7120.80  7.2500426E-03
   7121.00  7.7283571E-03
   7121.20  8.1675036E-03
   7121.40  8.5686762E-03
   7121.60  8.9461753E-03
   7121.80  9.3575289E-03
   7122.00  9.8467835E-03
   7122.20  1.0439657E-02
   7122.40  1.1142122E-02
   7122.60  1.1956714E-02
   7122.80  1.2897558E-02
   7123.00  1.3978935E-02
   7123.20  1.5237834E-02
   7123.40  1.6616430E-02
   7123.60  1.8120756E-02
   7123.80  1.9600520E-02
   7124.00  2.0954997E-02
   7124.20  2.2074639E-02
   7124.40  2.2912503E-02
   7124.60  2.3575246E-02
   7124.80  2.4222809E-02
   7125.00  2.4831990E-02
   7125.20  2.5282825E-02
   7125.40  2.5529789E-02
   7125.60  2.5663798E-02
   7125.80  2.5924456E-02
   7126.00  2.6424004E-02
   7126.20  2.7234192E-02
   7126.40  2.8332784E-02
   7126.60  2.9607286E-02
   7126.80  3.0922507E-02
   7127.00  3.2263968E-02
   7127.20  3.3734342E-02
   7127.40  3.5426567E-02
   7127.60  3.7348608E-02
   7127.80  3.9458651E-02
   7128.00  4.1688737E-02
   7128.20  4.3933879E-02
   7128.40  4.6065954E-02
   7128.60  4.7960350E-02
   7128.80  4.9538408E-02
   7129.00  5.0795919E-02
   7129.20  5.1759140E-02
   7129.40  5.2404621E-02
   7129.60  5.2670507E-02
   7129.80  5.2525391E-02
   7130.00  5.1998347E-02
   7130.20  5.1164949E-02
   7130.40  5.0116335E-02
   7130.60  4.8935688E-02
   7130.80  4.7691089E-02
   7131.00  4.6438762E-02
   7131.20  4.5230759E-02
   7131.40  4.4119507E-02
   7131.60  4.3157754E-02
   7131.80  4.2392227E-02
   7132.00  4.1853126E-02
   7132.20  4.1543151E-02
   7132.40  4.1429990E-02
   7132.60  4.1446761E-02
   7132.80  4.1505235E-02
   7133.00  4.1523355E-02
   7133.20  4.1462281E-02
   7133.40  4.1351557E-02
   7133.60  4.1275995E-02
   7133.80  4.1320485E-02
   7134.00  4.1534245E-02
   7134.20  4.1959316E-02
   7134.40  4.2649795E-02
   7134.60  4.3645354E-02
   7134.80  4.4955798E-02
   7135.00  4.6566117E-02
   7135.20  4.8428359E-02
   7135.40  5.0441438E-02
   7135.60  5.2443275E-02
   7135.80  5.4233497E-02
   7136.00  5.5622284E-02
   7136.20  5.6486763E-02
   7136.40  5.6807842E-02
   7136.60  5.6663940E-02
   7136.80  5.6191411E-02
   7137.00  5.5535851E-02
   7137.20  5.4817651E-02
   7137.40  5.4117870E-02
   7137.60  5.3479515E-02
   7137.80  5.2916210E-02
   7138.00  5.2422443E-02
   7138.20  5.1982121E-02
   7138.40  5.1574726E-02
   7138.60  5.1179359E-02
   7138.80  5.0777510E-02
   7139.00  5.0354606E-02
   7139.20  4.9900696E-02
   7139.40  4.9410505E-02
   7139.60  4.8883393E-02
   7139.80  4.8322090E-02
   7140.00  4.7731848E-02
   7140.20  4.7119268E-02
   7140.40  4.6491658E-02
   7140.60  4.5855983E-02
   7140.80  4.5218582E-02
   7141.00  4.4571606E-02
   7141.20  4.3947043E-02
   7141.40  4.3335370E-02
   7141.60  4.2747726E-02
   7141.80  4.2175930E-02
   7142.00  4.1621885E-02
   7142.20  4.1087406E-02
   7142.40  4.0574018E-02
   7142.60  4.0083410E-02
   7142.80  3.9617192E-02
   7143.00  3.9176942E-02
   7143.20  3.8764188E-02
   7143.40  3.8380407E-02
   7143.60  3.8027028E-02
   7143.80  3.7705588E-02
   7144.00  3.7417873E-02
   7144.20  3.7165984E-02
   7144.40  3.6952511E-02
   7144.60  3.6780357E-02
   7144.80  3.6652854E-02
   7145.00  3.6573481E-02
   7145.20  3.6545600E-02
   7145.40  3.6571984E-02
   7145.60  3.6654258E-02
   7145.80  3.6792254E-02
   7146.00  3.6982406E-02
   7146.20  3.7220816E-02
   7146.40  3.7496555E-02
   7146.60  3.7794921E-02
   7146.80  3.8101242E-02
   7147.00  3.8394451E-02
   7147.20  3.8654847E-02
   7147.40  3.8862892E-02
   7147.60  3.9003485E-02
   7147.80  3.9062911E-02
   7148.00  3.9038364E-02
   7148.20  3.8925227E-02
   7148.40  3.8729933E-02
   7148.60  3.8460073E-02
   7148.80  3.8124864E-02
   7149.00  3.7734025E-02
   7149.20  3.7300276E-02
   7149.40  3.6840080E-02
   7149.60  3.6352054E-02
   7149.80  3.5841593E-02
   7150.00  3.5313110E-02
   7150.20  3.4770464E-02
   7150.40  3.4216084E-02
   7150.60  3.3652205E-02
   7150.80  3.3080734E-02
   7151.00  3.2503499E-02
   7151.20  3.1922301E-02
   7151.40  3.1339235E-02
   7151.60  3.0755732E-02
   7151.80  3.0174009E-02
   7152.00  2.9596365E-02
   7152.20  2.9025549E-02
   7152.40  2.8463944E-02
   7152.60  2.7913869E-02
   7152.80  2.7377621E-02
   7153.00  2.6857349E-02
   7153.20  2.6354214E-02
   7153.40  2.5870768E-02
   7153.60  2.5409860E-02
   7153.80  2.4971318E-02
   7154.00  2.4556361E-02
   7154.20  2.4164935E-02
   7154.40  2.3804396E-02
   7154.60  2.3468222E-02
   7154.80  2.3160190E-02
   7155.00  2.2881539E-02
   7155.20  2.2632743E-02
   7155.40  2.2414195E-02
   7155.60  2.2225829E-02
   7155.80  2.2066887E-02
   7156.00  2.1935724E-02
   7156.20  2.1829690E-02
   7156.40  2.1744990E-02
   7156.60  2.1677288E-02
   7156.80  2.1620603E-02
   7157.00  2.1567490E-02
   7157.20  2.1512508E-02
   7157.40  2.1449836E-02
   7157.60  2.1374658E-02
   7157.80  2.1283956E-02
   7158.00  2.1176088E-02
   7158.20  2.1049839E-02
   7158.40  2.0906684E-02
   7158.60  2.0749275E-02
   7158.80  2.0580878E-02
   7159.00  2.0405361E-02
   7159.20  2.0226389E-02
   7159.40  2.0048266E-02
   7159.60  1.9874538E-02
   7159.80  1.9709093E-02
   7160.00  1.9555032E-02
   7160.20  1.9413611E-02
   7160.40  1.9286730E-02
   7160.60  1.9173009E-02
   7160.80  1.9075278E-02
   7161.00  1.9000800E-02
   7161.20  1.8945080E-02
   7161.40  1.8906729E-02
   7161.60  1.8898226E-02
   7161.80  1.8899523E-02
   7162.00  1.8920360E-02
   7162.20  1.8960707E-02
   7162.40  1.9020639E-02
   7162.60  1.9099924E-02
   7162.80  1.9198014E-02
   7163.00  1.9314460E-02
   7163.20  1.9448686E-02
   7163.40  1.9600095E-02
   7163.60  1.9767986E-02
   7163.80  1.9951234E-02
   7164.00  2.0148778E-02
   7164.20  2.0359370E-02
   7164.40  2.0581687E-02
   7164.60  2.0814256E-02
   7164.80  2.1055658E-02
   7165.00  2.1304096E-02
   7165.20  2.1557949E-02
   7165.40  2.1815432E-02
   7165.60  2.2075020E-02
   7165.80  2.2335120E-02
   7166.00  2.2594233E-02
   7166.20  2.2851051E-02
   7166.40  2.3104004E-02
   7166.60  2.3351755E-02
   7166.80  2.3593023E-02
   7167.00  2.3826607E-02
   7167.20  2.4052009E-02
   7167.40  2.4268801E-02
   7167.60  2.4474848E-02
   7167.80  2.4669625E-02
   7168.00  2.4852582E-02
   7168.20  2.5023166E-02
   7168.40  2.5181498E-02
   7168.60  2.5327752E-02
   7168.80  2.5462297E-02
   7169.00  2.5585693E-02
   7169.20  2.5698695E-02
   7169.40  2.5802210E-02
   7169.60  2.5897343E-02
   7169.80  2.5985177E-02
   7170.00  2.6066793E-02
   7170.20  2.6143260E-02
   7170.40  2.6215674E-02
   7170.60  2.6285057E-02
   7170.80  2.6352469E-02
   7171.00  2.6418677E-02
   7171.20  2.6484137E-02
   7171.40  2.6549498E-02
   7171.60  2.6615293E-02
   7171.80  2.6681998E-02
   7172.00  2.6749621E-02
