  7112.000   26  1  1  2.5004635E-02 -2.4925403E+00 -1.4253336E+00  1  1  7.2660292E+03  0.0000000E+00  0.0000000E+00  2.0199895E+00  1.0000000E+00  0.0000000E+00 = E_edge, Z, n_edge, j_edge, Abs_before_edge, VO_interstitial, E_cut, ninitl, ninit1, Epsii, UnitCell_Volume, Surface_ref, f0_forward, natomsym_f, abs_u_i
    Energy    <xanes>    
   7097.00  6.0809226E-05
   7097.20  8.3597516E-05
   7097.40  1.4359224E-04
   7097.60  4.2940962E-04
   7097.80  1.3317807E-01
   7098.00  9.1445292E-04
   7098.20  9.3999489E-02
   7098.40  4.9613285E-04
   7098.60  1.6646462E-04
   7098.80  1.0211404E-04
   7099.00  8.7176882E-05
   7099.20  1.0952062E-04
   7099.40  4.2665690E-04
   7099.60  9.2132350E-04
   7099.80  4.3143224E-04
   7100.00  1.3726273E-04
   7100.20  3.1752732E-04
   7100.40  2.3018234E-03
   7100.60  1.3579968E-04
   7100.80  7.1955734E-05
   7101.00  6.8552377E-05
   7101.20  1.7642898E-04
   7101.40  5.0432393E-04
   7101.60  7.2052060E-05
   7101.80  5.5608163E-05
   7102.00  6.6669334E-05
   7102.20  1.6736627E-04
   7102.40  4.7200165E-03
   7102.60  1.3006884E-04
   7102.80  4.1596533E-03
   7103.00  9.3140542E-04
   7103.20  6.2095762E-04
   7103.40  1.1254225E-04
   7103.60  6.0943889E-05
   7103.80  6.5966089E-05
   7104.00  2.0379411E-04
   7104.20  2.3135426E-04
   7104.40  8.3256275E-05
   7104.60  1.2049611E-04
   7104.80  1.6165448E-02
   7105.00  2.2746464E-04
   7105.20  5.5928986E-04
   7105.40  2.6328913E-04
   7105.60  1.0720821E-03
   7105.80  2.5683074E-02
   7106.00  2.8876771E-04
   7106.20  5.4417882E-04
   7106.40  6.6682322E-03
   7106.60  4.7533365E-02
   7106.80  6.1550195E-04
   7107.00  5.6429682E-04
   7107.20  3.1870557E-03
   7107.40  1.2614475E-03
   7107.60  6.4315343E-04
   7107.80  1.6146876E-03
   7108.00  3.5272308E-02
   7108.20  1.1261744E-01
   7108.40  1.3501282E-02
   7108.60  6.1746100E-03
   7108.80  1.7880802E-03
   7109.00  1.4203955E-03
   7109.20  6.9531951E-03
   7109.40  1.2319073E-02
   7109.60  1.3111515E-02
   7109.80  4.8796635E-03
   7110.00  2.7017882E-02
   7110.20  2.3838648E-02
   7110.40  1.7184242E-02
   7110.60  1.0720628E-02
   7110.80  3.3931994E-02
   7111.00  1.8158491E-02
   7111.20  1.0546173E-02
   7111.40  6.3815803E-03
   7111.60  6.1644903E-03
   7111.80  1.8395737E-02
   7112.00  1.2854806E-02
   7112.20  3.9432115E-02
   7112.40  1.5642024E-02
   7112.60  8.4217444E-03
   7112.80  6.9447896E-03
   7113.00  7.9030734E-03
   7113.20  1.1031452E-02
   7113.40  5.9946692E-03
   7113.60  4.1436932E-03
   7113.80  2.8505822E-03
   7114.00  1.6025417E-03
   7114.20  1.3285965E-03
   7114.40  1.2850469E-03
   7114.60  1.2896602E-03
   7114.80  1.3075330E-03
   7115.00  1.3486841E-03
   7115.20  1.3961882E-03
   7115.40  1.4503022E-03
   7115.60  1.5149316E-03
   7115.80  1.5967997E-03
   7116.00  1.7031389E-03
   7116.20  1.8372519E-03
   7116.40  1.9888325E-03
   7116.60  2.1393924E-03
   7116.80  2.3014785E-03
   7117.00  2.5050558E-03
   7117.20  2.7636286E-03
   7117.40  3.0805521E-03
   7117.60  3.4555862E-03
   7117.80  3.8819391E-03
   7118.00  4.3403254E-03
   7118.20  4.8003679E-03
   7118.40  5.2337486E-03
   7118.60  5.6344385E-03
   7118.80  6.0237478E-03
   7119.00  6.4340640E-03
   7119.20  6.8909702E-03
   7119.40  7.4068641E-03
   7119.60  7.9824098E-03
   7119.80  8.6089220E-03
   7120.00  9.2690655E-03
   7120.20  9.9377479E-03
   7120.40  1.0588487E-02
   7120.60  1.1205844E-02
   7120.80  1.1793018E-02
   7121.00  1.2369923E-02
   7121.20  1.2967426E-02
   7121.40  1.3622247E-02
   7121.60  1.4376578E-02
   7121.80  1.5281417E-02
   7122.00  1.6397477E-02
   7122.20  1.7800108E-02
   7122.40  1.9564407E-02
   7122.60  2.1721255E-02
   7122.80  2.4141014E-02
   7123.00  2.6416175E-02
   7123.20  2.7994437E-02
   7123.40  2.8641264E-02
   7123.60  2.8826712E-02
   7123.80  2.9032030E-02
   7124.00  2.9171417E-02
   7124.20  2.9414077E-02
   7124.40  2.9570557E-02
   7124.60  3.0030270E-02
   7124.80  3.0960267E-02
   7125.00  3.2221769E-02
   7125.20  3.3584370E-02
   7125.40  3.4702049E-02
   7125.60  3.5577249E-02
   7125.80  3.6143161E-02
   7126.00  3.6519015E-02
   7126.20  3.6995770E-02
   7126.40  3.7864574E-02
   7126.60  3.9187617E-02
   7126.80  4.0721706E-02
   7127.00  4.2145668E-02
   7127.20  4.3266315E-02
   7127.40  4.4273552E-02
   7127.60  4.5330901E-02
   7127.80  4.6585716E-02
   7128.00  4.7943703E-02
   7128.20  4.9182081E-02
   7128.40  5.0078735E-02
   7128.60  5.0515948E-02
   7128.80  5.0511499E-02
   7129.00  5.0163486E-02
   7129.20  4.9572979E-02
   7129.40  4.8807082E-02
   7129.60  4.7910127E-02
   7129.80  4.6925743E-02
   7130.00  4.5905256E-02
   7130.20  4.4901736E-02
   7130.40  4.3964169E-02
   7130.60  4.3135894E-02
   7130.80  4.2454646E-02
   7131.00  4.1945406E-02
   7131.20  4.1621848E-02
   7131.40  4.1467942E-02
   7131.60  4.1436743E-02
   7131.80  4.1473592E-02
   7132.00  4.1548664E-02
   7132.20  4.1670467E-02
   7132.40  4.1852553E-02
   7132.60  4.2069464E-02
   7132.80  4.2269310E-02
   7133.00  4.2419304E-02
   7133.20  4.2520083E-02
   7133.40  4.2591707E-02
   7133.60  4.2657273E-02
   7133.80  4.2731721E-02
   7134.00  4.2812136E-02
   7134.20  4.2873410E-02
   7134.40  4.2875991E-02
   7134.60  4.2784914E-02
   7134.80  4.2587364E-02
   7135.00  4.2297728E-02
   7135.20  4.1945956E-02
   7135.40  4.1563040E-02
   7135.60  4.1173630E-02
   7135.80  4.0795522E-02
   7136.00  4.0441361E-02
   7136.20  4.0121131E-02
   7136.40  3.9843224E-02
   7136.60  3.9617157E-02
   7136.80  3.9453094E-02
   7137.00  3.9349282E-02
   7137.20  3.9309487E-02
   7137.40  3.9335535E-02
   7137.60  3.9426760E-02
   7137.80  3.9579761E-02
   7138.00  3.9788282E-02
   7138.20  4.0043562E-02
   7138.40  4.0335171E-02
   7138.60  4.0651960E-02
   7138.80  4.0982918E-02
   7139.00  4.1318248E-02
   7139.20  4.1649878E-02
   7139.40  4.1971821E-02
   7139.60  4.2279937E-02
   7139.80  4.2571544E-02
   7140.00  4.2845140E-02
   7140.20  4.3099945E-02
   7140.40  4.3335495E-02
   7140.60  4.3551239E-02
   7140.80  4.3729539E-02
   7141.00  4.3902302E-02
   7141.20  4.4051326E-02
   7141.40  4.4174439E-02
   7141.60  4.4269327E-02
   7141.80  4.4333307E-02
   7142.00  4.4363904E-02
   7142.20  4.4358975E-02
   7142.40  4.4317015E-02
   7142.60  4.4237340E-02
   7142.80  4.4120149E-02
   7143.00  4.3962486E-02
   7143.20  4.3767695E-02
   7143.40  4.3542944E-02
   7143.60  4.3291604E-02
   7143.80  4.3017464E-02
   7144.00  4.2724203E-02
   7144.20  4.2415485E-02
   7144.40  4.2094675E-02
   7144.60  4.1764798E-02
   7144.80  4.1428326E-02
   7145.00  4.1087218E-02
   7145.20  4.0742847E-02
   7145.40  4.0396043E-02
   7145.60  4.0047703E-02
   7145.80  3.9698374E-02
   7146.00  3.9346377E-02
   7146.20  3.8990866E-02
   7146.40  3.8630325E-02
   7146.60  3.8263779E-02
   7146.80  3.7889574E-02
   7147.00  3.7506801E-02
   7147.20  3.7114195E-02
   7147.40  3.6710910E-02
   7147.60  3.6296787E-02
   7147.80  3.5871647E-02
   7148.00  3.5435780E-02
   7148.20  3.4990144E-02
   7148.40  3.4536454E-02
   7148.60  3.4076189E-02
   7148.80  3.3608888E-02
   7149.00  3.3142301E-02
   7149.20  3.2676888E-02
   7149.40  3.2215356E-02
   7149.60  3.1759917E-02
   7149.80  3.1314361E-02
   7150.00  3.0880245E-02
   7150.20  3.0460245E-02
   7150.40  3.0056729E-02
   7150.60  2.9670940E-02
   7150.80  2.9303715E-02
   7151.00  2.8955358E-02
   7151.20  2.8625761E-02
   7151.40  2.8314618E-02
   7151.60  2.8020712E-02
   7151.80  2.7736034E-02
   7152.00  2.7472907E-02
   7152.20  2.7217725E-02
   7152.40  2.6980161E-02
   7152.60  2.6752985E-02
   7152.80  2.6534952E-02
   7153.00  2.6324606E-02
   7153.20  2.6120831E-02
   7153.40  2.5922684E-02
   7153.60  2.5729438E-02
   7153.80  2.5533827E-02
   7154.00  2.5348513E-02
   7154.20  2.5166808E-02
   7154.40  2.4988240E-02
   7154.60  2.4812643E-02
   7154.80  2.4641783E-02
   7155.00  2.4472444E-02
   7155.20  2.4306058E-02
   7155.40  2.4142847E-02
   7155.60  2.3982919E-02
   7155.80  2.3826552E-02
   7156.00  2.3673963E-02
   7156.20  2.3525273E-02
   7156.40  2.3380726E-02
   7156.60  2.3240565E-02
   7156.80  2.3105060E-02
   7157.00  2.2974464E-02
   7157.20  2.2849009E-02
   7157.40  2.2729071E-02
   7157.60  2.2614641E-02
   7157.80  2.2507171E-02
   7158.00  2.2406112E-02
   7158.20  2.2310906E-02
   7158.40  2.2220702E-02
   7158.60  2.2135234E-02
   7158.80  2.2053330E-02
   7159.00  2.1974624E-02
   7159.20  2.1897901E-02
   7159.40  2.1822175E-02
   7159.60  2.1746615E-02
   7159.80  2.1669909E-02
   7160.00  2.1590929E-02
   7160.20  2.1508709E-02
   7160.40  2.1423011E-02
   7160.60  2.1333303E-02
   7160.80  2.1239057E-02
   7161.00  2.1140398E-02
   7161.20  2.1037797E-02
   7161.40  2.0932161E-02
   7161.60  2.0824017E-02
   7161.80  2.0714189E-02
   7162.00  2.0603857E-02
   7162.20  2.0494373E-02
   7162.40  2.0387307E-02
   7162.60  2.0285627E-02
   7162.80  2.0187830E-02
   7163.00  2.0094589E-02
   7163.20  2.0008209E-02
   7163.40  1.9929689E-02
   7163.60  1.9860421E-02
   7163.80  1.9800678E-02
   7164.00  1.9750990E-02
   7164.20  1.9711856E-02
   7164.40  1.9681118E-02
   7164.60  1.9664315E-02
   7164.80  1.9658896E-02
   7165.00  1.9664912E-02
   7165.20  1.9682624E-02
   7165.40  1.9711670E-02
   7165.60  1.9751906E-02
   7165.80  1.9803220E-02
   7166.00  1.9865585E-02
   7166.20  1.9939007E-02
   7166.40  2.0022986E-02
   7166.60  2.0117419E-02
   7166.80  2.0222183E-02
   7167.00  2.0337122E-02
   7167.20  2.0461970E-02
   7167.40  2.0596515E-02
   7167.60  2.0740499E-02
   7167.80  2.0893837E-02
   7168.00  2.1056368E-02
   7168.20  2.1227894E-02
   7168.40  2.1408069E-02
   7168.60  2.1596765E-02
   7168.80  2.1793823E-02
   7169.00  2.1998879E-02
   7169.20  2.2211643E-02
   7169.40  2.2431744E-02
   7169.60  2.2658809E-02
   7169.80  2.2892426E-02
   7170.00  2.3132102E-02
   7170.20  2.3377463E-02
   7170.40  2.3627976E-02
   7170.60  2.3882768E-02
   7170.80  2.4141396E-02
   7171.00  2.4403427E-02
   7171.20  2.4668230E-02
   7171.40  2.4935103E-02
   7171.60  2.5203336E-02
   7171.80  2.5472196E-02
   7172.00  2.5741014E-02
