  7112.000   26  1  1  1.6862595E-02 -2.8713356E+00 -1.3393548E+00  1  1  7.2654079E+03  0.0000000E+00  0.0000000E+00  2.6497159E+00  1.0000000E+00  0.0000000E+00 = E_edge, Z, n_edge, j_edge, Abs_before_edge, VO_interstitial, E_cut, ninitl, ninit1, Epsii, UnitCell_Volume, Surface_ref, f0_forward, natomsym_f, abs_u_i
    Energy    <xanes>    
   7097.00  2.9378982E-05
   7097.20  6.0885090E-05
   7097.40  1.1318383E-03
   7097.60  4.3635773E-05
   7097.80  2.8918608E-05
   7098.00  2.6458891E-05
   7098.20  2.6431227E-05
   7098.40  2.7660550E-05
   7098.60  3.0347914E-05
   7098.80  3.5877187E-05
   7099.00  4.9365051E-05
   7099.20  9.9359386E-05
   7099.40  8.4787557E-04
   7099.60  5.0009344E-04
   7099.80  9.0634601E-05
   7100.00  5.4091985E-05
   7100.20  4.7656306E-05
   7100.40  5.2960257E-05
   7100.60  8.0212024E-05
   7100.80  3.1043014E-04
   7101.00  1.2120896E-03
   7101.20  1.2718676E-04
   7101.40  1.0598545E-04
   7101.60  1.7935704E-04
   7101.80  8.0705520E-04
   7102.00  6.3350908E-03
   7102.20  3.3331845E-04
   7102.40  3.4203785E-03
   7102.60  1.6747340E-04
   7102.80  1.8924550E-03
   7103.00  2.1138663E-04
   7103.20  9.0129903E-05
   7103.40  2.1781789E-04
   7103.60  2.5400346E-03
   7103.80  1.1028287E-04
   7104.00  1.3270851E-03
   7104.20  1.1752296E-04
   7104.40  4.0452397E-04
   7104.60  1.2062362E-03
   7104.80  2.0649825E-03
   7105.00  2.0052510E-04
   7105.20  9.5327599E-05
   7105.40  8.8948289E-05
   7105.60  1.2300616E-04
   7105.80  2.3418199E-04
   7106.00  2.0688903E-04
   7106.20  1.5557626E-04
   7106.40  1.0873297E-04
   7106.60  4.0413351E-03
   7106.80  4.5717460E-04
   7107.00  1.8749092E-04
   7107.20  4.7497234E-04
   7107.40  3.1967072E-02
   7107.60  7.1408316E-04
   7107.80  6.7329732E-03
   7108.00  2.4949143E-04
   7108.20  1.8969224E-03
   7108.40  1.6937683E-02
   7108.60  9.7096075E-03
   7108.80  3.1731014E-03
   7109.00  1.5327147E-02
   7109.20  2.4777213E-03
   7109.40  7.9398826E-04
   7109.60  4.3931518E-02
   7109.80  6.1378573E-03
   7110.00  2.8831041E-03
   7110.20  9.3023613E-03
   7110.40  9.5820260E-03
   7110.60  9.4325621E-03
   7110.80  7.5263984E-03
   7111.00  6.2872492E-03
   7111.20  7.6950477E-03
   7111.40  1.3614271E-02
   7111.60  2.3905265E-02
   7111.80  2.2151864E-02
   7112.00  1.6020315E-02
   7112.20  1.4762706E-02
   7112.40  1.3402540E-02
   7112.60  1.2860986E-02
   7112.80  1.4360472E-02
   7113.00  1.6204119E-02
   7113.20  1.8527568E-02
   7113.40  2.3450680E-02
   7113.60  3.3779449E-02
   7113.80  4.6110419E-02
   7114.00  4.4701065E-02
   7114.20  3.7037174E-02
   7114.40  3.0360724E-02
   7114.60  2.3862823E-02
   7114.80  1.8617037E-02
   7115.00  1.4938803E-02
   7115.20  1.2452929E-02
   7115.40  1.0782601E-02
   7115.60  9.7025565E-03
   7115.80  9.1092157E-03
   7116.00  8.8634330E-03
   7116.20  8.9906490E-03
   7116.40  9.1701440E-03
   7116.60  9.1073882E-03
   7116.80  8.5155404E-03
   7117.00  7.5477535E-03
   7117.20  6.6600393E-03
   7117.40  6.0828109E-03
   7117.60  5.8240918E-03
   7117.80  5.8264943E-03
   7118.00  5.9921820E-03
   7118.20  6.1634248E-03
   7118.40  6.2049341E-03
   7118.60  6.1238767E-03
   7118.80  6.0212148E-03
   7119.00  5.9775853E-03
   7119.20  6.0225935E-03
   7119.40  6.1544981E-03
   7119.60  6.3640065E-03
   7119.80  6.6499108E-03
   7120.00  7.0166547E-03
   7120.20  7.4505236E-03
   7120.40  7.8807607E-03
   7120.60  8.1400511E-03
   7120.80  8.1007392E-03
   7121.00  7.7937626E-03
   7121.20  7.3290976E-03
   7121.40  6.8686726E-03
   7121.60  6.5475736E-03
   7121.80  6.4079276E-03
   7122.00  6.4525750E-03
   7122.20  6.6688855E-03
   7122.40  7.0612681E-03
   7122.60  7.6319402E-03
   7122.80  8.4382398E-03
   7123.00  9.4412537E-03
   7123.20  1.0655866E-02
   7123.40  1.2019001E-02
   7123.60  1.3409121E-02
   7123.80  1.4669222E-02
   7124.00  1.5659766E-02
   7124.20  1.6254108E-02
   7124.40  1.6478983E-02
   7124.60  1.6657951E-02
   7124.80  1.7086034E-02
   7125.00  1.7795331E-02
   7125.20  1.8675831E-02
   7125.40  1.9621779E-02
   7125.60  2.0548019E-02
   7125.80  2.1386721E-02
   7126.00  2.2096767E-02
   7126.20  2.2683932E-02
   7126.40  2.3191955E-02
   7126.60  2.3691278E-02
   7126.80  2.4170542E-02
   7127.00  2.4725958E-02
   7127.20  2.5390922E-02
   7127.40  2.6180445E-02
   7127.60  2.6886076E-02
   7127.80  2.7292134E-02
   7128.00  2.7263291E-02
   7128.20  2.6967393E-02
   7128.40  2.6661240E-02
   7128.60  2.6353945E-02
   7128.80  2.6041021E-02
   7129.00  2.5722253E-02
   7129.20  2.5425581E-02
   7129.40  2.5238700E-02
   7129.60  2.5183577E-02
   7129.80  2.5298933E-02
   7130.00  2.5610557E-02
   7130.20  2.6118658E-02
   7130.40  2.6804698E-02
   7130.60  2.7648091E-02
   7130.80  2.8639337E-02
   7131.00  2.9778484E-02
   7131.20  3.1066349E-02
   7131.40  3.2505902E-02
   7131.60  3.4117523E-02
   7131.80  3.5949218E-02
   7132.00  3.8074648E-02
   7132.20  4.0589192E-02
   7132.40  4.3615828E-02
   7132.60  4.7315725E-02
   7132.80  5.1874782E-02
   7133.00  5.7448110E-02
   7133.20  6.4046360E-02
   7133.40  7.1365031E-02
   7133.60  7.8654627E-02
   7133.80  8.4833375E-02
   7134.00  8.8971866E-02
   7134.20  9.0843080E-02
   7134.40  9.1009044E-02
   7134.60  9.0396274E-02
   7134.80  8.9748349E-02
   7135.00  8.9340889E-02
   7135.20  8.8891676E-02
   7135.40  8.7804453E-02
   7135.60  8.5664579E-02
   7135.80  8.2588601E-02
   7136.00  7.9047941E-02
   7136.20  7.5484650E-02
   7136.40  7.2141438E-02
   7136.60  6.9095031E-02
   7136.80  6.6335717E-02
   7137.00  6.3822799E-02
   7137.20  6.1514662E-02
   7137.40  5.9376384E-02
   7137.60  5.7383709E-02
   7137.80  5.5521952E-02
   7138.00  5.3784514E-02
   7138.20  5.2169027E-02
   7138.40  5.0677409E-02
   7138.60  4.9311734E-02
   7138.80  4.8073064E-02
   7139.00  4.6961838E-02
   7139.20  4.5975695E-02
   7139.40  4.5109568E-02
   7139.60  4.4356416E-02
   7139.80  4.3706658E-02
   7140.00  4.3148255E-02
   7140.20  4.2666814E-02
   7140.40  4.2246691E-02
   7140.60  4.1870940E-02
   7140.80  4.1522030E-02
   7141.00  4.1182752E-02
   7141.20  4.0837584E-02
   7141.40  4.0474393E-02
   7141.60  4.0097884E-02
   7141.80  3.9693699E-02
   7142.00  3.9262030E-02
   7142.20  3.8806863E-02
   7142.40  3.8335233E-02
   7142.60  3.7856528E-02
   7142.80  3.7374473E-02
   7143.00  3.6895567E-02
   7143.20  3.6421926E-02
   7143.40  3.5952484E-02
   7143.60  3.5483723E-02
   7143.80  3.5010161E-02
   7144.00  3.4525642E-02
   7144.20  3.4024597E-02
   7144.40  3.3503303E-02
   7144.60  3.2960556E-02
   7144.80  3.2398537E-02
   7145.00  3.1822323E-02
   7145.20  3.1239451E-02
   7145.40  3.0659068E-02
   7145.60  3.0090740E-02
   7145.80  2.9537344E-02
   7146.00  2.9018921E-02
   7146.20  2.8535401E-02
   7146.40  2.8090831E-02
   7146.60  2.7687191E-02
   7146.80  2.7324616E-02
   7147.00  2.7001642E-02
   7147.20  2.6715531E-02
   7147.40  2.6462855E-02
   7147.60  2.6240049E-02
   7147.80  2.6043859E-02
   7148.00  2.5871663E-02
   7148.20  2.5719286E-02
   7148.40  2.5590133E-02
   7148.60  2.5481617E-02
   7148.80  2.5393972E-02
   7149.00  2.5325698E-02
   7149.20  2.5278028E-02
   7149.40  2.5246102E-02
   7149.60  2.5230730E-02
   7149.80  2.5225777E-02
   7150.00  2.5239148E-02
   7150.20  2.5264289E-02
   7150.40  2.5299027E-02
   7150.60  2.5341154E-02
   7150.80  2.5388597E-02
   7151.00  2.5439049E-02
   7151.20  2.5490539E-02
   7151.40  2.5541977E-02
   7151.60  2.5590653E-02
   7151.80  2.5636069E-02
   7152.00  2.5677353E-02
   7152.20  2.5714051E-02
   7152.40  2.5745888E-02
   7152.60  2.5773124E-02
   7152.80  2.5795990E-02
   7153.00  2.5815064E-02
   7153.20  2.5831169E-02
   7153.40  2.5845262E-02
   7153.60  2.5858509E-02
   7153.80  2.5872110E-02
   7154.00  2.5887018E-02
   7154.20  2.5904265E-02
   7154.40  2.5924829E-02
   7154.60  2.5949608E-02
   7154.80  2.5979380E-02
   7155.00  2.6015018E-02
   7155.20  2.6056890E-02
   7155.40  2.6105345E-02
   7155.60  2.6160658E-02
   7155.80  2.6222992E-02
   7156.00  2.6292465E-02
   7156.20  2.6369033E-02
   7156.40  2.6452577E-02
   7156.60  2.6542837E-02
   7156.80  2.6639610E-02
   7157.00  2.6742189E-02
   7157.20  2.6850184E-02
   7157.40  2.6963405E-02
   7157.60  2.7081920E-02
   7157.80  2.7203759E-02
   7158.00  2.7328103E-02
   7158.20  2.7453973E-02
   7158.40  2.7580236E-02
   7158.60  2.7705895E-02
   7158.80  2.7829934E-02
   7159.00  2.7951332E-02
   7159.20  2.8069228E-02
   7159.40  2.8182906E-02
   7159.60  2.8291817E-02
   7159.80  2.8395620E-02
   7160.00  2.8494194E-02
   7160.20  2.8587467E-02
   7160.40  2.8675959E-02
   7160.60  2.8758694E-02
   7160.80  2.8837558E-02
   7161.00  2.8912409E-02
   7161.20  2.8983736E-02
   7161.40  2.9052055E-02
   7161.60  2.9120160E-02
   7161.80  2.9185769E-02
   7162.00  2.9246668E-02
   7162.20  2.9305264E-02
   7162.40  2.9364184E-02
   7162.60  2.9428485E-02
   7162.80  2.9481743E-02
   7163.00  2.9533255E-02
   7163.20  2.9583175E-02
   7163.40  2.9631863E-02
   7163.60  2.9679942E-02
   7163.80  2.9727222E-02
   7164.00  2.9774066E-02
   7164.20  2.9820875E-02
   7164.40  2.9868295E-02
   7164.60  2.9916934E-02
   7164.80  2.9969373E-02
   7165.00  3.0020921E-02
   7165.20  3.0074422E-02
   7165.40  3.0130160E-02
   7165.60  3.0188745E-02
   7165.80  3.0249827E-02
   7166.00  3.0313444E-02
   7166.20  3.0379548E-02
   7166.40  3.0448024E-02
   7166.60  3.0518952E-02
   7166.80  3.0592545E-02
   7167.00  3.0667940E-02
   7167.20  3.0744587E-02
   7167.40  3.0822020E-02
   7167.60  3.0899843E-02
   7167.80  3.0977572E-02
   7168.00  3.1054879E-02
   7168.20  3.1126376E-02
   7168.40  3.1202400E-02
   7168.60  3.1274459E-02
   7168.80  3.1345823E-02
   7169.00  3.1414717E-02
   7169.20  3.1480873E-02
   7169.40  3.1544067E-02
   7169.60  3.1604025E-02
   7169.80  3.1660669E-02
   7170.00  3.1713955E-02
   7170.20  3.1763458E-02
   7170.40  3.1808932E-02
   7170.60  3.1850157E-02
   7170.80  3.1886939E-02
   7171.00  3.1919038E-02
   7171.20  3.1946152E-02
   7171.40  3.1967968E-02
   7171.60  3.1984361E-02
   7171.80  3.1995303E-02
   7172.00  3.2000333E-02
