  7112.000   26  1  1  9.6516125E-03 -3.5124846E+00 -1.3523016E+00  1  1  7.2655769E+03  0.0000000E+00  0.0000000E+00  2.8034801E+00  1.0000000E+00  0.0000000E+00 = E_edge, Z, n_edge, j_edge, Abs_before_edge, VO_interstitial, E_cut, ninitl, ninit1, Epsii, UnitCell_Volume, Surface_ref, f0_forward, natomsym_f, abs_u_i
    Energy    <xanes>    
   7097.00  3.3312919E-04
   7097.20  8.4735102E-05
   7097.40  4.9665715E-05
   7097.60  3.7719818E-05
   7097.80  3.2106318E-05
   7098.00  2.9029225E-05
   7098.20  2.7236221E-05
   7098.40  2.6259350E-05
   7098.60  2.6052766E-05
   7098.80  2.7403175E-05
   7099.00  3.9017425E-05
   7099.20  5.9359338E-04
   7099.40  4.3408835E-05
   7099.60  2.6682764E-05
   7099.80  2.5039370E-05
   7100.00  2.4869458E-05
   7100.20  2.5321816E-05
   7100.40  2.6672911E-05
   7100.60  3.4571711E-05
   7100.80  4.5927100E-05
   7101.00  3.7917643E-05
   7101.20  8.2645200E-05
   7101.40  4.0966012E-04
   7101.60  9.2378976E-05
   7101.80  1.4465132E-04
   7102.00  1.9101260E-04
   7102.20  1.6278293E-03
   7102.40  6.1103135E-03
   7102.60  1.0137772E-04
   7102.80  2.9791622E-04
   7103.00  3.8408813E-04
   7103.20  5.2620458E-04
   7103.40  4.9242005E-04
   7103.60  4.9535089E-04
   7103.80  8.3073059E-05
   7104.00  6.7685257E-05
   7104.20  2.8577303E-04
   7104.40  7.3444241E-05
   7104.60  1.5611787E-04
   7104.80  5.7926250E-04
   7105.00  5.6082266E-04
   7105.20  3.9848776E-04
   7105.40  2.9287575E-04
   7105.60  3.5307108E-03
   7105.80  6.3537900E-03
   7106.00  3.0800603E-04
   7106.20  7.6475256E-03
   7106.40  6.5418195E-04
   7106.60  2.4043613E-03
   7106.80  2.2781464E-02
   7107.00  7.0013984E-04
   7107.20  2.5529876E-03
   7107.40  1.5511437E-03
   7107.60  3.1264496E-03
   7107.80  7.0141104E-03
   7108.00  5.9525224E-04
   7108.20  5.1920563E-03
   7108.40  2.0426922E-03
   7108.60  1.2383557E-03
   7108.80  1.7893623E-02
   7109.00  1.4368921E-02
   7109.20  6.2107751E-03
   7109.40  3.4867261E-02
   7109.60  3.4623178E-02
   7109.80  1.6053859E-02
   7110.00  1.4368511E-02
   7110.20  1.6713239E-02
   7110.40  1.8733106E-02
   7110.60  1.0672064E-02
   7110.80  1.3522673E-02
   7111.00  1.8346293E-02
   7111.20  1.8439924E-02
   7111.40  1.7946330E-02
   7111.60  1.6660696E-02
   7111.80  2.7455583E-02
   7112.00  3.3384575E-02
   7112.20  4.5009150E-02
   7112.40  3.7606246E-02
   7112.60  2.2003150E-02
   7112.80  1.4624230E-02
   7113.00  1.2552242E-02
   7113.20  1.0608553E-02
   7113.40  8.4409141E-03
   7113.60  7.0535514E-03
   7113.80  5.8535128E-03
   7114.00  4.6947006E-03
   7114.20  3.9395819E-03
   7114.40  3.7069568E-03
   7114.60  4.2605497E-03
   7114.80  7.2951098E-03
   7115.00  1.9247925E-02
   7115.20  1.0713989E-02
   7115.40  5.5652599E-03
   7115.60  4.7765253E-03
   7115.80  5.3390523E-03
   7116.00  7.1142521E-03
   7116.20  1.0926731E-02
   7116.40  1.8649441E-02
   7116.60  3.1301638E-02
   7116.80  3.8970473E-02
   7117.00  3.2155075E-02
   7117.20  2.2697203E-02
   7117.40  1.6413610E-02
   7117.60  1.2856526E-02
   7117.80  1.1169498E-02
   7118.00  9.5355738E-03
   7118.20  7.4917313E-03
   7118.40  6.4929857E-03
   7118.60  6.4279949E-03
   7118.80  7.3945319E-03
   7119.00  1.0001172E-02
   7119.20  1.2174403E-02
   7119.40  9.8648276E-03
   7119.60  8.2409916E-03
   7119.80  8.0000869E-03
   7120.00  8.3132460E-03
   7120.20  8.4774866E-03
   7120.40  7.9567223E-03
   7120.60  7.0226007E-03
   7120.80  6.3058584E-03
   7121.00  5.9637868E-03
   7121.20  5.8787716E-03
   7121.40  5.9355517E-03
   7121.60  6.0778881E-03
   7121.80  6.2712207E-03
   7122.00  6.5171588E-03
   7122.20  6.8132395E-03
   7122.40  7.1652995E-03
   7122.60  7.5764553E-03
   7122.80  8.0754557E-03
   7123.00  8.6500050E-03
   7123.20  9.3219956E-03
   7123.40  9.9145700E-03
   7123.60  1.0302311E-02
   7123.80  1.0502164E-02
   7124.00  1.0712132E-02
   7124.20  1.1052548E-02
   7124.40  1.1507946E-02
   7124.60  1.2027330E-02
   7124.80  1.2597535E-02
   7125.00  1.3254681E-02
   7125.20  1.4049717E-02
   7125.40  1.5029201E-02
   7125.60  1.6189017E-02
   7125.80  1.7537333E-02
   7126.00  1.9058524E-02
   7126.20  2.0721783E-02
   7126.40  2.2478717E-02
   7126.60  2.4126842E-02
   7126.80  2.5522368E-02
   7127.00  2.6541643E-02
   7127.20  2.7044112E-02
   7127.40  2.6910614E-02
   7127.60  2.6136548E-02
   7127.80  2.5134032E-02
   7128.00  2.4332004E-02
   7128.20  2.3983255E-02
   7128.40  2.4136090E-02
   7128.60  2.4712161E-02
   7128.80  2.5593502E-02
   7129.00  2.6664490E-02
   7129.20  2.7854505E-02
   7129.40  2.9135174E-02
   7129.60  3.0519794E-02
   7129.80  3.2035377E-02
   7130.00  3.3687254E-02
   7130.20  3.5437857E-02
   7130.40  3.7201849E-02
   7130.60  3.8859012E-02
   7130.80  4.0285000E-02
   7131.00  4.1394583E-02
   7131.20  4.2173820E-02
   7131.40  4.2683360E-02
   7131.60  4.3027517E-02
   7131.80  4.3310030E-02
   7132.00  4.3598379E-02
   7132.20  4.3910477E-02
   7132.40  4.4228389E-02
   7132.60  4.4526840E-02
   7132.80  4.4801487E-02
   7133.00  4.5083875E-02
   7133.20  4.5436950E-02
   7133.40  4.5936615E-02
   7133.60  4.6642945E-02
   7133.80  4.7568410E-02
   7134.00  4.8656146E-02
   7134.20  4.9791488E-02
   7134.40  5.0844103E-02
   7134.60  5.1712862E-02
   7134.80  5.2331198E-02
   7135.00  5.2661598E-02
   7135.20  5.2690718E-02
   7135.40  5.2427448E-02
   7135.60  5.1900853E-02
   7135.80  5.1156551E-02
   7136.00  5.0253003E-02
   7136.20  4.9255859E-02
   7136.40  4.8231474E-02
   7136.60  4.7239571E-02
   7136.80  4.6326986E-02
   7137.00  4.5525015E-02
   7137.20  4.4849321E-02
   7137.40  4.4303451E-02
   7137.60  4.3883376E-02
   7137.80  4.3581537E-02
   7138.00  4.3389359E-02
   7138.20  4.3298527E-02
   7138.40  4.3300737E-02
   7138.60  4.3386776E-02
   7138.80  4.3544564E-02
   7139.00  4.3757960E-02
   7139.20  4.4006198E-02
   7139.40  4.4264505E-02
   7139.60  4.4507241E-02
   7139.80  4.4712518E-02
   7140.00  4.4866903E-02
   7140.20  4.4968059E-02
   7140.40  4.5024849E-02
   7140.60  4.5054039E-02
   7140.80  4.5075589E-02
   7141.00  4.5108887E-02
   7141.20  4.5179014E-02
   7141.40  4.5281322E-02
   7141.60  4.5417960E-02
   7141.80  4.5586922E-02
   7142.00  4.5782182E-02
   7142.20  4.5997711E-02
   7142.40  4.6224058E-02
   7142.60  4.6451846E-02
   7142.80  4.6671449E-02
   7143.00  4.6873343E-02
   7143.20  4.7047951E-02
   7143.40  4.7185800E-02
   7143.60  4.7277770E-02
   7143.80  4.7315329E-02
   7144.00  4.7291118E-02
   7144.20  4.7199685E-02
   7144.40  4.7038373E-02
   7144.60  4.6807830E-02
   7144.80  4.6512116E-02
   7145.00  4.6158651E-02
   7145.20  4.5757229E-02
   7145.40  4.5318914E-02
   7145.60  4.4854976E-02
   7145.80  4.4375863E-02
   7146.00  4.3890586E-02
   7146.20  4.3406441E-02
   7146.40  4.2928894E-02
   7146.60  4.2461749E-02
   7146.80  4.2007407E-02
   7147.00  4.1566993E-02
   7147.20  4.1137460E-02
   7147.40  4.0725201E-02
   7147.60  4.0326061E-02
   7147.80  3.9939125E-02
   7148.00  3.9563386E-02
   7148.20  3.9196728E-02
   7148.40  3.8840468E-02
   7148.60  3.8492806E-02
   7148.80  3.8163913E-02
   7149.00  3.7843560E-02
   7149.20  3.7529428E-02
   7149.40  3.7220861E-02
   7149.60  3.6915795E-02
   7149.80  3.6616508E-02
   7150.00  3.6321163E-02
   7150.20  3.6029263E-02
   7150.40  3.5740672E-02
   7150.60  3.5455671E-02
   7150.80  3.5174276E-02
   7151.00  3.4897658E-02
   7151.20  3.4625710E-02
   7151.40  3.4360629E-02
   7151.60  3.4103470E-02
   7151.80  3.3855720E-02
   7152.00  3.3620242E-02
   7152.20  3.3398057E-02
   7152.40  3.3190890E-02
   7152.60  3.2996581E-02
   7152.80  3.2820850E-02
   7153.00  3.2665275E-02
   7153.20  3.2528002E-02
   7153.40  3.2409393E-02
   7153.60  3.2309016E-02
   7153.80  3.2226219E-02
   7154.00  3.2160210E-02
   7154.20  3.2109972E-02
   7154.40  3.2074293E-02
   7154.60  3.2051884E-02
   7154.80  3.2041361E-02
   7155.00  3.2040800E-02
   7155.20  3.2048385E-02
   7155.40  3.2062169E-02
   7155.60  3.2080036E-02
   7155.80  3.2099617E-02
   7156.00  3.2118262E-02
   7156.20  3.2133283E-02
   7156.40  3.2141178E-02
   7156.60  3.2138369E-02
   7156.80  3.2120960E-02
   7157.00  3.2084936E-02
   7157.20  3.2026943E-02
   7157.40  3.1942529E-02
   7157.60  3.1828852E-02
   7157.80  3.1684903E-02
   7158.00  3.1510442E-02
   7158.20  3.1307222E-02
   7158.40  3.1078604E-02
   7158.60  3.0829149E-02
   7158.80  3.0564371E-02
   7159.00  3.0286083E-02
   7159.20  3.0010826E-02
   7159.40  2.9735109E-02
   7159.60  2.9468970E-02
   7159.80  2.9207281E-02
   7160.00  2.8966718E-02
   7160.20  2.8745177E-02
   7160.40  2.8544029E-02
   7160.60  2.8364661E-02
   7160.80  2.8207502E-02
   7161.00  2.8073796E-02
   7161.20  2.7964909E-02
   7161.40  2.7879917E-02
   7161.60  2.7814137E-02
   7161.80  2.7769301E-02
   7162.00  2.7747365E-02
   7162.20  2.7740970E-02
   7162.40  2.7751300E-02
   7162.60  2.7776578E-02
   7162.80  2.7814863E-02
   7163.00  2.7867426E-02
   7163.20  2.7925451E-02
   7163.40  2.7990405E-02
   7163.60  2.8059378E-02
   7163.80  2.8130106E-02
   7164.00  2.8200350E-02
   7164.20  2.8268282E-02
   7164.40  2.8331813E-02
   7164.60  2.8388889E-02
   7164.80  2.8437954E-02
   7165.00  2.8477762E-02
   7165.20  2.8507588E-02
   7165.40  2.8526830E-02
   7165.60  2.8534864E-02
   7165.80  2.8531561E-02
   7166.00  2.8517068E-02
   7166.20  2.8484048E-02
   7166.40  2.8449411E-02
   7166.60  2.8404998E-02
   7166.80  2.8351582E-02
   7167.00  2.8289894E-02
   7167.20  2.8220670E-02
   7167.40  2.8144659E-02
   7167.60  2.8062546E-02
   7167.80  2.7975103E-02
   7168.00  2.7883181E-02
   7168.20  2.7786829E-02
   7168.40  2.7686542E-02
   7168.60  2.7582804E-02
   7168.80  2.7476123E-02
   7169.00  2.7367025E-02
   7169.20  2.7256104E-02
   7169.40  2.7143892E-02
   7169.60  2.7031321E-02
   7169.80  2.6918641E-02
   7170.00  2.6806568E-02
   7170.20  2.6695848E-02
   7170.40  2.6587290E-02
   7170.60  2.6481626E-02
   7170.80  2.6379658E-02
   7171.00  2.6282147E-02
   7171.20  2.6189871E-02
   7171.40  2.6103834E-02
   7171.60  2.6024202E-02
   7171.80  2.5951519E-02
   7172.00  2.5886141E-02
