  7112.000   26  1  1  1.8397434E-02 -1.7766500E+00 -1.6916126E+00  1  1  7.2659180E+03  0.0000000E+00  0.0000000E+00  2.2159765E+00  1.0000000E+00  0.0000000E+00 = E_edge, Z, n_edge, j_edge, Abs_before_edge, VO_interstitial, E_cut, ninitl, ninit1, Epsii, UnitCell_Volume, Surface_ref, f0_forward, natomsym_f, abs_u_i
    Energy    <xanes>    
   7097.00  1.2449290E-04
   7097.20  5.5443953E-05
   7097.40  3.8119956E-05
   7097.60  3.1339017E-05
   7097.80  2.8061627E-05
   7098.00  2.6291849E-05
   7098.20  2.5291506E-05
   7098.40  2.4739277E-05
   7098.60  2.4481387E-05
   7098.80  2.4441972E-05
   7099.00  2.4587317E-05
   7099.20  2.4911651E-05
   7099.40  2.5434159E-05
   7099.60  2.6204001E-05
   7099.80  2.7318134E-05
   7100.00  2.8966419E-05
   7100.20  3.1551230E-05
   7100.40  3.6079814E-05
   7100.60  4.6027406E-05
   7100.80  8.7911011E-05
   7101.00  1.3677832E-03
   7101.20  2.5885742E-04
   7101.40  1.5024495E-03
   7101.60  1.6737119E-03
   7101.80  1.3889064E-04
   7102.00  8.2886130E-05
   7102.20  1.4732201E-04
   7102.40  2.8130299E-04
   7102.60  8.5268358E-05
   7102.80  1.5484357E-04
   7103.00  4.1306697E-04
   7103.20  3.7513557E-04
   7103.40  3.2234503E-03
   7103.60  1.5182977E-03
   7103.80  2.0307621E-03
   7104.00  7.6478122E-03
   7104.20  3.2403473E-04
   7104.40  1.2809660E-03
   7104.60  6.5718862E-04
   7104.80  8.6124442E-03
   7105.00  2.4879611E-04
   7105.20  1.7852695E-04
   7105.40  2.9111236E-04
   7105.60  1.3024249E-02
   7105.80  6.9967649E-03
   7106.00  1.9469363E-02
   7106.20  1.0428315E-03
   7106.40  3.1491160E-04
   7106.60  3.0665519E-04
   7106.80  1.3352774E-03
   7107.00  3.4151171E-04
   7107.20  1.7276004E-03
   7107.40  2.6358321E-03
   7107.60  3.4830684E-04
   7107.80  2.5202991E-04
   7108.00  2.4328544E-03
   7108.20  1.7112832E-03
   7108.40  8.3278153E-04
   7108.60  8.2077144E-03
   7108.80  1.1554963E-02
   7109.00  2.9736313E-03
   7109.20  3.1432709E-03
   7109.40  1.2064302E-03
   7109.60  1.2041647E-02
   7109.80  4.2182685E-03
   7110.00  4.2440840E-03
   7110.20  7.8825662E-03
   7110.40  7.4934543E-03
   7110.60  1.0687612E-03
   7110.80  1.7470899E-03
   7111.00  2.8133886E-03
   7111.20  7.1973150E-03
   7111.40  2.6526710E-02
   7111.60  4.4071142E-02
   7111.80  2.4066082E-02
   7112.00  2.8810032E-02
   7112.20  2.4316830E-02
   7112.40  5.5600644E-02
   7112.60  5.8206049E-02
   7112.80  4.0005970E-02
   7113.00  2.2554554E-02
   7113.20  2.2967930E-02
   7113.40  2.5887522E-02
   7113.60  2.9863299E-02
   7113.80  3.2941217E-02
   7114.00  2.4700458E-02
   7114.20  1.5565625E-02
   7114.40  1.0149207E-02
   7114.60  7.1519438E-03
   7114.80  5.4860481E-03
   7115.00  4.7002624E-03
   7115.20  4.8182139E-03
   7115.40  6.5256620E-03
   7115.60  1.1126739E-02
   7115.80  1.3650408E-02
   7116.00  9.6937326E-03
   7116.20  6.7956321E-03
   7116.40  5.6085817E-03
   7116.60  5.9100160E-03
   7116.80  6.6200532E-03
   7117.00  6.5402569E-03
   7117.20  5.5850241E-03
   7117.40  4.5605327E-03
   7117.60  3.7885463E-03
   7117.80  3.2556128E-03
   7118.00  2.8957555E-03
   7118.20  2.6595388E-03
   7118.40  2.5173882E-03
   7118.60  2.4558140E-03
   7118.80  2.4757378E-03
   7119.00  2.5907068E-03
   7119.20  2.8138339E-03
   7119.40  3.1269390E-03
   7119.60  3.4885337E-03
   7119.80  3.8903282E-03
   7120.00  4.3159408E-03
   7120.20  4.6587816E-03
   7120.40  4.7255655E-03
   7120.60  4.4290496E-03
   7120.80  3.9943429E-03
   7121.00  3.6656758E-03
   7121.20  3.4990260E-03
   7121.40  3.4662840E-03
   7121.60  3.5376414E-03
   7121.80  3.6965168E-03
   7122.00  3.9388057E-03
   7122.20  4.2703646E-03
   7122.40  4.7048135E-03
   7122.60  5.2643625E-03
   7122.80  5.9798544E-03
   7123.00  6.8883300E-03
   7123.20  8.0309418E-03
   7123.40  9.4530617E-03
   7123.60  1.1209102E-02
   7123.80  1.3321855E-02
   7124.00  1.5775748E-02
   7124.20  1.8365627E-02
   7124.40  2.0589570E-02
   7124.60  2.1845058E-02
   7124.80  2.2009641E-02
   7125.00  2.1538030E-02
   7125.20  2.1023713E-02
   7125.40  2.0805273E-02
   7125.60  2.1003777E-02
   7125.80  2.1611176E-02
   7126.00  2.2638889E-02
   7126.20  2.4228927E-02
   7126.40  2.6429291E-02
   7126.60  2.8578799E-02
   7126.80  2.9998230E-02
   7127.00  3.0994663E-02
   7127.20  3.1747771E-02
   7127.40  3.2304880E-02
   7127.60  3.2791769E-02
   7127.80  3.3252011E-02
   7128.00  3.3776151E-02
   7128.20  3.4177103E-02
   7128.40  3.4486041E-02
   7128.60  3.4712735E-02
   7128.80  3.5038936E-02
   7129.00  3.5572185E-02
   7129.20  3.6401406E-02
   7129.40  3.7605015E-02
   7129.60  3.9232999E-02
   7129.80  4.1270783E-02
   7130.00  4.3596335E-02
   7130.20  4.5951846E-02
   7130.40  4.7978918E-02
   7130.60  4.9305967E-02
   7130.80  4.9777455E-02
   7131.00  4.9531772E-02
   7131.20  4.8930466E-02
   7131.40  4.8396688E-02
   7131.60  4.8281160E-02
   7131.80  4.8790304E-02
   7132.00  4.9951935E-02
   7132.20  5.1603906E-02
   7132.40  5.3426953E-02
   7132.60  5.5038248E-02
   7132.80  5.6118947E-02
   7133.00  5.6518229E-02
   7133.20  5.6280907E-02
   7133.40  5.5595133E-02
   7133.60  5.4703449E-02
   7133.80  5.3836694E-02
   7134.00  5.3196435E-02
   7134.20  5.2947208E-02
   7134.40  5.3149675E-02
   7134.60  5.3672891E-02
   7134.80  5.4245928E-02
   7135.00  5.4630772E-02
   7135.20  5.4722216E-02
   7135.40  5.4534256E-02
   7135.60  5.4154587E-02
   7135.80  5.3685411E-02
   7136.00  5.3205307E-02
   7136.20  5.2777589E-02
   7136.40  5.2440055E-02
   7136.60  5.2208508E-02
   7136.80  5.2081138E-02
   7137.00  5.2043040E-02
   7137.20  5.2070884E-02
   7137.40  5.2135230E-02
   7137.60  5.2204318E-02
   7137.80  5.2245817E-02
   7138.00  5.2230641E-02
   7138.20  5.2134367E-02
   7138.40  5.1940245E-02
   7138.60  5.1640654E-02
   7138.80  5.1238050E-02
   7139.00  5.0743796E-02
   7139.20  5.0174740E-02
   7139.40  4.9552352E-02
   7139.60  4.8899320E-02
   7139.80  4.8236663E-02
   7140.00  4.7582437E-02
   7140.20  4.6950649E-02
   7140.40  4.6351512E-02
   7140.60  4.5791686E-02
   7140.80  4.5274767E-02
   7141.00  4.4801897E-02
   7141.20  4.4372383E-02
   7141.40  4.3984229E-02
   7141.60  4.3646815E-02
   7141.80  4.3341666E-02
   7142.00  4.3062697E-02
   7142.20  4.2807079E-02
   7142.40  4.2572059E-02
   7142.60  4.2355047E-02
   7142.80  4.2153660E-02
   7143.00  4.1965722E-02
   7143.20  4.1789313E-02
   7143.40  4.1622787E-02
   7143.60  4.1464689E-02
   7143.80  4.1313748E-02
   7144.00  4.1168948E-02
   7144.20  4.1029393E-02
   7144.40  4.0894252E-02
   7144.60  4.0762831E-02
   7144.80  4.0634481E-02
   7145.00  4.0508590E-02
   7145.20  4.0384518E-02
   7145.40  4.0261640E-02
   7145.60  4.0139247E-02
   7145.80  4.0016515E-02
   7146.00  3.9892496E-02
   7146.20  3.9745494E-02
   7146.40  3.9617470E-02
   7146.60  3.9484682E-02
   7146.80  3.9345719E-02
   7147.00  3.9199266E-02
   7147.20  3.9044371E-02
   7147.40  3.8879757E-02
   7147.60  3.8704556E-02
   7147.80  3.8517929E-02
   7148.00  3.8319760E-02
   7148.20  3.8110242E-02
   7148.40  3.7889685E-02
   7148.60  3.7658535E-02
   7148.80  3.7418090E-02
   7149.00  3.7170270E-02
   7149.20  3.6916382E-02
   7149.40  3.6658328E-02
   7149.60  3.6398234E-02
   7149.80  3.6138007E-02
   7150.00  3.5879234E-02
   7150.20  3.5621552E-02
   7150.40  3.5370337E-02
   7150.60  3.5124866E-02
   7150.80  3.4885673E-02
   7151.00  3.4651265E-02
   7151.20  3.4425810E-02
   7151.40  3.4207765E-02
   7151.60  3.3997225E-02
   7151.80  3.3793643E-02
   7152.00  3.3596678E-02
   7152.20  3.3405848E-02
   7152.40  3.3220594E-02
   7152.60  3.3040539E-02
   7152.80  3.2864826E-02
   7153.00  3.2692599E-02
   7153.20  3.2523052E-02
   7153.40  3.2355327E-02
   7153.60  3.2188502E-02
   7153.80  3.2021739E-02
   7154.00  3.1854169E-02
   7154.20  3.1684455E-02
   7154.40  3.1511512E-02
   7154.60  3.1334047E-02
   7154.80  3.1156352E-02
   7155.00  3.0965941E-02
   7155.20  3.0766810E-02
   7155.40  3.0557576E-02
   7155.60  3.0336438E-02
   7155.80  3.0101834E-02
   7156.00  2.9852287E-02
   7156.20  2.9587093E-02
   7156.40  2.9304007E-02
   7156.60  2.9002862E-02
   7156.80  2.8683219E-02
   7157.00  2.8345312E-02
   7157.20  2.7989401E-02
   7157.40  2.7616256E-02
   7157.60  2.7227119E-02
   7157.80  2.6823736E-02
   7158.00  2.6408064E-02
   7158.20  2.5982409E-02
   7158.40  2.5541307E-02
   7158.60  2.5103379E-02
   7158.80  2.4663605E-02
   7159.00  2.4224724E-02
   7159.20  2.3789097E-02
   7159.40  2.3362539E-02
   7159.60  2.2941135E-02
   7159.80  2.2529543E-02
   7160.00  2.2130011E-02
   7160.20  2.1744670E-02
   7160.40  2.1374845E-02
   7160.60  2.1020409E-02
   7160.80  2.0684771E-02
   7161.00  2.0367797E-02
   7161.20  2.0068823E-02
   7161.40  1.9788211E-02
   7161.60  1.9526471E-02
   7161.80  1.9282903E-02
   7162.00  1.9057355E-02
   7162.20  1.8849975E-02
   7162.40  1.8660506E-02
   7162.60  1.8488343E-02
   7162.80  1.8333273E-02
   7163.00  1.8195160E-02
   7163.20  1.8074550E-02
   7163.40  1.7973997E-02
   7163.60  1.7888124E-02
   7163.80  1.7817434E-02
   7164.00  1.7763027E-02
   7164.20  1.7729009E-02
   7164.40  1.7707308E-02
   7164.60  1.7701274E-02
   7164.80  1.7710644E-02
   7165.00  1.7735093E-02
   7165.20  1.7774205E-02
   7165.40  1.7827645E-02
   7165.60  1.7894914E-02
   7165.80  1.7975200E-02
   7166.00  1.8067802E-02
   7166.20  1.8172026E-02
   7166.40  1.8287137E-02
   7166.60  1.8412437E-02
   7166.80  1.8547237E-02
   7167.00  1.8690929E-02
   7167.20  1.8842713E-02
   7167.40  1.9001870E-02
   7167.60  1.9167814E-02
   7167.80  1.9339895E-02
   7168.00  1.9517584E-02
   7168.20  1.9700356E-02
   7168.40  1.9887637E-02
   7168.60  2.0079057E-02
   7168.80  2.0274214E-02
   7169.00  2.0472616E-02
   7169.20  2.0673928E-02
   7169.40  2.0877818E-02
   7169.60  2.1083934E-02
   7169.80  2.1291905E-02
   7170.00  2.1501558E-02
   7170.20  2.1712599E-02
   7170.40  2.1924764E-02
   7170.60  2.2137887E-02
   7170.80  2.2351927E-02
   7171.00  2.2566616E-02
   7171.20  2.2781817E-02
   7171.40  2.2997454E-02
   7171.60  2.3213714E-02
   7171.80  2.3430277E-02
   7172.00  2.3647000E-02
