  7112.000   26  1  1  1.9213912E-01  2.0017875E-01 -1.8036870E+00  1  1  7.2656413E+03  0.0000000E+00  0.0000000E+00  3.0289969E+00  1.0000000E+00  0.0000000E+00 = E_edge, Z, n_edge, j_edge, Abs_before_edge, VO_interstitial, E_cut, ninitl, ninit1, Epsii, UnitCell_Volume, Surface_ref, f0_forward, natomsym_f, abs_u_i
    Energy    <xanes>    
   7097.00  1.8855225E-05
   7097.20  1.8833021E-05
   7097.40  1.8826101E-05
   7097.60  1.8831105E-05
   7097.80  1.8846616E-05
   7098.00  1.8872154E-05
   7098.20  1.8907802E-05
   7098.40  1.8954016E-05
   7098.60  1.9011533E-05
   7098.80  1.9081418E-05
   7099.00  1.9165031E-05
   7099.20  1.9264082E-05
   7099.40  1.9380807E-05
   7099.60  1.9518040E-05
   7099.80  1.9679409E-05
   7100.00  1.9869779E-05
   7100.20  2.0095672E-05
   7100.40  2.0366123E-05
   7100.60  2.0694124E-05
   7100.80  2.1099328E-05
   7101.00  2.1613573E-05
   7101.20  2.2293440E-05
   7101.40  2.3255300E-05
   7101.60  2.4801760E-05
   7101.80  2.8110296E-05
   7102.00  4.4154184E-05
   7102.20  4.7505450E-04
   7102.40  4.0857205E-05
   7102.60  3.9790332E-05
   7102.80  4.9408420E-05
   7103.00  7.5558083E-05
   7103.20  1.7331712E-04
   7103.40  2.9462625E-03
   7103.60  1.2899027E-03
   7103.80  1.7865571E-04
   7104.00  2.0533590E-03
   7104.20  6.1855330E-05
   7104.40  4.6346868E-05
   7104.60  4.7202258E-05
   7104.80  6.1868093E-05
   7105.00  6.1976631E-05
   7105.20  7.9519883E-03
   7105.40  7.6013850E-05
   7105.60  1.1205168E-04
   7105.80  2.0925126E-04
   7106.00  6.5207671E-04
   7106.20  2.5202516E-02
   7106.40  3.2316302E-04
   7106.60  1.0810234E-04
   7106.80  3.7899287E-04
   7107.00  6.1985863E-05
   7107.20  1.1349263E-04
   7107.40  6.7356503E-05
   7107.60  7.1034934E-05
   7107.80  2.6492949E-04
   7108.00  9.6399242E-05
   7108.20  1.6942966E-04
   7108.40  1.0804406E-03
   7108.60  4.6416889E-02
   7108.80  6.4165170E-04
   7109.00  1.0662605E-02
   7109.20  2.5639893E-02
   7109.40  2.0166196E-03
   7109.60  4.2301788E-03
   7109.80  1.1320071E-02
   7110.00  4.7267059E-04
   7110.20  3.5055908E-03
   7110.40  5.2719596E-04
   7110.60  8.9613137E-03
   7110.80  9.2275181E-04
   7111.00  2.0318259E-03
   7111.20  2.9282782E-04
   7111.40  1.0202042E-03
   7111.60  2.9234082E-04
   7111.80  8.8993039E-04
   7112.00  2.5813723E-03
   7112.20  6.1986131E-03
   7112.40  2.4849870E-03
   7112.60  1.8663576E-03
   7112.80  1.5449034E-02
   7113.00  8.9193128E-03
   7113.20  6.5217645E-03
   7113.40  8.5380286E-03
   7113.60  1.2096385E-02
   7113.80  1.8319651E-02
   7114.00  4.0535020E-02
   7114.20  3.8629040E-02
   7114.40  2.7023615E-02
   7114.60  1.8536199E-02
   7114.80  1.7012129E-02
   7115.00  2.3624527E-02
   7115.20  4.1049395E-02
   7115.40  5.6802041E-02
   7115.60  6.3125247E-02
   7115.80  6.7774220E-02
   7116.00  4.9344412E-02
   7116.20  3.1809139E-02
   7116.40  2.2237761E-02
   7116.60  1.6981778E-02
   7116.80  1.3855650E-02
   7117.00  1.2070775E-02
   7117.20  1.1120357E-02
   7117.40  1.0827023E-02
   7117.60  1.1003288E-02
   7117.80  1.1463627E-02
   7118.00  1.2784489E-02
   7118.20  1.5744045E-02
   7118.40  1.8984039E-02
   7118.60  1.7101970E-02
   7118.80  1.2369264E-02
   7119.00  8.9767217E-03
   7119.20  7.5934327E-03
   7119.40  6.9717283E-03
   7119.60  6.7956845E-03
   7119.80  6.9459038E-03
   7120.00  7.3836613E-03
   7120.20  8.0934680E-03
   7120.40  8.8521314E-03
   7120.60  9.3283602E-03
   7120.80  9.2355606E-03
   7121.00  8.7018183E-03
   7121.20  8.0504567E-03
   7121.40  7.4849761E-03
   7121.60  7.1015823E-03
   7121.80  6.9950210E-03
   7122.00  7.2578645E-03
   7122.20  7.6574587E-03
   7122.40  7.6079699E-03
   7122.60  7.1628050E-03
   7122.80  6.6705426E-03
   7123.00  6.2591748E-03
   7123.20  5.9715739E-03
   7123.40  5.8406399E-03
   7123.60  5.8787090E-03
   7123.80  6.0495155E-03
   7124.00  6.2911497E-03
   7124.20  6.5628273E-03
   7124.40  6.8632911E-03
   7124.60  7.1808697E-03
   7124.80  7.5346601E-03
   7125.00  7.9428096E-03
   7125.20  8.4332922E-03
   7125.40  9.0352796E-03
   7125.60  9.7734902E-03
   7125.80  1.0631523E-02
   7126.00  1.1607556E-02
   7126.20  1.2697039E-02
   7126.40  1.3884844E-02
   7126.60  1.5128551E-02
   7126.80  1.6353743E-02
   7127.00  1.7466793E-02
   7127.20  1.8381789E-02
   7127.40  1.9054581E-02
   7127.60  1.9515684E-02
   7127.80  1.9876261E-02
   7128.00  2.0274752E-02
   7128.20  2.0805241E-02
   7128.40  2.1495768E-02
   7128.60  2.2335737E-02
   7128.80  2.3316953E-02
   7129.00  2.4414291E-02
   7129.20  2.5643136E-02
   7129.40  2.7044533E-02
   7129.60  2.8624667E-02
   7129.80  3.0228265E-02
   7130.00  3.1913993E-02
   7130.20  3.3656607E-02
   7130.40  3.5425863E-02
   7130.60  3.7187306E-02
   7130.80  3.8909372E-02
   7131.00  4.0571187E-02
   7131.20  4.2169970E-02
   7131.40  4.3772939E-02
   7131.60  4.5377206E-02
   7131.80  4.6944103E-02
   7132.00  4.8576082E-02
   7132.20  5.0194911E-02
   7132.40  5.1999977E-02
   7132.60  5.3881481E-02
   7132.80  5.5830583E-02
   7133.00  5.7779144E-02
   7133.20  5.9697521E-02
   7133.40  6.1533800E-02
   7133.60  6.3236470E-02
   7133.80  6.4759715E-02
   7134.00  6.6071568E-02
   7134.20  6.7146827E-02
   7134.40  6.7968464E-02
   7134.60  6.8526478E-02
   7134.80  6.8817055E-02
   7135.00  6.8842577E-02
   7135.20  6.8611446E-02
   7135.40  6.8138103E-02
   7135.60  6.7435855E-02
   7135.80  6.6537712E-02
   7136.00  6.5470377E-02
   7136.20  6.4261760E-02
   7136.40  6.2938671E-02
   7136.60  6.1525525E-02
   7136.80  6.0044006E-02
   7137.00  5.8512805E-02
   7137.20  5.6947565E-02
   7137.40  5.5360895E-02
   7137.60  5.3763975E-02
   7137.80  5.2164899E-02
   7138.00  5.0570303E-02
   7138.20  4.8987657E-02
   7138.40  4.7425770E-02
   7138.60  4.5895113E-02
   7138.80  4.4452045E-02
   7139.00  4.3098631E-02
   7139.20  4.1820731E-02
   7139.40  4.0641642E-02
   7139.60  3.9585402E-02
   7139.80  3.8673159E-02
   7140.00  3.7918436E-02
   7140.20  3.7321225E-02
   7140.40  3.6865892E-02
   7140.60  3.6522976E-02
   7140.80  3.6255240E-02
   7141.00  3.6026068E-02
   7141.20  3.5808306E-02
   7141.40  3.5589987E-02
   7141.60  3.5374890E-02
   7141.80  3.5177797E-02
   7142.00  3.5018458E-02
   7142.20  3.4916138E-02
   7142.40  3.4887306E-02
   7142.60  3.4945118E-02
   7142.80  3.5099356E-02
   7143.00  3.5356862E-02
   7143.20  3.5721670E-02
   7143.40  3.6195049E-02
   7143.60  3.6775618E-02
   7143.80  3.7459288E-02
   7144.00  3.8238477E-02
   7144.20  3.9099979E-02
   7144.40  4.0022331E-02
   7144.60  4.0972435E-02
   7144.80  4.1904965E-02
   7145.00  4.2764947E-02
   7145.20  4.3495116E-02
   7145.40  4.4046155E-02
   7145.60  4.4386585E-02
   7145.80  4.4508580E-02
   7146.00  4.4427464E-02
   7146.20  4.4175659E-02
   7146.40  4.3793766E-02
   7146.60  4.3322450E-02
   7146.80  4.2797012E-02
   7147.00  4.2244889E-02
   7147.20  4.1682468E-02
   7147.40  4.1127588E-02
   7147.60  4.0584407E-02
   7147.80  4.0055885E-02
   7148.00  3.9542482E-02
   7148.20  3.9043303E-02
   7148.40  3.8556756E-02
   7148.60  3.8080976E-02
   7148.80  3.7614299E-02
   7149.00  3.7155271E-02
   7149.20  3.6702899E-02
   7149.40  3.6257070E-02
   7149.60  3.5817626E-02
   7149.80  3.5384891E-02
   7150.00  3.4960337E-02
   7150.20  3.4544520E-02
   7150.40  3.4138228E-02
   7150.60  3.3742582E-02
   7150.80  3.3361352E-02
   7151.00  3.2996829E-02
   7151.20  3.2651683E-02
   7151.40  3.2329071E-02
   7151.60  3.2031508E-02
   7151.80  3.1761930E-02
   7152.00  3.1523167E-02
   7152.20  3.1318142E-02
   7152.40  3.1148739E-02
   7152.60  3.1016764E-02
   7152.80  3.0923480E-02
   7153.00  3.0869381E-02
   7153.20  3.0854116E-02
   7153.40  3.0875600E-02
   7153.60  3.0938346E-02
   7153.80  3.1023996E-02
   7154.00  3.1132228E-02
   7154.20  3.1255729E-02
   7154.40  3.1386805E-02
   7154.60  3.1518065E-02
   7154.80  3.1643544E-02
   7155.00  3.1759395E-02
   7155.20  3.1863844E-02
   7155.40  3.1957349E-02
   7155.60  3.2041923E-02
   7155.80  3.2120060E-02
   7156.00  3.2194659E-02
   7156.20  3.2267926E-02
   7156.40  3.2341240E-02
   7156.60  3.2414981E-02
   7156.80  3.2488737E-02
   7157.00  3.2561432E-02
   7157.20  3.2631279E-02
   7157.40  3.2696069E-02
   7157.60  3.2753838E-02
   7157.80  3.2802651E-02
   7158.00  3.2841154E-02
   7158.20  3.2868366E-02
   7158.40  3.2883953E-02
   7158.60  3.2888454E-02
   7158.80  3.2882627E-02
   7159.00  3.2867612E-02
   7159.20  3.2845036E-02
   7159.40  3.2816682E-02
   7159.60  3.2784378E-02
   7159.80  3.2749972E-02
   7160.00  3.2715193E-02
   7160.20  3.2681621E-02
   7160.40  3.2650788E-02
   7160.60  3.2623726E-02
   7160.80  3.2601265E-02
   7161.00  3.2584059E-02
   7161.20  3.2572584E-02
   7161.40  3.2566983E-02
   7161.60  3.2567329E-02
   7161.80  3.2573395E-02
   7162.00  3.2584799E-02
   7162.20  3.2601046E-02
   7162.40  3.2621677E-02
   7162.60  3.2645918E-02
   7162.80  3.2672961E-02
   7163.00  3.2701961E-02
   7163.20  3.2732127E-02
   7163.40  3.2762611E-02
   7163.60  3.2791588E-02
   7163.80  3.2820269E-02
   7164.00  3.2847122E-02
   7164.20  3.2871412E-02
   7164.40  3.2893203E-02
   7164.60  3.2912374E-02
   7164.80  3.2927924E-02
   7165.00  3.2939552E-02
   7165.20  3.2947286E-02
   7165.40  3.2951785E-02
   7165.60  3.2954399E-02
   7165.80  3.2956973E-02
   7166.00  3.2956255E-02
   7166.20  3.2947890E-02
   7166.40  3.2937536E-02
   7166.60  3.2925451E-02
   7166.80  3.2911438E-02
   7167.00  3.2895498E-02
   7167.20  3.2877518E-02
   7167.40  3.2856885E-02
   7167.60  3.2833112E-02
   7167.80  3.2805602E-02
   7168.00  3.2772927E-02
   7168.20  3.2733911E-02
   7168.40  3.2687029E-02
   7168.60  3.2630893E-02
   7168.80  3.2564174E-02
   7169.00  3.2485625E-02
   7169.20  3.2394574E-02
   7169.40  3.2289708E-02
   7169.60  3.2170493E-02
   7169.80  3.2036798E-02
   7170.00  3.1888853E-02
   7170.20  3.1727110E-02
   7170.40  3.1552503E-02
   7170.60  3.1366358E-02
   7170.80  3.1170856E-02
   7171.00  3.0967329E-02
   7171.20  3.0757750E-02
   7171.40  3.0544144E-02
   7171.60  3.0328620E-02
   7171.80  3.0113214E-02
   7172.00  2.9896106E-02
