  7112.000   26  1  1  2.4144821E-02 -2.3241484E+00 -8.4310558E-01  1  1  7.2655920E+03  0.0000000E+00  0.0000000E+00  2.8107285E+00  1.0000000E+00  0.0000000E+00 = E_edge, Z, n_edge, j_edge, Abs_before_edge, VO_interstitial, E_cut, ninitl, ninit1, Epsii, UnitCell_Volume, Surface_ref, f0_forward, natomsym_f, abs_u_i
    Energy    <xanes>    
   7097.00  1.3912062E-03
   7097.20  2.0360861E-03
   7097.40  2.1728073E-04
   7097.60  9.3210278E-05
   7097.80  6.2227285E-05
   7098.00  5.5489880E-05
   7098.20  1.9190698E-04
   7098.40  6.8028847E-05
   7098.60  5.7205109E-05
   7098.80  7.5567574E-05
   7099.00  1.4470092E-04
   7099.20  6.7892995E-04
   7099.40  5.1976732E-03
   7099.60  2.5136273E-04
   7099.80  9.5111015E-05
   7100.00  5.8883837E-05
   7100.20  4.5746019E-05
   7100.40  4.0758090E-05
   7100.60  4.1054169E-05
   7100.80  5.0962088E-05
   7101.00  1.2801256E-04
   7101.20  2.2076435E-03
   7101.40  8.3882536E-05
   7101.60  6.4692346E-05
   7101.80  4.0245572E-04
   7102.00  1.2884203E-04
   7102.20  4.5120384E-05
   7102.40  3.5784724E-05
   7102.60  3.4578590E-05
   7102.80  3.9392905E-05
   7103.00  8.6836163E-05
   7103.20  3.3749769E-04
   7103.40  4.6897272E-05
   7103.60  3.6454822E-05
   7103.80  3.5125547E-05
   7104.00  3.6172780E-05
   7104.20  3.9020371E-05
   7104.40  4.5017292E-05
   7104.60  6.1308564E-05
   7104.80  1.6900947E-04
   7105.00  1.0591965E-03
   7105.20  1.1217001E-04
   7105.40  1.6351210E-04
   7105.60  1.4636602E-02
   7105.80  2.0010670E-04
   7106.00  1.0198104E-04
   7106.20  1.0364062E-04
   7106.40  1.4814759E-04
   7106.60  4.0806782E-04
   7106.80  1.0914768E-01
   7107.00  7.5375158E-04
   7107.20  3.5480045E-03
   7107.40  3.3286058E-04
   7107.60  3.7574292E-04
   7107.80  1.1416695E-02
   7108.00  5.2910000E-04
   7108.20  4.1815885E-04
   7108.40  1.1248480E-03
   7108.60  9.6842662E-03
   7108.80  5.6930457E-03
   7109.00  2.9148720E-02
   7109.20  5.7677278E-03
   7109.40  2.0697911E-03
   7109.60  8.0966274E-03
   7109.80  5.0128407E-03
   7110.00  1.3830970E-02
   7110.20  7.9500292E-03
   7110.40  4.1754708E-03
   7110.60  1.3948194E-02
   7110.80  2.1788565E-02
   7111.00  2.0301112E-02
   7111.20  1.6381529E-02
   7111.40  1.3438252E-02
   7111.60  9.5886356E-03
   7111.80  5.6684060E-03
   7112.00  8.3716763E-03
   7112.20  4.1027526E-02
   7112.40  9.1265789E-03
   7112.60  6.7098424E-03
   7112.80  6.8431858E-03
   7113.00  5.7288567E-03
   7113.20  3.7882220E-03
   7113.40  2.5551198E-03
   7113.60  1.8433501E-03
   7113.80  1.4305722E-03
   7114.00  1.2267768E-03
   7114.20  1.2275734E-03
   7114.40  1.9519332E-03
   7114.60  1.8849542E-03
   7114.80  1.1633427E-03
   7115.00  1.0444541E-03
   7115.20  9.6707801E-04
   7115.40  9.2271232E-04
   7115.60  8.9047783E-04
   7115.80  8.7793533E-04
   7116.00  8.8722295E-04
   7116.20  9.1784233E-04
   7116.40  9.6912930E-04
   7116.60  1.0408787E-03
   7116.80  1.1331813E-03
   7117.00  1.2502962E-03
   7117.20  1.3880127E-03
   7117.40  1.5485391E-03
   7117.60  1.7280361E-03
   7117.80  1.9217314E-03
   7118.00  2.1303451E-03
   7118.20  2.3647852E-03
   7118.40  2.6446203E-03
   7118.60  2.9925330E-03
   7118.80  3.4285825E-03
   7119.00  3.9628129E-03
   7119.20  4.5865848E-03
   7119.40  5.2603355E-03
   7119.60  5.9074146E-03
   7119.80  6.4402619E-03
   7120.00  6.8068853E-03
   7120.20  7.0084329E-03
   7120.40  7.0886080E-03
   7120.60  7.1140081E-03
   7120.80  7.1535203E-03
   7121.00  7.2658220E-03
   7121.20  7.4990560E-03
   7121.40  7.8975766E-03
   7121.60  8.5088411E-03
   7121.80  9.3813199E-03
   7122.00  1.0543259E-02
   7122.20  1.1973408E-02
   7122.40  1.3604392E-02
   7122.60  1.5365349E-02
   7122.80  1.7227300E-02
   7123.00  1.9240953E-02
   7123.20  2.1382353E-02
   7123.40  2.3602926E-02
   7123.60  2.5835279E-02
   7123.80  2.8023521E-02
   7124.00  3.0149073E-02
   7124.20  3.2235144E-02
   7124.40  3.4380580E-02
   7124.60  3.6477891E-02
   7124.80  3.8476608E-02
   7125.00  4.0127297E-02
   7125.20  4.1065950E-02
   7125.40  4.0928949E-02
   7125.60  3.9624822E-02
   7125.80  3.7449155E-02
   7126.00  3.4948757E-02
   7126.20  3.2744203E-02
   7126.40  3.1433030E-02
   7126.60  3.1559170E-02
   7126.80  3.3364758E-02
   7127.00  3.6234691E-02
   7127.20  3.8821880E-02
   7127.40  4.0453338E-02
   7127.60  4.1492625E-02
   7127.80  4.2273799E-02
   7128.00  4.2899397E-02
   7128.20  4.3442589E-02
   7128.40  4.3960569E-02
   7128.60  4.4520317E-02
   7128.80  4.5154722E-02
   7129.00  4.5919928E-02
   7129.20  4.6815852E-02
   7129.40  4.7923292E-02
   7129.60  4.9292347E-02
   7129.80  5.0947483E-02
   7130.00  5.2876334E-02
   7130.20  5.5025170E-02
   7130.40  5.7294568E-02
   7130.60  5.9538353E-02
   7130.80  6.1568119E-02
   7131.00  6.3170849E-02
   7131.20  6.4147169E-02
   7131.40  6.4383150E-02
   7131.60  6.3821005E-02
   7131.80  6.2604238E-02
   7132.00  6.0941101E-02
   7132.20  5.9088195E-02
   7132.40  5.7231317E-02
   7132.60  5.5464556E-02
   7132.80  5.3813250E-02
   7133.00  5.2260972E-02
   7133.20  5.0770086E-02
   7133.40  4.9298093E-02
   7133.60  4.7815111E-02
   7133.80  4.6325926E-02
   7134.00  4.4892088E-02
   7134.20  4.3633028E-02
   7134.40  4.2680904E-02
   7134.60  4.2108084E-02
   7134.80  4.1881353E-02
   7135.00  4.1888947E-02
   7135.20  4.2005848E-02
   7135.40  4.2139601E-02
   7135.60  4.2240899E-02
   7135.80  4.2293812E-02
   7136.00  4.2302174E-02
   7136.20  4.2278505E-02
   7136.40  4.2237269E-02
   7136.60  4.2191371E-02
   7136.80  4.2150277E-02
   7137.00  4.2120002E-02
   7137.20  4.2103410E-02
   7137.40  4.2100690E-02
   7137.60  4.2109960E-02
   7137.80  4.2127694E-02
   7138.00  4.2149118E-02
   7138.20  4.2170335E-02
   7138.40  4.2186677E-02
   7138.60  4.2193507E-02
   7138.80  4.2186196E-02
   7139.00  4.2160234E-02
   7139.20  4.2111330E-02
   7139.40  4.2035451E-02
   7139.60  4.1929000E-02
   7139.80  4.1788984E-02
   7140.00  4.1613206E-02
   7140.20  4.1400219E-02
   7140.40  4.1149718E-02
   7140.60  4.0862597E-02
   7140.80  4.0540997E-02
   7141.00  4.0188254E-02
   7141.20  3.9808731E-02
   7141.40  3.9407596E-02
   7141.60  3.8990542E-02
   7141.80  3.8563512E-02
   7142.00  3.8132396E-02
   7142.20  3.7700047E-02
   7142.40  3.7276675E-02
   7142.60  3.6863765E-02
   7142.80  3.6464672E-02
   7143.00  3.6081952E-02
   7143.20  3.5717424E-02
   7143.40  3.5372216E-02
   7143.60  3.5046876E-02
   7143.80  3.4741471E-02
   7144.00  3.4455682E-02
   7144.20  3.4188845E-02
   7144.40  3.3940850E-02
   7144.60  3.3709212E-02
   7144.80  3.3491573E-02
   7145.00  3.3287708E-02
   7145.20  3.3096022E-02
   7145.40  3.2915215E-02
   7145.60  3.2744218E-02
   7145.80  3.2581517E-02
   7146.00  3.2426148E-02
   7146.20  3.2276659E-02
   7146.40  3.2132006E-02
   7146.60  3.1991237E-02
   7146.80  3.1853199E-02
   7147.00  3.1717170E-02
   7147.20  3.1582914E-02
   7147.40  3.1449864E-02
   7147.60  3.1317939E-02
   7147.80  3.1187351E-02
   7148.00  3.1058674E-02
   7148.20  3.0932235E-02
   7148.40  3.0808808E-02
   7148.60  3.0689292E-02
   7148.80  3.0572367E-02
   7149.00  3.0464147E-02
   7149.20  3.0363024E-02
   7149.40  3.0270078E-02
   7149.60  3.0186281E-02
   7149.80  3.0112562E-02
   7150.00  3.0049610E-02
   7150.20  2.9997738E-02
   7150.40  2.9957057E-02
   7150.60  2.9927376E-02
   7150.80  2.9908201E-02
   7151.00  2.9898793E-02
   7151.20  2.9898014E-02
   7151.40  2.9904374E-02
   7151.60  2.9916440E-02
   7151.80  2.9933711E-02
   7152.00  2.9952599E-02
   7152.20  2.9971038E-02
   7152.40  2.9987032E-02
   7152.60  2.9998306E-02
   7152.80  3.0002631E-02
   7153.00  2.9997752E-02
   7153.20  2.9981294E-02
   7153.40  2.9950689E-02
   7153.60  2.9903145E-02
   7153.80  2.9835635E-02
   7154.00  2.9745150E-02
   7154.20  2.9628933E-02
   7154.40  2.9483221E-02
   7154.60  2.9306393E-02
   7154.80  2.9097535E-02
   7155.00  2.8856909E-02
   7155.20  2.8586206E-02
   7155.40  2.8288329E-02
   7155.60  2.7967203E-02
   7155.80  2.7627122E-02
   7156.00  2.7272349E-02
   7156.20  2.6907034E-02
   7156.40  2.6534855E-02
   7156.60  2.6158953E-02
   7156.80  2.5782680E-02
   7157.00  2.5408045E-02
   7157.20  2.5037105E-02
   7157.40  2.4670460E-02
   7157.60  2.4310139E-02
   7157.80  2.3956263E-02
   7158.00  2.3610374E-02
   7158.20  2.3273495E-02
   7158.40  2.2946150E-02
   7158.60  2.2630286E-02
   7158.80  2.2327406E-02
   7159.00  2.2038313E-02
   7159.20  2.1764526E-02
   7159.40  2.1507717E-02
   7159.60  2.1270105E-02
   7159.80  2.1052825E-02
   7160.00  2.0857656E-02
   7160.20  2.0686204E-02
   7160.40  2.0540101E-02
   7160.60  2.0421094E-02
   7160.80  2.0329840E-02
   7161.00  2.0267321E-02
   7161.20  2.0234285E-02
   7161.40  2.0231204E-02
   7161.60  2.0258434E-02
   7161.80  2.0315874E-02
   7162.00  2.0402704E-02
   7162.20  2.0517900E-02
   7162.40  2.0660038E-02
   7162.60  2.0828915E-02
   7162.80  2.1023837E-02
   7163.00  2.1234913E-02
   7163.20  2.1463417E-02
   7163.40  2.1733584E-02
   7163.60  2.1989446E-02
   7163.80  2.2252766E-02
   7164.00  2.2522565E-02
   7164.20  2.2791632E-02
   7164.40  2.3059360E-02
   7164.60  2.3323625E-02
   7164.80  2.3582338E-02
   7165.00  2.3834043E-02
   7165.20  2.4077700E-02
   7165.40  2.4312661E-02
   7165.60  2.4538545E-02
   7165.80  2.4755324E-02
   7166.00  2.4963239E-02
   7166.20  2.5162807E-02
   7166.40  2.5354716E-02
   7166.60  2.5539476E-02
   7166.80  2.5717957E-02
   7167.00  2.5890845E-02
   7167.20  2.6060326E-02
   7167.40  2.6224527E-02
   7167.60  2.6385587E-02
   7167.80  2.6544260E-02
   7168.00  2.6701225E-02
   7168.20  2.6857265E-02
   7168.40  2.7013577E-02
   7168.60  2.7170064E-02
   7168.80  2.7327292E-02
   7169.00  2.7485628E-02
   7169.20  2.7645446E-02
   7169.40  2.7806978E-02
   7169.60  2.7964359E-02
   7169.80  2.8129739E-02
   7170.00  2.8297101E-02
   7170.20  2.8466354E-02
   7170.40  2.8637443E-02
   7170.60  2.8809926E-02
   7170.80  2.8983550E-02
   7171.00  2.9157862E-02
   7171.20  2.9332443E-02
   7171.40  2.9506823E-02
   7171.60  2.9680387E-02
   7171.80  2.9852545E-02
   7172.00  3.0022885E-02
