  7112.000   26  1  1  1.2119507E-02 -1.9871029E+00 -8.8266774E-01  1  1  7.2654960E+03  0.0000000E+00  0.0000000E+00  3.0231106E+00  1.0000000E+00  0.0000000E+00 = E_edge, Z, n_edge, j_edge, Abs_before_edge, VO_interstitial, E_cut, ninitl, ninit1, Epsii, UnitCell_Volume, Surface_ref, f0_forward, natomsym_f, abs_u_i
    Energy    <xanes>    
   7097.00  4.6664649E-05
   7097.20  6.2192287E-05
   7097.40  9.8387121E-05
   7097.60  2.1903267E-04
   7097.80  1.8517909E-03
   7098.00  4.5385054E-03
   7098.20  3.2193803E-04
   7098.40  1.2317659E-04
   7098.60  7.5061676E-05
   7098.80  5.8164661E-05
   7099.00  5.3338350E-05
   7099.20  5.8249011E-05
   7099.40  8.6027582E-05
   7099.60  3.1566094E-04
   7099.80  1.6263025E-03
   7100.00  1.8540217E-04
   7100.20  1.5581022E-03
   7100.40  9.2776957E-03
   7100.60  1.5261167E-04
   7100.80  6.1979600E-05
   7101.00  4.4328124E-05
   7101.20  3.7934739E-05
   7101.40  3.5447466E-05
   7101.60  3.5434223E-05
   7101.80  3.9983364E-05
   7102.00  1.0633995E-04
   7102.20  9.0390602E-05
   7102.40  5.0845521E-05
   7102.60  9.8531341E-05
   7102.80  3.7398582E-03
   7103.00  8.4025303E-05
   7103.20  6.4090707E-05
   7103.40  1.4345579E-04
   7103.60  5.6257712E-03
   7103.80  1.8802511E-03
   7104.00  7.8955540E-05
   7104.20  8.4012333E-05
   7104.40  1.0801608E-04
   7104.60  2.8756590E-04
   7104.80  3.6829973E-04
   7105.00  1.1682835E-02
   7105.20  4.7827806E-03
   7105.40  2.2032009E-03
   7105.60  9.2153158E-03
   7105.80  5.6280273E-04
   7106.00  8.1089991E-04
   7106.20  3.1426320E-03
   7106.40  5.0086542E-03
   7106.60  3.6605707E-03
   7106.80  4.8397537E-04
   7107.00  2.7701597E-04
   7107.20  6.6048493E-04
   7107.40  1.9925446E-03
   7107.60  1.3332490E-03
   7107.80  3.8932827E-02
   7108.00  9.9030484E-04
   7108.20  3.8712967E-04
   7108.40  8.2429080E-04
   7108.60  7.4725923E-03
   7108.80  3.7273531E-02
   7109.00  7.1255645E-04
   7109.20  2.6052004E-03
   7109.40  5.3291483E-02
   7109.60  2.1618948E-03
   7109.80  5.4629182E-03
   7110.00  1.6644225E-03
   7110.20  4.6427042E-03
   7110.40  4.0825568E-03
   7110.60  4.2563618E-03
   7110.80  1.1337267E-02
   7111.00  1.9851669E-02
   7111.20  8.8035959E-03
   7111.40  4.0237185E-02
   7111.60  3.5656210E-02
   7111.80  2.3317205E-02
   7112.00  2.4326302E-02
   7112.20  2.8087577E-02
   7112.40  4.5857253E-02
   7112.60  1.7328054E-02
   7112.80  1.3773406E-02
   7113.00  9.7475759E-03
   7113.20  8.4957785E-03
   7113.40  8.3647520E-03
   7113.60  8.4356074E-03
   7113.80  6.0086002E-03
   7114.00  4.3957845E-03
   7114.20  3.5182912E-03
   7114.40  3.2240741E-03
   7114.60  3.3016440E-03
   7114.80  3.9105332E-03
   7115.00  6.0114338E-03
   7115.20  1.3242712E-02
   7115.40  1.6840810E-02
   7115.60  6.9978790E-03
   7115.80  3.6564384E-03
   7116.00  2.4018586E-03
   7116.20  1.8164980E-03
   7116.40  1.5006355E-03
   7116.60  1.3162883E-03
   7116.80  1.2063878E-03
   7117.00  1.1421700E-03
   7117.20  1.1022986E-03
   7117.40  1.0642055E-03
   7117.60  1.0136484E-03
   7117.80  9.6172256E-04
   7118.00  9.3247689E-04
   7118.20  9.4290529E-04
   7118.40  1.0035323E-03
   7118.60  1.1177182E-03
   7118.80  1.2696485E-03
   7119.00  1.4280108E-03
   7119.20  1.5688714E-03
   7119.40  1.6732185E-03
   7119.60  1.7211168E-03
   7119.80  1.7109661E-03
   7120.00  1.6725564E-03
   7120.20  1.6468847E-03
   7120.40  1.6615492E-03
   7120.60  1.7277584E-03
   7120.80  1.8492280E-03
   7121.00  2.0300275E-03
   7121.20  2.2793028E-03
   7121.40  2.6151732E-03
   7121.60  3.0691957E-03
   7121.80  3.6860406E-03
   7122.00  4.4839674E-03
   7122.20  5.3119366E-03
   7122.40  5.8295562E-03
   7122.60  6.0739331E-03
   7122.80  6.3933791E-03
   7123.00  6.9320976E-03
   7123.20  7.6746760E-03
   7123.40  8.6099081E-03
   7123.60  9.6757393E-03
   7123.80  1.0856953E-02
   7124.00  1.2132598E-02
   7124.20  1.3456843E-02
   7124.40  1.4765485E-02
   7124.60  1.6008502E-02
   7124.80  1.7185816E-02
   7125.00  1.8345652E-02
   7125.20  1.9595072E-02
   7125.40  2.0980867E-02
   7125.60  2.2693124E-02
   7125.80  2.4875189E-02
   7126.00  2.7319221E-02
   7126.20  2.9359417E-02
   7126.40  3.0818878E-02
   7126.60  3.2350431E-02
   7126.80  3.4342029E-02
   7127.00  3.7011917E-02
   7127.20  4.0297705E-02
   7127.40  4.4119307E-02
   7127.60  4.8326406E-02
   7127.80  5.2604724E-02
   7128.00  5.6868049E-02
   7128.20  6.1216684E-02
   7128.40  6.5390609E-02
   7128.60  6.9100201E-02
   7128.80  7.2369663E-02
   7129.00  7.5100045E-02
   7129.20  7.6995235E-02
   7129.40  7.7572552E-02
   7129.60  7.6454618E-02
   7129.80  7.3836045E-02
   7130.00  7.0448947E-02
   7130.20  6.7019194E-02
   7130.40  6.3957376E-02
   7130.60  6.1396339E-02
   7130.80  5.9315245E-02
   7131.00  5.7633340E-02
   7131.20  5.6268334E-02
   7131.40  5.5170905E-02
   7131.60  5.4327830E-02
   7131.80  5.3789882E-02
   7132.00  5.3609403E-02
   7132.20  5.3766255E-02
   7132.40  5.4077602E-02
   7132.60  5.4179483E-02
   7132.80  5.3726281E-02
   7133.00  5.2669556E-02
   7133.20  5.1249377E-02
   7133.40  4.9766066E-02
   7133.60  4.8432497E-02
   7133.80  4.7332085E-02
   7134.00  4.6439454E-02
   7134.20  4.5712878E-02
   7134.40  4.5189988E-02
   7134.60  4.4986237E-02
   7134.80  4.5191492E-02
   7135.00  4.5751627E-02
   7135.20  4.6427314E-02
   7135.40  4.6910773E-02
   7135.60  4.7025092E-02
   7135.80  4.6784116E-02
   7136.00  4.6304024E-02
   7136.20  4.5706833E-02
   7136.40  4.5081649E-02
   7136.60  4.4483701E-02
   7136.80  4.3943652E-02
   7137.00  4.3476826E-02
   7137.20  4.3090488E-02
   7137.40  4.2787034E-02
   7137.60  4.2558991E-02
   7137.80  4.2402694E-02
   7138.00  4.2313265E-02
   7138.20  4.2284751E-02
   7138.40  4.2310504E-02
   7138.60  4.2382974E-02
   7138.80  4.2494179E-02
   7139.00  4.2635882E-02
   7139.20  4.2799819E-02
   7139.40  4.2978193E-02
   7139.60  4.3163913E-02
   7139.80  4.3350827E-02
   7140.00  4.3533811E-02
   7140.20  4.3708872E-02
   7140.40  4.3872791E-02
   7140.60  4.4023339E-02
   7140.80  4.4159068E-02
   7141.00  4.4279208E-02
   7141.20  4.4383429E-02
   7141.40  4.4471739E-02
   7141.60  4.4544455E-02
   7141.80  4.4602040E-02
   7142.00  4.4645018E-02
   7142.20  4.4674034E-02
   7142.40  4.4689378E-02
   7142.60  4.4676862E-02
   7142.80  4.4666371E-02
   7143.00  4.4643329E-02
   7143.20  4.4608153E-02
   7143.40  4.4561326E-02
   7143.60  4.4498151E-02
   7143.80  4.4415613E-02
   7144.00  4.4323117E-02
   7144.20  4.4220426E-02
   7144.40  4.4106737E-02
   7144.60  4.3980547E-02
   7144.80  4.3839658E-02
   7145.00  4.3681110E-02
   7145.20  4.3501296E-02
   7145.40  4.3296122E-02
   7145.60  4.3061187E-02
   7145.80  4.2792076E-02
   7146.00  4.2484727E-02
   7146.20  4.2135740E-02
   7146.40  4.1742710E-02
   7146.60  4.1304445E-02
   7146.80  4.0821014E-02
   7147.00  4.0295299E-02
   7147.20  3.9729631E-02
   7147.40  3.9127179E-02
   7147.60  3.8492700E-02
   7147.80  3.7830876E-02
   7148.00  3.7147329E-02
   7148.20  3.6446611E-02
   7148.40  3.5733487E-02
   7148.60  3.5012228E-02
   7148.80  3.4286128E-02
   7149.00  3.3558105E-02
   7149.20  3.2830909E-02
   7149.40  3.2105952E-02
   7149.60  3.1384652E-02
   7149.80  3.0666868E-02
   7150.00  2.9956057E-02
   7150.20  2.9253656E-02
   7150.40  2.8559879E-02
   7150.60  2.7875828E-02
   7150.80  2.7201335E-02
   7151.00  2.6543057E-02
   7151.20  2.5904016E-02
   7151.40  2.5286981E-02
   7151.60  2.4695032E-02
   7151.80  2.4132881E-02
   7152.00  2.3603275E-02
   7152.20  2.3108793E-02
   7152.40  2.2651056E-02
   7152.60  2.2230019E-02
   7152.80  2.1845322E-02
   7153.00  2.1495486E-02
   7153.20  2.1178144E-02
   7153.40  2.0890649E-02
   7153.60  2.0629504E-02
   7153.80  2.0391284E-02
   7154.00  2.0172715E-02
   7154.20  1.9970755E-02
   7154.40  1.9782649E-02
   7154.60  1.9606044E-02
   7154.80  1.9439022E-02
   7155.00  1.9279860E-02
   7155.20  1.9127112E-02
   7155.40  1.8979721E-02
   7155.60  1.8836920E-02
   7155.80  1.8698187E-02
   7156.00  1.8563232E-02
   7156.20  1.8435982E-02
   7156.40  1.8311890E-02
   7156.60  1.8188988E-02
   7156.80  1.8070705E-02
   7157.00  1.7957511E-02
   7157.20  1.7864060E-02
   7157.40  1.7761985E-02
   7157.60  1.7665894E-02
   7157.80  1.7575759E-02
   7158.00  1.7491341E-02
   7158.20  1.7412254E-02
   7158.40  1.7338629E-02
   7158.60  1.7269815E-02
   7158.80  1.7204836E-02
   7159.00  1.7143268E-02
   7159.20  1.7084878E-02
   7159.40  1.7029686E-02
   7159.60  1.6978148E-02
   7159.80  1.6932219E-02
   7160.00  1.6889014E-02
   7160.20  1.6855207E-02
   7160.40  1.6829356E-02
   7160.60  1.6812914E-02
   7160.80  1.6807952E-02
   7161.00  1.6815686E-02
   7161.20  1.6838121E-02
   7161.40  1.6876300E-02
   7161.60  1.6931732E-02
   7161.80  1.7005332E-02
   7162.00  1.7102365E-02
   7162.20  1.7217726E-02
   7162.40  1.7350316E-02
   7162.60  1.7502566E-02
   7162.80  1.7670635E-02
   7163.00  1.7861184E-02
   7163.20  1.8070487E-02
   7163.40  1.8297618E-02
   7163.60  1.8541507E-02
   7163.80  1.8801318E-02
   7164.00  1.9075912E-02
   7164.20  1.9364232E-02
   7164.40  1.9665068E-02
   7164.60  1.9977298E-02
   7164.80  2.0299420E-02
   7165.00  2.0630033E-02
   7165.20  2.0967541E-02
   7165.40  2.1310353E-02
   7165.60  2.1656920E-02
   7165.80  2.2005533E-02
   7166.00  2.2354507E-02
   7166.20  2.2701997E-02
   7166.40  2.3046226E-02
   7166.60  2.3385425E-02
   7166.80  2.3718553E-02
   7167.00  2.4043530E-02
   7167.20  2.4358722E-02
   7167.40  2.4662618E-02
   7167.60  2.4954047E-02
   7167.80  2.5232038E-02
   7168.00  2.5495591E-02
   7168.20  2.5745865E-02
   7168.40  2.5978805E-02
   7168.60  2.6196124E-02
   7168.80  2.6397775E-02
   7169.00  2.6583890E-02
   7169.20  2.6754812E-02
   7169.40  2.6911024E-02
   7169.60  2.7053177E-02
   7169.80  2.7181891E-02
   7170.00  2.7297953E-02
   7170.20  2.7402166E-02
   7170.40  2.7495445E-02
   7170.60  2.7578705E-02
   7170.80  2.7653070E-02
   7171.00  2.7719211E-02
   7171.20  2.7777894E-02
   7171.40  2.7830189E-02
   7171.60  2.7877136E-02
   7171.80  2.7919409E-02
   7172.00  2.7957619E-02
