  7112.000   26  1  1  1.3574942E-02 -4.0360278E+00 -4.1825728E-01  1  1  7.2651704E+03  0.0000000E+00  0.0000000E+00  4.9952826E+00  1.0000000E+00  0.0000000E+00 = E_edge, Z, n_edge, j_edge, Abs_before_edge, VO_interstitial, E_cut, ninitl, ninit1, Epsii, UnitCell_Volume, Surface_ref, f0_forward, natomsym_f, abs_u_i
    Energy    <xanes>    
   7097.00  4.1753565E-05
   7097.20  3.7288827E-05
   7097.40  3.4368428E-05
   7097.60  3.2430014E-05
   7097.80  3.1183961E-05
   7098.00  3.0507820E-05
   7098.20  3.0426091E-05
   7098.40  3.1234449E-05
   7098.60  3.4155615E-05
   7098.80  4.6414146E-05
   7099.00  3.4218315E-04
   7099.20  1.4417629E-04
   7099.40  4.4199406E-05
   7099.60  3.6650429E-05
   7099.80  3.7577094E-05
   7100.00  5.5807000E-05
   7100.20  1.1998268E-03
   7100.40  7.9478817E-05
   7100.60  3.4562238E-04
   7100.80  1.9248700E-03
   7101.00  1.0309416E-04
   7101.20  5.6614331E-05
   7101.40  4.7881380E-05
   7101.60  4.8589318E-05
   7101.80  5.8318666E-05
   7102.00  1.0319420E-04
   7102.20  2.4588751E-03
   7102.40  2.7258979E-04
   7102.60  9.4289116E-05
   7102.80  1.8314955E-04
   7103.00  2.8050716E-04
   7103.20  1.6378933E-04
   7103.40  6.3928864E-04
   7103.60  3.5025147E-02
   7103.80  1.8634373E-03
   7104.00  2.4584501E-04
   7104.20  2.7348011E-04
   7104.40  2.8712622E-03
   7104.60  8.5648588E-04
   7104.80  6.6054233E-04
   7105.00  1.9416106E-02
   7105.20  7.0654159E-03
   7105.40  5.5278298E-03
   7105.60  9.7277833E-04
   7105.80  1.2422616E-03
   7106.00  4.4371982E-04
   7106.20  6.8530923E-04
   7106.40  3.0677312E-02
   7106.60  8.2223367E-04
   7106.80  5.3487808E-03
   7107.00  2.5474537E-03
   7107.20  3.9697715E-03
   7107.40  2.7484781E-01
   7107.60  1.8128069E-03
   7107.80  1.7253798E-03
   7108.00  2.6150379E-03
   7108.20  3.6541902E-03
   7108.40  1.7655511E-02
   7108.60  2.1067533E-02
   7108.80  2.7980937E-02
   7109.00  1.7132149E-02
   7109.20  1.3918636E-02
   7109.40  1.7364479E-02
   7109.60  1.6378315E-02
   7109.80  1.8622157E-02
   7110.00  2.7219716E-02
   7110.20  3.3400305E-02
   7110.40  3.5045556E-02
   7110.60  2.3505681E-02
   7110.80  2.5602911E-02
   7111.00  1.8535378E-02
   7111.20  1.5818833E-02
   7111.40  1.0215956E-02
   7111.60  1.2722245E-02
   7111.80  1.0325314E-02
   7112.00  8.0753872E-03
   7112.20  8.3289498E-03
   7112.40  9.7445015E-03
   7112.60  1.0507782E-02
   7112.80  9.2734511E-03
   7113.00  7.6824582E-03
   7113.20  5.8170281E-03
   7113.40  4.1186384E-03
   7113.60  3.1969524E-03
   7113.80  3.0695562E-03
   7114.00  3.7225857E-03
   7114.20  5.2118887E-03
   7114.40  4.5018069E-03
   7114.60  3.6705440E-03
   7114.80  4.4523663E-03
   7115.00  6.8230416E-03
   7115.20  3.6660415E-03
   7115.40  1.9479917E-03
   7115.60  1.3841846E-03
   7115.80  1.1525671E-03
   7116.00  1.0491274E-03
   7116.20  1.0113473E-03
   7116.40  1.0153975E-03
   7116.60  1.0503347E-03
   7116.80  1.1096277E-03
   7117.00  1.1873440E-03
   7117.20  1.2755934E-03
   7117.40  1.3621206E-03
   7117.60  1.4282165E-03
   7117.80  1.4517563E-03
   7118.00  1.4249356E-03
   7118.20  1.3631176E-03
   7118.40  1.2823420E-03
   7118.60  1.1941666E-03
   7118.80  1.1127133E-03
   7119.00  1.0494728E-03
   7119.20  1.0101375E-03
   7119.40  9.9493257E-04
   7119.60  1.0033236E-03
   7119.80  1.0351336E-03
   7120.00  1.0910319E-03
   7120.20  1.1725627E-03
   7120.40  1.2821681E-03
   7120.60  1.4235565E-03
   7120.80  1.6024854E-03
   7121.00  1.8274853E-03
   7121.20  2.1014888E-03
   7121.40  2.3850068E-03
   7121.60  2.6154511E-03
   7121.80  2.7694407E-03
   7122.00  2.9269685E-03
   7122.20  3.1979542E-03
   7122.40  3.5910019E-03
   7122.60  4.1265879E-03
   7122.80  4.8405166E-03
   7123.00  5.7643908E-03
   7123.20  6.9247276E-03
   7123.40  8.2776231E-03
   7123.60  9.7914084E-03
   7123.80  1.1597326E-02
   7124.00  1.3608267E-02
   7124.20  1.5693731E-02
   7124.40  1.7435055E-02
   7124.60  1.8310532E-02
   7124.80  1.8347224E-02
   7125.00  1.8437730E-02
   7125.20  1.9670241E-02
   7125.40  2.2111093E-02
   7125.60  2.4063361E-02
   7125.80  2.3977267E-02
   7126.00  2.3139708E-02
   7126.20  2.2779389E-02
   7126.40  2.2955275E-02
   7126.60  2.3318658E-02
   7126.80  2.3545551E-02
   7127.00  2.3370546E-02
   7127.20  2.2782515E-02
   7127.40  2.2047311E-02
   7127.60  2.1535090E-02
   7127.80  2.1634935E-02
   7128.00  2.2674942E-02
   7128.20  2.4616234E-02
   7128.40  2.6656343E-02
   7128.60  2.7769702E-02
   7128.80  2.8043504E-02
   7129.00  2.8283349E-02
   7129.20  2.9063201E-02
   7129.40  3.0402254E-02
   7129.60  3.1986136E-02
   7129.80  3.3702720E-02
   7130.00  3.5593660E-02
   7130.20  3.7689791E-02
   7130.40  4.0001808E-02
   7130.60  4.2513743E-02
   7130.80  4.5157851E-02
   7131.00  4.7811306E-02
   7131.20  5.0332928E-02
   7131.40  5.2614633E-02
   7131.60  5.4619864E-02
   7131.80  5.6383682E-02
   7132.00  5.7987001E-02
   7132.20  5.9521098E-02
   7132.40  6.1061603E-02
   7132.60  6.2654208E-02
   7132.80  6.4302397E-02
   7133.00  6.5934368E-02
   7133.20  6.7291796E-02
   7133.40  6.7812217E-02
   7133.60  6.7177482E-02
   7133.80  6.6162452E-02
   7134.00  6.5733490E-02
   7134.20  6.6170555E-02
   7134.40  6.7189157E-02
   7134.60  6.8240549E-02
   7134.80  6.8800498E-02
   7135.00  6.8672633E-02
   7135.20  6.8016301E-02
   7135.40  6.7096992E-02
   7135.60  6.6094749E-02
   7135.80  6.5060552E-02
   7136.00  6.3946672E-02
   7136.20  6.2687877E-02
   7136.40  6.1254791E-02
   7136.60  5.9674656E-02
   7136.80  5.8010560E-02
   7137.00  5.6331855E-02
   7137.20  5.4695402E-02
   7137.40  5.3139304E-02
   7137.60  5.1684131E-02
   7137.80  5.0336815E-02
   7138.00  4.9095262E-02
   7138.20  4.7952350E-02
   7138.40  4.6898878E-02
   7138.60  4.5924388E-02
   7138.80  4.5020618E-02
   7139.00  4.4182459E-02
   7139.20  4.3405141E-02
   7139.40  4.2684501E-02
   7139.60  4.2017732E-02
   7139.80  4.1402226E-02
   7140.00  4.0836152E-02
   7140.20  4.0317990E-02
   7140.40  3.9846207E-02
   7140.60  3.9420647E-02
   7140.80  3.9038310E-02
   7141.00  3.8698415E-02
   7141.20  3.8399352E-02
   7141.40  3.8139665E-02
   7141.60  3.7917884E-02
   7141.80  3.7732483E-02
   7142.00  3.7581873E-02
   7142.20  3.7464282E-02
   7142.40  3.7377769E-02
   7142.60  3.7320483E-02
   7142.80  3.7291008E-02
   7143.00  3.7288643E-02
   7143.20  3.7313497E-02
   7143.40  3.7363664E-02
   7143.60  3.7442266E-02
   7143.80  3.7551965E-02
   7144.00  3.7690155E-02
   7144.20  3.7870296E-02
   7144.40  3.8089386E-02
   7144.60  3.8349277E-02
   7144.80  3.8650961E-02
   7145.00  3.8994458E-02
   7145.20  3.9378322E-02
   7145.40  3.9799517E-02
   7145.60  4.0253416E-02
   7145.80  4.0733470E-02
   7146.00  4.1230925E-02
   7146.20  4.1734418E-02
   7146.40  4.2229676E-02
   7146.60  4.2699590E-02
   7146.80  4.3130874E-02
   7147.00  4.3490678E-02
   7147.20  4.3765670E-02
   7147.40  4.3940225E-02
   7147.60  4.4004915E-02
   7147.80  4.3958271E-02
   7148.00  4.3806999E-02
   7148.20  4.3561890E-02
   7148.40  4.3248456E-02
   7148.60  4.2879647E-02
   7148.80  4.2476663E-02
   7149.00  4.2055138E-02
   7149.20  4.1626523E-02
   7149.40  4.1206367E-02
   7149.60  4.0780743E-02
   7149.80  4.0352361E-02
   7150.00  3.9928621E-02
   7150.20  3.9502487E-02
   7150.40  3.9071733E-02
   7150.60  3.8635674E-02
   7150.80  3.8195806E-02
   7151.00  3.7755823E-02
   7151.20  3.7321771E-02
   7151.40  3.6900132E-02
   7151.60  3.6498992E-02
   7151.80  3.6120670E-02
   7152.00  3.5768107E-02
   7152.20  3.5437759E-02
   7152.40  3.5132009E-02
   7152.60  3.4849113E-02
   7152.80  3.4586410E-02
   7153.00  3.4340682E-02
   7153.20  3.4107873E-02
   7153.40  3.3883372E-02
   7153.60  3.3662564E-02
   7153.80  3.3441039E-02
   7154.00  3.3214230E-02
   7154.20  3.2977644E-02
   7154.40  3.2727412E-02
   7154.60  3.2460102E-02
   7154.80  3.2173275E-02
   7155.00  3.1864649E-02
   7155.20  3.1532781E-02
   7155.40  3.1173324E-02
   7155.60  3.0789238E-02
   7155.80  3.0387104E-02
   7156.00  2.9964900E-02
   7156.20  2.9524494E-02
   7156.40  2.9068660E-02
   7156.60  2.8600528E-02
   7156.80  2.8123316E-02
   7157.00  2.7640188E-02
   7157.20  2.7154321E-02
   7157.40  2.6668659E-02
   7157.60  2.6185271E-02
   7157.80  2.5706323E-02
   7158.00  2.5233679E-02
   7158.20  2.4768932E-02
   7158.40  2.4314462E-02
   7158.60  2.3868499E-02
   7158.80  2.3434170E-02
   7159.00  2.3011283E-02
   7159.20  2.2599972E-02
   7159.40  2.2200331E-02
   7159.60  2.1812346E-02
   7159.80  2.1435931E-02
   7160.00  2.1071149E-02
   7160.20  2.0718070E-02
   7160.40  2.0381779E-02
   7160.60  2.0051947E-02
   7160.80  1.9736261E-02
   7161.00  1.9435017E-02
   7161.20  1.9149775E-02
   7161.40  1.8881969E-02
   7161.60  1.8633015E-02
   7161.80  1.8404264E-02
   7162.00  1.8196912E-02
   7162.20  1.8011909E-02
   7162.40  1.7849968E-02
   7162.60  1.7711468E-02
   7162.80  1.7596091E-02
   7163.00  1.7503328E-02
   7163.20  1.7432294E-02
   7163.40  1.7381748E-02
   7163.60  1.7350149E-02
   7163.80  1.7335717E-02
   7164.00  1.7336510E-02
   7164.20  1.7350503E-02
   7164.40  1.7375696E-02
   7164.60  1.7410193E-02
   7164.80  1.7452352E-02
   7165.00  1.7500525E-02
   7165.20  1.7553469E-02
   7165.40  1.7610469E-02
   7165.60  1.7671243E-02
   7165.80  1.7735255E-02
   7166.00  1.7802115E-02
   7166.20  1.7872208E-02
   7166.40  1.7945500E-02
   7166.60  1.8022257E-02
   7166.80  1.8103073E-02
   7167.00  1.8187924E-02
   7167.20  1.8277011E-02
   7167.40  1.8370503E-02
   7167.60  1.8468762E-02
   7167.80  1.8571636E-02
   7168.00  1.8679225E-02
   7168.20  1.8791618E-02
   7168.40  1.8908909E-02
   7168.60  1.9031343E-02
   7168.80  1.9158844E-02
   7169.00  1.9291610E-02
   7169.20  1.9429842E-02
   7169.40  1.9573746E-02
   7169.60  1.9723536E-02
   7169.80  1.9879474E-02
   7170.00  2.0041644E-02
   7170.20  2.0210260E-02
   7170.40  2.0385416E-02
   7170.60  2.0567125E-02
   7170.80  2.0756263E-02
   7171.00  2.0952241E-02
   7171.20  2.1154844E-02
   7171.40  2.1363862E-02
   7171.60  2.1579139E-02
   7171.80  2.1800521E-02
   7172.00  2.2027709E-02
