  7112.000   26  1  1  2.7295686E-02 -2.8069858E+00 -2.7945844E+00  1  1  7.2667783E+03  0.0000000E+00  0.0000000E+00  2.8918350E+00  1.0000000E+00  0.0000000E+00 = E_edge, Z, n_edge, j_edge, Abs_before_edge, VO_interstitial, E_cut, ninitl, ninit1, Epsii, UnitCell_Volume, Surface_ref, f0_forward, natomsym_f, abs_u_i
    Energy    <xanes>    
   7097.00  2.0408856E-05
   7097.20  2.0585168E-05
   7097.40  2.0792985E-05
   7097.60  2.1038502E-05
   7097.80  2.1330015E-05
   7098.00  2.1678779E-05
   7098.20  2.2100512E-05
   7098.40  2.2617644E-05
   7098.60  2.3263092E-05
   7098.80  2.4087343E-05
   7099.00  2.5171316E-05
   7099.20  2.6652343E-05
   7099.40  2.8781935E-05
   7099.60  3.2068632E-05
   7099.80  3.7692339E-05
   7100.00  4.9028262E-05
   7100.20  7.9942921E-05
   7100.40  2.7830463E-04
   7100.60  6.4524798E-02
   7100.80  2.4698086E-04
   7101.00  2.5369932E-04
   7101.20  1.5146045E-02
   7101.40  3.2967370E-04
   7101.60  1.0620390E-04
   7101.80  1.3126406E-04
   7102.00  2.8450659E-04
   7102.20  2.6627354E-04
   7102.40  7.7528345E-05
   7102.60  1.7067283E-04
   7102.80  4.0192401E-04
   7103.00  2.9048637E-04
   7103.20  1.6823228E-02
   7103.40  2.7448117E-04
   7103.60  9.4444833E-05
   7103.80  6.6519103E-05
   7104.00  7.1290408E-05
   7104.20  1.5502637E-03
   7104.40  3.3327373E-03
   7104.60  1.0557179E-04
   7104.80  6.3937264E-05
   7105.00  6.7364036E-05
   7105.20  7.9238339E-05
   7105.40  1.0919970E-04
   7105.60  2.1983671E-04
   7105.80  6.0764912E-04
   7106.00  3.4945303E-03
   7106.20  2.5061675E-03
   7106.40  6.7033449E-04
   7106.60  5.0695369E-02
   7106.80  5.2594856E-04
   7107.00  3.1962233E-04
   7107.20  1.0391042E-03
   7107.40  2.5450023E-04
   7107.60  1.5740233E-02
   7107.80  5.8025736E-04
   7108.00  3.2219788E-02
   7108.20  2.0614426E-02
   7108.40  2.8483237E-02
   7108.60  2.0610300E-03
   7108.80  4.0347278E-03
   7109.00  1.4225296E-02
   7109.20  1.8678932E-03
   7109.40  6.1187619E-04
   7109.60  3.7735179E-03
   7109.80  3.3600651E-03
   7110.00  3.8381004E-03
   7110.20  2.2573717E-02
   7110.40  8.0332630E-03
   7110.60  1.6251706E-02
   7110.80  8.1980054E-03
   7111.00  1.1057238E-02
   7111.20  1.3508086E-02
   7111.40  4.2703554E-02
   7111.60  1.8290830E-02
   7111.80  2.8417413E-02
   7112.00  2.7494447E-02
   7112.20  3.8757536E-02
   7112.40  5.8684018E-02
   7112.60  4.0268014E-02
   7112.80  3.7284132E-02
   7113.00  7.5525253E-02
   7113.20  1.0612087E-01
   7113.40  7.4924269E-02
   7113.60  5.8037228E-02
   7113.80  3.1369349E-02
   7114.00  1.7003789E-02
   7114.20  1.0604574E-02
   7114.40  7.4744673E-03
   7114.60  5.7892571E-03
   7114.80  4.8336071E-03
   7115.00  4.3185894E-03
   7115.20  4.2155535E-03
   7115.40  4.6169577E-03
   7115.60  6.0756026E-03
   7115.80  9.3298730E-03
   7116.00  9.5677752E-03
   7116.20  6.4300168E-03
   7116.40  4.7339314E-03
   7116.60  4.0162505E-03
   7116.80  3.7853009E-03
   7117.00  3.9118639E-03
   7117.20  4.3151708E-03
   7117.40  4.7083659E-03
   7117.60  5.1990944E-03
   7117.80  5.5407999E-03
   7118.00  5.5312017E-03
   7118.20  5.5686591E-03
   7118.40  5.7495728E-03
   7118.60  6.2215318E-03
   7118.80  6.7533564E-03
   7119.00  6.5953827E-03
   7119.20  6.5071747E-03
   7119.40  6.5382278E-03
   7119.60  6.8398331E-03
   7119.80  7.3793889E-03
   7120.00  7.7751007E-03
   7120.20  7.5112768E-03
   7120.40  7.1580727E-03
   7120.60  6.9729272E-03
   7120.80  6.7293285E-03
   7121.00  6.4610873E-03
   7121.20  6.2446095E-03
   7121.40  6.1463667E-03
   7121.60  6.2061480E-03
   7121.80  6.4342928E-03
   7122.00  6.8121428E-03
   7122.20  7.2817071E-03
   7122.40  7.7553616E-03
   7122.60  8.1882836E-03
   7122.80  8.6516101E-03
   7123.00  9.2697319E-03
   7123.20  1.0132033E-02
   7123.40  1.1290384E-02
   7123.60  1.2787619E-02
   7123.80  1.4669350E-02
   7124.00  1.6992300E-02
   7124.20  1.9713340E-02
   7124.40  2.2764742E-02
   7124.60  2.5938995E-02
   7124.80  2.8881477E-02
   7125.00  3.1132549E-02
   7125.20  3.2282167E-02
   7125.40  3.2203134E-02
   7125.60  3.0961085E-02
   7125.80  2.9214528E-02
   7126.00  2.7409759E-02
   7126.20  2.5816581E-02
   7126.40  2.4566200E-02
   7126.60  2.3680808E-02
   7126.80  2.3134717E-02
   7127.00  2.2849263E-02
   7127.20  2.2823716E-02
   7127.40  2.2977876E-02
   7127.60  2.3266728E-02
   7127.80  2.3648121E-02
   7128.00  2.4159694E-02
   7128.20  2.4618588E-02
   7128.40  2.5078032E-02
   7128.60  2.5530539E-02
   7128.80  2.5984205E-02
   7129.00  2.6461872E-02
   7129.20  2.6999592E-02
   7129.40  2.7643505E-02
   7129.60  2.8445854E-02
   7129.80  2.9462933E-02
   7130.00  3.0750425E-02
   7130.20  3.2355560E-02
   7130.40  3.4313316E-02
   7130.60  3.6648088E-02
   7130.80  3.9324206E-02
   7131.00  4.2302971E-02
   7131.20  4.5537806E-02
   7131.40  4.8987132E-02
   7131.60  5.2618887E-02
   7131.80  5.6401940E-02
   7132.00  6.0280732E-02
   7132.20  6.4136068E-02
   7132.40  6.7746870E-02
   7132.60  7.0780997E-02
   7132.80  7.2852983E-02
   7133.00  7.3645276E-02
   7133.20  7.3032421E-02
   7133.40  7.1125943E-02
   7133.60  6.8218012E-02
   7133.80  6.4676838E-02
   7134.00  6.0853627E-02
   7134.20  5.7026418E-02
   7134.40  5.3382452E-02
   7134.60  5.0026417E-02
   7134.80  4.7002151E-02
   7135.00  4.4315281E-02
   7135.20  4.1951107E-02
   7135.40  3.9885510E-02
   7135.60  3.8091606E-02
   7135.80  3.6542999E-02
   7136.00  3.5217107E-02
   7136.20  3.4108608E-02
   7136.40  3.3174954E-02
   7136.60  3.2400214E-02
   7136.80  3.1769669E-02
   7137.00  3.1270199E-02
   7137.20  3.0889188E-02
   7137.40  3.0614588E-02
   7137.60  3.0434214E-02
   7137.80  3.0335766E-02
   7138.00  3.0306563E-02
   7138.20  3.0334307E-02
   7138.40  3.0407858E-02
   7138.60  3.0517486E-02
   7138.80  3.0656744E-02
   7139.00  3.0823093E-02
   7139.20  3.1017669E-02
   7139.40  3.1244701E-02
   7139.60  3.1510127E-02
   7139.80  3.1820832E-02
   7140.00  3.2183828E-02
   7140.20  3.2605829E-02
   7140.40  3.3092025E-02
   7140.60  3.3645981E-02
   7140.80  3.4268137E-02
   7141.00  3.4954870E-02
   7141.20  3.5697764E-02
   7141.40  3.6482665E-02
   7141.60  3.7290088E-02
   7141.80  3.8096263E-02
   7142.00  3.8874676E-02
   7142.20  3.9598162E-02
   7142.40  4.0251846E-02
   7142.60  4.0817498E-02
   7142.80  4.1277001E-02
   7143.00  4.1622466E-02
   7143.20  4.1853069E-02
   7143.40  4.1974738E-02
   7143.60  4.1999340E-02
   7143.80  4.1942514E-02
   7144.00  4.1822294E-02
   7144.20  4.1657647E-02
   7144.40  4.1466801E-02
   7144.60  4.1266158E-02
   7144.80  4.1069587E-02
   7145.00  4.0888172E-02
   7145.20  4.0730334E-02
   7145.40  4.0601998E-02
   7145.60  4.0507378E-02
   7145.80  4.0449496E-02
   7146.00  4.0430398E-02
   7146.20  4.0451405E-02
   7146.40  4.0513378E-02
   7146.60  4.0616673E-02
   7146.80  4.0761193E-02
   7147.00  4.0945955E-02
   7147.20  4.1169442E-02
   7147.40  4.1429355E-02
   7147.60  4.1722657E-02
   7147.80  4.2045479E-02
   7148.00  4.2393179E-02
   7148.20  4.2760556E-02
   7148.40  4.3141534E-02
   7148.60  4.3529687E-02
   7148.80  4.3918092E-02
   7149.00  4.4299368E-02
   7149.20  4.4666432E-02
   7149.40  4.5016192E-02
   7149.60  4.5338363E-02
   7149.80  4.5635519E-02
   7150.00  4.5885703E-02
   7150.20  4.6093263E-02
   7150.40  4.6255274E-02
   7150.60  4.6370121E-02
   7150.80  4.6437318E-02
   7151.00  4.6458112E-02
   7151.20  4.6433712E-02
   7151.40  4.6366680E-02
   7151.60  4.6260136E-02
   7151.80  4.6117831E-02
   7152.00  4.5944156E-02
   7152.20  4.5742706E-02
   7152.40  4.5517275E-02
   7152.60  4.5271505E-02
   7152.80  4.5008613E-02
   7153.00  4.4731515E-02
   7153.20  4.4442559E-02
   7153.40  4.4143295E-02
   7153.60  4.3834808E-02
   7153.80  4.3517891E-02
   7154.00  4.3191579E-02
   7154.20  4.2858659E-02
   7154.40  4.2517800E-02
   7154.60  4.2167530E-02
   7154.80  4.1807200E-02
   7155.00  4.1436242E-02
   7155.20  4.1054228E-02
   7155.40  4.0660814E-02
   7155.60  4.0256093E-02
   7155.80  3.9840928E-02
   7156.00  3.9415883E-02
   7156.20  3.8982110E-02
   7156.40  3.8541302E-02
   7156.60  3.8095464E-02
   7156.80  3.7646929E-02
   7157.00  3.7196177E-02
   7157.20  3.6747479E-02
   7157.40  3.6303857E-02
   7157.60  3.5867376E-02
   7157.80  3.5439813E-02
   7158.00  3.5022839E-02
   7158.20  3.4617737E-02
   7158.40  3.4225397E-02
   7158.60  3.3847396E-02
   7158.80  3.3485040E-02
   7159.00  3.3131468E-02
   7159.20  3.2790175E-02
   7159.40  3.2463660E-02
   7159.60  3.2146956E-02
   7159.80  3.1845271E-02
   7160.00  3.1553664E-02
   7160.20  3.1275504E-02
   7160.40  3.1004207E-02
   7160.60  3.0743395E-02
   7160.80  3.0492471E-02
   7161.00  3.0251298E-02
   7161.20  3.0019851E-02
   7161.40  2.9798005E-02
   7161.60  2.9585219E-02
   7161.80  2.9381057E-02
   7162.00  2.9184954E-02
   7162.20  2.8996245E-02
   7162.40  2.8814335E-02
   7162.60  2.8637972E-02
   7162.80  2.8466147E-02
   7163.00  2.8297777E-02
   7163.20  2.8132315E-02
   7163.40  2.7968348E-02
   7163.60  2.7805130E-02
   7163.80  2.7641620E-02
   7164.00  2.7478669E-02
   7164.20  2.7313464E-02
   7164.40  2.7146759E-02
   7164.60  2.6978587E-02
   7164.80  2.6809141E-02
   7165.00  2.6638859E-02
   7165.20  2.6468756E-02
   7165.40  2.6299453E-02
   7165.60  2.6131409E-02
   7165.80  2.5965382E-02
   7166.00  2.5802333E-02
   7166.20  2.5642879E-02
   7166.40  2.5487792E-02
   7166.60  2.5337860E-02
   7166.80  2.5193108E-02
   7167.00  2.5051619E-02
   7167.20  2.4923114E-02
   7167.40  2.4796362E-02
   7167.60  2.4675725E-02
   7167.80  2.4561248E-02
   7168.00  2.4453325E-02
   7168.20  2.4351315E-02
   7168.40  2.4255000E-02
   7168.60  2.4164218E-02
   7168.80  2.4079011E-02
   7169.00  2.3998822E-02
   7169.20  2.3923383E-02
   7169.40  2.3852530E-02
   7169.60  2.3786504E-02
   7169.80  2.3724632E-02
   7170.00  2.3666786E-02
   7170.20  2.3612850E-02
   7170.40  2.3562737E-02
   7170.60  2.3516494E-02
   7170.80  2.3474090E-02
   7171.00  2.3435448E-02
   7171.20  2.3400741E-02
   7171.40  2.3370363E-02
   7171.60  2.3344243E-02
   7171.80  2.3322659E-02
   7172.00  2.3305645E-02
