  7112.000   26  1  1  2.7061626E-02 -3.1881900E+00 -2.7657677E+00  1  1  7.2667143E+03  0.0000000E+00  0.0000000E+00  2.7733119E+00  1.0000000E+00  0.0000000E+00 = E_edge, Z, n_edge, j_edge, Abs_before_edge, VO_interstitial, E_cut, ninitl, ninit1, Epsii, UnitCell_Volume, Surface_ref, f0_forward, natomsym_f, abs_u_i
    Energy    <xanes>    
   7097.00  2.0383589E-05
   7097.20  2.0543708E-05
   7097.40  2.0732860E-05
   7097.60  2.0956812E-05
   7097.80  2.1223262E-05
   7098.00  2.1542792E-05
   7098.20  2.1930394E-05
   7098.40  2.2407893E-05
   7098.60  2.3008187E-05
   7098.80  2.3783194E-05
   7099.00  2.4819735E-05
   7099.20  2.6273031E-05
   7099.40  2.8447357E-05
   7099.60  3.2017408E-05
   7099.80  3.8763907E-05
   7100.00  5.4870148E-05
   7100.20  1.1623511E-04
   7100.40  1.3932789E-03
   7100.60  4.2647770E-04
   7100.80  9.9643302E-05
   7101.00  7.7452660E-05
   7101.20  1.2249425E-04
   7101.40  1.1688053E-03
   7101.60  4.1818002E-04
   7101.80  2.0906585E-03
   7102.00  1.2235644E-04
   7102.20  4.9603407E-04
   7102.40  4.0987338E-04
   7102.60  1.2576204E-04
   7102.80  1.7240696E-04
   7103.00  9.8465250E-04
   7103.20  1.8256931E-03
   7103.40  2.3969352E-03
   7103.60  9.3509399E-05
   7103.80  6.4813474E-05
   7104.00  6.6739142E-05
   7104.20  3.5760399E-04
   7104.40  1.1379699E-04
   7104.60  9.3230331E-05
   7104.80  6.6818132E-05
   7105.00  7.6464805E-05
   7105.20  1.0258499E-04
   7105.40  1.9300218E-04
   7105.60  1.5886743E-02
   7105.80  9.1683773E-04
   7106.00  2.9148690E-02
   7106.20  7.9701107E-04
   7106.40  9.5098194E-03
   7106.60  9.5517815E-04
   7106.80  2.4873904E-04
   7107.00  3.5423473E-04
   7107.20  2.5367356E-04
   7107.40  1.2734109E-03
   7107.60  4.5786295E-04
   7107.80  2.5242872E-03
   7108.00  5.5373905E-03
   7108.20  6.5362703E-02
   7108.40  1.0301246E-02
   7108.60  1.9989138E-03
   7108.80  2.4573036E-03
   7109.00  1.6983900E-03
   7109.20  9.8357588E-04
   7109.40  5.4539137E-03
   7109.60  1.1068022E-02
   7109.80  1.4493960E-02
   7110.00  2.3098233E-02
   7110.20  6.8176530E-03
   7110.40  3.9287075E-03
   7110.60  1.2054560E-02
   7110.80  5.6197577E-03
   7111.00  6.7484931E-03
   7111.20  1.2777120E-02
   7111.40  2.9002093E-02
   7111.60  4.5155868E-02
   7111.80  3.3808563E-02
   7112.00  4.1819435E-02
   7112.20  3.2256572E-02
   7112.40  3.4504259E-02
   7112.60  5.2557793E-02
   7112.80  7.7477570E-02
   7113.00  1.4415277E-01
   7113.20  7.0495470E-02
   7113.40  4.0471251E-02
   7113.60  2.8188219E-02
   7113.80  1.8970117E-02
   7114.00  1.2524605E-02
   7114.20  8.5776142E-03
   7114.40  6.2546298E-03
   7114.60  4.8664637E-03
   7114.80  3.9247339E-03
   7115.00  3.4349954E-03
   7115.20  3.1778463E-03
   7115.40  3.1608230E-03
   7115.60  3.5832795E-03
   7115.80  5.2352651E-03
   7116.00  9.8425974E-03
   7116.20  8.7602677E-03
   7116.40  5.0169837E-03
   7116.60  3.7088947E-03
   7116.80  3.3827417E-03
   7117.00  3.5836245E-03
   7117.20  4.7186479E-03
   7117.40  8.4081078E-03
   7117.60  9.6988464E-03
   7117.80  6.2046865E-03
   7118.00  4.7542579E-03
   7118.20  4.4118119E-03
   7118.40  4.5358415E-03
   7118.60  5.1850127E-03
   7118.80  6.4680610E-03
   7119.00  6.5335867E-03
   7119.20  6.5021326E-03
   7119.40  6.9079071E-03
   7119.60  7.5783902E-03
   7119.80  8.0405396E-03
   7120.00  7.8578385E-03
   7120.20  7.4836426E-03
   7120.40  7.0850780E-03
   7120.60  6.5607501E-03
   7120.80  6.2352411E-03
   7121.00  6.1633730E-03
   7121.20  6.2474425E-03
   7121.40  6.4186572E-03
   7121.60  6.6677186E-03
   7121.80  7.0309871E-03
   7122.00  7.4873220E-03
   7122.20  8.0098842E-03
   7122.40  8.6176339E-03
   7122.60  9.3296680E-03
   7122.80  1.0156126E-02
   7123.00  1.1110540E-02
   7123.20  1.2223451E-02
   7123.40  1.3548852E-02
   7123.60  1.5154433E-02
   7123.80  1.7101621E-02
   7124.00  1.9413100E-02
   7124.20  2.2027368E-02
   7124.40  2.4757249E-02
   7124.60  2.7330513E-02
   7124.80  2.9318520E-02
   7125.00  3.0486447E-02
   7125.20  3.0713375E-02
   7125.40  3.0113149E-02
   7125.60  2.9036598E-02
   7125.80  2.7834682E-02
   7126.00  2.6809708E-02
   7126.20  2.6151899E-02
   7126.40  2.5963651E-02
   7126.60  2.6172686E-02
   7126.80  2.6784539E-02
   7127.00  2.7649261E-02
   7127.20  2.8636508E-02
   7127.40  2.9729073E-02
   7127.60  3.0578021E-02
   7127.80  3.1225383E-02
   7128.00  3.1646155E-02
   7128.20  3.1867838E-02
   7128.40  3.1961082E-02
   7128.60  3.2019472E-02
   7128.80  3.2137859E-02
   7129.00  3.2376602E-02
   7129.20  3.2856413E-02
   7129.40  3.3589983E-02
   7129.60  3.4614130E-02
   7129.80  3.5962858E-02
   7130.00  3.7665670E-02
   7130.20  3.9733941E-02
   7130.40  4.2133086E-02
   7130.60  4.4750026E-02
   7130.80  4.7381770E-02
   7131.00  4.9777404E-02
   7131.20  5.1731645E-02
   7131.40  5.3131603E-02
   7131.60  5.4009062E-02
   7131.80  5.4470993E-02
   7132.00  5.4639041E-02
   7132.20  5.4616466E-02
   7132.40  5.4480305E-02
   7132.60  5.4283848E-02
   7132.80  5.4057951E-02
   7133.00  5.3809527E-02
   7133.20  5.3520841E-02
   7133.40  5.3152110E-02
   7133.60  5.2647320E-02
   7133.80  5.1946003E-02
   7134.00  5.0998788E-02
   7134.20  4.9783362E-02
   7134.40  4.8312993E-02
   7134.60  4.6631888E-02
   7134.80  4.4802172E-02
   7135.00  4.2889262E-02
   7135.20  4.0953191E-02
   7135.40  3.9045571E-02
   7135.60  3.7210045E-02
   7135.80  3.5482622E-02
   7136.00  3.3890997E-02
   7136.20  3.2455687E-02
   7136.40  3.1189011E-02
   7136.60  3.0097290E-02
   7136.80  2.9181512E-02
   7137.00  2.8445758E-02
   7137.20  2.7878662E-02
   7137.40  2.7461815E-02
   7137.60  2.7181604E-02
   7137.80  2.7023041E-02
   7138.00  2.6972310E-02
   7138.20  2.7020221E-02
   7138.40  2.7164823E-02
   7138.60  2.7411869E-02
   7138.80  2.7772523E-02
   7139.00  2.8258319E-02
   7139.20  2.8871860E-02
   7139.40  2.9597542E-02
   7139.60  3.0398306E-02
   7139.80  3.1223134E-02
   7140.00  3.2023053E-02
   7140.20  3.2765850E-02
   7140.40  3.3440436E-02
   7140.60  3.4053303E-02
   7140.80  3.4620146E-02
   7141.00  3.5158656E-02
   7141.20  3.5684385E-02
   7141.40  3.6207790E-02
   7141.60  3.6734155E-02
   7141.80  3.7263608E-02
   7142.00  3.7792314E-02
   7142.20  3.8313778E-02
   7142.40  3.8820437E-02
   7142.60  3.9303982E-02
   7142.80  3.9756917E-02
   7143.00  4.0172942E-02
   7143.20  4.0546983E-02
   7143.40  4.0875305E-02
   7143.60  4.1168398E-02
   7143.80  4.1422717E-02
   7144.00  4.1629852E-02
   7144.20  4.1792772E-02
   7144.40  4.1916462E-02
   7144.60  4.2007700E-02
   7144.80  4.2074748E-02
   7145.00  4.2126785E-02
   7145.20  4.2173394E-02
   7145.40  4.2223375E-02
   7145.60  4.2284653E-02
   7145.80  4.2363701E-02
   7146.00  4.2465259E-02
   7146.20  4.2591939E-02
   7146.40  4.2744585E-02
   7146.60  4.2922395E-02
   7146.80  4.3123266E-02
   7147.00  4.3343526E-02
   7147.20  4.3578829E-02
   7147.40  4.3824124E-02
   7147.60  4.4073992E-02
   7147.80  4.4322791E-02
   7148.00  4.4564995E-02
   7148.20  4.4795323E-02
   7148.40  4.5009147E-02
   7148.60  4.5202704E-02
   7148.80  4.5372344E-02
   7149.00  4.5515104E-02
   7149.20  4.5629105E-02
   7149.40  4.5706493E-02
   7149.60  4.5760720E-02
   7149.80  4.5783701E-02
   7150.00  4.5775605E-02
   7150.20  4.5736938E-02
   7150.40  4.5668249E-02
   7150.60  4.5570720E-02
   7150.80  4.5445683E-02
   7151.00  4.5295405E-02
   7151.20  4.5121322E-02
   7151.40  4.4925976E-02
   7151.60  4.4711932E-02
   7151.80  4.4482231E-02
   7152.00  4.4240096E-02
   7152.20  4.3987977E-02
   7152.40  4.3728131E-02
   7152.60  4.3462463E-02
   7152.80  4.3192395E-02
   7153.00  4.2918797E-02
   7153.20  4.2641911E-02
   7153.40  4.2361232E-02
   7153.60  4.2076093E-02
   7153.80  4.1785808E-02
   7154.00  4.1489639E-02
   7154.20  4.1187174E-02
   7154.40  4.0878816E-02
   7154.60  4.0563927E-02
   7154.80  4.0243139E-02
   7155.00  3.9917608E-02
   7155.20  3.9588950E-02
   7155.40  3.9258800E-02
   7155.60  3.8929019E-02
   7155.80  3.8601951E-02
   7156.00  3.8279190E-02
   7156.20  3.7962420E-02
   7156.40  3.7653219E-02
   7156.60  3.7352898E-02
   7156.80  3.7062542E-02
   7157.00  3.6782931E-02
   7157.20  3.6526550E-02
   7157.40  3.6270179E-02
   7157.60  3.6025066E-02
   7157.80  3.5790577E-02
   7158.00  3.5565971E-02
   7158.20  3.5350273E-02
   7158.40  3.5142276E-02
   7158.60  3.4936360E-02
   7158.80  3.4739248E-02
   7159.00  3.4545100E-02
   7159.20  3.4351402E-02
   7159.40  3.4157744E-02
   7159.60  3.3963602E-02
   7159.80  3.3765776E-02
   7160.00  3.3559696E-02
   7160.20  3.3345925E-02
   7160.40  3.3123117E-02
   7160.60  3.2890264E-02
   7160.80  3.2646631E-02
   7161.00  3.2391849E-02
   7161.20  3.2126053E-02
   7161.40  3.1849696E-02
   7161.60  3.1563149E-02
   7161.80  3.1267346E-02
   7162.00  3.0963459E-02
   7162.20  3.0652849E-02
   7162.40  3.0337016E-02
   7162.60  3.0017530E-02
   7162.80  2.9696016E-02
   7163.00  2.9374657E-02
   7163.20  2.9054966E-02
   7163.40  2.8737991E-02
   7163.60  2.8425488E-02
   7163.80  2.8118418E-02
   7164.00  2.7818451E-02
   7164.20  2.7526535E-02
   7164.40  2.7243422E-02
   7164.60  2.6970043E-02
   7164.80  2.6707135E-02
   7165.00  2.6455395E-02
   7165.20  2.6216063E-02
   7165.40  2.5988941E-02
   7165.60  2.5774383E-02
   7165.80  2.5572611E-02
   7166.00  2.5383898E-02
   7166.20  2.5208159E-02
   7166.40  2.5046593E-02
   7166.60  2.4897567E-02
   7166.80  2.4760773E-02
   7167.00  2.4635985E-02
   7167.20  2.4522724E-02
   7167.40  2.4420441E-02
   7167.60  2.4328763E-02
   7167.80  2.4247203E-02
   7168.00  2.4175238E-02
   7168.20  2.4111943E-02
   7168.40  2.4056647E-02
   7168.60  2.4008774E-02
   7168.80  2.3967966E-02
   7169.00  2.3933483E-02
   7169.20  2.3904775E-02
   7169.40  2.3881545E-02
   7169.60  2.3863749E-02
   7169.80  2.3850667E-02
   7170.00  2.3842109E-02
   7170.20  2.3837904E-02
   7170.40  2.3837931E-02
   7170.60  2.3842210E-02
   7170.80  2.3850652E-02
   7171.00  2.3863102E-02
   7171.20  2.3879549E-02
   7171.40  2.3900335E-02
   7171.60  2.3925021E-02
   7171.80  2.3953653E-02
   7172.00  2.3986022E-02
