  7112.000   26  1  1  1.1151820E-02 -3.8267444E+00 -4.0876699E-01  1  1  7.2654031E+03  0.0000000E+00  0.0000000E+00  3.2978895E+00  1.0000000E+00  0.0000000E+00 = E_edge, Z, n_edge, j_edge, Abs_before_edge, VO_interstitial, E_cut, ninitl, ninit1, Epsii, UnitCell_Volume, Surface_ref, f0_forward, natomsym_f, abs_u_i
    Energy    <xanes>    
   7097.00  5.2833669E-04
   7097.20  1.0893516E-04
   7097.40  6.1719046E-05
   7097.60  4.8655798E-05
   7097.80  4.4916125E-05
   7098.00  4.5529168E-05
   7098.20  4.9783281E-05
   7098.40  5.9116208E-05
   7098.60  7.8584922E-05
   7098.80  1.2558218E-04
   7099.00  2.9093265E-04
   7099.20  2.3390518E-03
   7099.40  2.1500984E-03
   7099.60  4.2362405E-02
   7099.80  4.1773618E-04
   7100.00  1.3962036E-04
   7100.20  8.2215896E-05
   7100.40  6.0216619E-05
   7100.60  4.9569960E-05
   7100.80  4.3897413E-05
   7101.00  4.0945349E-05
   7101.20  3.9920344E-05
   7101.40  4.0985706E-05
   7101.60  4.6418181E-05
   7101.80  7.4606869E-05
   7102.00  6.4915175E-03
   7102.20  1.0126668E-04
   7102.40  2.1341266E-04
   7102.60  1.9690736E-04
   7102.80  6.7271033E-05
   7103.00  6.6513397E-05
   7103.20  9.4953269E-05
   7103.40  3.1648636E-04
   7103.60  2.1111322E-03
   7103.80  1.6391626E-04
   7104.00  1.3719966E-04
   7104.20  2.7505958E-04
   7104.40  1.7789121E-03
   7104.60  1.8179092E-03
   7104.80  2.4674510E-04
   7105.00  1.3016733E-04
   7105.20  1.0662357E-04
   7105.40  1.1678444E-04
   7105.60  3.2111287E-04
   7105.80  3.0225902E-04
   7106.00  1.8932303E-04
   7106.20  3.3548934E-04
   7106.40  1.1074480E-03
   7106.60  2.4787875E-02
   7106.80  1.1687629E-03
   7107.00  9.8346077E-04
   7107.20  1.9748744E-01
   7107.40  3.6942101E-03
   7107.60  5.1469771E-04
   7107.80  3.4745134E-04
   7108.00  3.7742138E-04
   7108.20  7.3552036E-04
   7108.40  2.0060185E-03
   7108.60  6.0764044E-04
   7108.80  2.3759471E-02
   7109.00  8.1919322E-02
   7109.20  1.1467437E-02
   7109.40  2.1498972E-02
   7109.60  1.3275675E-01
   7109.80  5.2527223E-02
   7110.00  3.0205761E-02
   7110.20  4.1575599E-02
   7110.40  2.1523794E-02
   7110.60  4.7922565E-02
   7110.80  6.9840635E-03
   7111.00  3.9760376E-03
   7111.20  6.1981186E-03
   7111.40  5.7986929E-03
   7111.60  1.6292642E-02
   7111.80  1.3026551E-02
   7112.00  5.6097300E-03
   7112.20  3.7966294E-03
   7112.40  2.6860612E-03
   7112.60  2.0569778E-03
   7112.80  1.6896656E-03
   7113.00  1.4364218E-03
   7113.20  1.2461823E-03
   7113.40  1.1013642E-03
   7113.60  1.0089912E-03
   7113.80  1.0322549E-03
   7114.00  1.5677010E-03
   7114.20  2.0533655E-03
   7114.40  8.6483206E-04
   7114.60  7.0805273E-04
   7114.80  1.0559669E-03
   7115.00  2.8797609E-03
   7115.20  6.6874856E-04
   7115.40  5.0835608E-04
   7115.60  4.6536793E-04
   7115.80  4.4780572E-04
   7116.00  4.4028498E-04
   7116.20  4.3874484E-04
   7116.40  4.4206722E-04
   7116.60  4.5014090E-04
   7116.80  4.6336040E-04
   7117.00  4.8255161E-04
   7117.20  5.0917440E-04
   7117.40  5.4581465E-04
   7117.60  5.9663043E-04
   7117.80  6.6730351E-04
   7118.00  7.6460785E-04
   7118.20  8.9560432E-04
   7118.40  1.0658296E-03
   7118.60  1.2759592E-03
   7118.80  1.5176645E-03
   7119.00  1.7713452E-03
   7119.20  2.0105209E-03
   7119.40  2.2118053E-03
   7119.60  2.3659269E-03
   7119.80  2.4844927E-03
   7120.00  2.6042676E-03
   7120.20  2.7800411E-03
   7120.40  2.9297158E-03
   7120.60  2.6973891E-03
   7120.80  2.3455040E-03
   7121.00  2.1220133E-03
   7121.20  1.9861046E-03
   7121.40  1.8993332E-03
   7121.60  1.8471864E-03
   7121.80  1.8263110E-03
   7122.00  1.8414070E-03
   7122.20  1.8976571E-03
   7122.40  2.0126586E-03
   7122.60  2.2064589E-03
   7122.80  2.5210569E-03
   7123.00  3.0208308E-03
   7123.20  3.8645274E-03
   7123.40  5.0818781E-03
   7123.60  6.7478678E-03
   7123.80  8.6133228E-03
   7124.00  1.0024707E-02
   7124.20  1.0499939E-02
   7124.40  1.0221797E-02
   7124.60  9.6663580E-03
   7124.80  9.1435277E-03
   7125.00  8.7336034E-03
   7125.20  8.3791101E-03
   7125.40  8.0840360E-03
   7125.60  8.0180727E-03
   7125.80  8.3273670E-03
   7126.00  9.1196933E-03
   7126.20  1.0398025E-02
   7126.40  1.1840425E-02
   7126.60  1.3189773E-02
   7126.80  1.4556941E-02
   7127.00  1.6064796E-02
   7127.20  1.7496230E-02
   7127.40  1.8863581E-02
   7127.60  2.0294460E-02
   7127.80  2.2115168E-02
   7128.00  2.4665338E-02
   7128.20  2.8129955E-02
   7128.40  3.2379966E-02
   7128.60  3.7016827E-02
   7128.80  4.1664369E-02
   7129.00  4.6160635E-02
   7129.20  5.0416983E-02
   7129.40  5.4099149E-02
   7129.60  5.6461455E-02
   7129.80  5.6839638E-02
   7130.00  5.5601730E-02
   7130.20  5.3997813E-02
   7130.40  5.2911147E-02
   7130.60  5.2468111E-02
   7130.80  5.2448445E-02
   7131.00  5.2607623E-02
   7131.20  5.2773924E-02
   7131.40  5.2856347E-02
   7131.60  5.2835156E-02
   7131.80  5.2745651E-02
   7132.00  5.2651939E-02
   7132.20  5.2620833E-02
   7132.40  5.2705767E-02
   7132.60  5.2946274E-02
   7132.80  5.3377046E-02
   7133.00  5.4042096E-02
   7133.20  5.5010477E-02
   7133.40  5.6386960E-02
   7133.60  5.8305955E-02
   7133.80  6.0886720E-02
   7134.00  6.4121740E-02
   7134.20  6.7718099E-02
   7134.40  7.1033628E-02
   7134.60  7.3309371E-02
   7134.80  7.4119960E-02
   7135.00  7.3591649E-02
   7135.20  7.2188730E-02
   7135.40  7.0386180E-02
   7135.60  6.8509492E-02
   7135.80  6.6731700E-02
   7136.00  6.5141407E-02
   7136.20  6.3768299E-02
   7136.40  6.2619608E-02
   7136.60  6.1694916E-02
   7136.80  6.0992724E-02
   7137.00  6.0513150E-02
   7137.20  6.0258629E-02
   7137.40  6.0233159E-02
   7137.60  6.0440901E-02
   7137.80  6.0883061E-02
   7138.00  6.1554504E-02
   7138.20  6.2435519E-02
   7138.40  6.3480882E-02
   7138.60  6.4605286E-02
   7138.80  6.5668230E-02
   7139.00  6.6465953E-02
   7139.20  6.6744249E-02
   7139.40  6.6247273E-02
   7139.60  6.4801712E-02
   7139.80  6.2395875E-02
   7140.00  5.9203974E-02
   7140.20  5.5528503E-02
   7140.40  5.1694876E-02
   7140.60  4.7965684E-02
   7140.80  4.4507908E-02
   7141.00  4.1399834E-02
   7141.20  3.8658735E-02
   7141.40  3.6268019E-02
   7141.60  3.4197659E-02
   7141.80  3.2414548E-02
   7142.00  3.0887625E-02
   7142.20  2.9589498E-02
   7142.40  2.8495776E-02
   7142.60  2.7584878E-02
   7142.80  2.6836631E-02
   7143.00  2.6235519E-02
   7143.20  2.5758191E-02
   7143.40  2.5387950E-02
   7143.60  2.5110930E-02
   7143.80  2.4914857E-02
   7144.00  2.4788891E-02
   7144.20  2.4723841E-02
   7144.40  2.4712200E-02
   7144.60  2.4748105E-02
   7144.80  2.4826984E-02
   7145.00  2.4945633E-02
   7145.20  2.5102076E-02
   7145.40  2.5295206E-02
   7145.60  2.5524816E-02
   7145.80  2.5791368E-02
   7146.00  2.6117946E-02
   7146.20  2.6460632E-02
   7146.40  2.6842717E-02
   7146.60  2.7264776E-02
   7146.80  2.7726969E-02
   7147.00  2.8228771E-02
   7147.20  2.8768641E-02
   7147.40  2.9343930E-02
   7147.60  2.9951226E-02
   7147.80  3.0586385E-02
   7148.00  3.1244247E-02
   7148.20  3.1970116E-02
   7148.40  3.2656249E-02
   7148.60  3.3345987E-02
   7148.80  3.4032836E-02
   7149.00  3.4710283E-02
   7149.20  3.5371510E-02
   7149.40  3.6009628E-02
   7149.60  3.6617502E-02
   7149.80  3.7187315E-02
   7150.00  3.7711420E-02
   7150.20  3.8182690E-02
   7150.40  3.8594735E-02
   7150.60  3.8952247E-02
   7150.80  3.9231551E-02
   7151.00  3.9442274E-02
   7151.20  3.9584389E-02
   7151.40  3.9668912E-02
   7151.60  3.9701247E-02
   7151.80  3.9687760E-02
   7152.00  3.9635430E-02
   7152.20  3.9551611E-02
   7152.40  3.9443531E-02
   7152.60  3.9317450E-02
   7152.80  3.9178979E-02
   7153.00  3.9032816E-02
   7153.20  3.8901582E-02
   7153.40  3.8749162E-02
   7153.60  3.8596065E-02
   7153.80  3.8442372E-02
   7154.00  3.8287085E-02
   7154.20  3.8128398E-02
   7154.40  3.7963353E-02
   7154.60  3.7788032E-02
   7154.80  3.7598052E-02
   7155.00  3.7388601E-02
   7155.20  3.7154471E-02
   7155.40  3.6890848E-02
   7155.60  3.6593029E-02
   7155.80  3.6256870E-02
   7156.00  3.5879330E-02
   7156.20  3.5458678E-02
   7156.40  3.4994546E-02
   7156.60  3.4487928E-02
   7156.80  3.3941493E-02
   7157.00  3.3358357E-02
   7157.20  3.2742594E-02
   7157.40  3.2098797E-02
   7157.60  3.1431660E-02
   7157.80  3.0745647E-02
   7158.00  3.0044833E-02
   7158.20  2.9332697E-02
   7158.40  2.8612917E-02
   7158.60  2.7887473E-02
   7158.80  2.7158857E-02
   7159.00  2.6428397E-02
   7159.20  2.5700950E-02
   7159.40  2.4977890E-02
   7159.60  2.4261948E-02
   7159.80  2.3556223E-02
   7160.00  2.2863238E-02
   7160.20  2.2183393E-02
   7160.40  2.1523865E-02
   7160.60  2.0887932E-02
   7160.80  2.0278646E-02
   7161.00  1.9700130E-02
   7161.20  1.9153897E-02
   7161.40  1.8643325E-02
   7161.60  1.8171183E-02
   7161.80  1.7740185E-02
   7162.00  1.7352976E-02
   7162.20  1.7012412E-02
   7162.40  1.6720685E-02
   7162.60  1.6480212E-02
   7162.80  1.6293293E-02
   7163.00  1.6162060E-02
   7163.20  1.6088425E-02
   7163.40  1.6074085E-02
   7163.60  1.6120367E-02
   7163.80  1.6228234E-02
   7164.00  1.6398225E-02
   7164.20  1.6630521E-02
   7164.40  1.6924654E-02
   7164.60  1.7279766E-02
   7164.80  1.7694240E-02
   7165.00  1.8166173E-02
   7165.20  1.8693158E-02
   7165.40  1.9278522E-02
   7165.60  1.9913284E-02
   7165.80  2.0586796E-02
   7166.00  2.1300820E-02
   7166.20  2.2050624E-02
   7166.40  2.2830947E-02
   7166.60  2.3636079E-02
   7166.80  2.4459205E-02
   7167.00  2.5293597E-02
   7167.20  2.6126489E-02
   7167.40  2.6960818E-02
   7167.60  2.7782207E-02
   7167.80  2.8582085E-02
   7168.00  2.9350920E-02
   7168.20  3.0079141E-02
   7168.40  3.0757421E-02
   7168.60  3.1377011E-02
   7168.80  3.1930162E-02
   7169.00  3.2410455E-02
   7169.20  3.2812591E-02
   7169.40  3.3133011E-02
   7169.60  3.3370223E-02
   7169.80  3.3524668E-02
   7170.00  3.3598662E-02
   7170.20  3.3594985E-02
   7170.40  3.3518887E-02
   7170.60  3.3377247E-02
   7170.80  3.3176825E-02
   7171.00  3.2925322E-02
   7171.20  3.2630654E-02
   7171.40  3.2300716E-02
   7171.60  3.1943305E-02
   7171.80  3.1565926E-02
   7172.00  3.1175724E-02
