  7112.000   26  1  1  1.5528150E-02 -2.7129514E+00 -1.6878009E+00  1  1  7.2657215E+03  0.0000000E+00  0.0000000E+00  3.0239868E+00  1.0000000E+00  0.0000000E+00 = E_edge, Z, n_edge, j_edge, Abs_before_edge, VO_interstitial, E_cut, ninitl, ninit1, Epsii, UnitCell_Volume, Surface_ref, f0_forward, natomsym_f, abs_u_i
    Energy    <xanes>    
   7097.00  1.9824329E-05
   7097.20  1.9896958E-05
   7097.40  1.9993277E-05
   7097.60  2.0117443E-05
   7097.80  2.0275695E-05
   7098.00  2.0477532E-05
   7098.20  2.0738324E-05
   7098.40  2.1083618E-05
   7098.60  2.1559563E-05
   7098.80  2.2258358E-05
   7099.00  2.3390686E-05
   7099.20  2.5542454E-05
   7099.40  3.0945331E-05
   7099.60  5.5491754E-05
   7099.80  2.5551890E-03
   7100.00  7.7176746E-05
   7100.20  3.6389927E-05
   7100.40  3.1153408E-05
   7100.60  3.1506091E-05
   7100.80  3.9201125E-05
   7101.00  8.5430164E-05
   7101.20  4.6748444E-05
   7101.40  6.4741947E-05
   7101.60  1.3083963E-04
   7101.80  8.0313624E-04
   7102.00  1.4418854E-03
   7102.20  3.1553863E-04
   7102.40  1.4678325E-04
   7102.60  1.3319894E-03
   7102.80  1.8836894E-04
   7103.00  6.8587641E-05
   7103.20  5.6118747E-05
   7103.40  6.7151742E-05
   7103.60  2.2526708E-04
   7103.80  3.2312454E-03
   7104.00  3.0580567E-04
   7104.20  9.4901908E-05
   7104.40  1.5550696E-04
   7104.60  2.0345962E-03
   7104.80  1.6892688E-03
   7105.00  4.9137050E-04
   7105.20  1.1355905E-03
   7105.40  1.6362591E-04
   7105.60  4.0254016E-03
   7105.80  1.1043653E-04
   7106.00  7.7953138E-05
   7106.20  9.4777511E-05
   7106.40  4.5146637E-04
   7106.60  1.4592875E-02
   7106.80  4.2178211E-04
   7107.00  9.1992939E-04
   7107.20  1.7938949E-03
   7107.40  7.6347962E-04
   7107.60  2.5313928E-04
   7107.80  4.0086962E-03
   7108.00  2.3662509E-04
   7108.20  2.1074770E-04
   7108.40  3.6949371E-03
   7108.60  1.4237423E-03
   7108.80  1.5741718E-03
   7109.00  8.0967399E-02
   7109.20  6.3233945E-02
   7109.40  1.1067727E-03
   7109.60  7.2946771E-03
   7109.80  3.6723399E-03
   7110.00  5.1381087E-03
   7110.20  5.5606435E-03
   7110.40  6.2044372E-03
   7110.60  6.1712042E-03
   7110.80  1.1144290E-02
   7111.00  1.0166245E-02
   7111.20  1.7915674E-02
   7111.40  1.6935566E-02
   7111.60  1.9211053E-02
   7111.80  1.8490321E-02
   7112.00  1.8045319E-02
   7112.20  1.6963720E-02
   7112.40  1.7336724E-02
   7112.60  3.2567436E-02
   7112.80  2.5236670E-02
   7113.00  2.0934981E-02
   7113.20  2.0703001E-02
   7113.40  2.0975665E-02
   7113.60  2.2630134E-02
   7113.80  2.6966890E-02
   7114.00  3.1299672E-02
   7114.20  2.9479040E-02
   7114.40  2.4488380E-02
   7114.60  2.2293405E-02
   7114.80  2.3168358E-02
   7115.00  2.3212001E-02
   7115.20  2.0355775E-02
   7115.40  1.7004142E-02
   7115.60  1.4774828E-02
   7115.80  1.3539556E-02
   7116.00  1.3028532E-02
   7116.20  1.2829778E-02
   7116.40  1.2677096E-02
   7116.60  1.2379457E-02
   7116.80  1.2466543E-02
   7117.00  1.3483720E-02
   7117.20  1.5726804E-02
   7117.40  1.9279059E-02
   7117.60  2.3248145E-02
   7117.80  2.4751377E-02
   7118.00  2.1953233E-02
   7118.20  1.7357377E-02
   7118.40  1.3504871E-02
   7118.60  1.0850734E-02
   7118.80  9.0390123E-03
   7119.00  7.8014447E-03
   7119.20  7.0023305E-03
   7119.40  6.5189765E-03
   7119.60  6.2235559E-03
   7119.80  5.9203098E-03
   7120.00  5.5380987E-03
   7120.20  5.2905495E-03
   7120.40  5.3558524E-03
   7120.60  5.7825085E-03
   7120.80  6.2375308E-03
   7121.00  6.2722478E-03
   7121.20  6.0057416E-03
   7121.40  5.7359346E-03
   7121.60  5.5827952E-03
   7121.80  5.5600739E-03
   7122.00  5.6648976E-03
   7122.20  5.9108973E-03
   7122.40  6.3745239E-03
   7122.60  7.0346729E-03
   7122.80  7.8283895E-03
   7123.00  8.4856089E-03
   7123.20  8.8389563E-03
   7123.40  9.0421753E-03
   7123.60  9.3196803E-03
   7123.80  9.8133577E-03
   7124.00  1.0609297E-02
   7124.20  1.1774080E-02
   7124.40  1.3344932E-02
   7124.60  1.5252521E-02
   7124.80  1.7195826E-02
   7125.00  1.8667514E-02
   7125.20  1.9338735E-02
   7125.40  1.9350772E-02
   7125.60  1.9063182E-02
   7125.80  1.8750100E-02
   7126.00  1.8569082E-02
   7126.20  1.8599619E-02
   7126.40  1.8890024E-02
   7126.60  1.9520756E-02
   7126.80  2.0549905E-02
   7127.00  2.1992190E-02
   7127.20  2.3905554E-02
   7127.40  2.6265998E-02
   7127.60  2.8868312E-02
   7127.80  3.1300873E-02
   7128.00  3.3162933E-02
   7128.20  3.4466135E-02
   7128.40  3.5228443E-02
   7128.60  3.5633818E-02
   7128.80  3.5727782E-02
   7129.00  3.5601290E-02
   7129.20  3.5402228E-02
   7129.40  3.5305811E-02
   7129.60  3.5417799E-02
   7129.80  3.6044962E-02
   7130.00  3.7183742E-02
   7130.20  3.8795167E-02
   7130.40  4.0700968E-02
   7130.60  4.2605579E-02
   7130.80  4.4204805E-02
   7131.00  4.5324297E-02
   7131.20  4.5965281E-02
   7131.40  4.6238088E-02
   7131.60  4.6283540E-02
   7131.80  4.6232941E-02
   7132.00  4.6189640E-02
   7132.20  4.6217491E-02
   7132.40  4.6338150E-02
   7132.60  4.6540210E-02
   7132.80  4.6801889E-02
   7133.00  4.7121222E-02
   7133.20  4.7549066E-02
   7133.40  4.8209496E-02
   7133.60  4.9285625E-02
   7133.80  5.0977856E-02
   7134.00  5.3409844E-02
   7134.20  5.6463448E-02
   7134.40  5.9680388E-02
   7134.60  6.2456678E-02
   7134.80  6.4276925E-02
   7135.00  6.4740397E-02
   7135.20  6.3751080E-02
   7135.40  6.1686362E-02
   7135.60  5.9149532E-02
   7135.80  5.6624831E-02
   7136.00  5.4360642E-02
   7136.20  5.2425266E-02
   7136.40  5.0794503E-02
   7136.60  4.9412082E-02
   7136.80  4.8218332E-02
   7137.00  4.7161663E-02
   7137.20  4.6200836E-02
   7137.40  4.5305032E-02
   7137.60  4.4452568E-02
   7137.80  4.3629316E-02
   7138.00  4.2828149E-02
   7138.20  4.2047797E-02
   7138.40  4.1292405E-02
   7138.60  4.0571211E-02
   7138.80  3.9897192E-02
   7139.00  3.9286101E-02
   7139.20  3.8755296E-02
   7139.40  3.8322199E-02
   7139.60  3.8007646E-02
   7139.80  3.7825978E-02
   7140.00  3.7775576E-02
   7140.20  3.7862190E-02
   7140.40  3.8086276E-02
   7140.60  3.8441225E-02
   7140.80  3.8912092E-02
   7141.00  3.9473765E-02
   7141.20  4.0090668E-02
   7141.40  4.0718090E-02
   7141.60  4.1306245E-02
   7141.80  4.1806937E-02
   7142.00  4.2181468E-02
   7142.20  4.2407618E-02
   7142.40  4.2482355E-02
   7142.60  4.2419375E-02
   7142.80  4.2243792E-02
   7143.00  4.1984935E-02
   7143.20  4.1670679E-02
   7143.40  4.1323836E-02
   7143.60  4.0960729E-02
   7143.80  4.0591389E-02
   7144.00  4.0220690E-02
   7144.20  3.9849673E-02
   7144.40  3.9476951E-02
   7144.60  3.9099863E-02
   7144.80  3.8715384E-02
   7145.00  3.8320905E-02
   7145.20  3.7914794E-02
   7145.40  3.7496517E-02
   7145.60  3.7066743E-02
   7145.80  3.6627239E-02
   7146.00  3.6180723E-02
   7146.20  3.5730647E-02
   7146.40  3.5280823E-02
   7146.60  3.4835187E-02
   7146.80  3.4414187E-02
   7147.00  3.4005640E-02
   7147.20  3.3609876E-02
   7147.40  3.3229462E-02
   7147.60  3.2866661E-02
   7147.80  3.2523299E-02
   7148.00  3.2200842E-02
   7148.20  3.1900486E-02
   7148.40  3.1617905E-02
   7148.60  3.1363931E-02
   7148.80  3.1133924E-02
   7149.00  3.0927952E-02
   7149.20  3.0745772E-02
   7149.40  3.0587097E-02
   7149.60  3.0451618E-02
   7149.80  3.0338590E-02
   7150.00  3.0247414E-02
   7150.20  3.0177556E-02
   7150.40  3.0131217E-02
   7150.60  3.0102690E-02
   7150.80  3.0093757E-02
   7151.00  3.0103723E-02
   7151.20  3.0133055E-02
   7151.40  3.0180926E-02
   7151.60  3.0247084E-02
   7151.80  3.0331353E-02
   7152.00  3.0433440E-02
   7152.20  3.0553105E-02
   7152.40  3.0689662E-02
   7152.60  3.0842441E-02
   7152.80  3.1010577E-02
   7153.00  3.1193011E-02
   7153.20  3.1388543E-02
   7153.40  3.1595958E-02
   7153.60  3.1813472E-02
   7153.80  3.2039380E-02
   7154.00  3.2271562E-02
   7154.20  3.2507984E-02
   7154.40  3.2746612E-02
   7154.60  3.2986862E-02
   7154.80  3.3225949E-02
   7155.00  3.3460979E-02
   7155.20  3.3689965E-02
   7155.40  3.3911018E-02
   7155.60  3.4122310E-02
   7155.80  3.4322278E-02
   7156.00  3.4509138E-02
   7156.20  3.4681455E-02
   7156.40  3.4837756E-02
   7156.60  3.4976756E-02
   7156.80  3.5097228E-02
   7157.00  3.5198037E-02
   7157.20  3.5278174E-02
   7157.40  3.5336799E-02
   7157.60  3.5373315E-02
   7157.80  3.5387588E-02
   7158.00  3.5379351E-02
   7158.20  3.5348934E-02
   7158.40  3.5297048E-02
   7158.60  3.5224522E-02
   7158.80  3.5132573E-02
   7159.00  3.5022622E-02
   7159.20  3.4896215E-02
   7159.40  3.4754944E-02
   7159.60  3.4600600E-02
   7159.80  3.4434506E-02
   7160.00  3.4257975E-02
   7160.20  3.4072252E-02
   7160.40  3.3878357E-02
   7160.60  3.3676420E-02
   7160.80  3.3470016E-02
   7161.00  3.3259968E-02
   7161.20  3.3045066E-02
   7161.40  3.2827556E-02
   7161.60  3.2608820E-02
   7161.80  3.2388775E-02
   7162.00  3.2168880E-02
   7162.20  3.1955322E-02
   7162.40  3.1744698E-02
   7162.60  3.1544449E-02
   7162.80  3.1347751E-02
   7163.00  3.1156416E-02
   7163.20  3.0973135E-02
   7163.40  3.0798746E-02
   7163.60  3.0633801E-02
   7163.80  3.0478523E-02
   7164.00  3.0334373E-02
   7164.20  3.0200074E-02
   7164.40  3.0075542E-02
   7164.60  2.9960363E-02
   7164.80  2.9854146E-02
   7165.00  2.9756751E-02
   7165.20  2.9667649E-02
   7165.40  2.9585919E-02
   7165.60  2.9510974E-02
   7165.80  2.9442234E-02
   7166.00  2.9379085E-02
   7166.20  2.9320927E-02
   7166.40  2.9267863E-02
   7166.60  2.9218706E-02
   7166.80  2.9172761E-02
   7167.00  2.9129420E-02
   7167.20  2.9088166E-02
   7167.40  2.9042910E-02
   7167.60  2.9005950E-02
   7167.80  2.8968686E-02
   7168.00  2.8932009E-02
   7168.20  2.8895424E-02
   7168.40  2.8858755E-02
   7168.60  2.8822034E-02
   7168.80  2.8785433E-02
   7169.00  2.8749165E-02
   7169.20  2.8713678E-02
   7169.40  2.8679481E-02
   7169.60  2.8647278E-02
   7169.80  2.8617356E-02
   7170.00  2.8590327E-02
   7170.20  2.8566750E-02
   7170.40  2.8547242E-02
   7170.60  2.8532337E-02
   7170.80  2.8522429E-02
   7171.00  2.8517810E-02
   7171.20  2.8518802E-02
   7171.40  2.8525875E-02
   7171.60  2.8538733E-02
   7171.80  2.8557306E-02
   7172.00  2.8581357E-02
