  7112.000   26  1  1  1.4971984E-02 -1.2914632E+00 -1.0960784E+00  1  1  7.2653382E+03  0.0000000E+00  0.0000000E+00  1.8790194E+00  1.0000000E+00  0.0000000E+00 = E_edge, Z, n_edge, j_edge, Abs_before_edge, VO_interstitial, E_cut, ninitl, ninit1, Epsii, UnitCell_Volume, Surface_ref, f0_forward, natomsym_f, abs_u_i
    Energy    <xanes>    
   7097.00  1.0844147E-04
   7097.20  1.0268556E-04
   7097.40  2.9023848E-05
   7097.60  2.3014443E-05
   7097.80  2.1187769E-05
   7098.00  2.0386839E-05
   7098.20  1.9971691E-05
   7098.40  1.9739034E-05
   7098.60  1.9607141E-05
   7098.80  1.9538166E-05
   7099.00  1.9512884E-05
   7099.20  1.9521205E-05
   7099.40  1.9557769E-05
   7099.60  1.9620186E-05
   7099.80  1.9708060E-05
   7100.00  1.9822490E-05
   7100.20  1.9966145E-05
   7100.40  2.0143440E-05
   7100.60  2.0360720E-05
   7100.80  2.0627478E-05
   7101.00  2.0957822E-05
   7101.20  2.1372798E-05
   7101.40  2.1906269E-05
   7101.60  2.2614894E-05
   7101.80  2.3601691E-05
   7102.00  2.5076718E-05
   7102.20  2.7534526E-05
   7102.40  3.2455286E-05
   7102.60  4.6601468E-05
   7102.80  1.8838926E-04
   7103.00  1.7482933E-02
   7103.20  1.0166554E-04
   7103.40  9.0687671E-05
   7103.60  1.1114570E-03
   7103.80  2.7117651E-04
   7104.00  6.1575834E-04
   7104.20  1.3514137E-04
   7104.40  5.6259188E-04
   7104.60  3.0813880E-02
   7104.80  4.5558099E-04
   7105.00  1.4564684E-04
   7105.20  2.7289333E-03
   7105.40  6.6650965E-05
   7105.60  4.7369555E-05
   7105.80  4.3826033E-05
   7106.00  5.4801373E-05
   7106.20  8.9981541E-04
   7106.40  7.2440801E-05
   7106.60  4.1983314E-05
   7106.80  3.8614863E-05
   7107.00  3.9499431E-05
   7107.20  4.3063745E-05
   7107.40  5.0817518E-05
   7107.60  6.9814225E-05
   7107.80  1.4499960E-04
   7108.00  3.1292129E-03
   7108.20  9.6882449E-04
   7108.40  2.8968709E-04
   7108.60  9.1094875E-04
   7108.80  6.2154046E-04
   7109.00  1.8742190E-04
   7109.20  1.7711956E-03
   7109.40  5.7518276E-03
   7109.60  2.5534185E-03
   7109.80  2.5030280E-03
   7110.00  1.0318689E-02
   7110.20  2.2247617E-03
   7110.40  1.7203707E-03
   7110.60  1.0245811E-03
   7110.80  2.2468842E-03
   7111.00  1.4863402E-04
   7111.20  6.3297760E-04
   7111.40  3.4057444E-03
   7111.60  3.6695992E-03
   7111.80  1.2138160E-03
   7112.00  1.7563693E-03
   7112.20  5.3174896E-03
   7112.40  1.5939634E-02
   7112.60  3.4889875E-02
   7112.80  1.2738043E-02
   7113.00  5.8698251E-03
   7113.20  4.8637185E-03
   7113.40  3.5269220E-03
   7113.60  3.4511413E-03
   7113.80  4.4153063E-03
   7114.00  7.0996334E-03
   7114.20  1.4424498E-02
   7114.40  3.1878013E-02
   7114.60  5.4057109E-02
   7114.80  3.7594939E-02
   7115.00  1.9020176E-02
   7115.20  1.1093138E-02
   7115.40  6.7423111E-03
   7115.60  5.0822666E-03
   7115.80  4.0811591E-03
   7116.00  3.4366455E-03
   7116.20  3.0054936E-03
   7116.40  2.7143142E-03
   7116.60  2.5074779E-03
   7116.80  2.3981404E-03
   7117.00  2.3691613E-03
   7117.20  2.4160422E-03
   7117.40  2.5519834E-03
   7117.60  2.8027154E-03
   7117.80  3.2120680E-03
   7118.00  3.8521075E-03
   7118.20  4.8397941E-03
   7118.40  6.3725407E-03
   7118.60  8.7809122E-03
   7118.80  1.2617794E-02
   7119.00  1.8756598E-02
   7119.20  2.8295217E-02
   7119.40  4.1492737E-02
   7119.60  5.5001387E-02
   7119.80  6.2152275E-02
   7120.00  6.1184279E-02
   7120.20  5.6530345E-02
   7120.40  5.2153812E-02
   7120.60  4.9362472E-02
   7120.80  4.7798659E-02
   7121.00  4.6456100E-02
   7121.20  4.4403998E-02
   7121.40  4.1366708E-02
   7121.60  3.7976537E-02
   7121.80  3.5118432E-02
   7122.00  3.3299741E-02
   7122.20  3.2441656E-02
   7122.40  3.2005576E-02
   7122.60  3.1400825E-02
   7122.80  3.0369886E-02
   7123.00  2.8981059E-02
   7123.20  2.7537373E-02
   7123.40  2.6362070E-02
   7123.60  2.5570712E-02
   7123.80  2.5119128E-02
   7124.00  2.4906195E-02
   7124.20  2.4829329E-02
   7124.40  2.4755778E-02
   7124.60  2.4726069E-02
   7124.80  2.4674975E-02
   7125.00  2.4646596E-02
   7125.20  2.4719058E-02
   7125.40  2.4951000E-02
   7125.60  2.5348946E-02
   7125.80  2.5881501E-02
   7126.00  2.6509681E-02
   7126.20  2.7205178E-02
   7126.40  2.7952512E-02
   7126.60  2.8783165E-02
   7126.80  2.9688887E-02
   7127.00  3.0697652E-02
   7127.20  3.1819268E-02
   7127.40  3.3039694E-02
   7127.60  3.4325822E-02
   7127.80  3.5655752E-02
   7128.00  3.6987377E-02
   7128.20  3.8354872E-02
   7128.40  3.9662303E-02
   7128.60  4.0887666E-02
   7128.80  4.2065092E-02
   7129.00  4.3180497E-02
   7129.20  4.4210103E-02
   7129.40  4.5121300E-02
   7129.60  4.5873653E-02
   7129.80  4.6429552E-02
   7130.00  4.6759151E-02
   7130.20  4.6845155E-02
   7130.40  4.6686717E-02
   7130.60  4.6301156E-02
   7130.80  4.5722853E-02
   7131.00  4.4998748E-02
   7131.20  4.4182727E-02
   7131.40  4.3328592E-02
   7131.60  4.2484412E-02
   7131.80  4.1688600E-02
   7132.00  4.0967605E-02
   7132.20  4.0335696E-02
   7132.40  3.9796259E-02
   7132.60  3.9343806E-02
   7132.80  3.8966551E-02
   7133.00  3.8649501E-02
   7133.20  3.8377624E-02
   7133.40  3.8138223E-02
   7133.60  3.7923612E-02
   7133.80  3.7732353E-02
   7134.00  3.7569765E-02
   7134.20  3.7447162E-02
   7134.40  3.7379958E-02
   7134.60  3.7384104E-02
   7134.80  3.7474280E-02
   7135.00  3.7658948E-02
   7135.20  3.7935134E-02
   7135.40  3.8284701E-02
   7135.60  3.8673201E-02
   7135.80  3.9053206E-02
   7136.00  3.9372075E-02
   7136.20  3.9583011E-02
   7136.40  3.9654467E-02
   7136.60  3.9575686E-02
   7136.80  3.9355436E-02
   7137.00  3.9016240E-02
   7137.20  3.8587002E-02
   7137.40  3.8096596E-02
   7137.60  3.7569759E-02
   7137.80  3.7028129E-02
   7138.00  3.6479273E-02
   7138.20  3.5934682E-02
   7138.40  3.5399435E-02
   7138.60  3.4876486E-02
   7138.80  3.4367838E-02
   7139.00  3.3875119E-02
   7139.20  3.3400349E-02
   7139.40  3.2945529E-02
   7139.60  3.2512798E-02
   7139.80  3.2103839E-02
   7140.00  3.1722639E-02
   7140.20  3.1363968E-02
   7140.40  3.1027755E-02
   7140.60  3.0713622E-02
   7140.80  3.0421112E-02
   7141.00  3.0149482E-02
   7141.20  2.9897700E-02
   7141.40  2.9665024E-02
   7141.60  2.9450761E-02
   7141.80  2.9254397E-02
   7142.00  2.9075381E-02
   7142.20  2.8913507E-02
   7142.40  2.8768745E-02
   7142.60  2.8641142E-02
   7142.80  2.8530633E-02
   7143.00  2.8437249E-02
   7143.20  2.8360965E-02
   7143.40  2.8301830E-02
   7143.60  2.8259480E-02
   7143.80  2.8233361E-02
   7144.00  2.8222659E-02
   7144.20  2.8226281E-02
   7144.40  2.8242897E-02
   7144.60  2.8270836E-02
   7144.80  2.8308127E-02
   7145.00  2.8352726E-02
   7145.20  2.8402545E-02
   7145.40  2.8455273E-02
   7145.60  2.8508780E-02
   7145.80  2.8560972E-02
   7146.00  2.8610738E-02
   7146.20  2.8656524E-02
   7146.40  2.8696187E-02
   7146.60  2.8728208E-02
   7146.80  2.8751848E-02
   7147.00  2.8766155E-02
   7147.20  2.8771333E-02
   7147.40  2.8766664E-02
   7147.60  2.8752819E-02
   7147.80  2.8730561E-02
   7148.00  2.8700557E-02
   7148.20  2.8664420E-02
   7148.40  2.8624036E-02
   7148.60  2.8579178E-02
   7148.80  2.8534708E-02
   7149.00  2.8491976E-02
   7149.20  2.8452568E-02
   7149.40  2.8418120E-02
   7149.60  2.8390134E-02
   7149.80  2.8370321E-02
   7150.00  2.8358938E-02
   7150.20  2.8356027E-02
   7150.40  2.8361274E-02
   7150.60  2.8374024E-02
   7150.80  2.8393252E-02
   7151.00  2.8416938E-02
   7151.20  2.8443309E-02
   7151.40  2.8470612E-02
   7151.60  2.8497237E-02
   7151.80  2.8521675E-02
   7152.00  2.8542177E-02
   7152.20  2.8557802E-02
   7152.40  2.8568018E-02
   7152.60  2.8572701E-02
   7152.80  2.8573570E-02
   7153.00  2.8570033E-02
   7153.20  2.8562639E-02
   7153.40  2.8552436E-02
   7153.60  2.8540562E-02
   7153.80  2.8528113E-02
   7154.00  2.8516535E-02
   7154.20  2.8506866E-02
   7154.40  2.8499601E-02
   7154.60  2.8495418E-02
   7154.80  2.8494879E-02
   7155.00  2.8498394E-02
   7155.20  2.8506226E-02
   7155.40  2.8518809E-02
   7155.60  2.8536137E-02
   7155.80  2.8558050E-02
   7156.00  2.8584216E-02
   7156.20  2.8614583E-02
   7156.40  2.8648651E-02
   7156.60  2.8685926E-02
   7156.80  2.8726623E-02
   7157.00  2.8770320E-02
   7157.20  2.8816236E-02
   7157.40  2.8864406E-02
   7157.60  2.8914248E-02
   7157.80  2.8965375E-02
   7158.00  2.9017492E-02
   7158.20  2.9070927E-02
   7158.40  2.9125097E-02
   7158.60  2.9180086E-02
   7158.80  2.9235808E-02
   7159.00  2.9292277E-02
   7159.20  2.9349299E-02
   7159.40  2.9405022E-02
   7159.60  2.9463730E-02
   7159.80  2.9521767E-02
   7160.00  2.9580567E-02
   7160.20  2.9639794E-02
   7160.40  2.9699079E-02
   7160.60  2.9758572E-02
   7160.80  2.9814594E-02
   7161.00  2.9872826E-02
   7161.20  2.9930499E-02
   7161.40  2.9986962E-02
   7161.60  3.0041870E-02
   7161.80  3.0094849E-02
   7162.00  3.0145513E-02
   7162.20  3.0193453E-02
   7162.40  3.0238638E-02
   7162.60  3.0280637E-02
   7162.80  3.0298658E-02
   7163.00  3.0332339E-02
   7163.20  3.0361520E-02
   7163.40  3.0385939E-02
   7163.60  3.0405405E-02
   7163.80  3.0420106E-02
   7164.00  3.0429673E-02
   7164.20  3.0433987E-02
   7164.40  3.0433060E-02
   7164.60  3.0426924E-02
   7164.80  3.0416017E-02
   7165.00  3.0400258E-02
   7165.20  3.0379947E-02
   7165.40  3.0355450E-02
   7165.60  3.0326863E-02
   7165.80  3.0294517E-02
   7166.00  3.0258750E-02
   7166.20  3.0220051E-02
   7166.40  3.0178932E-02
   7166.60  3.0135809E-02
   7166.80  3.0091028E-02
   7167.00  3.0045324E-02
   7167.20  2.9999187E-02
   7167.40  2.9952896E-02
   7167.60  2.9906808E-02
   7167.80  2.9861352E-02
   7168.00  2.9817038E-02
   7168.20  2.9774005E-02
   7168.40  2.9732562E-02
   7168.60  2.9692937E-02
   7168.80  2.9655470E-02
   7169.00  2.9620331E-02
   7169.20  2.9587419E-02
   7169.40  2.9556814E-02
   7169.60  2.9528520E-02
   7169.80  2.9502459E-02
   7170.00  2.9478835E-02
   7170.20  2.9457264E-02
   7170.40  2.9437599E-02
   7170.60  2.9419638E-02
   7170.80  2.9403227E-02
   7171.00  2.9388334E-02
   7171.20  2.9374588E-02
   7171.40  2.9361819E-02
   7171.60  2.9349836E-02
   7171.80  2.9338437E-02
   7172.00  2.9327495E-02
