  7112.000   26  1  1  2.4788659E-02 -3.9884175E+00 -7.6967979E-01  1  1  7.2654244E+03  0.0000000E+00  0.0000000E+00  4.6274090E+00  1.0000000E+00  0.0000000E+00 = E_edge, Z, n_edge, j_edge, Abs_before_edge, VO_interstitial, E_cut, ninitl, ninit1, Epsii, UnitCell_Volume, Surface_ref, f0_forward, natomsym_f, abs_u_i
    Energy    <xanes>    
   7097.00  2.5918304E-04
   7097.20  1.1613822E-04
   7097.40  7.2206354E-05
   7097.60  5.2999609E-05
   7097.80  4.2918053E-05
   7098.00  3.7002414E-05
   7098.20  3.3268666E-05
   7098.40  3.0796193E-05
   7098.60  2.9114907E-05
   7098.80  2.7971943E-05
   7099.00  2.7274225E-05
   7099.20  2.9075764E-05
   7099.40  2.6867838E-05
   7099.60  2.6299104E-05
   7099.80  2.6326560E-05
   7100.00  2.6587842E-05
   7100.20  2.7089645E-05
   7100.40  2.7899099E-05
   7100.60  2.9164819E-05
   7100.80  3.1236808E-05
   7101.00  3.7634559E-05
   7101.20  4.1206599E-05
   7101.40  5.5583811E-05
   7101.60  1.0911858E-04
   7101.80  8.8397106E-04
   7102.00  5.8645785E-04
   7102.20  3.0525738E-04
   7102.40  1.1949794E-04
   7102.60  5.3390251E-03
   7102.80  3.3794747E-03
   7103.00  6.6690430E-05
   7103.20  1.3091248E-04
   7103.40  7.1052580E-05
   7103.60  5.7983934E-05
   7103.80  7.1082891E-05
   7104.00  1.7047094E-04
   7104.20  4.6612039E-04
   7104.40  1.4021473E-04
   7104.60  2.5345739E-04
   7104.80  3.8011399E-03
   7105.00  1.1757588E-02
   7105.20  9.0684646E-03
   7105.40  7.9180048E-03
   7105.60  2.9412827E-04
   7105.80  4.5359034E-04
   7106.00  2.7087111E-03
   7106.20  6.0458717E-04
   7106.40  4.5710727E-03
   7106.60  1.0469698E-02
   7106.80  1.0147533E-01
   7107.00  9.3787053E-04
   7107.20  4.3667453E-02
   7107.40  9.5988441E-04
   7107.60  4.5026327E-02
   7107.80  4.5555944E-02
   7108.00  4.6849030E-03
   7108.20  2.9691489E-02
   7108.40  2.3109563E-03
   7108.60  1.1612939E-01
   7108.80  2.3848076E-02
   7109.00  9.5111094E-03
   7109.20  2.7439734E-02
   7109.40  1.2356075E-02
   7109.60  2.6865337E-02
   7109.80  2.2609507E-02
   7110.00  1.1847969E-02
   7110.20  7.4827031E-03
   7110.40  5.2133545E-03
   7110.60  4.8435853E-03
   7110.80  6.0560638E-03
   7111.00  3.3912374E-03
   7111.20  3.5136919E-03
   7111.40  5.0593779E-03
   7111.60  6.4317365E-03
   7111.80  1.1306153E-02
   7112.00  3.3457200E-02
   7112.20  3.4629913E-02
   7112.40  1.3023451E-02
   7112.60  5.0701065E-03
   7112.80  2.7295630E-03
   7113.00  1.3280604E-03
   7113.20  9.3063628E-04
   7113.40  6.9801554E-04
   7113.60  5.5589248E-04
   7113.80  4.8081351E-04
   7114.00  4.9782283E-04
   7114.20  1.5015749E-03
   7114.40  7.7031635E-04
   7114.60  3.6650638E-04
   7114.80  3.1597695E-04
   7115.00  3.0467944E-04
   7115.20  3.0781951E-04
   7115.40  3.2041161E-04
   7115.60  3.4142703E-04
   7115.80  3.7109227E-04
   7116.00  4.0934344E-04
   7116.20  4.5413261E-04
   7116.40  5.0108615E-04
   7116.60  5.4541061E-04
   7116.80  5.8382842E-04
   7117.00  6.1502437E-04
   7117.20  6.3983130E-04
   7117.40  6.6309761E-04
   7117.60  6.9765749E-04
   7117.80  7.6581783E-04
   7118.00  8.9288889E-04
   7118.20  1.0954277E-03
   7118.40  1.3704166E-03
   7118.60  1.6769719E-03
   7118.80  1.9849603E-03
   7119.00  2.1672949E-03
   7119.20  2.3257639E-03
   7119.40  2.5237574E-03
   7119.60  2.8042345E-03
   7119.80  3.2080706E-03
   7120.00  3.7907621E-03
   7120.20  4.6300074E-03
   7120.40  5.8364717E-03
   7120.60  7.5695456E-03
   7120.80  9.9814614E-03
   7121.00  1.3033641E-02
   7121.20  1.6034555E-02
   7121.40  1.7717056E-02
   7121.60  1.7644728E-02
   7121.80  1.6704541E-02
   7122.00  1.5892608E-02
   7122.20  1.5707598E-02
   7122.40  1.6342572E-02
   7122.60  1.7871181E-02
   7122.80  2.0348854E-02
   7123.00  2.3796954E-02
   7123.20  2.8499250E-02
   7123.40  3.4905330E-02
   7123.60  4.3240549E-02
   7123.80  5.2313618E-02
   7124.00  5.7991686E-02
   7124.20  5.6404899E-02
   7124.40  5.0396368E-02
   7124.60  4.4986743E-02
   7124.80  4.1946442E-02
   7125.00  4.0791959E-02
   7125.20  4.0431170E-02
   7125.40  4.0073747E-02
   7125.60  3.9640834E-02
   7125.80  3.9032346E-02
   7126.00  3.8458775E-02
   7126.20  3.8041907E-02
   7126.40  3.7895078E-02
   7126.60  3.8101117E-02
   7126.80  3.8670162E-02
   7127.00  3.9494111E-02
   7127.20  4.0342334E-02
   7127.40  4.0979920E-02
   7127.60  4.1391120E-02
   7127.80  4.1819354E-02
   7128.00  4.2539669E-02
   7128.20  4.3642346E-02
   7128.40  4.4988276E-02
   7128.60  4.6222927E-02
   7128.80  4.6916714E-02
   7129.00  4.6892444E-02
   7129.20  4.6412356E-02
   7129.40  4.5981056E-02
   7129.60  4.6054934E-02
   7129.80  4.6938636E-02
   7130.00  4.8805961E-02
   7130.20  5.1725591E-02
   7130.40  5.5630484E-02
   7130.60  6.0194801E-02
   7130.80  6.4673835E-02
   7131.00  6.7981063E-02
   7131.20  6.9242116E-02
   7131.40  6.8344387E-02
   7131.60  6.5819366E-02
   7131.80  6.2355137E-02
   7132.00  5.8502145E-02
   7132.20  5.4613212E-02
   7132.40  5.0882898E-02
   7132.60  4.7412401E-02
   7132.80  4.4259137E-02
   7133.00  4.1459820E-02
   7133.20  3.9046344E-02
   7133.40  3.7055374E-02
   7133.60  3.5532526E-02
   7133.80  3.4530959E-02
   7134.00  3.4105675E-02
   7134.20  3.4296484E-02
   7134.40  3.5111694E-02
   7134.60  3.6515011E-02
   7134.80  3.8424475E-02
   7135.00  4.0712921E-02
   7135.20  4.3195785E-02
   7135.40  4.5655467E-02
   7135.60  4.7865850E-02
   7135.80  4.9633247E-02
   7136.00  5.0831676E-02
   7136.20  5.1415345E-02
   7136.40  5.1412477E-02
   7136.60  5.0908915E-02
   7136.80  5.0024213E-02
   7137.00  4.8860657E-02
   7137.20  4.7587984E-02
   7137.40  4.6270372E-02
   7137.60  4.4972797E-02
   7137.80  4.3736850E-02
   7138.00  4.2585793E-02
   7138.20  4.1530385E-02
   7138.40  4.0572905E-02
   7138.60  3.9711054E-02
   7138.80  3.8939759E-02
   7139.00  3.8252527E-02
   7139.20  3.7642005E-02
   7139.40  3.7100393E-02
   7139.60  3.6610286E-02
   7139.80  3.6183004E-02
   7140.00  3.5800570E-02
   7140.20  3.5455948E-02
   7140.40  3.5143751E-02
   7140.60  3.4861251E-02
   7140.80  3.4608948E-02
   7141.00  3.4390968E-02
   7141.20  3.4215001E-02
   7141.40  3.4091341E-02
   7141.60  3.4031147E-02
   7141.80  3.4044067E-02
   7142.00  3.4125246E-02
   7142.20  3.4277730E-02
   7142.40  3.4498298E-02
   7142.60  3.4775117E-02
   7142.80  3.5090349E-02
   7143.00  3.5420774E-02
   7143.20  3.5739145E-02
   7143.40  3.6017112E-02
   7143.60  3.6228994E-02
   7143.80  3.6355620E-02
   7144.00  3.6387196E-02
   7144.20  3.6324101E-02
   7144.40  3.6176111E-02
   7144.60  3.5958679E-02
   7144.80  3.5689518E-02
   7145.00  3.5396650E-02
   7145.20  3.5075128E-02
   7145.40  3.4747937E-02
   7145.60  3.4424446E-02
   7145.80  3.4109622E-02
   7146.00  3.3805576E-02
   7146.20  3.3511700E-02
   7146.40  3.3224971E-02
   7146.60  3.2941315E-02
   7146.80  3.2656619E-02
   7147.00  3.2365433E-02
   7147.20  3.2064437E-02
   7147.40  3.1750831E-02
   7147.60  3.1422419E-02
   7147.80  3.1079749E-02
   7148.00  3.0722557E-02
   7148.20  3.0350963E-02
   7148.40  2.9964445E-02
   7148.60  2.9565938E-02
   7148.80  2.9154080E-02
   7149.00  2.8728565E-02
   7149.20  2.8288727E-02
   7149.40  2.7833827E-02
   7149.60  2.7363554E-02
   7149.80  2.6878291E-02
   7150.00  2.6388031E-02
   7150.20  2.5883851E-02
   7150.40  2.5366733E-02
   7150.60  2.4838074E-02
   7150.80  2.4299959E-02
   7151.00  2.3754392E-02
   7151.20  2.3203881E-02
   7151.40  2.2654983E-02
   7151.60  2.2105417E-02
   7151.80  2.1557294E-02
   7152.00  2.1015912E-02
   7152.20  2.0484386E-02
   7152.40  1.9964991E-02
   7152.60  1.9459985E-02
   7152.80  1.8971226E-02
   7153.00  1.8500181E-02
   7153.20  1.8047955E-02
   7153.40  1.7615350E-02
   7153.60  1.7202964E-02
   7153.80  1.6811272E-02
   7154.00  1.6440294E-02
   7154.20  1.6090209E-02
   7154.40  1.5761076E-02
   7154.60  1.5453066E-02
   7154.80  1.5166488E-02
   7155.00  1.4901864E-02
   7155.20  1.4659867E-02
   7155.40  1.4441499E-02
   7155.60  1.4247682E-02
   7155.80  1.4079372E-02
   7156.00  1.3938419E-02
   7156.20  1.3825505E-02
   7156.40  1.3740678E-02
   7156.60  1.3683325E-02
   7156.80  1.3653195E-02
   7157.00  1.3649354E-02
   7157.20  1.3670673E-02
   7157.40  1.3716437E-02
   7157.60  1.3784940E-02
   7157.80  1.3874958E-02
   7158.00  1.3985661E-02
   7158.20  1.4116453E-02
   7158.40  1.4267163E-02
   7158.60  1.4437782E-02
   7158.80  1.4632622E-02
   7159.00  1.4850070E-02
   7159.20  1.5091677E-02
   7159.40  1.5359834E-02
   7159.60  1.5656341E-02
   7159.80  1.5982447E-02
   7160.00  1.6340803E-02
   7160.20  1.6732825E-02
   7160.40  1.7160936E-02
   7160.60  1.7622981E-02
   7160.80  1.8134309E-02
   7161.00  1.8666214E-02
   7161.20  1.9241025E-02
   7161.40  1.9851790E-02
   7161.60  2.0488208E-02
   7161.80  2.1130966E-02
   7162.00  2.1789589E-02
   7162.20  2.2458724E-02
   7162.40  2.3132561E-02
   7162.60  2.3805093E-02
   7162.80  2.4470344E-02
   7163.00  2.5122533E-02
   7163.20  2.5756160E-02
   7163.40  2.6366252E-02
   7163.60  2.6948351E-02
   7163.80  2.7498678E-02
   7164.00  2.8014386E-02
   7164.20  2.8493646E-02
   7164.40  2.8935039E-02
   7164.60  2.9338176E-02
   7164.80  2.9703740E-02
   7165.00  3.0032841E-02
   7165.20  3.0327112E-02
   7165.40  3.0588659E-02
   7165.60  3.0819745E-02
   7165.80  3.1022792E-02
   7166.00  3.1200247E-02
   7166.20  3.1354399E-02
   7166.40  3.1487445E-02
   7166.60  3.1601483E-02
   7166.80  3.1698467E-02
   7167.00  3.1780014E-02
   7167.20  3.1847532E-02
   7167.40  3.1902367E-02
   7167.60  3.1946178E-02
   7167.80  3.1980588E-02
   7168.00  3.2006790E-02
   7168.20  3.2026082E-02
   7168.40  3.2039649E-02
   7168.60  3.2049296E-02
   7168.80  3.2056024E-02
   7169.00  3.2062689E-02
   7169.20  3.2070201E-02
   7169.40  3.2079981E-02
   7169.60  3.2093584E-02
   7169.80  3.2112294E-02
   7170.00  3.2137366E-02
   7170.20  3.2169903E-02
   7170.40  3.2210571E-02
   7170.60  3.2260050E-02
   7170.80  3.2318761E-02
   7171.00  3.2387077E-02
   7171.20  3.2465004E-02
   7171.40  3.2552274E-02
   7171.60  3.2648580E-02
   7171.80  3.2753365E-02
   7172.00  3.2866093E-02
