  7112.000   26  1  1  1.6446749E-02 -1.6655038E+00 -9.5701225E-01  1  1  7.2652325E+03  0.0000000E+00  0.0000000E+00  3.0629489E+00  1.0000000E+00  0.0000000E+00 = E_edge, Z, n_edge, j_edge, Abs_before_edge, VO_interstitial, E_cut, ninitl, ninit1, Epsii, UnitCell_Volume, Surface_ref, f0_forward, natomsym_f, abs_u_i
    Energy    <xanes>    
   7097.00  2.0611306E-05
   7097.20  2.0922644E-05
   7097.40  2.1396559E-05
   7097.60  2.2181878E-05
   7097.80  2.3712706E-05
   7098.00  2.7940575E-05
   7098.20  6.1101660E-05
   7098.40  1.3227460E-04
   7098.60  3.9135403E-05
   7098.80  5.2036143E-05
   7099.00  5.8292838E-04
   7099.20  1.0494644E-03
   7099.40  7.1682071E-05
   7099.60  5.3022449E-05
   7099.80  1.2698931E-03
   7100.00  5.4628329E-05
   7100.20  3.3737121E-05
   7100.40  3.1763394E-05
   7100.60  3.3865705E-05
   7100.80  4.0215263E-05
   7101.00  5.6977444E-05
   7101.20  1.2101622E-04
   7101.40  1.3321673E-03
   7101.60  6.6035023E-04
   7101.80  1.8449811E-04
   7102.00  4.3976232E-04
   7102.20  2.8799419E-04
   7102.40  7.8651423E-05
   7102.60  4.5945070E-05
   7102.80  5.9217623E-05
   7103.00  4.9960360E-05
   7103.20  5.7091705E-05
   7103.40  9.9057570E-04
   7103.60  1.0619046E-04
   7103.80  1.4238879E-04
   7104.00  7.4591310E-03
   7104.20  1.9307449E-04
   7104.40  6.9736416E-04
   7104.60  5.5905285E-05
   7104.80  4.4405416E-05
   7105.00  5.2760011E-05
   7105.20  6.8466718E-05
   7105.40  7.6349479E-04
   7105.60  2.1654591E-04
   7105.80  1.1557052E-03
   7106.00  2.2732795E-04
   7106.20  5.4602846E-02
   7106.40  1.8909964E-04
   7106.60  2.0355604E-04
   7106.80  1.2226965E-04
   7107.00  9.8634386E-04
   7107.20  1.8718973E-04
   7107.40  1.9342556E-03
   7107.60  4.9078232E-03
   7107.80  3.5701777E-04
   7108.00  1.3959538E-03
   7108.20  3.4986061E-03
   7108.40  2.0709079E-02
   7108.60  1.4949407E-03
   7108.80  3.6172259E-03
   7109.00  8.9625269E-04
   7109.20  8.7468419E-04
   7109.40  1.1256923E-02
   7109.60  7.3811075E-03
   7109.80  1.1477769E-02
   7110.00  9.2437283E-04
   7110.20  2.8526658E-02
   7110.40  2.4125789E-03
   7110.60  3.0785036E-03
   7110.80  2.5238523E-03
   7111.00  1.6285915E-02
   7111.20  8.7268638E-03
   7111.40  8.3980960E-03
   7111.60  1.0083207E-02
   7111.80  2.8529953E-03
   7112.00  4.7737568E-03
   7112.20  1.9346746E-02
   7112.40  4.2646091E-02
   7112.60  4.3422192E-02
   7112.80  2.0273779E-02
   7113.00  1.2904681E-02
   7113.20  8.1858273E-03
   7113.40  8.8906840E-03
   7113.60  8.9944043E-03
   7113.80  9.0658294E-03
   7114.00  1.3201952E-02
   7114.20  6.8501291E-03
   7114.40  3.4707162E-03
   7114.60  2.2554230E-03
   7114.80  1.7029841E-03
   7115.00  1.4269157E-03
   7115.20  1.2595180E-03
   7115.40  1.2162144E-03
   7115.60  1.2271612E-03
   7115.80  1.2836203E-03
   7116.00  1.3868744E-03
   7116.20  1.5474566E-03
   7116.40  1.7901337E-03
   7116.60  2.1825578E-03
   7116.80  2.8194900E-03
   7117.00  3.9874761E-03
   7117.20  6.2775617E-03
   7117.40  9.7860682E-03
   7117.60  1.0486350E-02
   7117.80  8.9729683E-03
   7118.00  9.2109034E-03
   7118.20  1.0293536E-02
   7118.40  1.1679637E-02
   7118.60  1.5020247E-02
   7118.80  2.1292106E-02
   7119.00  3.1750017E-02
   7119.20  4.5279291E-02
   7119.40  5.0682329E-02
   7119.60  4.2768237E-02
   7119.80  3.3764827E-02
   7120.00  2.8547919E-02
   7120.20  2.6427160E-02
   7120.40  2.6124955E-02
   7120.60  2.6612441E-02
   7120.80  2.7347638E-02
   7121.00  2.8364731E-02
   7121.20  2.9865356E-02
   7121.40  3.1736242E-02
   7121.60  3.3627668E-02
   7121.80  3.5363778E-02
   7122.00  3.6943193E-02
   7122.20  3.8305009E-02
   7122.40  3.9375917E-02
   7122.60  4.0195232E-02
   7122.80  4.0900246E-02
   7123.00  4.1661589E-02
   7123.20  4.2307119E-02
   7123.40  4.2695080E-02
   7123.60  4.2347677E-02
   7123.80  4.1253893E-02
   7124.00  3.9520686E-02
   7124.20  3.7553776E-02
   7124.40  3.5727762E-02
   7124.60  3.4331509E-02
   7124.80  3.3474993E-02
   7125.00  3.3227727E-02
   7125.20  3.3521873E-02
   7125.40  3.4100658E-02
   7125.60  3.4648775E-02
   7125.80  3.5135686E-02
   7126.00  3.5776988E-02
   7126.20  3.6449349E-02
   7126.40  3.6833840E-02
   7126.60  3.6826364E-02
   7126.80  3.6442492E-02
   7127.00  3.5863271E-02
   7127.20  3.5413361E-02
   7127.40  3.5175435E-02
   7127.60  3.5098516E-02
   7127.80  3.4882834E-02
   7128.00  3.4290671E-02
   7128.20  3.3325077E-02
   7128.40  3.2260869E-02
   7128.60  3.1459746E-02
   7128.80  3.1167845E-02
   7129.00  3.1453839E-02
   7129.20  3.2278699E-02
   7129.40  3.3544459E-02
   7129.60  3.5106087E-02
   7129.80  3.6787363E-02
   7130.00  3.8435421E-02
   7130.20  3.9965834E-02
   7130.40  4.1339796E-02
   7130.60  4.2502583E-02
   7130.80  4.3351167E-02
   7131.00  4.3766231E-02
   7131.20  4.3662692E-02
   7131.40  4.3057287E-02
   7131.60  4.2042879E-02
   7131.80  4.0739256E-02
   7132.00  3.9256883E-02
   7132.20  3.7683628E-02
   7132.40  3.6088355E-02
   7132.60  3.4529840E-02
   7132.80  3.3062193E-02
   7133.00  3.1733095E-02
   7133.20  3.0577799E-02
   7133.40  2.9617480E-02
   7133.60  2.8866683E-02
   7133.80  2.8335128E-02
   7134.00  2.7998013E-02
   7134.20  2.7783536E-02
   7134.40  2.7617464E-02
   7134.60  2.7469517E-02
   7134.80  2.7344096E-02
   7135.00  2.7248590E-02
   7135.20  2.7182450E-02
   7135.40  2.7141307E-02
   7135.60  2.7122488E-02
   7135.80  2.7127624E-02
   7136.00  2.7163099E-02
   7136.20  2.7239304E-02
   7136.40  2.7368532E-02
   7136.60  2.7561707E-02
   7136.80  2.7829145E-02
   7137.00  2.8177341E-02
   7137.20  2.8607080E-02
   7137.40  2.9112798E-02
   7137.60  2.9682997E-02
   7137.80  3.0301427E-02
   7138.00  3.0949035E-02
   7138.20  3.1605574E-02
   7138.40  3.2251560E-02
   7138.60  3.2882075E-02
   7138.80  3.3459494E-02
   7139.00  3.3986243E-02
   7139.20  3.4456084E-02
   7139.40  3.4865695E-02
   7139.60  3.5213559E-02
   7139.80  3.5500747E-02
   7140.00  3.5730184E-02
   7140.20  3.5907271E-02
   7140.40  3.6039724E-02
   7140.60  3.6137190E-02
   7140.80  3.6210034E-02
   7141.00  3.6268130E-02
   7141.20  3.6319873E-02
   7141.40  3.6371387E-02
   7141.60  3.6425854E-02
   7141.80  3.6483920E-02
   7142.00  3.6544135E-02
   7142.20  3.6603540E-02
   7142.40  3.6656620E-02
   7142.60  3.6693381E-02
   7142.80  3.6718488E-02
   7143.00  3.6729784E-02
   7143.20  3.6725572E-02
   7143.40  3.6705129E-02
   7143.60  3.6668893E-02
   7143.80  3.6618283E-02
   7144.00  3.6555908E-02
   7144.20  3.6485056E-02
   7144.40  3.6409870E-02
   7144.60  3.6334924E-02
   7144.80  3.6264778E-02
   7145.00  3.6203580E-02
   7145.20  3.6154374E-02
   7145.40  3.6119211E-02
   7145.60  3.6098540E-02
   7145.80  3.6091472E-02
   7146.00  3.6095843E-02
   7146.20  3.6108275E-02
   7146.40  3.6124519E-02
   7146.60  3.6139731E-02
   7146.80  3.6149012E-02
   7147.00  3.6147643E-02
   7147.20  3.6131561E-02
   7147.40  3.6097844E-02
   7147.60  3.6043442E-02
   7147.80  3.5966686E-02
   7148.00  3.5870350E-02
   7148.20  3.5747123E-02
   7148.40  3.5601363E-02
   7148.60  3.5435506E-02
   7148.80  3.5250623E-02
   7149.00  3.5048652E-02
   7149.20  3.4832384E-02
   7149.40  3.4602999E-02
   7149.60  3.4365010E-02
   7149.80  3.4115370E-02
   7150.00  3.3857021E-02
   7150.20  3.3590758E-02
   7150.40  3.3310600E-02
   7150.60  3.3017364E-02
   7150.80  3.2730970E-02
   7151.00  3.2439586E-02
   7151.20  3.2145151E-02
   7151.40  3.1848652E-02
   7151.60  3.1551759E-02
   7151.80  3.1253895E-02
   7152.00  3.0957225E-02
   7152.20  3.0662828E-02
   7152.40  3.0372591E-02
   7152.60  3.0086896E-02
   7152.80  2.9806684E-02
   7153.00  2.9532847E-02
   7153.20  2.9266222E-02
   7153.40  2.9008018E-02
   7153.60  2.8758985E-02
   7153.80  2.8519565E-02
   7154.00  2.8290345E-02
   7154.20  2.8071896E-02
   7154.40  2.7864742E-02
   7154.60  2.7669460E-02
   7154.80  2.7486370E-02
   7155.00  2.7315171E-02
   7155.20  2.7155775E-02
   7155.40  2.7007934E-02
   7155.60  2.6871230E-02
   7155.80  2.6745147E-02
   7156.00  2.6629432E-02
   7156.20  2.6522993E-02
   7156.40  2.6424910E-02
   7156.60  2.6335333E-02
   7156.80  2.6253367E-02
   7157.00  2.6178395E-02
   7157.20  2.6110236E-02
   7157.40  2.6049219E-02
   7157.60  2.5996165E-02
   7157.80  2.5951109E-02
   7158.00  2.5915123E-02
   7158.20  2.5889049E-02
   7158.40  2.5873723E-02
   7158.60  2.5870441E-02
   7158.80  2.5879886E-02
   7159.00  2.5902890E-02
   7159.20  2.5940818E-02
   7159.40  2.5994016E-02
   7159.60  2.6062717E-02
   7159.80  2.6147322E-02
   7160.00  2.6248142E-02
   7160.20  2.6365084E-02
   7160.40  2.6497531E-02
   7160.60  2.6644748E-02
   7160.80  2.6805702E-02
   7161.00  2.6979502E-02
   7161.20  2.7164565E-02
   7161.40  2.7364100E-02
   7161.60  2.7564938E-02
   7161.80  2.7768186E-02
   7162.00  2.7973139E-02
   7162.20  2.8176513E-02
   7162.40  2.8375263E-02
   7162.60  2.8570143E-02
   7162.80  2.8759080E-02
   7163.00  2.8941027E-02
   7163.20  2.9114856E-02
   7163.40  2.9276586E-02
   7163.60  2.9427295E-02
   7163.80  2.9567495E-02
   7164.00  2.9697211E-02
   7164.20  2.9816561E-02
   7164.40  2.9925526E-02
   7164.60  3.0024680E-02
   7164.80  3.0113486E-02
   7165.00  3.0191457E-02
   7165.20  3.0258479E-02
   7165.40  3.0314008E-02
   7165.60  3.0357733E-02
   7165.80  3.0389455E-02
   7166.00  3.0409208E-02
   7166.20  3.0417170E-02
   7166.40  3.0413554E-02
   7166.60  3.0398915E-02
   7166.80  3.0373782E-02
   7167.00  3.0338928E-02
   7167.20  3.0295229E-02
   7167.40  3.0243539E-02
   7167.60  3.0184941E-02
   7167.80  3.0120533E-02
   7168.00  3.0050555E-02
   7168.20  2.9975637E-02
   7168.40  2.9896380E-02
   7168.60  2.9813296E-02
   7168.80  2.9727013E-02
   7169.00  2.9637971E-02
   7169.20  2.9546670E-02
   7169.40  2.9453772E-02
   7169.60  2.9360165E-02
   7169.80  2.9266359E-02
   7170.00  2.9173102E-02
   7170.20  2.9081393E-02
   7170.40  2.8992146E-02
   7170.60  2.8906066E-02
   7170.80  2.8824010E-02
   7171.00  2.8746745E-02
   7171.20  2.8675056E-02
   7171.40  2.8609637E-02
   7171.60  2.8551268E-02
   7171.80  2.8500104E-02
   7172.00  2.8456402E-02
