  7112.000   26  1  1  8.4790904E-03 -1.5550104E+00 -6.5012566E-01  1  1  7.2653107E+03  0.0000000E+00  0.0000000E+00  1.9646988E+00  1.0000000E+00  0.0000000E+00 = E_edge, Z, n_edge, j_edge, Abs_before_edge, VO_interstitial, E_cut, ninitl, ninit1, Epsii, UnitCell_Volume, Surface_ref, f0_forward, natomsym_f, abs_u_i
    Energy    <xanes>    
   7097.00  3.7066776E-05
   7097.20  4.3852070E-05
   7097.40  5.6530240E-05
   7097.60  8.4501635E-05
   7097.80  1.6867219E-04
   7098.00  8.8212332E-04
   7098.20  1.2972508E-01
   7098.40  4.9987123E-04
   7098.60  1.5039169E-04
   7098.80  8.4168667E-05
   7099.00  6.3188550E-05
   7099.20  5.8213327E-05
   7099.40  6.6877358E-05
   7099.60  1.1408261E-04
   7099.80  7.7114282E-04
   7100.00  3.2668462E-02
   7100.20  1.9681291E-04
   7100.40  7.6639367E-05
   7100.60  5.6593097E-05
   7100.80  7.1352822E-05
   7101.00  4.4470444E-03
   7101.20  9.8887170E-05
   7101.40  4.3255251E-05
   7101.60  3.5206327E-05
   7101.80  3.2827735E-05
   7102.00  3.2372964E-05
   7102.20  3.3409470E-05
   7102.40  3.8784112E-05
   7102.60  1.1493733E-03
   7102.80  4.6653570E-05
   7103.00  5.6611872E-05
   7103.20  6.3717532E-03
   7103.40  6.9965454E-05
   7103.60  7.6075391E-05
   7103.80  1.5327309E-04
   7104.00  9.4291206E-03
   7104.20  2.4677549E-02
   7104.40  2.2666933E-04
   7104.60  1.0664842E-04
   7104.80  9.3566050E-05
   7105.00  1.0980731E-04
   7105.20  1.6959263E-04
   7105.40  4.6127488E-04
   7105.60  9.4353366E-03
   7105.80  4.3490231E-03
   7106.00  2.5970570E-03
   7106.20  1.3251363E-03
   7106.40  1.3672070E-03
   7106.60  2.1734930E-03
   7106.80  2.2195288E-02
   7107.00  6.5303618E-04
   7107.20  2.3481690E-04
   7107.40  1.8531900E-04
   7107.60  2.2037745E-04
   7107.80  4.3418489E-04
   7108.00  2.5305836E-03
   7108.20  2.3152939E-02
   7108.40  6.5027522E-03
   7108.60  8.1202825E-03
   7108.80  1.8047737E-02
   7109.00  5.7616716E-04
   7109.20  7.0677656E-04
   7109.40  7.4650947E-04
   7109.60  4.7912130E-04
   7109.80  2.7103491E-03
   7110.00  1.7068540E-03
   7110.20  1.6554131E-03
   7110.40  2.2770251E-03
   7110.60  1.3418440E-02
   7110.80  2.0713924E-03
   7111.00  3.3186440E-03
   7111.20  6.5769217E-02
   7111.40  1.6851618E-02
   7111.60  1.6866420E-02
   7111.80  4.3717463E-02
   7112.00  4.1696081E-02
   7112.20  2.6213383E-02
   7112.40  2.3750265E-02
   7112.60  5.5714963E-02
   7112.80  1.9361535E-02
   7113.00  1.4484071E-02
   7113.20  1.0230176E-02
   7113.40  6.7870274E-03
   7113.60  5.4152952E-03
   7113.80  5.4912594E-03
   7114.00  4.6749831E-03
   7114.20  3.7626439E-03
   7114.40  3.6349736E-03
   7114.60  4.1068255E-03
   7114.80  5.5418912E-03
   7115.00  6.2894411E-03
   7115.20  5.3488308E-03
   7115.40  3.3200094E-03
   7115.60  2.2419565E-03
   7115.80  1.7895928E-03
   7116.00  1.4882572E-03
   7116.20  1.3405037E-03
   7116.40  1.2398626E-03
   7116.60  1.1751222E-03
   7116.80  1.1415070E-03
   7117.00  1.1370826E-03
   7117.20  1.1623627E-03
   7117.40  1.2183665E-03
   7117.60  1.2994056E-03
   7117.80  1.3795683E-03
   7118.00  1.4151850E-03
   7118.20  1.3917214E-03
   7118.40  1.3452977E-03
   7118.60  1.3143598E-03
   7118.80  1.3134844E-03
   7119.00  1.3438416E-03
   7119.20  1.4030972E-03
   7119.40  1.4864396E-03
   7119.60  1.5843035E-03
   7119.80  1.6821886E-03
   7120.00  1.7609626E-03
   7120.20  1.8055954E-03
   7120.40  1.8221473E-03
   7120.60  1.8354855E-03
   7120.80  1.8697923E-03
   7121.00  1.9382659E-03
   7121.20  2.0459292E-03
   7121.40  2.1951207E-03
   7121.60  2.3887284E-03
   7121.80  2.6314896E-03
   7122.00  2.9302897E-03
   7122.20  3.2959200E-03
   7122.40  3.7339877E-03
   7122.60  4.2385547E-03
   7122.80  4.7816934E-03
   7123.00  5.3371414E-03
   7123.20  5.9373430E-03
   7123.40  6.6374664E-03
   7123.60  7.4808588E-03
   7123.80  8.4697401E-03
   7124.00  9.5984375E-03
   7124.20  1.0865210E-02
   7124.40  1.2275147E-02
   7124.60  1.3849965E-02
   7124.80  1.5645019E-02
   7125.00  1.7775055E-02
   7125.20  2.0457923E-02
   7125.40  2.3877800E-02
   7125.60  2.7750234E-02
   7125.80  3.0419524E-02
   7126.00  3.0590543E-02
   7126.20  2.9859958E-02
   7126.40  2.9701258E-02
   7126.60  3.0394793E-02
   7126.80  3.1871141E-02
   7127.00  3.4219607E-02
   7127.20  3.7376920E-02
   7127.40  4.1296975E-02
   7127.60  4.5873446E-02
   7127.80  5.0848556E-02
   7128.00  5.6145039E-02
   7128.20  6.1494246E-02
   7128.40  6.6492583E-02
   7128.60  7.0722677E-02
   7128.80  7.3818694E-02
   7129.00  7.5479537E-02
   7129.20  7.5543529E-02
   7129.40  7.4135883E-02
   7129.60  7.1666627E-02
   7129.80  6.8728347E-02
   7130.00  6.6000024E-02
   7130.20  6.3993539E-02
   7130.40  6.2731466E-02
   7130.60  6.1866492E-02
   7130.80  6.1099517E-02
   7131.00  6.0309491E-02
   7131.20  5.9431250E-02
   7131.40  5.8418033E-02
   7131.60  5.7242471E-02
   7131.80  5.5916328E-02
   7132.00  5.4516129E-02
   7132.20  5.3174346E-02
   7132.40  5.2049422E-02
   7132.60  5.1283358E-02
   7132.80  5.0953756E-02
   7133.00  5.1030722E-02
   7133.20  5.1364450E-02
   7133.40  5.1731368E-02
   7133.60  5.1929143E-02
   7133.80  5.1865725E-02
   7134.00  5.1591353E-02
   7134.20  5.1247188E-02
   7134.40  5.0950461E-02
   7134.60  5.0723252E-02
   7134.80  5.0526848E-02
   7135.00  5.0323234E-02
   7135.20  5.0087762E-02
   7135.40  4.9787996E-02
   7135.60  4.9379208E-02
   7135.80  4.8830622E-02
   7136.00  4.8145343E-02
   7136.20  4.7361267E-02
   7136.40  4.6532063E-02
   7136.60  4.5712094E-02
   7136.80  4.4948005E-02
   7137.00  4.4250788E-02
   7137.20  4.3632743E-02
   7137.40  4.3097649E-02
   7137.60  4.2644664E-02
   7137.80  4.2269992E-02
   7138.00  4.1968523E-02
   7138.20  4.1734864E-02
   7138.40  4.1563451E-02
   7138.60  4.1448867E-02
   7138.80  4.1385708E-02
   7139.00  4.1368540E-02
   7139.20  4.1391599E-02
   7139.40  4.1448605E-02
   7139.60  4.1532477E-02
   7139.80  4.1635129E-02
   7140.00  4.1747543E-02
   7140.20  4.1860082E-02
   7140.40  4.1963190E-02
   7140.60  4.2048105E-02
   7140.80  4.2108188E-02
   7141.00  4.2139699E-02
   7141.20  4.2142220E-02
   7141.40  4.2118407E-02
   7141.60  4.2073282E-02
   7141.80  4.2013161E-02
   7142.00  4.1944574E-02
   7142.20  4.1873404E-02
   7142.40  4.1804393E-02
   7142.60  4.1740657E-02
   7142.80  4.1669778E-02
   7143.00  4.1608243E-02
   7143.20  4.1552409E-02
   7143.40  4.1501050E-02
   7143.60  4.1452378E-02
   7143.80  4.1404117E-02
   7144.00  4.1353712E-02
   7144.20  4.1298427E-02
   7144.40  4.1235499E-02
   7144.60  4.1162146E-02
   7144.80  4.1075640E-02
   7145.00  4.0973467E-02
   7145.20  4.0853337E-02
   7145.40  4.0713255E-02
   7145.60  4.0551548E-02
   7145.80  4.0366827E-02
   7146.00  4.0157983E-02
   7146.20  3.9924187E-02
   7146.40  3.9664856E-02
   7146.60  3.9379639E-02
   7146.80  3.9068404E-02
   7147.00  3.8731074E-02
   7147.20  3.8368646E-02
   7147.40  3.7981853E-02
   7147.60  3.7570379E-02
   7147.80  3.7135024E-02
   7148.00  3.6676210E-02
   7148.20  3.6195364E-02
   7148.40  3.5693216E-02
   7148.60  3.5171109E-02
   7148.80  3.4630698E-02
   7149.00  3.4073316E-02
   7149.20  3.3500755E-02
   7149.40  3.2915312E-02
   7149.60  3.2313737E-02
   7149.80  3.1705656E-02
   7150.00  3.1091460E-02
   7150.20  3.0470289E-02
   7150.40  2.9854114E-02
   7150.60  2.9242046E-02
   7150.80  2.8638097E-02
   7151.00  2.8046594E-02
   7151.20  2.7472233E-02
   7151.40  2.6918962E-02
   7151.60  2.6390810E-02
   7151.80  2.5891376E-02
   7152.00  2.5423645E-02
   7152.20  2.4989878E-02
   7152.40  2.4591474E-02
   7152.60  2.4228605E-02
   7152.80  2.3900803E-02
   7153.00  2.3606807E-02
   7153.20  2.3344727E-02
   7153.40  2.3112392E-02
   7153.60  2.2906697E-02
   7153.80  2.2724593E-02
   7154.00  2.2562808E-02
   7154.20  2.2418051E-02
   7154.40  2.2287050E-02
   7154.60  2.2166598E-02
   7154.80  2.2053652E-02
   7155.00  2.1945405E-02
   7155.20  2.1842678E-02
   7155.40  2.1735879E-02
   7155.60  2.1626027E-02
   7155.80  2.1511094E-02
   7156.00  2.1389323E-02
   7156.20  2.1259225E-02
   7156.40  2.1119667E-02
   7156.60  2.0969921E-02
   7156.80  2.0809650E-02
   7157.00  2.0638953E-02
   7157.20  2.0457920E-02
   7157.40  2.0270671E-02
   7157.60  2.0075986E-02
   7157.80  1.9868713E-02
   7158.00  1.9655956E-02
   7158.20  1.9443515E-02
   7158.40  1.9225919E-02
   7158.60  1.9009791E-02
   7158.80  1.8797204E-02
   7159.00  1.8587066E-02
   7159.20  1.8388245E-02
   7159.40  1.8199424E-02
   7159.60  1.8022364E-02
   7159.80  1.7858916E-02
   7160.00  1.7711710E-02
   7160.20  1.7580753E-02
   7160.40  1.7466799E-02
   7160.60  1.7370698E-02
   7160.80  1.7292714E-02
   7161.00  1.7234602E-02
   7161.20  1.7195948E-02
   7161.40  1.7177180E-02
   7161.60  1.7178931E-02
   7161.80  1.7201483E-02
   7162.00  1.7244809E-02
   7162.20  1.7308986E-02
   7162.40  1.7396194E-02
   7162.60  1.7506970E-02
   7162.80  1.7633197E-02
   7163.00  1.7778884E-02
   7163.20  1.7943248E-02
   7163.40  1.8125699E-02
   7163.60  1.8325114E-02
   7163.80  1.8539861E-02
   7164.00  1.8768371E-02
   7164.20  1.9009692E-02
   7164.40  1.9262108E-02
   7164.60  1.9524059E-02
   7164.80  1.9794149E-02
   7165.00  2.0070971E-02
   7165.20  2.0353409E-02
   7165.40  2.0639382E-02
   7165.60  2.0927583E-02
   7165.80  2.1216843E-02
   7166.00  2.1506042E-02
   7166.20  2.1794230E-02
   7166.40  2.2080397E-02
   7166.60  2.2363726E-02
   7166.80  2.2643456E-02
   7167.00  2.2918946E-02
   7167.20  2.3189713E-02
   7167.40  2.3455383E-02
   7167.60  2.3716797E-02
   7167.80  2.3970709E-02
   7168.00  2.4218531E-02
   7168.20  2.4459825E-02
   7168.40  2.4694449E-02
   7168.60  2.4922403E-02
   7168.80  2.5143607E-02
   7169.00  2.5357978E-02
   7169.20  2.5565446E-02
   7169.40  2.5766009E-02
   7169.60  2.5959678E-02
   7169.80  2.6146519E-02
   7170.00  2.6326509E-02
   7170.20  2.6499652E-02
   7170.40  2.6665989E-02
   7170.60  2.6825596E-02
   7170.80  2.6978601E-02
   7171.00  2.7125300E-02
   7171.20  2.7265554E-02
   7171.40  2.7399442E-02
   7171.60  2.7527332E-02
   7171.80  2.7649691E-02
   7172.00  2.7766625E-02
