  7112.000   26  1  1  9.5956884E-03 -3.4042596E+00 -1.8980567E+00  1  1  7.2656016E+03  0.0000000E+00  0.0000000E+00  2.4882994E+00  1.0000000E+00  0.0000000E+00 = E_edge, Z, n_edge, j_edge, Abs_before_edge, VO_interstitial, E_cut, ninitl, ninit1, Epsii, UnitCell_Volume, Surface_ref, f0_forward, natomsym_f, abs_u_i
    Energy    <xanes>    
   7097.00  2.1155003E-05
   7097.20  2.1894657E-05
   7097.40  2.3847714E-05
   7097.60  3.1193433E-05
   7097.80  1.3917019E-04
   7098.00  9.3301554E-05
   7098.20  2.9774582E-05
   7098.40  2.3921532E-05
   7098.60  2.2370091E-05
   7098.80  2.1848298E-05
   7099.00  2.1723255E-05
   7099.20  2.1817668E-05
   7099.40  2.2087535E-05
   7099.60  2.2559090E-05
   7099.80  2.3354616E-05
   7100.00  2.5009732E-05
   7100.20  2.1078732E-04
   7100.40  3.5637710E-05
   7100.60  5.2359859E-05
   7100.80  8.9472022E-05
   7101.00  6.8761516E-03
   7101.20  1.2029872E-04
   7101.40  4.4979519E-05
   7101.60  3.3218441E-05
   7101.80  2.8767229E-05
   7102.00  2.7307520E-05
   7102.20  2.6882615E-05
   7102.40  2.7781958E-05
   7102.60  2.7689103E-05
   7102.80  2.9097738E-05
   7103.00  3.6401188E-05
   7103.20  4.4338417E-05
   7103.40  2.1994718E-04
   7103.60  5.2722416E-05
   7103.80  8.3347984E-05
   7104.00  2.1922122E-04
   7104.20  3.2733089E-04
   7104.40  3.6665454E-04
   7104.60  7.4058245E-05
   7104.80  5.1982760E-05
   7105.00  4.8356643E-05
   7105.20  5.3778293E-05
   7105.40  9.7009963E-05
   7105.60  2.7307816E-04
   7105.80  7.7551741E-04
   7106.00  3.5644111E-03
   7106.20  1.3658426E-04
   7106.40  1.2741814E-04
   7106.60  2.5980453E-04
   7106.80  1.3423104E-02
   7107.00  1.6495676E-03
   7107.20  1.7762258E-03
   7107.40  6.1028148E-02
   7107.60  4.8393561E-04
   7107.80  2.5868741E-04
   7108.00  8.2098103E-04
   7108.20  1.4561929E-03
   7108.40  8.2623637E-03
   7108.60  5.8207273E-03
   7108.80  1.8430857E-02
   7109.00  6.2867369E-03
   7109.20  2.9911889E-02
   7109.40  1.4775889E-02
   7109.60  1.9726594E-02
   7109.80  1.0429455E-02
   7110.00  1.1607859E-02
   7110.20  1.3900381E-02
   7110.40  9.0814141E-03
   7110.60  8.6738142E-03
   7110.80  6.5634536E-03
   7111.00  6.1365125E-03
   7111.20  7.2109300E-03
   7111.40  1.0038682E-02
   7111.60  1.6352102E-02
   7111.80  2.3504171E-02
   7112.00  2.7411288E-02
   7112.20  3.8095081E-02
   7112.40  7.7499079E-02
   7112.60  6.5720598E-02
   7112.80  6.1356709E-02
   7113.00  5.7262225E-02
   7113.20  6.0414184E-02
   7113.40  6.9814507E-02
   7113.60  7.4699454E-02
   7113.80  5.6208927E-02
   7114.00  3.8372115E-02
   7114.20  2.7570510E-02
   7114.40  2.0909980E-02
   7114.60  1.6709285E-02
   7114.80  1.4035756E-02
   7115.00  1.2349462E-02
   7115.20  1.1366171E-02
   7115.40  1.0864284E-02
   7115.60  1.1120714E-02
   7115.80  1.2120413E-02
   7116.00  1.3871429E-02
   7116.20  1.5563009E-02
   7116.40  1.5484064E-02
   7116.60  1.3557091E-02
   7116.80  1.1497048E-02
   7117.00  1.0557385E-02
   7117.20  1.0689910E-02
   7117.40  1.0260205E-02
   7117.60  9.4797371E-03
   7117.80  8.8501439E-03
   7118.00  8.4776340E-03
   7118.20  8.4243037E-03
   7118.40  8.7184948E-03
   7118.60  9.1377394E-03
   7118.80  9.1639211E-03
   7119.00  8.8937977E-03
   7119.20  8.4849805E-03
   7119.40  7.9597249E-03
   7119.60  7.3839110E-03
   7119.80  6.8751688E-03
   7120.00  6.5377157E-03
   7120.20  6.4311081E-03
   7120.40  6.5170657E-03
   7120.60  6.6660258E-03
   7120.80  6.5728019E-03
   7121.00  6.3553767E-03
   7121.20  6.3492651E-03
   7121.40  6.5577739E-03
   7121.60  6.8856620E-03
   7121.80  7.2746662E-03
   7122.00  7.6921103E-03
   7122.20  8.0452110E-03
   7122.40  8.1715964E-03
   7122.60  7.9681984E-03
   7122.80  7.6447348E-03
   7123.00  7.4709482E-03
   7123.20  7.5072048E-03
   7123.40  7.7192589E-03
   7123.60  8.0583552E-03
   7123.80  8.4590289E-03
   7124.00  8.7535544E-03
   7124.20  8.7233106E-03
   7124.40  8.4008127E-03
   7124.60  8.0472045E-03
   7124.80  7.8232055E-03
   7125.00  7.7547351E-03
   7125.20  7.8143687E-03
   7125.40  7.9567304E-03
   7125.60  8.1575372E-03
   7125.80  8.4216703E-03
   7126.00  8.7576806E-03
   7126.20  9.1397511E-03
   7126.40  9.4937140E-03
   7126.60  9.7955700E-03
   7126.80  1.0118719E-02
   7127.00  1.0536393E-02
   7127.20  1.1071901E-02
   7127.40  1.1723367E-02
   7127.60  1.2500639E-02
   7127.80  1.3431648E-02
   7128.00  1.4492155E-02
   7128.20  1.5769940E-02
   7128.40  1.7381694E-02
   7128.60  1.9410965E-02
   7128.80  2.1850716E-02
   7129.00  2.4716961E-02
   7129.20  2.7461171E-02
   7129.40  2.9947523E-02
   7129.60  3.1979499E-02
   7129.80  3.3537651E-02
   7130.00  3.4813932E-02
   7130.20  3.6097854E-02
   7130.40  3.7657204E-02
   7130.60  3.9680458E-02
   7130.80  4.2270603E-02
   7131.00  4.5449656E-02
   7131.20  4.9149379E-02
   7131.40  5.3181477E-02
   7131.60  5.7205865E-02
   7131.80  6.0746155E-02
   7132.00  6.3314499E-02
   7132.20  6.4627520E-02
   7132.40  6.4756504E-02
   7132.60  6.4061734E-02
   7132.80  6.2973043E-02
   7133.00  6.1812308E-02
   7133.20  6.0743918E-02
   7133.40  5.9808681E-02
   7133.60  5.8977943E-02
   7133.80  5.8194171E-02
   7134.00  5.7396517E-02
   7134.20  5.6535370E-02
   7134.40  5.5576250E-02
   7134.60  5.4494139E-02
   7134.80  5.3264762E-02
   7135.00  5.1867385E-02
   7135.20  5.0300365E-02
   7135.40  4.8598481E-02
   7135.60  4.6832997E-02
   7135.80  4.5072096E-02
   7136.00  4.3346553E-02
   7136.20  4.1661536E-02
   7136.40  4.0009715E-02
   7136.60  3.8394227E-02
   7136.80  3.6828904E-02
   7137.00  3.5334613E-02
   7137.20  3.3936847E-02
   7137.40  3.2664493E-02
   7137.60  3.1547695E-02
   7137.80  3.0613264E-02
   7138.00  2.9879033E-02
   7138.20  2.9348674E-02
   7138.40  2.9008467E-02
   7138.60  2.8827009E-02
   7138.80  2.8757811E-02
   7139.00  2.8745123E-02
   7139.20  2.8732014E-02
   7139.40  2.8669581E-02
   7139.60  2.8525220E-02
   7139.80  2.8288029E-02
   7140.00  2.7969525E-02
   7140.20  2.7599673E-02
   7140.40  2.7219676E-02
   7140.60  2.6873834E-02
   7140.80  2.6602708E-02
   7141.00  2.6438419E-02
   7141.20  2.6402535E-02
   7141.40  2.6506166E-02
   7141.60  2.6751087E-02
   7141.80  2.7131370E-02
   7142.00  2.7642098E-02
   7142.20  2.8256891E-02
   7142.40  2.8963988E-02
   7142.60  2.9745466E-02
   7142.80  3.0583756E-02
   7143.00  3.1461440E-02
   7143.20  3.2362166E-02
   7143.40  3.3274881E-02
   7143.60  3.4187298E-02
   7143.80  3.5089061E-02
   7144.00  3.5971265E-02
   7144.20  3.6826485E-02
   7144.40  3.7648903E-02
   7144.60  3.8433577E-02
   7144.80  3.9189633E-02
   7145.00  3.9887946E-02
   7145.20  4.0539623E-02
   7145.40  4.1143617E-02
   7145.60  4.1699825E-02
   7145.80  4.2208700E-02
   7146.00  4.2670839E-02
   7146.20  4.3087666E-02
   7146.40  4.3460736E-02
   7146.60  4.3791833E-02
   7146.80  4.4082799E-02
   7147.00  4.4335530E-02
   7147.20  4.4551714E-02
   7147.40  4.4732891E-02
   7147.60  4.4880552E-02
   7147.80  4.4996340E-02
   7148.00  4.5081982E-02
   7148.20  4.5139307E-02
   7148.40  4.5182640E-02
   7148.60  4.5191823E-02
   7148.80  4.5177826E-02
   7149.00  4.5143597E-02
   7149.20  4.5084753E-02
   7149.40  4.5014315E-02
   7149.60  4.4928717E-02
   7149.80  4.4829304E-02
   7150.00  4.4717004E-02
   7150.20  4.4592818E-02
   7150.40  4.4457902E-02
   7150.60  4.4313358E-02
   7150.80  4.4160607E-02
   7151.00  4.4001512E-02
   7151.20  4.3847150E-02
   7151.40  4.3690409E-02
   7151.60  4.3533556E-02
   7151.80  4.3379304E-02
   7152.00  4.3229831E-02
   7152.20  4.3087281E-02
   7152.40  4.2947447E-02
   7152.60  4.2825253E-02
   7152.80  4.2715291E-02
   7153.00  4.2618832E-02
   7153.20  4.2536570E-02
   7153.40  4.2468577E-02
   7153.60  4.2414811E-02
   7153.80  4.2375048E-02
   7154.00  4.2348368E-02
   7154.20  4.2333574E-02
   7154.40  4.2329401E-02
   7154.60  4.2334396E-02
   7154.80  4.2347092E-02
   7155.00  4.2365360E-02
   7155.20  4.2387404E-02
   7155.40  4.2411309E-02
   7155.60  4.2435295E-02
   7155.80  4.2458029E-02
   7156.00  4.2477780E-02
   7156.20  4.2493269E-02
   7156.40  4.2503456E-02
   7156.60  4.2507536E-02
   7156.80  4.2505039E-02
   7157.00  4.2495838E-02
   7157.20  4.2479491E-02
   7157.40  4.2455917E-02
   7157.60  4.2425206E-02
   7157.80  4.2387496E-02
   7158.00  4.2342956E-02
   7158.20  4.2291838E-02
   7158.40  4.2234581E-02
   7158.60  4.2170928E-02
   7158.80  4.2100873E-02
   7159.00  4.2024355E-02
   7159.20  4.1944607E-02
   7159.40  4.1853808E-02
   7159.60  4.1756405E-02
   7159.80  4.1651392E-02
   7160.00  4.1538707E-02
   7160.20  4.1417293E-02
   7160.40  4.1286169E-02
   7160.60  4.1145779E-02
   7160.80  4.0992372E-02
   7161.00  4.0831955E-02
   7161.20  4.0650858E-02
   7161.40  4.0455315E-02
   7161.60  4.0243290E-02
   7161.80  4.0013757E-02
   7162.00  3.9765399E-02
   7162.20  3.9497511E-02
   7162.40  3.9209705E-02
   7162.60  3.8902050E-02
   7162.80  3.8575131E-02
   7163.00  3.8230042E-02
   7163.20  3.7868366E-02
   7163.40  3.7492113E-02
   7163.60  3.7103943E-02
   7163.80  3.6706301E-02
   7164.00  3.6301478E-02
   7164.20  3.5891976E-02
   7164.40  3.5480121E-02
   7164.60  3.5067994E-02
   7164.80  3.4657475E-02
   7165.00  3.4250043E-02
   7165.20  3.3846947E-02
   7165.40  3.3449185E-02
   7165.60  3.3057584E-02
   7165.80  3.2673100E-02
   7166.00  3.2296088E-02
   7166.20  3.1926666E-02
   7166.40  3.1565100E-02
   7166.60  3.1211570E-02
   7166.80  3.0865974E-02
   7167.00  3.0531021E-02
   7167.20  3.0205880E-02
   7167.40  2.9885104E-02
   7167.60  2.9574223E-02
   7167.80  2.9271675E-02
   7168.00  2.8977033E-02
   7168.20  2.8691992E-02
   7168.40  2.8412691E-02
   7168.60  2.8140422E-02
   7168.80  2.7875299E-02
   7169.00  2.7616811E-02
   7169.20  2.7364517E-02
   7169.40  2.7118224E-02
   7169.60  2.6877627E-02
   7169.80  2.6642227E-02
   7170.00  2.6412456E-02
   7170.20  2.6187624E-02
   7170.40  2.5967331E-02
   7170.60  2.5751249E-02
   7170.80  2.5539096E-02
   7171.00  2.5330986E-02
   7171.20  2.5126371E-02
   7171.40  2.4925190E-02
   7171.60  2.4726839E-02
   7171.80  2.4531181E-02
   7172.00  2.4338211E-02
