  7112.000   26  1  1  1.0345931E-02 -1.9510203E+00  0.0000000E+00  1  1  7.2638365E+03  0.0000000E+00  0.0000000E+00  3.5332758E+00  1.0000000E+00  0.0000000E+00 = E_edge, Z, n_edge, j_edge, Abs_before_edge, VO_interstitial, E_cut, ninitl, ninit1, Epsii, UnitCell_Volume, Surface_ref, f0_forward, natomsym_f, abs_u_i
    Energy    <xanes>    
   7097.00  3.8980425E-05
   7097.20  3.7138699E-05
   7097.40  4.4247001E-05
   7097.60  6.3714152E-05
   7097.80  6.4143033E-05
   7098.00  1.7863671E-04
   7098.20  5.1579065E-04
   7098.40  2.6101090E-03
   7098.60  5.8586597E-03
   7098.80  1.1271000E-04
   7099.00  2.5415447E-04
   7099.20  5.8911680E-05
   7099.40  4.3202420E-05
   7099.60  4.3587718E-05
   7099.80  9.7519292E-04
   7100.00  2.6424817E-04
   7100.20  4.8718347E-03
   7100.40  8.0048073E-05
   7100.60  8.0182454E-04
   7100.80  8.7898260E-05
   7101.00  9.0909282E-05
   7101.20  1.3840857E-04
   7101.40  3.1757167E-04
   7101.60  6.5727188E-03
   7101.80  8.6442328E-04
   7102.00  2.0233987E-04
   7102.20  1.5282960E-04
   7102.40  2.5266474E-04
   7102.60  2.9360354E-04
   7102.80  4.7921928E-04
   7103.00  2.1799806E-04
   7103.20  9.1588237E-05
   7103.40  1.0244648E-04
   7103.60  1.7334402E-03
   7103.80  3.3246232E-04
   7104.00  6.1922967E-03
   7104.20  6.1765468E-04
   7104.40  1.7394898E-04
   7104.60  9.2583599E-05
   7104.80  7.8548185E-05
   7105.00  8.3531514E-05
   7105.20  1.4087117E-04
   7105.40  3.8206341E-04
   7105.60  2.8722824E-04
   7105.80  5.7114157E-03
   7106.00  1.7661495E-03
   7106.20  8.4790076E-02
   7106.40  2.4012841E-03
   7106.60  1.1106902E-03
   7106.80  2.1192874E-03
   7107.00  7.2216526E-03
   7107.20  1.8020329E-03
   7107.40  4.7633559E-04
   7107.60  7.9881867E-04
   7107.80  5.7726108E-03
   7108.00  1.0899850E-03
   7108.20  1.5413996E-03
   7108.40  2.5353270E-03
   7108.60  2.0084912E-03
   7108.80  2.7146541E-03
   7109.00  6.1444923E-03
   7109.20  2.2182327E-01
   7109.40  1.6017496E-02
   7109.60  2.2615140E-02
   7109.80  1.8786092E-03
   7110.00  6.9747999E-04
   7110.20  8.1705611E-04
   7110.40  1.4744864E-04
   7110.60  1.3315426E-03
   7110.80  3.0062540E-04
   7111.00  2.7428772E-03
   7111.20  5.4281101E-03
   7111.40  1.8093402E-02
   7111.60  3.2215696E-03
   7111.80  6.4342884E-04
   7112.00  3.7927491E-04
   7112.20  2.9682538E-04
   7112.40  3.8860177E-04
   7112.60  1.6301543E-03
   7112.80  6.8760795E-03
   7113.00  7.6526782E-04
   7113.20  8.6061202E-04
   7113.40  2.2997476E-03
   7113.60  3.2534943E-02
   7113.80  4.5494157E-03
   7114.00  1.4614212E-03
   7114.20  1.6288716E-03
   7114.40  3.3706262E-02
   7114.60  5.8165377E-03
   7114.80  8.2568084E-03
   7115.00  1.3273263E-03
   7115.20  7.8797514E-04
   7115.40  7.4057834E-04
   7115.60  9.3719384E-04
   7115.80  1.6818374E-03
   7116.00  1.6110560E-03
   7116.20  1.0858028E-03
   7116.40  1.0675670E-03
   7116.60  1.1398174E-03
   7116.80  1.2539176E-03
   7117.00  1.4554463E-03
   7117.20  1.7207201E-03
   7117.40  2.0424843E-03
   7117.60  2.4215025E-03
   7117.80  2.8729492E-03
   7118.00  3.3403909E-03
   7118.20  3.7816124E-03
   7118.40  4.2719538E-03
   7118.60  4.7835841E-03
   7118.80  5.3152863E-03
   7119.00  5.8340079E-03
   7119.20  6.3712712E-03
   7119.40  6.9319308E-03
   7119.60  7.3038465E-03
   7119.80  7.0923195E-03
   7120.00  6.7973798E-03
   7120.20  6.7957422E-03
   7120.40  6.8514419E-03
   7120.60  6.9281650E-03
   7120.80  7.0605158E-03
   7121.00  7.2778992E-03
   7121.20  7.6224977E-03
   7121.40  8.0996689E-03
   7121.60  8.6825736E-03
   7121.80  9.2883992E-03
   7122.00  9.9369374E-03
   7122.20  1.0525887E-02
   7122.40  1.1095704E-02
   7122.60  1.1855332E-02
   7122.80  1.2775627E-02
   7123.00  1.3604205E-02
   7123.20  1.3948696E-02
   7123.40  1.3516795E-02
   7123.60  1.2748097E-02
   7123.80  1.2207450E-02
   7124.00  1.1995915E-02
   7124.20  1.1955529E-02
   7124.40  1.1951642E-02
   7124.60  1.2001709E-02
   7124.80  1.2142028E-02
   7125.00  1.2387283E-02
   7125.20  1.2752394E-02
   7125.40  1.3249911E-02
   7125.60  1.3890902E-02
   7125.80  1.4690214E-02
   7126.00  1.5658569E-02
   7126.20  1.6778440E-02
   7126.40  1.7993260E-02
   7126.60  1.9222822E-02
   7126.80  2.0391654E-02
   7127.00  2.1464304E-02
   7127.20  2.2450558E-02
   7127.40  2.3377359E-02
   7127.60  2.4268319E-02
   7127.80  2.5142469E-02
   7128.00  2.6018160E-02
   7128.20  2.6912437E-02
   7128.40  2.7839520E-02
   7128.60  2.8813947E-02
   7128.80  2.9855992E-02
   7129.00  3.0987154E-02
   7129.20  3.2206949E-02
   7129.40  3.3471018E-02
   7129.60  3.4727186E-02
   7129.80  3.5977062E-02
   7130.00  3.7271330E-02
   7130.20  3.8667937E-02
   7130.40  4.0206239E-02
   7130.60  4.1905692E-02
   7130.80  4.3760299E-02
   7131.00  4.5717645E-02
   7131.20  4.7645703E-02
   7131.40  4.9306314E-02
   7131.60  5.0361327E-02
   7131.80  5.0448048E-02
   7132.00  4.9325346E-02
   7132.20  4.7040990E-02
   7132.40  4.4038628E-02
   7132.60  4.1003930E-02
   7132.80  3.8248787E-02
   7133.00  3.5488349E-02
   7133.20  3.2614252E-02
   7133.40  2.9934421E-02
   7133.60  2.7700475E-02
   7133.80  2.5944950E-02
   7134.00  2.4595337E-02
   7134.20  2.3567856E-02
   7134.40  2.2797075E-02
   7134.60  2.2237610E-02
   7134.80  2.1858260E-02
   7135.00  2.1636130E-02
   7135.20  2.1552154E-02
   7135.40  2.1588136E-02
   7135.60  2.1725330E-02
   7135.80  2.1943859E-02
   7136.00  2.2229289E-02
   7136.20  2.2541040E-02
   7136.40  2.2863405E-02
   7136.60  2.3174579E-02
   7136.80  2.3456982E-02
   7137.00  2.3699101E-02
   7137.20  2.3896708E-02
   7137.40  2.4052445E-02
   7137.60  2.4175007E-02
   7137.80  2.4277308E-02
   7138.00  2.4374478E-02
   7138.20  2.4506313E-02
   7138.40  2.4653235E-02
   7138.60  2.4824775E-02
   7138.80  2.5028768E-02
   7139.00  2.5266066E-02
   7139.20  2.5607590E-02
   7139.40  2.6006303E-02
   7139.60  2.6455327E-02
   7139.80  2.6957382E-02
   7140.00  2.7495495E-02
   7140.20  2.8062413E-02
   7140.40  2.8647888E-02
   7140.60  2.9242468E-02
   7140.80  2.9838360E-02
   7141.00  3.0429390E-02
   7141.20  3.1011373E-02
   7141.40  3.1581806E-02
   7141.60  3.2139226E-02
   7141.80  3.2682869E-02
   7142.00  3.3212585E-02
   7142.20  3.3728503E-02
   7142.40  3.4225568E-02
   7142.60  3.4710902E-02
   7142.80  3.5204012E-02
   7143.00  3.5670964E-02
   7143.20  3.6131494E-02
   7143.40  3.6588579E-02
   7143.60  3.7072286E-02
   7143.80  3.7530431E-02
   7144.00  3.7992590E-02
   7144.20  3.8460474E-02
   7144.40  3.8935262E-02
   7144.60  3.9418074E-02
   7144.80  3.9909160E-02
   7145.00  4.0428163E-02
   7145.20  4.0938597E-02
   7145.40  4.1460864E-02
   7145.60  4.1997290E-02
   7145.80  4.2550791E-02
   7146.00  4.3123613E-02
   7146.20  4.3716801E-02
   7146.40  4.4328542E-02
   7146.60  4.4953322E-02
   7146.80  4.5580484E-02
   7147.00  4.6194056E-02
   7147.20  4.6773619E-02
   7147.40  4.7296011E-02
   7147.60  4.7737917E-02
   7147.80  4.8079667E-02
   7148.00  4.8307646E-02
   7148.20  4.8415701E-02
   7148.40  4.8405280E-02
   7148.60  4.8284010E-02
   7148.80  4.8063991E-02
   7149.00  4.7759674E-02
   7149.20  4.7385780E-02
   7149.40  4.6956551E-02
   7149.60  4.6484717E-02
   7149.80  4.5991108E-02
   7150.00  4.5505485E-02
   7150.20  4.5003802E-02
   7150.40  4.4491490E-02
   7150.60  4.3972947E-02
   7150.80  4.3452024E-02
   7151.00  4.2931751E-02
   7151.20  4.2414878E-02
   7151.40  4.1903876E-02
   7151.60  4.1401011E-02
   7151.80  4.0908427E-02
   7152.00  4.0427947E-02
   7152.20  3.9961343E-02
   7152.40  3.9509977E-02
   7152.60  3.9074970E-02
   7152.80  3.8657068E-02
   7153.00  3.8256398E-02
   7153.20  3.7872844E-02
   7153.40  3.7505729E-02
   7153.60  3.7154314E-02
   7153.80  3.6817329E-02
   7154.00  3.6493576E-02
   7154.20  3.6182155E-02
   7154.40  3.5882355E-02
   7154.60  3.5593699E-02
   7154.80  3.5316156E-02
   7155.00  3.5049793E-02
   7155.20  3.4794947E-02
   7155.40  3.4552103E-02
   7155.60  3.4321839E-02
   7155.80  3.4104669E-02
   7156.00  3.3901328E-02
   7156.20  3.3712419E-02
   7156.40  3.3538991E-02
   7156.60  3.3382199E-02
   7156.80  3.3243417E-02
   7157.00  3.3124282E-02
   7157.20  3.3026615E-02
   7157.40  3.2952475E-02
   7157.60  3.2903744E-02
   7157.80  3.2882044E-02
   7158.00  3.2888850E-02
   7158.20  3.2924724E-02
   7158.40  3.2991116E-02
   7158.60  3.3089242E-02
   7158.80  3.3219201E-02
   7159.00  3.3380595E-02
   7159.20  3.3572522E-02
   7159.40  3.3793602E-02
   7159.60  3.4041885E-02
   7159.80  3.4314988E-02
   7160.00  3.4610068E-02
   7160.20  3.4923589E-02
   7160.40  3.5251770E-02
   7160.60  3.5590579E-02
   7160.80  3.5935835E-02
   7161.00  3.6283341E-02
   7161.20  3.6629177E-02
   7161.40  3.6969656E-02
   7161.60  3.7301517E-02
   7161.80  3.7622014E-02
   7162.00  3.7928882E-02
   7162.20  3.8220393E-02
   7162.40  3.8495292E-02
   7162.60  3.8752745E-02
   7162.80  3.8992199E-02
   7163.00  3.9212856E-02
   7163.20  3.9413098E-02
   7163.40  3.9595454E-02
   7163.60  3.9758356E-02
   7163.80  3.9901731E-02
   7164.00  4.0025630E-02
   7164.20  4.0130314E-02
   7164.40  4.0216191E-02
   7164.60  4.0283902E-02
   7164.80  4.0334345E-02
   7165.00  4.0368592E-02
   7165.20  4.0387965E-02
   7165.40  4.0393885E-02
   7165.60  4.0387870E-02
   7165.80  4.0371530E-02
   7166.00  4.0346352E-02
   7166.20  4.0313629E-02
   7166.40  4.0274627E-02
   7166.60  4.0230403E-02
   7166.80  4.0181761E-02
   7167.00  4.0129389E-02
   7167.20  4.0073819E-02
   7167.40  4.0015340E-02
   7167.60  3.9954050E-02
   7167.80  3.9889994E-02
   7168.00  3.9823053E-02
   7168.20  3.9753042E-02
   7168.40  3.9679677E-02
   7168.60  3.9602680E-02
   7168.80  3.9521735E-02
   7169.00  3.9436619E-02
   7169.20  3.9347184E-02
   7169.40  3.9253056E-02
   7169.60  3.9153961E-02
   7169.80  3.9049765E-02
   7170.00  3.8940310E-02
   7170.20  3.8825616E-02
   7170.40  3.8705616E-02
   7170.60  3.8580468E-02
   7170.80  3.8450223E-02
   7171.00  3.8315285E-02
   7171.20  3.8175933E-02
   7171.40  3.8032621E-02
   7171.60  3.7885835E-02
   7171.80  3.7736227E-02
   7172.00  3.7584419E-02
