  7112.000   26  1  1  1.5749836E-02 -4.7150248E-01 -9.1156274E-01  1  1  7.2653056E+03  0.0000000E+00  0.0000000E+00  1.8974955E+00  1.0000000E+00  0.0000000E+00 = E_edge, Z, n_edge, j_edge, Abs_before_edge, VO_interstitial, E_cut, ninitl, ninit1, Epsii, UnitCell_Volume, Surface_ref, f0_forward, natomsym_f, abs_u_i
    Energy    <xanes>    
   7097.00  1.6414634E-02
   7097.20  8.9149593E-04
   7097.40  4.7521700E-02
   7097.60  4.8988445E-04
   7097.80  1.6628301E-04
   7098.00  1.0344670E-04
   7098.20  9.2084800E-05
   7098.40  1.1658027E-04
   7098.60  2.5638635E-04
   7098.80  3.1786677E-03
   7099.00  9.8626301E-04
   7099.20  1.7828334E-04
   7099.40  8.7318898E-05
   7099.60  6.0656202E-05
   7099.80  5.0538250E-05
   7100.00  4.7628756E-05
   7100.20  5.0529149E-05
   7100.40  6.3239986E-05
   7100.60  1.0861149E-04
   7100.80  4.4818204E-04
   7101.00  3.6810602E-02
   7101.20  2.4662628E-04
   7101.40  8.5331713E-05
   7101.60  5.3038007E-05
   7101.80  4.1439506E-05
   7102.00  3.6223122E-05
   7102.20  3.3777154E-05
   7102.40  3.2966389E-05
   7102.60  3.3643792E-05
   7102.80  3.6833762E-05
   7103.00  4.9219405E-05
   7103.20  2.7121747E-04
   7103.40  1.4967544E-04
   7103.60  3.4852836E-04
   7103.80  6.3718217E-04
   7104.00  1.5273617E-03
   7104.20  1.4102772E-04
   7104.40  8.1814732E-03
   7104.60  1.4077140E-04
   7104.80  6.9126898E-03
   7105.00  4.3645421E-04
   7105.20  1.0041743E-04
   7105.40  2.4346665E-04
   7105.60  1.3763690E-03
   7105.80  4.1894226E-04
   7106.00  8.9506066E-05
   7106.20  9.3462255E-05
   7106.40  2.6928801E-04
   7106.60  1.5042554E-03
   7106.80  1.6591562E-04
   7107.00  1.0551357E-04
   7107.20  7.8287477E-05
   7107.40  8.4798407E-05
   7107.60  1.0456428E-04
   7107.80  1.6204812E-04
   7108.00  4.7919497E-03
   7108.20  3.7813595E-04
   7108.40  1.1866801E-03
   7108.60  2.2635577E-02
   7108.80  6.1674112E-02
   7109.00  2.3216608E-03
   7109.20  4.0744762E-03
   7109.40  1.9543475E-03
   7109.60  5.0749776E-02
   7109.80  1.1608348E-02
   7110.00  6.5785439E-03
   7110.20  2.1278246E-03
   7110.40  7.3071792E-03
   7110.60  8.8430175E-04
   7110.80  2.3620230E-02
   7111.00  4.2069981E-03
   7111.20  1.6511631E-02
   7111.40  1.0300956E-02
   7111.60  5.5610196E-02
   7111.80  4.5396922E-04
   7112.00  3.7144204E-03
   7112.20  3.6659700E-02
   7112.40  3.0795978E-02
   7112.60  3.4861722E-02
   7112.80  1.8506450E-02
   7113.00  9.7083059E-03
   7113.20  4.2170917E-03
   7113.40  3.3402950E-03
   7113.60  7.0772210E-03
   7113.80  5.7922588E-03
   7114.00  4.3624326E-03
   7114.20  4.4385487E-03
   7114.40  6.7631863E-03
   7114.60  2.4658967E-02
   7114.80  1.6660034E-02
   7115.00  3.0540043E-03
   7115.20  1.5303849E-03
   7115.40  1.1703805E-03
   7115.60  1.0391223E-03
   7115.80  9.4205624E-04
   7116.00  9.1893545E-04
   7116.20  9.1073494E-04
   7116.40  9.1744175E-04
   7116.60  9.2789793E-04
   7116.80  9.4614710E-04
   7117.00  9.7265681E-04
   7117.20  1.0086934E-03
   7117.40  1.0563900E-03
   7117.60  1.1189911E-03
   7117.80  1.2013176E-03
   7118.00  1.3106193E-03
   7118.20  1.4582481E-03
   7118.40  1.6634381E-03
   7118.60  1.9623643E-03
   7118.80  2.3886556E-03
   7119.00  2.7727800E-03
   7119.20  3.1548829E-03
   7119.40  3.9714503E-03
   7119.60  5.1850245E-03
   7119.80  6.8577703E-03
   7120.00  8.9972852E-03
   7120.20  1.1383051E-02
   7120.40  1.3586633E-02
   7120.60  1.5379769E-02
   7120.80  1.6972219E-02
   7121.00  1.8678221E-02
   7121.20  2.0615887E-02
   7121.40  2.2724005E-02
   7121.60  2.4891625E-02
   7121.80  2.7028535E-02
   7122.00  2.9123229E-02
   7122.20  3.1212027E-02
   7122.40  3.3343803E-02
   7122.60  3.5552585E-02
   7122.80  3.7844258E-02
   7123.00  4.0194136E-02
   7123.20  4.2550194E-02
   7123.40  4.4838164E-02
   7123.60  4.6968348E-02
   7123.80  4.8842912E-02
   7124.00  5.0519107E-02
   7124.20  5.1629484E-02
   7124.40  5.2165043E-02
   7124.60  5.2182302E-02
   7124.80  5.1676405E-02
   7125.00  5.0573027E-02
   7125.20  4.8783412E-02
   7125.40  4.6435870E-02
   7125.60  4.3995076E-02
   7125.80  4.1803592E-02
   7126.00  4.0074541E-02
   7126.20  3.8794359E-02
   7126.40  3.7890507E-02
   7126.60  3.7293431E-02
   7126.80  3.6966286E-02
   7127.00  3.6902534E-02
   7127.20  3.7106251E-02
   7127.40  3.7573436E-02
   7127.60  3.8283603E-02
   7127.80  3.9208370E-02
   7128.00  4.0325316E-02
   7128.20  4.1565444E-02
   7128.40  4.3073123E-02
   7128.60  4.4745163E-02
   7128.80  4.6605735E-02
   7129.00  4.8637782E-02
   7129.20  5.0829403E-02
   7129.40  5.3128644E-02
   7129.60  5.5476951E-02
   7129.80  5.7809528E-02
   7130.00  6.0048058E-02
   7130.20  6.2095982E-02
   7130.40  6.3839365E-02
   7130.60  6.5162375E-02
   7130.80  6.5970806E-02
   7131.00  6.6199110E-02
   7131.20  6.5818867E-02
   7131.40  6.4857389E-02
   7131.60  6.3402187E-02
   7131.80  6.1580528E-02
   7132.00  5.9524676E-02
   7132.20  5.7346798E-02
   7132.40  5.5131529E-02
   7132.60  5.2940507E-02
   7132.80  5.0820159E-02
   7133.00  4.8807944E-02
   7133.20  4.6935537E-02
   7133.40  4.5228202E-02
   7133.60  4.3701154E-02
   7133.80  4.2369620E-02
   7134.00  4.1235097E-02
   7134.20  4.0291211E-02
   7134.40  3.9528757E-02
   7134.60  3.8932331E-02
   7134.80  3.8480435E-02
   7135.00  3.8143975E-02
   7135.20  3.7887268E-02
   7135.40  3.7669040E-02
   7135.60  3.7445725E-02
   7135.80  3.7177603E-02
   7136.00  3.6834741E-02
   7136.20  3.6403273E-02
   7136.40  3.5835004E-02
   7136.60  3.5260472E-02
   7136.80  3.4660178E-02
   7137.00  3.4072829E-02
   7137.20  3.3534298E-02
   7137.40  3.3073314E-02
   7137.60  3.2709404E-02
   7137.80  3.2453032E-02
   7138.00  3.2305986E-02
   7138.20  3.2262679E-02
   7138.40  3.2311064E-02
   7138.60  3.2433360E-02
   7138.80  3.2607034E-02
   7139.00  3.2789578E-02
   7139.20  3.2952808E-02
   7139.40  3.3091319E-02
   7139.60  3.3182703E-02
   7139.80  3.3208571E-02
   7140.00  3.3156141E-02
   7140.20  3.3019293E-02
   7140.40  3.2798412E-02
   7140.60  3.2499736E-02
   7140.80  3.2133809E-02
   7141.00  3.1713497E-02
   7141.20  3.1252281E-02
   7141.40  3.0762897E-02
   7141.60  3.0256393E-02
   7141.80  2.9741624E-02
   7142.00  2.9225462E-02
   7142.20  2.8712746E-02
   7142.40  2.8206680E-02
   7142.60  2.7709394E-02
   7142.80  2.7222356E-02
   7143.00  2.6746623E-02
   7143.20  2.6283229E-02
   7143.40  2.5833702E-02
   7143.60  2.5399252E-02
   7143.80  2.4980082E-02
   7144.00  2.4576563E-02
   7144.20  2.4188566E-02
   7144.40  2.3815933E-02
   7144.60  2.3457845E-02
   7144.80  2.3113544E-02
   7145.00  2.2782008E-02
   7145.20  2.2462468E-02
   7145.40  2.2154098E-02
   7145.60  2.1856163E-02
   7145.80  2.1568374E-02
   7146.00  2.1290694E-02
   7146.20  2.1023220E-02
   7146.40  2.0766497E-02
   7146.60  2.0521520E-02
   7146.80  2.0289200E-02
   7147.00  2.0070598E-02
   7147.20  1.9866857E-02
   7147.40  1.9679107E-02
   7147.60  1.9508321E-02
   7147.80  1.9355141E-02
   7148.00  1.9220064E-02
   7148.20  1.9103357E-02
   7148.40  1.9005056E-02
   7148.60  1.8924863E-02
   7148.80  1.8862199E-02
   7149.00  1.8816345E-02
   7149.20  1.8786415E-02
   7149.40  1.8771390E-02
   7149.60  1.8774994E-02
   7149.80  1.8782962E-02
   7150.00  1.8807941E-02
   7150.20  1.8841327E-02
   7150.40  1.8882060E-02
   7150.60  1.8929638E-02
   7150.80  1.8982948E-02
   7151.00  1.9041517E-02
   7151.20  1.9105722E-02
   7151.40  1.9173006E-02
   7151.60  1.9242904E-02
   7151.80  1.9315097E-02
   7152.00  1.9389461E-02
   7152.20  1.9466075E-02
   7152.40  1.9545242E-02
   7152.60  1.9627426E-02
   7152.80  1.9713060E-02
   7153.00  1.9802675E-02
   7153.20  1.9896928E-02
   7153.40  1.9996464E-02
   7153.60  2.0101880E-02
   7153.80  2.0213792E-02
   7154.00  2.0332679E-02
   7154.20  2.0458944E-02
   7154.40  2.0592852E-02
   7154.60  2.0734975E-02
   7154.80  2.0885172E-02
   7155.00  2.1042937E-02
   7155.20  2.1207729E-02
   7155.40  2.1378818E-02
   7155.60  2.1555694E-02
   7155.80  2.1737633E-02
   7156.00  2.1923884E-02
   7156.20  2.2114130E-02
   7156.40  2.2307411E-02
   7156.60  2.2503027E-02
   7156.80  2.2700531E-02
   7157.00  2.2899422E-02
   7157.20  2.3099030E-02
   7157.40  2.3298920E-02
   7157.60  2.3499018E-02
   7157.80  2.3699154E-02
   7158.00  2.3899230E-02
   7158.20  2.4098837E-02
   7158.40  2.4297924E-02
   7158.60  2.4496650E-02
   7158.80  2.4694986E-02
   7159.00  2.4892852E-02
   7159.20  2.5090328E-02
   7159.40  2.5287494E-02
   7159.60  2.5484203E-02
   7159.80  2.5680630E-02
   7160.00  2.5876485E-02
   7160.20  2.6071651E-02
   7160.40  2.6266034E-02
   7160.60  2.6459483E-02
   7160.80  2.6651696E-02
   7161.00  2.6842658E-02
   7161.20  2.7031995E-02
   7161.40  2.7219433E-02
   7161.60  2.7404727E-02
   7161.80  2.7587609E-02
   7162.00  2.7767727E-02
   7162.20  2.7944789E-02
   7162.40  2.8118729E-02
   7162.60  2.8289269E-02
   7162.80  2.8453183E-02
   7163.00  2.8613511E-02
   7163.20  2.8772193E-02
   7163.40  2.8925272E-02
   7163.60  2.9082174E-02
   7163.80  2.9224390E-02
   7164.00  2.9360855E-02
   7164.20  2.9491455E-02
   7164.40  2.9615891E-02
   7164.60  2.9733892E-02
   7164.80  2.9845466E-02
   7165.00  2.9950778E-02
   7165.20  3.0050006E-02
   7165.40  3.0143552E-02
   7165.60  3.0231578E-02
   7165.80  3.0314603E-02
   7166.00  3.0393321E-02
   7166.20  3.0468191E-02
   7166.40  3.0539906E-02
   7166.60  3.0609172E-02
   7166.80  3.0676716E-02
   7167.00  3.0743405E-02
   7167.20  3.0809838E-02
   7167.40  3.0876403E-02
   7167.60  3.0943787E-02
   7167.80  3.1012307E-02
   7168.00  3.1082927E-02
   7168.20  3.1155453E-02
   7168.40  3.1230082E-02
   7168.60  3.1307221E-02
   7168.80  3.1386939E-02
   7169.00  3.1469158E-02
   7169.20  3.1553785E-02
   7169.40  3.1640898E-02
   7169.60  3.1730400E-02
   7169.80  3.1822053E-02
   7170.00  3.1915763E-02
   7170.20  3.2011537E-02
   7170.40  3.2109300E-02
   7170.60  3.2208746E-02
   7170.80  3.2309787E-02
   7171.00  3.2412327E-02
   7171.20  3.2516235E-02
   7171.40  3.2621383E-02
   7171.60  3.2727917E-02
   7171.80  3.2835675E-02
   7172.00  3.2944477E-02
