  7112.000   26  1  1  7.0836106E-03 -2.0459495E+00  3.3335823E-02  1  1  7.2638734E+03  0.0000000E+00  0.0000000E+00  1.4016048E+00  1.0000000E+00  0.0000000E+00 = E_edge, Z, n_edge, j_edge, Abs_before_edge, VO_interstitial, E_cut, ninitl, ninit1, Epsii, UnitCell_Volume, Surface_ref, f0_forward, natomsym_f, abs_u_i
    Energy    <xanes>    
   7097.00  2.3695776E-05
   7097.20  2.4572451E-05
   7097.40  2.6101796E-05
   7097.60  2.8699446E-05
   7097.80  3.3424711E-05
   7098.00  4.3266457E-05
   7098.20  6.9354254E-05
   7098.40  1.8501423E-04
   7098.60  5.2291899E-03
   7098.80  4.0621935E-04
   7099.00  9.5673497E-05
   7099.20  5.1386088E-05
   7099.40  3.7311241E-05
   7099.60  3.1228831E-05
   7099.80  2.8184395E-05
   7100.00  2.6590677E-05
   7100.20  2.5838209E-05
   7100.40  2.5695382E-05
   7100.60  2.6138612E-05
   7100.80  2.7350345E-05
   7101.00  2.9899561E-05
   7101.20  3.5463524E-05
   7101.40  5.0292579E-05
   7101.60  1.1467859E-04
   7101.80  2.7932039E-03
   7102.00  2.8378910E-04
   7102.20  6.9650672E-05
   7102.40  4.1890370E-05
   7102.60  3.3575490E-05
   7102.80  3.0417553E-05
   7103.00  2.9414560E-05
   7103.20  2.9831897E-05
   7103.40  3.1948805E-05
   7103.60  3.7852123E-05
   7103.80  6.0124503E-05
   7104.00  5.0971558E-04
   7104.20  2.0495412E-04
   7104.40  9.6776492E-05
   7104.60  1.9082202E-03
   7104.80  1.3235382E-04
   7105.00  5.9833782E-05
   7105.20  6.7081277E-05
   7105.40  2.5970763E-04
   7105.60  1.1811687E-03
   7105.80  7.8780027E-05
   7106.00  4.6776840E-05
   7106.20  3.9741255E-05
   7106.40  3.7864823E-05
   7106.60  3.7962081E-05
   7106.80  3.9239117E-05
   7107.00  4.1578704E-05
   7107.20  4.5304970E-05
   7107.40  5.1957379E-05
   7107.60  1.2280600E-04
   7107.80  7.8005885E-05
   7108.00  1.0426131E-04
   7108.20  2.3231448E-04
   7108.40  5.5900858E-02
   7108.60  5.6431775E-04
   7108.80  1.0960945E-02
   7109.00  2.1651763E-03
   7109.20  8.4619759E-04
   7109.40  2.7146619E-04
   7109.60  4.8879431E-04
   7109.80  3.6118234E-04
   7110.00  1.6229219E-02
   7110.20  1.1154150E-04
   7110.40  1.6068621E-03
   7110.60  5.4416707E-02
   7110.80  2.3165704E-02
   7111.00  4.1011811E-03
   7111.20  6.7906329E-03
   7111.40  1.0531501E-02
   7111.60  2.0283893E-02
   7111.80  2.2358121E-02
   7112.00  2.1193389E-02
   7112.20  1.5959604E-02
   7112.40  3.0370711E-02
   7112.60  2.2863289E-02
   7112.80  1.4057561E-02
   7113.00  1.1216852E-02
   7113.20  1.1854383E-02
   7113.40  1.5192152E-02
   7113.60  2.0490040E-02
   7113.80  2.8309491E-02
   7114.00  4.4792047E-02
   7114.20  7.8383879E-02
   7114.40  4.9861942E-02
   7114.60  2.3003155E-02
   7114.80  1.1973054E-02
   7115.00  7.3092530E-03
   7115.20  5.1875321E-03
   7115.40  4.1870233E-03
   7115.60  3.7912629E-03
   7115.80  3.8437037E-03
   7116.00  4.3801304E-03
   7116.20  5.6086535E-03
   7116.40  7.9600310E-03
   7116.60  1.2091136E-02
   7116.80  1.8632924E-02
   7117.00  2.5160105E-02
   7117.20  2.8291009E-02
   7117.40  2.7574993E-02
   7117.60  2.4889863E-02
   7117.80  2.1738260E-02
   7118.00  1.8865680E-02
   7118.20  1.6498890E-02
   7118.40  1.4624823E-02
   7118.60  1.3159040E-02
   7118.80  1.2013763E-02
   7119.00  1.1119682E-02
   7119.20  1.0434116E-02
   7119.40  9.9331804E-03
   7119.60  9.5550332E-03
   7119.80  9.1401452E-03
   7120.00  8.5909400E-03
   7120.20  7.9960975E-03
   7120.40  7.4555939E-03
   7120.60  7.0031182E-03
   7120.80  6.6403116E-03
   7121.00  6.3591297E-03
   7121.20  6.1482965E-03
   7121.40  5.9960404E-03
   7121.60  5.8926867E-03
   7121.80  5.8312772E-03
   7122.00  5.8064352E-03
   7122.20  5.8129083E-03
   7122.40  5.8615864E-03
   7122.60  5.9278392E-03
   7122.80  6.0032523E-03
   7123.00  6.1013621E-03
   7123.20  6.2254039E-03
   7123.40  6.3765202E-03
   7123.60  6.5534250E-03
   7123.80  6.7546110E-03
   7124.00  6.9805227E-03
   7124.20  7.2342123E-03
   7124.40  7.5208494E-03
   7124.60  7.8468601E-03
   7124.80  8.2193765E-03
   7125.00  8.6462826E-03
   7125.20  9.1380577E-03
   7125.40  9.7172243E-03
   7125.60  1.0415109E-02
   7125.80  1.1283162E-02
   7126.00  1.2380546E-02
   7126.20  1.3747516E-02
   7126.40  1.5392482E-02
   7126.60  1.7313533E-02
   7126.80  1.9545186E-02
   7127.00  2.2027277E-02
   7127.20  2.4650481E-02
   7127.40  2.7154062E-02
   7127.60  2.9026920E-02
   7127.80  3.0029376E-02
   7128.00  3.0151257E-02
   7128.20  2.9624518E-02
   7128.40  2.8765002E-02
   7128.60  2.7841605E-02
   7128.80  2.7031930E-02
   7129.00  2.6440654E-02
   7129.20  2.6155903E-02
   7129.40  2.6097920E-02
   7129.60  2.6318208E-02
   7129.80  2.6814164E-02
   7130.00  2.7581010E-02
   7130.20  2.8572393E-02
   7130.40  2.9865231E-02
   7130.60  3.1403295E-02
   7130.80  3.3171372E-02
   7131.00  3.5150592E-02
   7131.20  3.7300232E-02
   7131.40  3.9573581E-02
   7131.60  4.1912717E-02
   7131.80  4.4253473E-02
   7132.00  4.6529615E-02
   7132.20  4.8674553E-02
   7132.40  5.0624028E-02
   7132.60  5.2320942E-02
   7132.80  5.3718773E-02
   7133.00  5.4783870E-02
   7133.20  5.5498007E-02
   7133.40  5.5862067E-02
   7133.60  5.5898751E-02
   7133.80  5.5653781E-02
   7134.00  5.5192519E-02
   7134.20  5.4591450E-02
   7134.40  5.3927191E-02
   7134.60  5.3267250E-02
   7134.80  5.2665394E-02
   7135.00  5.2162372E-02
   7135.20  5.1788349E-02
   7135.40  5.1566993E-02
   7135.60  5.1517983E-02
   7135.80  5.1658337E-02
   7136.00  5.2002254E-02
   7136.20  5.2559734E-02
   7136.40  5.3331915E-02
   7136.60  5.4305370E-02
   7136.80  5.5442600E-02
   7137.00  5.6670062E-02
   7137.20  5.7868022E-02
   7137.40  5.8865368E-02
   7137.60  5.9452525E-02
   7137.80  5.9422225E-02
   7138.00  5.8627233E-02
   7138.20  5.7033637E-02
   7138.40  5.4738730E-02
   7138.60  5.1940648E-02
   7138.80  4.8876938E-02
   7139.00  4.5765232E-02
   7139.20  4.2772888E-02
   7139.40  4.0007091E-02
   7139.60  3.7525751E-02
   7139.80  3.5351201E-02
   7140.00  3.3484051E-02
   7140.20  3.1910968E-02
   7140.40  3.0611462E-02
   7140.60  2.9559983E-02
   7140.80  2.8727654E-02
   7141.00  2.8084419E-02
   7141.20  2.7599707E-02
   7141.40  2.7244181E-02
   7141.60  2.6991373E-02
   7141.80  2.6818573E-02
   7142.00  2.6707249E-02
   7142.20  2.6643089E-02
   7142.40  2.6615574E-02
   7142.60  2.6617269E-02
   7142.80  2.6643260E-02
   7143.00  2.6690555E-02
   7143.20  2.6757498E-02
   7143.40  2.6843401E-02
   7143.60  2.6948086E-02
   7143.80  2.7071572E-02
   7144.00  2.7213961E-02
   7144.20  2.7375150E-02
   7144.40  2.7555556E-02
   7144.60  2.7755975E-02
   7144.80  2.7971078E-02
   7145.00  2.8197831E-02
   7145.20  2.8432287E-02
   7145.40  2.8669235E-02
   7145.60  2.8902436E-02
   7145.80  2.9125026E-02
   7146.00  2.9330152E-02
   7146.20  2.9511713E-02
   7146.40  2.9665669E-02
   7146.60  2.9776283E-02
   7146.80  2.9874471E-02
   7147.00  2.9913638E-02
   7147.20  2.9966176E-02
   7147.40  3.0035434E-02
   7147.60  3.0118214E-02
   7147.80  3.0225403E-02
   7148.00  3.0365582E-02
   7148.20  3.0543657E-02
   7148.40  3.0760936E-02
   7148.60  3.1014711E-02
   7148.80  3.1298955E-02
   7149.00  3.1604815E-02
   7149.20  3.1922060E-02
   7149.40  3.2240233E-02
   7149.60  3.2550026E-02
   7149.80  3.2843887E-02
   7150.00  3.3117084E-02
   7150.20  3.3367786E-02
   7150.40  3.3591919E-02
   7150.60  3.3802836E-02
   7150.80  3.4000003E-02
   7151.00  3.4188788E-02
   7151.20  3.4374811E-02
   7151.40  3.4563309E-02
   7151.60  3.4758596E-02
   7151.80  3.4964157E-02
   7152.00  3.5182202E-02
   7152.20  3.5414061E-02
   7152.40  3.5660067E-02
   7152.60  3.5912480E-02
   7152.80  3.6175571E-02
   7153.00  3.6448618E-02
   7153.20  3.6729290E-02
   7153.40  3.7015172E-02
   7153.60  3.7303268E-02
   7153.80  3.7590921E-02
   7154.00  3.7875302E-02
   7154.20  3.8153671E-02
   7154.40  3.8423639E-02
   7154.60  3.8683090E-02
   7154.80  3.8930242E-02
   7155.00  3.9163669E-02
   7155.20  3.9382218E-02
   7155.40  3.9585151E-02
   7155.60  3.9772129E-02
   7155.80  3.9942803E-02
   7156.00  4.0097372E-02
   7156.20  4.0235980E-02
   7156.40  4.0358703E-02
   7156.60  4.0466073E-02
   7156.80  4.0558632E-02
   7157.00  4.0636919E-02
   7157.20  4.0701706E-02
   7157.40  4.0753520E-02
   7157.60  4.0792920E-02
   7157.80  4.0820540E-02
   7158.00  4.0836934E-02
   7158.20  4.0842486E-02
   7158.40  4.0837672E-02
   7158.60  4.0823053E-02
   7158.80  4.0798968E-02
   7159.00  4.0765655E-02
   7159.20  4.0723408E-02
   7159.40  4.0672485E-02
   7159.60  4.0613167E-02
   7159.80  4.0545671E-02
   7160.00  4.0470126E-02
   7160.20  4.0386843E-02
   7160.40  4.0296031E-02
   7160.60  4.0194873E-02
   7160.80  4.0088953E-02
   7161.00  3.9976293E-02
   7161.20  3.9856496E-02
   7161.40  3.9729340E-02
   7161.60  3.9594432E-02
   7161.80  3.9452717E-02
   7162.00  3.9304470E-02
   7162.20  3.9149866E-02
   7162.40  3.8988891E-02
   7162.60  3.8817209E-02
   7162.80  3.8643449E-02
   7163.00  3.8464661E-02
   7163.20  3.8280207E-02
   7163.40  3.8090358E-02
   7163.60  3.7895239E-02
   7163.80  3.7695095E-02
   7164.00  3.7490309E-02
   7164.20  3.7281277E-02
   7164.40  3.7068137E-02
   7164.60  3.6851265E-02
   7164.80  3.6631077E-02
   7165.00  3.6408038E-02
   7165.20  3.6182653E-02
   7165.40  3.5955475E-02
   7165.60  3.5727096E-02
   7165.80  3.5498139E-02
   7166.00  3.5269541E-02
   7166.20  3.5042374E-02
   7166.40  3.4816920E-02
   7166.60  3.4593434E-02
   7166.80  3.4372480E-02
   7167.00  3.4154925E-02
   7167.20  3.3941013E-02
   7167.40  3.3730645E-02
   7167.60  3.3523887E-02
   7167.80  3.3320718E-02
   7168.00  3.3121021E-02
   7168.20  3.2925019E-02
   7168.40  3.2731696E-02
   7168.60  3.2536923E-02
   7168.80  3.2348350E-02
   7169.00  3.2159924E-02
   7169.20  3.1971527E-02
   7169.40  3.1783168E-02
   7169.60  3.1593573E-02
   7169.80  3.1402203E-02
   7170.00  3.1208605E-02
   7170.20  3.1012384E-02
   7170.40  3.0813308E-02
   7170.60  3.0611292E-02
   7170.80  3.0407067E-02
   7171.00  3.0200361E-02
   7171.20  2.9991415E-02
   7171.40  2.9780691E-02
   7171.60  2.9569145E-02
   7171.80  2.9357154E-02
   7172.00  2.9145377E-02
