  7112.000   26  1  1  1.9625651E-02 -2.7859592E+00 -1.7806233E+00  1  1  7.2658197E+03  0.0000000E+00  0.0000000E+00  3.0058050E+00  1.0000000E+00  0.0000000E+00 = E_edge, Z, n_edge, j_edge, Abs_before_edge, VO_interstitial, E_cut, ninitl, ninit1, Epsii, UnitCell_Volume, Surface_ref, f0_forward, natomsym_f, abs_u_i
    Energy    <xanes>    
   7097.00  2.1892152E-05
   7097.20  2.2177807E-05
   7097.40  2.2518317E-05
   7097.60  2.2927268E-05
   7097.80  2.3425122E-05
   7098.00  2.4040601E-05
   7098.20  2.4819774E-05
   7098.40  2.5836845E-05
   7098.60  2.7222515E-05
   7098.80  2.9235741E-05
   7099.00  3.2456199E-05
   7099.20  3.8499349E-05
   7099.40  5.3764510E-05
   7099.60  1.3282584E-04
   7099.80  8.6189258E-03
   7100.00  1.7505755E-04
   7100.20  1.2321344E-03
   7100.40  1.2542162E-04
   7100.60  4.4898613E-04
   7100.80  6.0382681E-04
   7101.00  2.8221784E-04
   7101.20  1.6255269E-04
   7101.40  2.7630859E-04
   7101.60  3.5229737E-03
   7101.80  9.3602818E-04
   7102.00  3.7068622E-04
   7102.20  4.7743871E-03
   7102.40  6.2361626E-04
   7102.60  1.8785455E-04
   7102.80  1.8425455E-04
   7103.00  8.1712952E-04
   7103.20  1.7474945E-03
   7103.40  5.5471316E-04
   7103.60  5.3502030E-04
   7103.80  9.9445826E-03
   7104.00  2.5150013E-04
   7104.20  3.0928141E-04
   7104.40  2.9167482E-03
   7104.60  5.7628884E-03
   7104.80  3.4139692E-04
   7105.00  2.5981981E-02
   7105.20  2.3168737E-04
   7105.40  2.5303284E-04
   7105.60  1.1700329E-04
   7105.80  1.4919779E-04
   7106.00  4.8283971E-04
   7106.20  3.7818034E-03
   7106.40  3.0269170E-02
   7106.60  4.1761962E-04
   7106.80  1.2551800E-02
   7107.00  3.2574519E-02
   7107.20  6.3911612E-03
   7107.40  6.3035500E-03
   7107.60  1.3568081E-03
   7107.80  2.0028653E-02
   7108.00  5.7066930E-03
   7108.20  5.2507206E-04
   7108.40  7.1499515E-03
   7108.60  1.0337619E-03
   7108.80  1.8164577E-03
   7109.00  8.5255443E-03
   7109.20  5.9977265E-03
   7109.40  7.2153102E-03
   7109.60  2.4237594E-03
   7109.80  4.6603673E-03
   7110.00  6.2558594E-03
   7110.20  8.4474701E-03
   7110.40  1.5345906E-02
   7110.60  1.3064169E-02
   7110.80  1.1661046E-02
   7111.00  1.8896212E-02
   7111.20  2.5293068E-02
   7111.40  2.5945783E-02
   7111.60  1.8258361E-02
   7111.80  1.6559955E-02
   7112.00  1.8400924E-02
   7112.20  2.3509455E-02
   7112.40  2.8005187E-02
   7112.60  3.0560294E-02
   7112.80  3.1565595E-02
   7113.00  3.2567988E-02
   7113.20  3.4996778E-02
   7113.40  3.5168174E-02
   7113.60  3.5277144E-02
   7113.80  3.7453219E-02
   7114.00  3.8255705E-02
   7114.20  3.0675844E-02
   7114.40  2.1122011E-02
   7114.60  1.5065624E-02
   7114.80  1.1127571E-02
   7115.00  9.1213036E-03
   7115.20  7.7136660E-03
   7115.40  6.7269187E-03
   7115.60  6.0801443E-03
   7115.80  5.6166460E-03
   7116.00  5.2850137E-03
   7116.20  5.0733930E-03
   7116.40  4.9891092E-03
   7116.60  5.0043533E-03
   7116.80  5.0970804E-03
   7117.00  5.2667093E-03
   7117.20  5.5191464E-03
   7117.40  5.8614678E-03
   7117.60  6.3039410E-03
   7117.80  6.8617323E-03
   7118.00  7.5399089E-03
   7118.20  8.2608151E-03
   7118.40  8.7338750E-03
   7118.60  8.5834239E-03
   7118.80  7.9392941E-03
   7119.00  7.3596202E-03
   7119.20  7.1144653E-03
   7119.40  7.1411568E-03
   7119.60  7.3140826E-03
   7119.80  7.5415261E-03
   7120.00  7.7351020E-03
   7120.20  7.7836480E-03
   7120.40  7.6074369E-03
   7120.60  7.2920986E-03
   7120.80  7.1307198E-03
   7121.00  7.3404137E-03
   7121.20  7.9027078E-03
   7121.40  8.7801521E-03
   7121.60  1.0045409E-02
   7121.80  1.1862341E-02
   7122.00  1.4368041E-02
   7122.20  1.7399164E-02
   7122.40  2.0039766E-02
   7122.60  2.1607353E-02
   7122.80  2.2374059E-02
   7123.00  2.2764260E-02
   7123.20  2.2918664E-02
   7123.40  2.2750295E-02
   7123.60  2.2271925E-02
   7123.80  2.1818786E-02
   7124.00  2.1872689E-02
   7124.20  2.2772214E-02
   7124.40  2.4597123E-02
   7124.60  2.7055316E-02
   7124.80  2.9349789E-02
   7125.00  3.0582369E-02
   7125.20  3.0600270E-02
   7125.40  2.9995174E-02
   7125.60  2.9463205E-02
   7125.80  2.9313986E-02
   7126.00  2.9588708E-02
   7126.20  3.0151699E-02
   7126.40  3.0845780E-02
   7126.60  3.1511911E-02
   7126.80  3.1889721E-02
   7127.00  3.1925059E-02
   7127.20  3.1518496E-02
   7127.40  3.0824842E-02
   7127.60  3.0143767E-02
   7127.80  2.9738094E-02
   7128.00  2.9733057E-02
   7128.20  3.0122146E-02
   7128.40  3.0853063E-02
   7128.60  3.1907641E-02
   7128.80  3.3314154E-02
   7129.00  3.5095544E-02
   7129.20  3.7229472E-02
   7129.40  3.9673066E-02
   7129.60  4.2399554E-02
   7129.80  4.5369171E-02
   7130.00  4.8455160E-02
   7130.20  5.1409553E-02
   7130.40  5.3936643E-02
   7130.60  5.5847434E-02
   7130.80  5.7153247E-02
   7131.00  5.7982552E-02
   7131.20  5.8406592E-02
   7131.40  5.8379377E-02
   7131.60  5.7841905E-02
   7131.80  5.6839375E-02
   7132.00  5.5519837E-02
   7132.20  5.4053226E-02
   7132.40  5.2573340E-02
   7132.60  5.1170605E-02
   7132.80  4.9900800E-02
   7133.00  4.8805110E-02
   7133.20  4.7911527E-02
   7133.40  4.7230372E-02
   7133.60  4.6781973E-02
   7133.80  4.6627407E-02
   7134.00  4.6870639E-02
   7134.20  4.7605642E-02
   7134.40  4.8820754E-02
   7134.60  5.0288166E-02
   7134.80  5.1549929E-02
   7135.00  5.2176734E-02
   7135.20  5.2074603E-02
   7135.40  5.1435844E-02
   7135.60  5.0504222E-02
   7135.80  4.9453953E-02
   7136.00  4.8384273E-02
   7136.20  4.7345807E-02
   7136.40  4.6365728E-02
   7136.60  4.5466649E-02
   7136.80  4.4676580E-02
   7137.00  4.4025964E-02
   7137.20  4.3537781E-02
   7137.40  4.3218132E-02
   7137.60  4.3055107E-02
   7137.80  4.3024912E-02
   7138.00  4.3099508E-02
   7138.20  4.3253224E-02
   7138.40  4.3466422E-02
   7138.60  4.3726480E-02
   7138.80  4.4027079E-02
   7139.00  4.4366125E-02
   7139.20  4.4742607E-02
   7139.40  4.5147786E-02
   7139.60  4.5567910E-02
   7139.80  4.5982422E-02
   7140.00  4.6364339E-02
   7140.20  4.6682673E-02
   7140.40  4.6905646E-02
   7140.60  4.7005206E-02
   7140.80  4.6960700E-02
   7141.00  4.6761425E-02
   7141.20  4.6407428E-02
   7141.40  4.5889698E-02
   7141.60  4.5261817E-02
   7141.80  4.4534319E-02
   7142.00  4.3734560E-02
   7142.20  4.2890040E-02
   7142.40  4.2026140E-02
   7142.60  4.1165569E-02
   7142.80  4.0327079E-02
   7143.00  3.9525174E-02
   7143.20  3.8770196E-02
   7143.40  3.8068615E-02
   7143.60  3.7423422E-02
   7143.80  3.6834559E-02
   7144.00  3.6299916E-02
   7144.20  3.5815367E-02
   7144.40  3.5375378E-02
   7144.60  3.4973578E-02
   7144.80  3.4603173E-02
   7145.00  3.4257358E-02
   7145.20  3.3929478E-02
   7145.40  3.3613340E-02
   7145.60  3.3303460E-02
   7145.80  3.2995210E-02
   7146.00  3.2684866E-02
   7146.20  3.2370224E-02
   7146.40  3.2048039E-02
   7146.60  3.1716519E-02
   7146.80  3.1375432E-02
   7147.00  3.1024844E-02
   7147.20  3.0666458E-02
   7147.40  3.0302326E-02
   7147.60  2.9935186E-02
   7147.80  2.9568644E-02
   7148.00  2.9207450E-02
   7148.20  2.8852065E-02
   7148.40  2.8503936E-02
   7148.60  2.8173739E-02
   7148.80  2.7859611E-02
   7149.00  2.7563308E-02
   7149.20  2.7285878E-02
   7149.40  2.7027550E-02
   7149.60  2.6787787E-02
   7149.80  2.6565705E-02
   7150.00  2.6360061E-02
   7150.20  2.6169620E-02
   7150.40  2.5992738E-02
   7150.60  2.5828023E-02
   7150.80  2.5674251E-02
   7151.00  2.5530541E-02
   7151.20  2.5396355E-02
   7151.40  2.5271187E-02
   7151.60  2.5154631E-02
   7151.80  2.5046363E-02
   7152.00  2.4945847E-02
   7152.20  2.4852368E-02
   7152.40  2.4765013E-02
   7152.60  2.4682339E-02
   7152.80  2.4602600E-02
   7153.00  2.4523962E-02
   7153.20  2.4444394E-02
   7153.40  2.4361950E-02
   7153.60  2.4274969E-02
   7153.80  2.4182813E-02
   7154.00  2.4083760E-02
   7154.20  2.3977358E-02
   7154.40  2.3863795E-02
   7154.60  2.3743856E-02
   7154.80  2.3618746E-02
   7155.00  2.3490126E-02
   7155.20  2.3360065E-02
   7155.40  2.3230395E-02
   7155.60  2.3102899E-02
   7155.80  2.2979477E-02
   7156.00  2.2861861E-02
   7156.20  2.2751426E-02
   7156.40  2.2649315E-02
   7156.60  2.2556385E-02
   7156.80  2.2473141E-02
   7157.00  2.2399954E-02
   7157.20  2.2336554E-02
   7157.40  2.2282636E-02
   7157.60  2.2237720E-02
   7157.80  2.2201118E-02
   7158.00  2.2172200E-02
   7158.20  2.2150552E-02
   7158.40  2.2135231E-02
   7158.60  2.2127129E-02
   7158.80  2.2122276E-02
   7159.00  2.2121650E-02
   7159.20  2.2124633E-02
   7159.40  2.2131119E-02
   7159.60  2.2140452E-02
   7159.80  2.2152540E-02
   7160.00  2.2167585E-02
   7160.20  2.2185171E-02
   7160.40  2.2205321E-02
   7160.60  2.2228414E-02
   7160.80  2.2254563E-02
   7161.00  2.2283625E-02
   7161.20  2.2315572E-02
   7161.40  2.2350572E-02
   7161.60  2.2394151E-02
   7161.80  2.2438991E-02
   7162.00  2.2486837E-02
   7162.20  2.2536400E-02
   7162.40  2.2589738E-02
   7162.60  2.2647600E-02
   7162.80  2.2709638E-02
   7163.00  2.2773254E-02
   7163.20  2.2840173E-02
   7163.40  2.2910228E-02
   7163.60  2.2983309E-02
   7163.80  2.3059369E-02
   7164.00  2.3137823E-02
   7164.20  2.3218246E-02
   7164.40  2.3300214E-02
   7164.60  2.3383383E-02
   7164.80  2.3467449E-02
   7165.00  2.3552362E-02
   7165.20  2.3637991E-02
   7165.40  2.3724048E-02
   7165.60  2.3810619E-02
   7165.80  2.3897884E-02
   7166.00  2.3986148E-02
   7166.20  2.4075777E-02
   7166.40  2.4167206E-02
   7166.60  2.4261155E-02
   7166.80  2.4357869E-02
   7167.00  2.4457763E-02
   7167.20  2.4561358E-02
   7167.40  2.4669053E-02
   7167.60  2.4781080E-02
   7167.80  2.4897735E-02
   7168.00  2.5019098E-02
   7168.20  2.5145308E-02
   7168.40  2.5276440E-02
   7168.60  2.5412084E-02
   7168.80  2.5552110E-02
   7169.00  2.5696308E-02
   7169.20  2.5844232E-02
   7169.40  2.5995427E-02
   7169.60  2.6149407E-02
   7169.80  2.6305665E-02
   7170.00  2.6463611E-02
   7170.20  2.6622822E-02
   7170.40  2.6782811E-02
   7170.60  2.6942974E-02
   7170.80  2.7102978E-02
   7171.00  2.7262554E-02
   7171.20  2.7421305E-02
   7171.40  2.7579390E-02
   7171.60  2.7736411E-02
   7171.80  2.7892061E-02
   7172.00  2.8046401E-02
