  7112.000   26  1  1  1.1208383E-02 -1.9721373E+00 -2.5882066E+00  1  1  7.2664870E+03  0.0000000E+00  0.0000000E+00  1.5421429E+00  1.0000000E+00  0.0000000E+00 = E_edge, Z, n_edge, j_edge, Abs_before_edge, VO_interstitial, E_cut, ninitl, ninit1, Epsii, UnitCell_Volume, Surface_ref, f0_forward, natomsym_f, abs_u_i
    Energy    <xanes>    
   7097.00  2.0051881E-05
   7097.20  2.0309056E-05
   7097.40  2.0652368E-05
   7097.60  2.1121556E-05
   7097.80  2.1784923E-05
   7098.00  2.2767933E-05
   7098.20  2.4322428E-05
   7098.40  2.7017942E-05
   7098.60  3.2381941E-05
   7098.80  4.5766507E-05
   7099.00  9.8158086E-05
   7099.20  1.0775435E-03
   7099.40  3.8977300E-04
   7099.60  7.5744261E-05
   7099.80  4.1799604E-05
   7100.00  3.1953827E-05
   7100.20  2.7987751E-05
   7100.40  2.6188231E-05
   7100.60  2.5428080E-05
   7100.80  2.5301895E-05
   7101.00  2.5684410E-05
   7101.20  2.6619996E-05
   7101.40  2.8351410E-05
   7101.60  3.1530498E-05
   7101.80  3.8022319E-05
   7102.00  5.4891223E-05
   7102.20  1.3488983E-04
   7102.40  6.2753795E-03
   7102.60  7.4918706E-03
   7102.80  1.2132889E-04
   7103.00  5.8696560E-05
   7103.20  5.3169800E-05
   7103.40  1.4052138E-03
   7103.60  5.9970392E-05
   7103.80  1.3202065E-04
   7104.00  3.6438426E-03
   7104.20  9.3298517E-05
   7104.40  5.9194912E-05
   7104.60  8.4292513E-05
   7104.80  5.0743721E-03
   7105.00  1.0281440E-04
   7105.20  5.5175386E-05
   7105.40  5.2796357E-05
   7105.60  7.3520240E-05
   7105.80  6.1612850E-03
   7106.00  8.9611672E-05
   7106.20  7.5834742E-05
   7106.40  9.5915620E-05
   7106.60  1.6867852E-04
   7106.80  7.9357143E-03
   7107.00  8.4952967E-02
   7107.20  6.0759672E-02
   7107.40  1.5718954E-03
   7107.60  1.3968151E-03
   7107.80  2.8620867E-04
   7108.00  5.1744925E-04
   7108.20  4.6756716E-04
   7108.40  2.6435418E-02
   7108.60  1.0868190E-03
   7108.80  2.4142179E-03
   7109.00  1.1728226E-03
   7109.20  5.5521059E-03
   7109.40  8.5746330E-04
   7109.60  1.3386236E-02
   7109.80  2.0578530E-03
   7110.00  9.7974033E-04
   7110.20  1.4244876E-03
   7110.40  1.1122167E-03
   7110.60  3.8154240E-03
   7110.80  1.8332433E-03
   7111.00  3.9629990E-03
   7111.20  1.5038136E-02
   7111.40  2.4044720E-02
   7111.60  4.4938379E-02
   7111.80  1.8857326E-02
   7112.00  1.5484051E-02
   7112.20  1.9414498E-02
   7112.40  2.2327053E-02
   7112.60  2.7087893E-02
   7112.80  2.4914801E-02
   7113.00  1.7830014E-02
   7113.20  1.4290424E-02
   7113.40  1.3659592E-02
   7113.60  1.5680140E-02
   7113.80  2.1788006E-02
   7114.00  3.3768368E-02
   7114.20  4.2873060E-02
   7114.40  4.5338647E-02
   7114.60  4.3565832E-02
   7114.80  3.2432166E-02
   7115.00  2.3569791E-02
   7115.20  1.9300610E-02
   7115.40  1.8179006E-02
   7115.60  1.9765479E-02
   7115.80  2.3823209E-02
   7116.00  2.8166567E-02
   7116.20  2.7768772E-02
   7116.40  2.3574744E-02
   7116.60  1.9454745E-02
   7116.80  1.5693124E-02
   7117.00  1.2897432E-02
   7117.20  1.0820735E-02
   7117.40  9.3713610E-03
   7117.60  8.3881298E-03
   7117.80  7.7412388E-03
   7118.00  7.3440361E-03
   7118.20  7.1295168E-03
   7118.40  7.0282657E-03
   7118.60  6.9792999E-03
   7118.80  6.9665861E-03
   7119.00  7.0223122E-03
   7119.20  7.1582481E-03
   7119.40  7.2416564E-03
   7119.60  7.1009764E-03
   7119.80  6.8215455E-03
   7120.00  6.5814139E-03
   7120.20  6.4524747E-03
   7120.40  6.4313362E-03
   7120.60  6.4986310E-03
   7120.80  6.6407859E-03
   7121.00  6.8404945E-03
   7121.20  7.0646990E-03
   7121.40  7.2674754E-03
   7121.60  7.3985639E-03
   7121.80  7.4244600E-03
   7122.00  7.3508606E-03
   7122.20  7.2267208E-03
   7122.40  7.1267770E-03
   7122.60  7.1260140E-03
   7122.80  7.2701298E-03
   7123.00  7.5643482E-03
   7123.20  8.0107613E-03
   7123.40  8.5724969E-03
   7123.60  9.2625551E-03
   7123.80  1.0089278E-02
   7124.00  1.1065543E-02
   7124.20  1.2206170E-02
   7124.40  1.3524135E-02
   7124.60  1.5024527E-02
   7124.80  1.6694741E-02
   7125.00  1.8493015E-02
   7125.20  2.0340471E-02
   7125.40  2.2131957E-02
   7125.60  2.3769749E-02
   7125.80  2.5202586E-02
   7126.00  2.6445006E-02
   7126.20  2.7583513E-02
   7126.40  2.8602335E-02
   7126.60  2.9559228E-02
   7126.80  3.0465489E-02
   7127.00  3.1335073E-02
   7127.20  3.2195834E-02
   7127.40  3.3142183E-02
   7127.60  3.4110933E-02
   7127.80  3.5160942E-02
   7128.00  3.6264354E-02
   7128.20  3.7344744E-02
   7128.40  3.8299502E-02
   7128.60  3.9047389E-02
   7128.80  3.9569904E-02
   7129.00  3.9988521E-02
   7129.20  4.0247830E-02
   7129.40  4.0501671E-02
   7129.60  4.0801217E-02
   7129.80  4.1165120E-02
   7130.00  4.1526654E-02
   7130.20  4.2053416E-02
   7130.40  4.2703477E-02
   7130.60  4.3509666E-02
   7130.80  4.4489774E-02
   7131.00  4.5639277E-02
   7131.20  4.6933729E-02
   7131.40  4.8334733E-02
   7131.60  4.9797243E-02
   7131.80  5.1275112E-02
   7132.00  5.2726404E-02
   7132.20  5.4117756E-02
   7132.40  5.5425520E-02
   7132.60  5.6637779E-02
   7132.80  5.7752473E-02
   7133.00  5.8772058E-02
   7133.20  5.9693640E-02
   7133.40  6.0490681E-02
   7133.60  6.1090935E-02
   7133.80  6.1379725E-02
   7134.00  6.1263216E-02
   7134.20  6.0748628E-02
   7134.40  5.9936713E-02
   7134.60  5.8943660E-02
   7134.80  5.7854150E-02
   7135.00  5.6719488E-02
   7135.20  5.5566770E-02
   7135.40  5.4405674E-02
   7135.60  5.3241974E-02
   7135.80  5.2032420E-02
   7136.00  5.0750422E-02
   7136.20  4.9372733E-02
   7136.40  4.7888660E-02
   7136.60  4.6304590E-02
   7136.80  4.4646583E-02
   7137.00  4.2956170E-02
   7137.20  4.1283595E-02
   7137.40  3.9679988E-02
   7137.60  3.8189446E-02
   7137.80  3.6844491E-02
   7138.00  3.5664720E-02
   7138.20  3.4656865E-02
   7138.40  3.3817065E-02
   7138.60  3.3134284E-02
   7138.80  3.2592662E-02
   7139.00  3.2174405E-02
   7139.20  3.1861945E-02
   7139.40  3.1639931E-02
   7139.60  3.1495670E-02
   7139.80  3.1419525E-02
   7140.00  3.1404568E-02
   7140.20  3.1446536E-02
   7140.40  3.1542877E-02
   7140.60  3.1692144E-02
   7140.80  3.1893340E-02
   7141.00  3.2145210E-02
   7141.20  3.2445243E-02
   7141.40  3.2795610E-02
   7141.60  3.3193003E-02
   7141.80  3.3619990E-02
   7142.00  3.4066395E-02
   7142.20  3.4520138E-02
   7142.40  3.4967408E-02
   7142.60  3.5393573E-02
   7142.80  3.5784869E-02
   7143.00  3.6129081E-02
   7143.20  3.6416680E-02
   7143.40  3.6641392E-02
   7143.60  3.6800034E-02
   7143.80  3.6892402E-02
   7144.00  3.6920779E-02
   7144.20  3.6889701E-02
   7144.40  3.6805014E-02
   7144.60  3.6673359E-02
   7144.80  3.6501561E-02
   7145.00  3.6296342E-02
   7145.20  3.6064067E-02
   7145.40  3.5810498E-02
   7145.60  3.5540966E-02
   7145.80  3.5260220E-02
   7146.00  3.4972598E-02
   7146.20  3.4681987E-02
   7146.40  3.4391941E-02
   7146.60  3.4105842E-02
   7146.80  3.3826846E-02
   7147.00  3.3557881E-02
   7147.20  3.3301752E-02
   7147.40  3.3061136E-02
   7147.60  3.2838627E-02
   7147.80  3.2636578E-02
   7148.00  3.2456595E-02
   7148.20  3.2301031E-02
   7148.40  3.2171941E-02
   7148.60  3.2070560E-02
   7148.80  3.1997876E-02
   7149.00  3.1954942E-02
   7149.20  3.1941943E-02
   7149.40  3.1958992E-02
   7149.60  3.2005868E-02
   7149.80  3.2077913E-02
   7150.00  3.2183926E-02
   7150.20  3.2316682E-02
   7150.40  3.2474472E-02
   7150.60  3.2658455E-02
   7150.80  3.2860943E-02
   7151.00  3.3081434E-02
   7151.20  3.3317305E-02
   7151.40  3.3565728E-02
   7151.60  3.3823983E-02
   7151.80  3.4089326E-02
   7152.00  3.4359041E-02
   7152.20  3.4630759E-02
   7152.40  3.4902102E-02
   7152.60  3.5171009E-02
   7152.80  3.5435619E-02
   7153.00  3.5693730E-02
   7153.20  3.5943372E-02
   7153.40  3.6182739E-02
   7153.60  3.6410134E-02
   7153.80  3.6624052E-02
   7154.00  3.6823337E-02
   7154.20  3.7006644E-02
   7154.40  3.7173042E-02
   7154.60  3.7321964E-02
   7154.80  3.7453144E-02
   7155.00  3.7566749E-02
   7155.20  3.7663613E-02
   7155.40  3.7743713E-02
   7155.60  3.7807429E-02
   7155.80  3.7855798E-02
   7156.00  3.7889706E-02
   7156.20  3.7910220E-02
   7156.40  3.7918513E-02
   7156.60  3.7915339E-02
   7156.80  3.7901856E-02
   7157.00  3.7879216E-02
   7157.20  3.7848564E-02
   7157.40  3.7810767E-02
   7157.60  3.7766691E-02
   7157.80  3.7717222E-02
   7158.00  3.7662987E-02
   7158.20  3.7604656E-02
   7158.40  3.7542776E-02
   7158.60  3.7477831E-02
   7158.80  3.7410233E-02
   7159.00  3.7340461E-02
   7159.20  3.7268788E-02
   7159.40  3.7195332E-02
   7159.60  3.7120229E-02
   7159.80  3.7043593E-02
   7160.00  3.6959968E-02
   7160.20  3.6880695E-02
   7160.40  3.6800014E-02
   7160.60  3.6717959E-02
   7160.80  3.6634321E-02
   7161.00  3.6549055E-02
   7161.20  3.6462078E-02
   7161.40  3.6373038E-02
   7161.60  3.6282124E-02
   7161.80  3.6188606E-02
   7162.00  3.6092151E-02
   7162.20  3.5992370E-02
   7162.40  3.5889213E-02
   7162.60  3.5782114E-02
   7162.80  3.5670243E-02
   7163.00  3.5553054E-02
   7163.20  3.5429135E-02
   7163.40  3.5303477E-02
   7163.60  3.5165404E-02
   7163.80  3.5021605E-02
   7164.00  3.4869669E-02
   7164.20  3.4709212E-02
   7164.40  3.4539989E-02
   7164.60  3.4362393E-02
   7164.80  3.4176080E-02
   7165.00  3.3981078E-02
   7165.20  3.3777734E-02
   7165.40  3.3566525E-02
   7165.60  3.3348096E-02
   7165.80  3.3123617E-02
   7166.00  3.2894358E-02
   7166.20  3.2660487E-02
   7166.40  3.2422959E-02
   7166.60  3.2182781E-02
   7166.80  3.1940866E-02
   7167.00  3.1698210E-02
   7167.20  3.1455703E-02
   7167.40  3.1214753E-02
   7167.60  3.0975574E-02
   7167.80  3.0738724E-02
   7168.00  3.0504800E-02
   7168.20  3.0274311E-02
   7168.40  3.0047730E-02
   7168.60  2.9825598E-02
   7168.80  2.9606204E-02
   7169.00  2.9397761E-02
   7169.20  2.9191642E-02
   7169.40  2.8990619E-02
   7169.60  2.8794838E-02
   7169.80  2.8604445E-02
   7170.00  2.8419626E-02
   7170.20  2.8240411E-02
   7170.40  2.8066898E-02
   7170.60  2.7899241E-02
   7170.80  2.7737663E-02
   7171.00  2.7582677E-02
   7171.20  2.7433887E-02
   7171.40  2.7291505E-02
   7171.60  2.7155989E-02
   7171.80  2.7027382E-02
   7172.00  2.6905668E-02
