  7112.000   26  1  1  1.8181583E-02 -2.2973377E+00 -2.0504464E+00  1  1  7.2660294E+03  0.0000000E+00  0.0000000E+00  2.7687106E+00  1.0000000E+00  0.0000000E+00 = E_edge, Z, n_edge, j_edge, Abs_before_edge, VO_interstitial, E_cut, ninitl, ninit1, Epsii, UnitCell_Volume, Surface_ref, f0_forward, natomsym_f, abs_u_i
    Energy    <xanes>    
   7097.00  2.0715963E-05
   7097.20  2.1026155E-05
   7097.40  2.1430726E-05
   7097.60  2.1968972E-05
   7097.80  2.2705233E-05
   7098.00  2.3752055E-05
   7098.20  2.5320641E-05
   7098.40  2.7848848E-05
   7098.60  3.2378649E-05
   7098.80  4.1954138E-05
   7099.00  6.9122954E-05
   7099.20  2.2339197E-04
   7099.40  2.0715336E-02
   7099.60  1.9644531E-04
   7099.80  3.1714542E-04
   7100.00  3.0601702E-04
   7100.20  6.1864948E-05
   7100.40  4.0004477E-05
   7100.60  3.3840983E-05
   7100.80  3.2943815E-05
   7101.00  2.1398532E-04
   7101.20  1.0766037E-04
   7101.40  3.3521916E-05
   7101.60  3.6106137E-05
   7101.80  4.2740208E-05
   7102.00  5.8934236E-05
   7102.20  1.2053922E-04
   7102.40  4.1830775E-03
   7102.60  1.9843974E-02
   7102.80  8.5099936E-04
   7103.00  3.3456742E-04
   7103.20  9.6270106E-05
   7103.40  1.3731968E-04
   7103.60  1.4845887E-04
   7103.80  1.6037852E-03
   7104.00  7.8245832E-04
   7104.20  3.7469416E-04
   7104.40  1.3188200E-04
   7104.60  4.6434707E-03
   7104.80  3.5855013E-04
   7105.00  4.2718244E-04
   7105.20  9.3110670E-05
   7105.40  8.2592537E-05
   7105.60  1.4460134E-04
   7105.80  8.1874035E-03
   7106.00  3.5772163E-04
   7106.20  1.0925440E-04
   7106.40  1.1499513E-04
   7106.60  1.9830762E-04
   7106.80  7.0063073E-04
   7107.00  2.3453590E-03
   7107.20  8.0422027E-03
   7107.40  1.0819304E-03
   7107.60  2.1712506E-03
   7107.80  1.0531793E-03
   7108.00  4.9138077E-04
   7108.20  6.8508213E-03
   7108.40  3.1748061E-04
   7108.60  1.6831959E-02
   7108.80  2.2854812E-03
   7109.00  6.0905149E-03
   7109.20  1.5339658E-03
   7109.40  1.9014386E-03
   7109.60  2.4435513E-02
   7109.80  1.2082160E-02
   7110.00  1.0213254E-03
   7110.20  1.0546670E-02
   7110.40  7.6330162E-03
   7110.60  2.8000985E-03
   7110.80  7.2938814E-03
   7111.00  1.0265871E-02
   7111.20  1.1307721E-02
   7111.40  2.1217376E-02
   7111.60  2.5660453E-02
   7111.80  2.1054013E-02
   7112.00  1.8047349E-02
   7112.20  1.8222193E-02
   7112.40  1.8127303E-02
   7112.60  2.1436927E-02
   7112.80  2.2724258E-02
   7113.00  1.9997661E-02
   7113.20  1.7383340E-02
   7113.40  1.6877005E-02
   7113.60  1.8836173E-02
   7113.80  2.4405537E-02
   7114.00  3.2463405E-02
   7114.20  3.8215021E-02
   7114.40  4.0100603E-02
   7114.60  3.4481672E-02
   7114.80  2.4533289E-02
   7115.00  1.7440551E-02
   7115.20  1.3606518E-02
   7115.40  1.2084536E-02
   7115.60  1.2404050E-02
   7115.80  1.4920080E-02
   7116.00  1.9665159E-02
   7116.20  2.2151138E-02
   7116.40  1.9986462E-02
   7116.60  1.5890522E-02
   7116.80  1.1808722E-02
   7117.00  8.7801391E-03
   7117.20  6.9631717E-03
   7117.40  5.9336931E-03
   7117.60  5.3522355E-03
   7117.80  5.0468479E-03
   7118.00  4.9802920E-03
   7118.20  5.1930490E-03
   7118.40  5.5708632E-03
   7118.60  5.7535813E-03
   7118.80  5.8941723E-03
   7119.00  6.2977608E-03
   7119.20  6.9676589E-03
   7119.40  7.5215855E-03
   7119.60  7.6342313E-03
   7119.80  7.5861648E-03
   7120.00  7.5226980E-03
   7120.20  7.3593878E-03
   7120.40  7.2519231E-03
   7120.60  7.3811654E-03
   7120.80  7.7869963E-03
   7121.00  8.3213421E-03
   7121.20  8.4883808E-03
   7121.40  8.1990964E-03
   7121.60  7.9787714E-03
   7121.80  8.0802425E-03
   7122.00  8.4668972E-03
   7122.20  9.0177541E-03
   7122.40  9.6161169E-03
   7122.60  1.0292318E-02
   7122.80  1.1352104E-02
   7123.00  1.2102171E-02
   7123.20  1.1715492E-02
   7123.40  1.1493619E-02
   7123.60  1.1874709E-02
   7123.80  1.2715819E-02
   7124.00  1.3914448E-02
   7124.20  1.5370644E-02
   7124.40  1.6901462E-02
   7124.60  1.8265335E-02
   7124.80  1.9245432E-02
   7125.00  1.9739495E-02
   7125.20  1.9872271E-02
   7125.40  1.9969018E-02
   7125.60  2.0341701E-02
   7125.80  2.1112676E-02
   7126.00  2.2280434E-02
   7126.20  2.3537067E-02
   7126.40  2.4812740E-02
   7126.60  2.6062066E-02
   7126.80  2.7323709E-02
   7127.00  2.8611928E-02
   7127.20  2.9945439E-02
   7127.40  3.1277132E-02
   7127.60  3.2645170E-02
   7127.80  3.3978002E-02
   7128.00  3.5209428E-02
   7128.20  3.6269524E-02
   7128.40  3.7167363E-02
   7128.60  3.8073019E-02
   7128.80  3.8994574E-02
   7129.00  4.0037245E-02
   7129.20  4.1086961E-02
   7129.40  4.1935364E-02
   7129.60  4.2474851E-02
   7129.80  4.2749629E-02
   7130.00  4.3197163E-02
   7130.20  4.4012786E-02
   7130.40  4.5338261E-02
   7130.60  4.7181804E-02
   7130.80  4.9420532E-02
   7131.00  5.1794311E-02
   7131.20  5.3900789E-02
   7131.40  5.5252766E-02
   7131.60  5.5480096E-02
   7131.80  5.4598639E-02
   7132.00  5.3039345E-02
   7132.20  5.1407858E-02
   7132.40  5.0127709E-02
   7132.60  4.9357522E-02
   7132.80  4.9062889E-02
   7133.00  4.9127410E-02
   7133.20  4.9435888E-02
   7133.40  4.9919783E-02
   7133.60  5.0560770E-02
   7133.80  5.1350873E-02
   7134.00  5.2225006E-02
   7134.20  5.3027719E-02
   7134.40  5.3574934E-02
   7134.60  5.3755434E-02
   7134.80  5.3553293E-02
   7135.00  5.2997791E-02
   7135.20  5.2127360E-02
   7135.40  5.0993100E-02
   7135.60  4.9675724E-02
   7135.80  4.8286566E-02
   7136.00  4.6943019E-02
   7136.20  4.5732455E-02
   7136.40  4.4696191E-02
   7136.60  4.3836195E-02
   7136.80  4.3131970E-02
   7137.00  4.2553780E-02
   7137.20  4.2067536E-02
   7137.40  4.1637113E-02
   7137.60  4.1225854E-02
   7137.80  4.0816416E-02
   7138.00  4.0371982E-02
   7138.20  3.9877206E-02
   7138.40  3.9334649E-02
   7138.60  3.8761177E-02
   7138.80  3.8184150E-02
   7139.00  3.7635774E-02
   7139.20  3.7147110E-02
   7139.40  3.6743766E-02
   7139.60  3.6444044E-02
   7139.80  3.6259143E-02
   7140.00  3.6194355E-02
   7140.20  3.6250558E-02
   7140.40  3.6425547E-02
   7140.60  3.6714930E-02
   7140.80  3.7112469E-02
   7141.00  3.7609538E-02
   7141.20  3.8194464E-02
   7141.40  3.8851872E-02
   7141.60  3.9560931E-02
   7141.80  4.0295773E-02
   7142.00  4.1025730E-02
   7142.20  4.1716598E-02
   7142.40  4.2333033E-02
   7142.60  4.2841646E-02
   7142.80  4.3213202E-02
   7143.00  4.3425942E-02
   7143.20  4.3467319E-02
   7143.40  4.3334783E-02
   7143.60  4.3035642E-02
   7143.80  4.2586165E-02
   7144.00  4.2009234E-02
   7144.20  4.1334957E-02
   7144.40  4.0631712E-02
   7144.60  3.9880968E-02
   7144.80  3.9105301E-02
   7145.00  3.8324081E-02
   7145.20  3.7553257E-02
   7145.40  3.6805467E-02
   7145.60  3.6090646E-02
   7145.80  3.5416102E-02
   7146.00  3.4787071E-02
   7146.20  3.4206984E-02
   7146.40  3.3677805E-02
   7146.60  3.3200192E-02
   7146.80  3.2773787E-02
   7147.00  3.2397505E-02
   7147.20  3.2069760E-02
   7147.40  3.1788556E-02
   7147.60  3.1551704E-02
   7147.80  3.1356956E-02
   7148.00  3.1202249E-02
   7148.20  3.1085759E-02
   7148.40  3.1005136E-02
   7148.60  3.0958622E-02
   7148.80  3.0944972E-02
   7149.00  3.0961733E-02
   7149.20  3.1009449E-02
   7149.40  3.1080603E-02
   7149.60  3.1185497E-02
   7149.80  3.1316720E-02
   7150.00  3.1472881E-02
   7150.20  3.1652488E-02
   7150.40  3.1855754E-02
   7150.60  3.2077125E-02
   7150.80  3.2315687E-02
   7151.00  3.2568475E-02
   7151.20  3.2832191E-02
   7151.40  3.3103239E-02
   7151.60  3.3380652E-02
   7151.80  3.3658048E-02
   7152.00  3.3931161E-02
   7152.20  3.4196439E-02
   7152.40  3.4450784E-02
   7152.60  3.4691793E-02
   7152.80  3.4917839E-02
   7153.00  3.5127937E-02
   7153.20  3.5321663E-02
   7153.40  3.5499300E-02
   7153.60  3.5661594E-02
   7153.80  3.5809522E-02
   7154.00  3.5944265E-02
   7154.20  3.6066902E-02
   7154.40  3.6178291E-02
   7154.60  3.6278743E-02
   7154.80  3.6368089E-02
   7155.00  3.6445854E-02
   7155.20  3.6511129E-02
   7155.40  3.6562795E-02
   7155.60  3.6599574E-02
   7155.80  3.6619675E-02
   7156.00  3.6621535E-02
   7156.20  3.6603985E-02
   7156.40  3.6566395E-02
   7156.60  3.6508292E-02
   7156.80  3.6429879E-02
   7157.00  3.6331554E-02
   7157.20  3.6214036E-02
   7157.40  3.6078623E-02
   7157.60  3.5926462E-02
   7157.80  3.5758948E-02
   7158.00  3.5577557E-02
   7158.20  3.5383461E-02
   7158.40  3.5177799E-02
   7158.60  3.4961661E-02
   7158.80  3.4736086E-02
   7159.00  3.4502142E-02
   7159.20  3.4261101E-02
   7159.40  3.4013754E-02
   7159.60  3.3756072E-02
   7159.80  3.3500457E-02
   7160.00  3.3242151E-02
   7160.20  3.2983094E-02
   7160.40  3.2724788E-02
   7160.60  3.2468820E-02
   7160.80  3.2216518E-02
   7161.00  3.1969180E-02
   7161.20  3.1728203E-02
   7161.40  3.1494327E-02
   7161.60  3.1268317E-02
   7161.80  3.1050810E-02
   7162.00  3.0842746E-02
   7162.20  3.0642559E-02
   7162.40  3.0452614E-02
   7162.60  3.0272398E-02
   7162.80  3.0102127E-02
   7163.00  2.9944619E-02
   7163.20  2.9796209E-02
   7163.40  2.9653265E-02
   7163.60  2.9518544E-02
   7163.80  2.9391415E-02
   7164.00  2.9271444E-02
   7164.20  2.9158155E-02
   7164.40  2.9051136E-02
   7164.60  2.8949314E-02
   7164.80  2.8852056E-02
   7165.00  2.8758651E-02
   7165.20  2.8668422E-02
   7165.40  2.8580740E-02
   7165.60  2.8495338E-02
   7165.80  2.8411524E-02
   7166.00  2.8328722E-02
   7166.20  2.8246467E-02
   7166.40  2.8164430E-02
   7166.60  2.8082325E-02
   7166.80  2.7999934E-02
   7167.00  2.7917225E-02
   7167.20  2.7834606E-02
   7167.40  2.7751635E-02
   7167.60  2.7668379E-02
   7167.80  2.7580086E-02
   7168.00  2.7496764E-02
   7168.20  2.7414790E-02
   7168.40  2.7331947E-02
   7168.60  2.7249605E-02
   7168.80  2.7168279E-02
   7169.00  2.7088075E-02
   7169.20  2.7008979E-02
   7169.40  2.6931173E-02
   7169.60  2.6854924E-02
   7169.80  2.6780424E-02
   7170.00  2.6707836E-02
   7170.20  2.6637445E-02
   7170.40  2.6569538E-02
   7170.60  2.6504326E-02
   7170.80  2.6442421E-02
   7171.00  2.6383911E-02
   7171.20  2.6329049E-02
   7171.40  2.6278285E-02
   7171.60  2.6231961E-02
   7171.80  2.6190503E-02
   7172.00  2.6154390E-02
