  7112.000   26  1  1  2.9675994E-02 -3.6492632E+00 -2.1786063E+00  1  1  7.2663692E+03  0.0000000E+00  0.0000000E+00  3.6620779E+00  1.0000000E+00  0.0000000E+00 = E_edge, Z, n_edge, j_edge, Abs_before_edge, VO_interstitial, E_cut, ninitl, ninit1, Epsii, UnitCell_Volume, Surface_ref, f0_forward, natomsym_f, abs_u_i
    Energy    <xanes>    
   7097.00  1.9681918E-05
   7097.20  1.9855718E-05
   7097.40  2.0084967E-05
   7097.60  2.0395776E-05
   7097.80  2.0836244E-05
   7098.00  2.1502032E-05
   7098.20  2.2616262E-05
   7098.40  2.4823129E-05
   7098.60  3.0936087E-05
   7098.80  8.3242747E-05
   7099.00  1.2178362E-04
   7099.20  7.1067415E-03
   7099.40  6.3056298E-05
   7099.60  3.3781236E-05
   7099.80  2.8786034E-05
   7100.00  2.8222288E-05
   7100.20  3.0161125E-05
   7100.40  3.6379930E-05
   7100.60  6.0655990E-05
   7100.80  3.2051880E-04
   7101.00  5.6464703E-04
   7101.20  6.8255618E-05
   7101.40  4.5810235E-05
   7101.60  8.8232569E-04
   7101.80  4.6120475E-05
   7102.00  4.2738223E-05
   7102.20  5.9187373E-05
   7102.40  1.4212580E-04
   7102.60  1.0798495E-03
   7102.80  6.4294905E-04
   7103.00  3.7442129E-03
   7103.20  1.7779014E-03
   7103.40  5.4842933E-04
   7103.60  1.0827402E-04
   7103.80  1.8474363E-04
   7104.00  5.0840817E-03
   7104.20  3.3073074E-04
   7104.40  9.3104600E-05
   7104.60  6.4397796E-05
   7104.80  5.9369506E-05
   7105.00  6.4406873E-05
   7105.20  8.6310491E-05
   7105.40  8.9476569E-04
   7105.60  1.5570311E-02
   7105.80  7.8060505E-04
   7106.00  1.1667262E-03
   7106.20  2.2053227E-03
   7106.40  9.8012700E-04
   7106.60  8.2400529E-04
   7106.80  2.3750669E-03
   7107.00  2.5156886E-02
   7107.20  5.6474737E-03
   7107.40  1.0896389E-03
   7107.60  8.0040185E-03
   7107.80  1.4238625E-03
   7108.00  7.3358340E-04
   7108.20  1.0751801E-03
   7108.40  5.8484291E-03
   7108.60  1.7236366E-03
   7108.80  4.4085726E-03
   7109.00  1.6775831E-02
   7109.20  4.2775930E-03
   7109.40  4.0389262E-03
   7109.60  1.8256440E-02
   7109.80  1.1877925E-02
   7110.00  1.6538832E-02
   7110.20  6.3302296E-03
   7110.40  1.8681518E-02
   7110.60  1.2800006E-02
   7110.80  1.1028684E-02
   7111.00  1.4022118E-02
   7111.20  1.5914438E-02
   7111.40  2.0468963E-02
   7111.60  2.3864029E-02
   7111.80  2.0872174E-02
   7112.00  1.9688251E-02
   7112.20  2.0815584E-02
   7112.40  2.6488170E-02
   7112.60  3.5152954E-02
   7112.80  5.1600802E-02
   7113.00  7.7411361E-02
   7113.20  8.4350216E-02
   7113.40  9.3255888E-02
   7113.60  3.6251652E-02
   7113.80  1.4171010E-02
   7114.00  8.1617190E-03
   7114.20  5.6070620E-03
   7114.40  4.1442606E-03
   7114.60  3.3643637E-03
   7114.80  2.8698868E-03
   7115.00  2.5779396E-03
   7115.20  2.5044001E-03
   7115.40  2.9065554E-03
   7115.60  3.8904568E-03
   7115.80  2.6183586E-03
   7116.00  2.0332701E-03
   7116.20  1.9096638E-03
   7116.40  1.9651556E-03
   7116.60  2.1126433E-03
   7116.80  2.1870457E-03
   7117.00  2.1603830E-03
   7117.20  2.2021853E-03
   7117.40  2.3391536E-03
   7117.60  2.5910110E-03
   7117.80  2.8627878E-03
   7118.00  3.2057151E-03
   7118.20  3.6387908E-03
   7118.40  3.7906748E-03
   7118.60  4.0044761E-03
   7118.80  4.4835436E-03
   7119.00  5.3002000E-03
   7119.20  6.2994866E-03
   7119.40  7.3229325E-03
   7119.60  8.1463913E-03
   7119.80  8.2415139E-03
   7120.00  7.7970237E-03
   7120.20  7.3427893E-03
   7120.40  6.7158991E-03
   7120.60  6.0320550E-03
   7120.80  5.6043241E-03
   7121.00  5.4354792E-03
   7121.20  5.4392193E-03
   7121.40  5.5735431E-03
   7121.60  5.8491495E-03
   7121.80  6.3029578E-03
   7122.00  6.9729890E-03
   7122.20  7.9270313E-03
   7122.40  9.2624591E-03
   7122.60  1.0820950E-02
   7122.80  1.2334675E-02
   7123.00  1.3998655E-02
   7123.20  1.5871875E-02
   7123.40  1.7542294E-02
   7123.60  1.8732155E-02
   7123.80  1.9566828E-02
   7124.00  2.0314373E-02
   7124.20  2.1194829E-02
   7124.40  2.2334483E-02
   7124.60  2.3805524E-02
   7124.80  2.5441854E-02
   7125.00  2.7106113E-02
   7125.20  2.8244428E-02
   7125.40  2.8651568E-02
   7125.60  2.8388142E-02
   7125.80  2.7732658E-02
   7126.00  2.6972237E-02
   7126.20  2.6218172E-02
   7126.40  2.5525298E-02
   7126.60  2.4936754E-02
   7126.80  2.4467683E-02
   7127.00  2.4086331E-02
   7127.20  2.3774691E-02
   7127.40  2.3454759E-02
   7127.60  2.3091874E-02
   7127.80  2.2670591E-02
   7128.00  2.2220917E-02
   7128.20  2.1808088E-02
   7128.40  2.1499535E-02
   7128.60  2.1346812E-02
   7128.80  2.1382978E-02
   7129.00  2.1615540E-02
   7129.20  2.2015639E-02
   7129.40  2.2526347E-02
   7129.60  2.3088902E-02
   7129.80  2.3663740E-02
   7130.00  2.4234022E-02
   7130.20  2.4805222E-02
   7130.40  2.5409761E-02
   7130.60  2.6099644E-02
   7130.80  2.6911257E-02
   7131.00  2.7807372E-02
   7131.20  2.8635612E-02
   7131.40  2.9189540E-02
   7131.60  2.9367241E-02
   7131.80  2.9234855E-02
   7132.00  2.8924758E-02
   7132.20  2.8533560E-02
   7132.40  2.8114615E-02
   7132.60  2.7713803E-02
   7132.80  2.7382986E-02
   7133.00  2.7167846E-02
   7133.20  2.7099389E-02
   7133.40  2.7201539E-02
   7133.60  2.7499963E-02
   7133.80  2.8018684E-02
   7134.00  2.8774968E-02
   7134.20  2.9736706E-02
   7134.40  3.0819233E-02
   7134.60  3.1847587E-02
   7134.80  3.2587654E-02
   7135.00  3.2874803E-02
   7135.20  3.2724987E-02
   7135.40  3.2287958E-02
   7135.60  3.1718164E-02
   7135.80  3.1104981E-02
   7136.00  3.0476660E-02
   7136.20  2.9830998E-02
   7136.40  2.9166554E-02
   7136.60  2.8503340E-02
   7136.80  2.7884783E-02
   7137.00  2.7362973E-02
   7137.20  2.6979938E-02
   7137.40  2.6758214E-02
   7137.60  2.6702394E-02
   7137.80  2.6806044E-02
   7138.00  2.7058107E-02
   7138.20  2.7446399E-02
   7138.40  2.7958005E-02
   7138.60  2.8578672E-02
   7138.80  2.9291864E-02
   7139.00  3.0078906E-02
   7139.20  3.0918823E-02
   7139.40  3.1790772E-02
   7139.60  3.2675893E-02
   7139.80  3.3558398E-02
   7140.00  3.4425921E-02
   7140.20  3.5269159E-02
   7140.40  3.6081518E-02
   7140.60  3.6859840E-02
   7140.80  3.7603809E-02
   7141.00  3.8304173E-02
   7141.20  3.8953224E-02
   7141.40  3.9541259E-02
   7141.60  4.0057810E-02
   7141.80  4.0496015E-02
   7142.00  4.0856329E-02
   7142.20  4.1148003E-02
   7142.40  4.1388272E-02
   7142.60  4.1599052E-02
   7142.80  4.1802241E-02
   7143.00  4.2017409E-02
   7143.20  4.2259699E-02
   7143.40  4.2538518E-02
   7143.60  4.2857098E-02
   7143.80  4.3212614E-02
   7144.00  4.3597767E-02
   7144.20  4.4001526E-02
   7144.40  4.4413749E-02
   7144.60  4.4827090E-02
   7144.80  4.5238454E-02
   7145.00  4.5648744E-02
   7145.20  4.6061445E-02
   7145.40  4.6481367E-02
   7145.60  4.6912433E-02
   7145.80  4.7357527E-02
   7146.00  4.7818237E-02
   7146.20  4.8294858E-02
   7146.40  4.8786361E-02
   7146.60  4.9290540E-02
   7146.80  4.9804172E-02
   7147.00  5.0323076E-02
   7147.20  5.0841010E-02
   7147.40  5.1348095E-02
   7147.60  5.1839497E-02
   7147.80  5.2300334E-02
   7148.00  5.2716614E-02
   7148.20  5.3074763E-02
   7148.40  5.3365123E-02
   7148.60  5.3577364E-02
   7148.80  5.3705002E-02
   7149.00  5.3746068E-02
   7149.20  5.3704068E-02
   7149.40  5.3587714E-02
   7149.60  5.3409413E-02
   7149.80  5.3183661E-02
   7150.00  5.2925305E-02
   7150.20  5.2648661E-02
   7150.40  5.2365356E-02
   7150.60  5.2084643E-02
   7150.80  5.1813219E-02
   7151.00  5.1555538E-02
   7151.20  5.1313774E-02
   7151.40  5.1088751E-02
   7151.60  5.0880092E-02
   7151.80  5.0686438E-02
   7152.00  5.0505996E-02
   7152.20  5.0336478E-02
   7152.40  5.0175722E-02
   7152.60  5.0021416E-02
   7152.80  4.9871469E-02
   7153.00  4.9723671E-02
   7153.20  4.9576004E-02
   7153.40  4.9426406E-02
   7153.60  4.9272817E-02
   7153.80  4.9113174E-02
   7154.00  4.8945442E-02
   7154.20  4.8767437E-02
   7154.40  4.8576935E-02
   7154.60  4.8371463E-02
   7154.80  4.8148431E-02
   7155.00  4.7905457E-02
   7155.20  4.7640159E-02
   7155.40  4.7350638E-02
   7155.60  4.7035438E-02
   7155.80  4.6693776E-02
   7156.00  4.6325876E-02
   7156.20  4.5931719E-02
   7156.40  4.5512587E-02
   7156.60  4.5066497E-02
   7156.80  4.4599280E-02
   7157.00  4.4114411E-02
   7157.20  4.3615249E-02
   7157.40  4.3105380E-02
   7157.60  4.2588867E-02
   7157.80  4.2068703E-02
   7158.00  4.1547875E-02
   7158.20  4.1029199E-02
   7158.40  4.0514333E-02
   7158.60  4.0008899E-02
   7158.80  3.9508017E-02
   7159.00  3.9020453E-02
   7159.20  3.8544817E-02
   7159.40  3.8077795E-02
   7159.60  3.7622060E-02
   7159.80  3.7177004E-02
   7160.00  3.6742327E-02
   7160.20  3.6317633E-02
   7160.40  3.5902702E-02
   7160.60  3.5497368E-02
   7160.80  3.5099567E-02
   7161.00  3.4711217E-02
   7161.20  3.4334660E-02
   7161.40  3.3971695E-02
   7161.60  3.3622031E-02
   7161.80  3.3286363E-02
   7162.00  3.2965843E-02
   7162.20  3.2661435E-02
   7162.40  3.2373783E-02
   7162.60  3.2103144E-02
   7162.80  3.1849323E-02
   7163.00  3.1611696E-02
   7163.20  3.1389218E-02
   7163.40  3.1180541E-02
   7163.60  3.0984090E-02
   7163.80  3.0798372E-02
   7164.00  3.0621539E-02
   7164.20  3.0451770E-02
   7164.40  3.0287489E-02
   7164.60  3.0124984E-02
   7164.80  2.9968089E-02
   7165.00  2.9813850E-02
   7165.20  2.9661969E-02
   7165.40  2.9512466E-02
   7165.60  2.9365536E-02
   7165.80  2.9221421E-02
   7166.00  2.9080879E-02
   7166.20  2.8947643E-02
   7166.40  2.8811668E-02
   7166.60  2.8685322E-02
   7166.80  2.8564424E-02
   7167.00  2.8449276E-02
   7167.20  2.8340020E-02
   7167.40  2.8236708E-02
   7167.60  2.8139187E-02
   7167.80  2.8047394E-02
   7168.00  2.7961129E-02
   7168.20  2.7880083E-02
   7168.40  2.7804056E-02
   7168.60  2.7732822E-02
   7168.80  2.7666075E-02
   7169.00  2.7603559E-02
   7169.20  2.7545169E-02
   7169.40  2.7490453E-02
   7169.60  2.7439063E-02
   7169.80  2.7390767E-02
   7170.00  2.7345214E-02
   7170.20  2.7301948E-02
   7170.40  2.7260714E-02
   7170.60  2.7221084E-02
   7170.80  2.7182566E-02
   7171.00  2.7144873E-02
   7171.20  2.7107711E-02
   7171.40  2.7070794E-02
   7171.60  2.7033910E-02
   7171.80  2.6996758E-02
   7172.00  2.6959172E-02
