  7112.000   26  1  1  3.7417945E-02 -2.1671397E+00 -3.5477301E-01  1  1  7.2653208E+03  0.0000000E+00  0.0000000E+00  1.7491537E+00  1.0000000E+00  0.0000000E+00 = E_edge, Z, n_edge, j_edge, Abs_before_edge, VO_interstitial, E_cut, ninitl, ninit1, Epsii, UnitCell_Volume, Surface_ref, f0_forward, natomsym_f, abs_u_i
    Energy    <xanes>    
   7097.00  3.1744252E-05
   7097.20  3.5176783E-05
   7097.40  4.0180335E-05
   7097.60  4.7901391E-05
   7097.80  6.0730234E-05
   7098.00  8.4500606E-05
   7098.20  1.3758715E-04
   7098.40  4.7621311E-04
   7098.60  6.4822687E-03
   7098.80  5.1182694E-02
   7099.00  1.4042005E-03
   7099.20  3.2127684E-04
   7099.40  1.4786047E-04
   7099.60  9.0248399E-05
   7099.80  6.4403234E-05
   7100.00  5.0822217E-05
   7100.20  4.3075879E-05
   7100.40  3.8812183E-05
   7100.60  3.7704423E-05
   7100.80  4.3734105E-05
   7101.00  1.2726486E-04
   7101.20  2.3594497E-04
   7101.40  4.3436281E-05
   7101.60  3.1101308E-05
   7101.80  2.7548052E-05
   7102.00  2.5990992E-05
   7102.20  2.5268047E-05
   7102.40  2.5287525E-05
   7102.60  2.8303988E-05
   7102.80  6.0848850E-04
   7103.00  2.7058481E-05
   7103.20  2.4597787E-05
   7103.40  2.4259844E-05
   7103.60  2.4393976E-05
   7103.80  2.4884009E-05
   7104.00  2.6031072E-05
   7104.20  2.9594461E-05
   7104.40  6.1986598E-05
   7104.60  1.1188998E-04
   7104.80  3.2623286E-05
   7105.00  2.8641274E-05
   7105.20  2.8245195E-05
   7105.40  2.8772376E-05
   7105.60  2.9849746E-05
   7105.80  3.1590467E-05
   7106.00  3.5662429E-05
   7106.20  4.0233159E-05
   7106.40  5.1411155E-05
   7106.60  1.2283042E-04
   7106.80  3.1757660E-03
   7107.00  8.9872676E-05
   7107.20  5.6175722E-05
   7107.40  5.2543781E-05
   7107.60  5.5459382E-05
   7107.80  6.2894987E-05
   7108.00  7.8230248E-05
   7108.20  1.2321799E-04
   7108.40  7.8935190E-04
   7108.60  6.1086509E-04
   7108.80  1.8166413E-04
   7109.00  2.2685382E-04
   7109.20  6.2012400E-04
   7109.40  6.1148666E-03
   7109.60  8.3755824E-03
   7109.80  1.2636291E-03
   7110.00  6.8081242E-02
   7110.20  2.2535997E-02
   7110.40  5.0197453E-02
   7110.60  1.2664070E-02
   7110.80  9.8308847E-03
   7111.00  9.0028815E-03
   7111.20  5.0394268E-03
   7111.40  4.5374156E-03
   7111.60  5.2902735E-03
   7111.80  1.3385011E-02
   7112.00  1.9671426E-02
   7112.20  7.4750812E-03
   7112.40  5.0051823E-03
   7112.60  4.4944801E-03
   7112.80  4.9596306E-03
   7113.00  6.1067557E-03
   7113.20  7.1571818E-03
   7113.40  7.5948269E-03
   7113.60  6.7694220E-03
   7113.80  5.4259646E-03
   7114.00  4.4467012E-03
   7114.20  3.7694412E-03
   7114.40  3.2725428E-03
   7114.60  2.9329637E-03
   7114.80  2.7211218E-03
   7115.00  2.6014507E-03
   7115.20  2.5483329E-03
   7115.40  2.5454051E-03
   7115.60  2.5833929E-03
   7115.80  2.6574617E-03
   7116.00  2.7668156E-03
   7116.20  2.9131038E-03
   7116.40  3.1102747E-03
   7116.60  3.3390733E-03
   7116.80  3.6418684E-03
   7117.00  4.0163535E-03
   7117.20  4.4723069E-03
   7117.40  5.0158828E-03
   7117.60  5.6467926E-03
   7117.80  6.3617344E-03
   7118.00  7.1697253E-03
   7118.20  8.1041326E-03
   7118.40  9.2120572E-03
   7118.60  1.0537779E-02
   7118.80  1.2122613E-02
   7119.00  1.3995468E-02
   7119.20  1.6155320E-02
   7119.40  1.8544610E-02
   7119.60  2.1038034E-02
   7119.80  2.3470747E-02
   7120.00  2.5696647E-02
   7120.20  2.7623191E-02
   7120.40  2.9184974E-02
   7120.60  3.0309021E-02
   7120.80  3.0958102E-02
   7121.00  3.1204392E-02
   7121.20  3.1196834E-02
   7121.40  3.1055215E-02
   7121.60  3.0822723E-02
   7121.80  3.0496608E-02
   7122.00  3.0078394E-02
   7122.20  2.9587627E-02
   7122.40  2.9050829E-02
   7122.60  2.8487437E-02
   7122.80  2.7900096E-02
   7123.00  2.7284441E-02
   7123.20  2.6689177E-02
   7123.40  2.6135635E-02
   7123.60  2.5652627E-02
   7123.80  2.5263397E-02
   7124.00  2.4985030E-02
   7124.20  2.4829510E-02
   7124.40  2.4805066E-02
   7124.60  2.4916924E-02
   7124.80  2.5165604E-02
   7125.00  2.5544538E-02
   7125.20  2.6036931E-02
   7125.40  2.6616105E-02
   7125.60  2.7252466E-02
   7125.80  2.7923777E-02
   7126.00  2.8618026E-02
   7126.20  2.9328425E-02
   7126.40  3.0045669E-02
   7126.60  3.0756571E-02
   7126.80  3.1447178E-02
   7127.00  3.2096399E-02
   7127.20  3.2736404E-02
   7127.40  3.3287713E-02
   7127.60  3.3774815E-02
   7127.80  3.4202694E-02
   7128.00  3.4573932E-02
   7128.20  3.4893401E-02
   7128.40  3.5165911E-02
   7128.60  3.5392539E-02
   7128.80  3.5568457E-02
   7129.00  3.5685620E-02
   7129.20  3.5741774E-02
   7129.40  3.5759046E-02
   7129.60  3.5725728E-02
   7129.80  3.5692682E-02
   7130.00  3.5684891E-02
   7130.20  3.5739236E-02
   7130.40  3.5853675E-02
   7130.60  3.6023305E-02
   7130.80  3.6234228E-02
   7131.00  3.6466977E-02
   7131.20  3.6698489E-02
   7131.40  3.6903575E-02
   7131.60  3.7056484E-02
   7131.80  3.7129660E-02
   7132.00  3.7100993E-02
   7132.20  3.6962115E-02
   7132.40  3.6729991E-02
   7132.60  3.6463134E-02
   7132.80  3.6262548E-02
   7133.00  3.6232444E-02
   7133.20  3.6417556E-02
   7133.40  3.6780547E-02
   7133.60  3.7233741E-02
   7133.80  3.7672965E-02
   7134.00  3.7991173E-02
   7134.20  3.8088134E-02
   7134.40  3.7894357E-02
   7134.60  3.7402603E-02
   7134.80  3.6678065E-02
   7135.00  3.5830487E-02
   7135.20  3.4968957E-02
   7135.40  3.4172238E-02
   7135.60  3.3483907E-02
   7135.80  3.2921081E-02
   7136.00  3.2485041E-02
   7136.20  3.2168906E-02
   7136.40  3.1961992E-02
   7136.60  3.1852191E-02
   7136.80  3.1826789E-02
   7137.00  3.1873488E-02
   7137.20  3.1980397E-02
   7137.40  3.2136218E-02
   7137.60  3.2330983E-02
   7137.80  3.2554365E-02
   7138.00  3.2797470E-02
   7138.20  3.3052352E-02
   7138.40  3.3311663E-02
   7138.60  3.3568814E-02
   7138.80  3.3817982E-02
   7139.00  3.4054104E-02
   7139.20  3.4272498E-02
   7139.40  3.4469315E-02
   7139.60  3.4641411E-02
   7139.80  3.4786396E-02
   7140.00  3.4902765E-02
   7140.20  3.4989656E-02
   7140.40  3.5046981E-02
   7140.60  3.5075678E-02
   7140.80  3.5077669E-02
   7141.00  3.5055695E-02
   7141.20  3.5013271E-02
   7141.40  3.4954609E-02
   7141.60  3.4884263E-02
   7141.80  3.4807096E-02
   7142.00  3.4728003E-02
   7142.20  3.4651508E-02
   7142.40  3.4581693E-02
   7142.60  3.4522108E-02
   7142.80  3.4475643E-02
   7143.00  3.4444197E-02
   7143.20  3.4428930E-02
   7143.40  3.4430329E-02
   7143.60  3.4448306E-02
   7143.80  3.4482215E-02
   7144.00  3.4534181E-02
   7144.20  3.4610146E-02
   7144.40  3.4698218E-02
   7144.60  3.4796848E-02
   7144.80  3.4904560E-02
   7145.00  3.5020015E-02
   7145.20  3.5141708E-02
   7145.40  3.5268250E-02
   7145.60  3.5398286E-02
   7145.80  3.5530661E-02
   7146.00  3.5664423E-02
   7146.20  3.5798278E-02
   7146.40  3.5931341E-02
   7146.60  3.6062754E-02
   7146.80  3.6191632E-02
   7147.00  3.6317237E-02
   7147.20  3.6438954E-02
   7147.40  3.6556261E-02
   7147.60  3.6668752E-02
   7147.80  3.6776192E-02
   7148.00  3.6878183E-02
   7148.20  3.6974404E-02
   7148.40  3.7064706E-02
   7148.60  3.7149074E-02
   7148.80  3.7227633E-02
   7149.00  3.7300545E-02
   7149.20  3.7364810E-02
   7149.40  3.7426626E-02
   7149.60  3.7483352E-02
   7149.80  3.7535389E-02
   7150.00  3.7583251E-02
   7150.20  3.7627253E-02
   7150.40  3.7667765E-02
   7150.60  3.7705659E-02
   7150.80  3.7740583E-02
   7151.00  3.7773533E-02
   7151.20  3.7804702E-02
   7151.40  3.7834723E-02
   7151.60  3.7865032E-02
   7151.80  3.7896252E-02
   7152.00  3.7929138E-02
   7152.20  3.7964729E-02
   7152.40  3.8003826E-02
   7152.60  3.8047498E-02
   7152.80  3.8096897E-02
   7153.00  3.8153212E-02
   7153.20  3.8217709E-02
   7153.40  3.8291398E-02
   7153.60  3.8375187E-02
   7153.80  3.8469823E-02
   7154.00  3.8575697E-02
   7154.20  3.8692755E-02
   7154.40  3.8820472E-02
   7154.60  3.8957815E-02
   7154.80  3.9102868E-02
   7155.00  3.9252986E-02
   7155.20  3.9404876E-02
   7155.40  3.9554796E-02
   7155.60  3.9698709E-02
   7155.80  3.9832461E-02
   7156.00  3.9952114E-02
   7156.20  4.0054088E-02
   7156.40  4.0135637E-02
   7156.60  4.0194741E-02
   7156.80  4.0230310E-02
   7157.00  4.0242292E-02
   7157.20  4.0231248E-02
   7157.40  4.0199521E-02
   7157.60  4.0148324E-02
   7157.80  4.0079274E-02
   7158.00  3.9994563E-02
   7158.20  3.9896504E-02
   7158.40  3.9787059E-02
   7158.60  3.9668799E-02
   7158.80  3.9542810E-02
   7159.00  3.9410406E-02
   7159.20  3.9273001E-02
   7159.40  3.9131088E-02
   7159.60  3.8985392E-02
   7159.80  3.8836528E-02
   7160.00  3.8685461E-02
   7160.20  3.8531720E-02
   7160.40  3.8375560E-02
   7160.60  3.8216857E-02
   7160.80  3.8055557E-02
   7161.00  3.7891470E-02
   7161.20  3.7724546E-02
   7161.40  3.7555254E-02
   7161.60  3.7383384E-02
   7161.80  3.7208436E-02
   7162.00  3.7027247E-02
   7162.20  3.6845699E-02
   7162.40  3.6660763E-02
   7162.60  3.6472485E-02
   7162.80  3.6280689E-02
   7163.00  3.6083856E-02
   7163.20  3.5885684E-02
   7163.40  3.5684086E-02
   7163.60  3.5478723E-02
   7163.80  3.5270255E-02
   7164.00  3.5058400E-02
   7164.20  3.4843510E-02
   7164.40  3.4625421E-02
   7164.60  3.4404168E-02
   7164.80  3.4179876E-02
   7165.00  3.3953151E-02
   7165.20  3.3723483E-02
   7165.40  3.3491001E-02
   7165.60  3.3255725E-02
   7165.80  3.3017740E-02
   7166.00  3.2777208E-02
   7166.20  3.2534265E-02
   7166.40  3.2289017E-02
   7166.60  3.2041770E-02
   7166.80  3.1792705E-02
   7167.00  3.1542535E-02
   7167.20  3.1291337E-02
   7167.40  3.1038962E-02
   7167.60  3.0785610E-02
   7167.80  3.0531603E-02
   7168.00  3.0277238E-02
   7168.20  3.0022883E-02
   7168.40  2.9768810E-02
   7168.60  2.9515341E-02
   7168.80  2.9262798E-02
   7169.00  2.9011566E-02
   7169.20  2.8762227E-02
   7169.40  2.8515385E-02
   7169.60  2.8270959E-02
   7169.80  2.8029196E-02
   7170.00  2.7790468E-02
   7170.20  2.7555289E-02
   7170.40  2.7323910E-02
   7170.60  2.7096682E-02
   7170.80  2.6874008E-02
   7171.00  2.6656299E-02
   7171.20  2.6444089E-02
   7171.40  2.6237966E-02
   7171.60  2.6038165E-02
   7171.80  2.5845187E-02
   7172.00  2.5659527E-02
