  7112.000   26  1  1  1.0703864E-02 -2.4594273E+00 -7.1020435E-01  1  1  7.2653866E+03  0.0000000E+00  0.0000000E+00  2.8244059E+00  1.0000000E+00  0.0000000E+00 = E_edge, Z, n_edge, j_edge, Abs_before_edge, VO_interstitial, E_cut, ninitl, ninit1, Epsii, UnitCell_Volume, Surface_ref, f0_forward, natomsym_f, abs_u_i
    Energy    <xanes>    
   7097.00  3.5223633E-04
   7097.20  9.3175554E-03
   7097.40  2.1817370E-04
   7097.60  1.1202889E-04
   7097.80  1.2736844E-04
   7098.00  3.3109427E-04
   7098.20  1.7490507E-02
   7098.40  4.6033967E-04
   7098.60  1.2384378E-04
   7098.80  6.8225979E-05
   7099.00  4.9280786E-05
   7099.20  4.0673691E-05
   7099.40  3.6231376E-05
   7099.60  3.3989622E-05
   7099.80  3.3460959E-05
   7100.00  3.5739966E-05
   7100.20  5.2309508E-05
   7100.40  6.7660163E-03
   7100.60  5.6024537E-05
   7100.80  3.7625336E-05
   7101.00  3.9334059E-05
   7101.20  1.2072735E-04
   7101.40  1.0190151E-04
   7101.60  5.5719247E-05
   7101.80  3.9682368E-05
   7102.00  4.0953874E-05
   7102.20  4.6680595E-05
   7102.40  5.9976923E-05
   7102.60  9.9711421E-05
   7102.80  4.0091708E-04
   7103.00  5.4602657E-03
   7103.20  7.5547907E-04
   7103.40  1.0342322E-03
   7103.60  1.6641576E-02
   7103.80  1.9694157E-04
   7104.00  2.4294106E-04
   7104.20  7.8149865E-04
   7104.40  1.0130042E-04
   7104.60  1.0268990E-04
   7104.80  1.4424624E-04
   7105.00  3.2771203E-04
   7105.20  1.8713874E-03
   7105.40  1.7110395E-02
   7105.60  4.3449098E-04
   7105.80  2.0195230E-03
   7106.00  1.0853849E-03
   7106.20  2.3349748E-03
   7106.40  6.3965419E-04
   7106.60  2.2197539E-02
   7106.80  1.8893948E-03
   7107.00  4.7924213E-02
   7107.20  2.0231220E-03
   7107.40  4.2033028E-02
   7107.60  9.8425768E-04
   7107.80  1.7222415E-02
   7108.00  1.1215456E-03
   7108.20  9.4339634E-03
   7108.40  9.1524561E-04
   7108.60  5.5326000E-03
   7108.80  6.1313455E-03
   7109.00  1.2609849E-02
   7109.20  3.5809716E-03
   7109.40  6.7957762E-03
   7109.60  3.6549780E-03
   7109.80  6.4131153E-04
   7110.00  1.3348307E-02
   7110.20  6.3648985E-03
   7110.40  4.7217029E-02
   7110.60  1.8575926E-02
   7110.80  1.5923586E-02
   7111.00  6.6286070E-02
   7111.20  5.0442971E-03
   7111.40  7.8564004E-03
   7111.60  1.0320822E-02
   7111.80  2.3161072E-02
   7112.00  2.7052079E-02
   7112.20  1.3607035E-02
   7112.40  1.7385909E-02
   7112.60  1.7467239E-02
   7112.80  9.5993983E-03
   7113.00  5.2632677E-03
   7113.20  5.0044388E-03
   7113.40  2.8865391E-03
   7113.60  1.9166670E-03
   7113.80  1.5338622E-03
   7114.00  1.4492457E-03
   7114.20  2.0474081E-03
   7114.40  9.7293609E-03
   7114.60  9.5215638E-03
   7114.80  3.3957669E-03
   7115.00  1.7628520E-03
   7115.20  1.1549239E-03
   7115.40  9.2754886E-04
   7115.60  7.9943075E-04
   7115.80  7.1622380E-04
   7116.00  6.5569006E-04
   7116.20  6.0978276E-04
   7116.40  5.7707910E-04
   7116.60  5.5820003E-04
   7116.80  5.5357158E-04
   7117.00  5.6262670E-04
   7117.20  5.8289938E-04
   7117.40  6.0872460E-04
   7117.60  6.3372613E-04
   7117.80  6.5923584E-04
   7118.00  6.9365222E-04
   7118.20  7.3899693E-04
   7118.40  7.8488556E-04
   7118.60  8.2020909E-04
   7118.80  8.4788854E-04
   7119.00  8.8225473E-04
   7119.20  9.3771106E-04
   7119.40  1.0227807E-03
   7119.60  1.1401166E-03
   7119.80  1.2887144E-03
   7120.00  1.4662952E-03
   7120.20  1.6714622E-03
   7120.40  1.9046385E-03
   7120.60  2.1664037E-03
   7120.80  2.4519922E-03
   7121.00  2.7424757E-03
   7121.20  3.0030763E-03
   7121.40  3.2069478E-03
   7121.60  3.3673015E-03
   7121.80  3.5295778E-03
   7122.00  3.7373367E-03
   7122.20  4.0053076E-03
   7122.40  4.3746271E-03
   7122.60  4.8472447E-03
   7122.80  5.4350426E-03
   7123.00  6.1554496E-03
   7123.20  7.0289251E-03
   7123.40  8.0748012E-03
   7123.60  9.3054644E-03
   7123.80  1.0730865E-02
   7124.00  1.2393628E-02
   7124.20  1.4365347E-02
   7124.40  1.6659907E-02
   7124.60  1.9285465E-02
   7124.80  2.1868946E-02
   7125.00  2.3807747E-02
   7125.20  2.4236360E-02
   7125.40  2.3433859E-02
   7125.60  2.2639759E-02
   7125.80  2.2390158E-02
   7126.00  2.2658534E-02
   7126.20  2.3814590E-02
   7126.40  2.5756465E-02
   7126.60  2.8223669E-02
   7126.80  3.0553203E-02
   7127.00  3.1983036E-02
   7127.20  3.2576834E-02
   7127.40  3.3024376E-02
   7127.60  3.3894849E-02
   7127.80  3.5231621E-02
   7128.00  3.6971801E-02
   7128.20  3.9067114E-02
   7128.40  4.1704318E-02
   7128.60  4.5303528E-02
   7128.80  5.0331800E-02
   7129.00  5.7049076E-02
   7129.20  6.5215017E-02
   7129.40  7.3857282E-02
   7129.60  8.1463124E-02
   7129.80  8.6719420E-02
   7130.00  8.9184030E-02
   7130.20  8.9113443E-02
   7130.40  8.6722729E-02
   7130.60  8.1896223E-02
   7130.80  7.4940203E-02
   7131.00  6.7379863E-02
   7131.20  6.1120730E-02
   7131.40  5.6913935E-02
   7131.60  5.4151771E-02
   7131.80  5.1819089E-02
   7132.00  4.9372251E-02
   7132.20  4.6930085E-02
   7132.40  4.4848251E-02
   7132.60  4.3342130E-02
   7132.80  4.2478575E-02
   7133.00  4.2309794E-02
   7133.20  4.2771862E-02
   7133.40  4.3619812E-02
   7133.60  4.4592726E-02
   7133.80  4.5554616E-02
   7134.00  4.6486678E-02
   7134.20  4.7430479E-02
   7134.40  4.8461885E-02
   7134.60  4.9684744E-02
   7134.80  5.1127515E-02
   7135.00  5.2734422E-02
   7135.20  5.4456860E-02
   7135.40  5.6206447E-02
   7135.60  5.7787444E-02
   7135.80  5.8948219E-02
   7136.00  5.9501122E-02
   7136.20  5.9409212E-02
   7136.40  5.8781205E-02
   7136.60  5.7802555E-02
   7136.80  5.6658638E-02
   7137.00  5.5491951E-02
   7137.20  5.4390856E-02
   7137.40  5.3399780E-02
   7137.60  5.2532598E-02
   7137.80  5.1784931E-02
   7138.00  5.1143033E-02
   7138.20  5.0588909E-02
   7138.40  5.0104082E-02
   7138.60  4.9670702E-02
   7138.80  4.9272082E-02
   7139.00  4.8893535E-02
   7139.20  4.8520378E-02
   7139.40  4.8141119E-02
   7139.60  4.7746169E-02
   7139.80  4.7328677E-02
   7140.00  4.6884510E-02
   7140.20  4.6412262E-02
   7140.40  4.5912878E-02
   7140.60  4.5389089E-02
   7140.80  4.4845050E-02
   7141.00  4.4285518E-02
   7141.20  4.3715510E-02
   7141.40  4.3139907E-02
   7141.60  4.2563389E-02
   7141.80  4.1990634E-02
   7142.00  4.1414171E-02
   7142.20  4.0862034E-02
   7142.40  4.0326371E-02
   7142.60  3.9811351E-02
   7142.80  3.9321495E-02
   7143.00  3.8861556E-02
   7143.20  3.8436324E-02
   7143.40  3.8050429E-02
   7143.60  3.7707823E-02
   7143.80  3.7411151E-02
   7144.00  3.7160952E-02
   7144.20  3.6955170E-02
   7144.40  3.6788575E-02
   7144.60  3.6652946E-02
   7144.80  3.6537794E-02
   7145.00  3.6431806E-02
   7145.20  3.6324420E-02
   7145.40  3.6207121E-02
   7145.60  3.6074387E-02
   7145.80  3.5918369E-02
   7146.00  3.5745528E-02
   7146.20  3.5557991E-02
   7146.40  3.5358068E-02
   7146.60  3.5148303E-02
   7146.80  3.4931107E-02
   7147.00  3.4705721E-02
   7147.20  3.4478700E-02
   7147.40  3.4248180E-02
   7147.60  3.4014595E-02
   7147.80  3.3778242E-02
   7148.00  3.3540135E-02
   7148.20  3.3299887E-02
   7148.40  3.3057285E-02
   7148.60  3.2809428E-02
   7148.80  3.2561485E-02
   7149.00  3.2311177E-02
   7149.20  3.2058838E-02
   7149.40  3.1804458E-02
   7149.60  3.1547794E-02
   7149.80  3.1288780E-02
   7150.00  3.1027246E-02
   7150.20  3.0762552E-02
   7150.40  3.0494173E-02
   7150.60  3.0221643E-02
   7150.80  2.9944368E-02
   7151.00  2.9661447E-02
   7151.20  2.9372213E-02
   7151.40  2.9076019E-02
   7151.60  2.8772563E-02
   7151.80  2.8461356E-02
   7152.00  2.8142197E-02
   7152.20  2.7815234E-02
   7152.40  2.7481022E-02
   7152.60  2.7140662E-02
   7152.80  2.6795825E-02
   7153.00  2.6448237E-02
   7153.20  2.6099938E-02
   7153.40  2.5753001E-02
   7153.60  2.5411720E-02
   7153.80  2.5079253E-02
   7154.00  2.4760178E-02
   7154.20  2.4454607E-02
   7154.40  2.4165562E-02
   7154.60  2.3894431E-02
   7154.80  2.3641779E-02
   7155.00  2.3407179E-02
   7155.20  2.3189299E-02
   7155.40  2.2994271E-02
   7155.60  2.2803770E-02
   7155.80  2.2620618E-02
   7156.00  2.2440269E-02
   7156.20  2.2257826E-02
   7156.40  2.2068334E-02
   7156.60  2.1866954E-02
   7156.80  2.1649397E-02
   7157.00  2.1412399E-02
   7157.20  2.1164294E-02
   7157.40  2.0881836E-02
   7157.60  2.0576056E-02
   7157.80  2.0248307E-02
   7158.00  1.9900969E-02
   7158.20  1.9537852E-02
   7158.40  1.9161983E-02
   7158.60  1.8778292E-02
   7158.80  1.8391538E-02
   7159.00  1.8006291E-02
   7159.20  1.7626630E-02
   7159.40  1.7256519E-02
   7159.60  1.6899500E-02
   7159.80  1.6558667E-02
   7160.00  1.6236673E-02
   7160.20  1.5935730E-02
   7160.40  1.5654829E-02
   7160.60  1.5402744E-02
   7160.80  1.5175213E-02
   7161.00  1.4976088E-02
   7161.20  1.4804910E-02
   7161.40  1.4661541E-02
   7161.60  1.4547346E-02
   7161.80  1.4462667E-02
   7162.00  1.4407318E-02
   7162.20  1.4381361E-02
   7162.40  1.4385449E-02
   7162.60  1.4419513E-02
   7162.80  1.4483148E-02
   7163.00  1.4576224E-02
   7163.20  1.4698623E-02
   7163.40  1.4849860E-02
   7163.60  1.5029209E-02
   7163.80  1.5235944E-02
   7164.00  1.5469212E-02
   7164.20  1.5726413E-02
   7164.40  1.6010203E-02
   7164.60  1.6315988E-02
   7164.80  1.6642683E-02
   7165.00  1.6988481E-02
   7165.20  1.7351449E-02
   7165.40  1.7734507E-02
   7165.60  1.8126258E-02
   7165.80  1.8528679E-02
   7166.00  1.8939783E-02
   7166.20  1.9357438E-02
   7166.40  1.9779533E-02
   7166.60  2.0204023E-02
   7166.80  2.0628873E-02
   7167.00  2.1052165E-02
   7167.20  2.1472133E-02
   7167.40  2.1887223E-02
   7167.60  2.2295739E-02
   7167.80  2.2696312E-02
   7168.00  2.3087735E-02
   7168.20  2.3468818E-02
   7168.40  2.3838442E-02
   7168.60  2.4195824E-02
   7168.80  2.4540618E-02
   7169.00  2.4872461E-02
   7169.20  2.5191027E-02
   7169.40  2.5496198E-02
   7169.60  2.5787965E-02
   7169.80  2.6066428E-02
   7170.00  2.6331868E-02
   7170.20  2.6584717E-02
   7170.40  2.6825442E-02
   7170.60  2.7054802E-02
   7170.80  2.7273531E-02
   7171.00  2.7482251E-02
   7171.20  2.7681812E-02
   7171.40  2.7872980E-02
   7171.60  2.8056506E-02
   7171.80  2.8233674E-02
   7172.00  2.8405447E-02
