  7112.000   26  1  1  9.6493922E-03 -1.6414274E+00 -4.5984551E-01  1  1  7.2650342E+03  0.0000000E+00  0.0000000E+00  2.6360555E+00  1.0000000E+00  0.0000000E+00 = E_edge, Z, n_edge, j_edge, Abs_before_edge, VO_interstitial, E_cut, ninitl, ninit1, Epsii, UnitCell_Volume, Surface_ref, f0_forward, natomsym_f, abs_u_i
    Energy    <xanes>    
   7097.00  3.7178990E-04
   7097.20  9.9183814E-05
   7097.40  5.8049299E-05
   7097.60  4.3342251E-05
   7097.80  3.6140279E-05
   7098.00  3.2000235E-05
   7098.20  2.9385789E-05
   7098.40  2.7634039E-05
   7098.60  2.6416080E-05
   7098.80  2.5553967E-05
   7099.00  2.4943337E-05
   7099.20  2.4520599E-05
   7099.40  2.4248340E-05
   7099.60  2.4103291E-05
   7099.80  2.4075385E-05
   7100.00  2.4164979E-05
   7100.20  2.4385098E-05
   7100.40  2.4767640E-05
   7100.60  2.5378763E-05
   7100.80  2.6360635E-05
   7101.00  2.8059936E-05
   7101.20  3.1543922E-05
   7101.40  4.1941511E-05
   7101.60  1.5886601E-04
   7101.80  1.9043600E-03
   7102.00  1.4202606E-04
   7102.20  5.3922669E-05
   7102.40  7.1177021E-05
   7102.60  2.4308452E-04
   7102.80  1.1347582E-02
   7103.00  1.3469495E-04
   7103.20  6.7547120E-05
   7103.40  7.3001421E-05
   7103.60  4.5898323E-04
   7103.80  2.1638729E-04
   7104.00  8.4969828E-05
   7104.20  5.3647316E-05
   7104.40  5.6334528E-05
   7104.60  7.2719038E-05
   7104.80  4.4525339E-04
   7105.00  2.3171453E-04
   7105.20  8.0201223E-03
   7105.40  1.3663434E-03
   7105.60  1.3229389E-03
   7105.80  2.0023929E-04
   7106.00  2.6350254E-04
   7106.20  1.2358361E-03
   7106.40  9.3638957E-03
   7106.60  5.0375416E-04
   7106.80  2.3336929E-04
   7107.00  2.8399646E-04
   7107.20  4.7740867E-03
   7107.40  5.6104140E-04
   7107.60  2.7436516E-02
   7107.80  1.6826028E-03
   7108.00  1.0485366E-02
   7108.20  2.2874511E-03
   7108.40  2.0425938E-01
   7108.60  9.8573128E-03
   7108.80  1.3501057E-02
   7109.00  4.7886885E-04
   7109.20  8.7704437E-03
   7109.40  9.6507275E-04
   7109.60  7.4588855E-03
   7109.80  1.3728819E-03
   7110.00  2.5712709E-03
   7110.20  5.5422595E-02
   7110.40  2.4860198E-02
   7110.60  9.9977538E-02
   7110.80  4.7041953E-02
   7111.00  2.0409715E-02
   7111.20  4.5041795E-03
   7111.40  1.6845637E-02
   7111.60  4.6378305E-02
   7111.80  4.0476654E-03
   7112.00  3.1520622E-03
   7112.20  5.5355210E-03
   7112.40  1.1326512E-02
   7112.60  1.1653934E-02
   7112.80  1.0062502E-02
   7113.00  1.1323863E-02
   7113.20  5.5506227E-03
   7113.40  2.8338766E-03
   7113.60  4.6881741E-03
   7113.80  1.1485049E-02
   7114.00  8.8227495E-03
   7114.20  5.6500806E-03
   7114.40  3.5760151E-03
   7114.60  1.3297575E-03
   7114.80  9.1466278E-04
   7115.00  7.2696009E-04
   7115.20  6.1949592E-04
   7115.40  5.3546694E-04
   7115.60  5.0028800E-04
   7115.80  4.8363300E-04
   7116.00  4.8409435E-04
   7116.20  5.0366777E-04
   7116.40  5.4773133E-04
   7116.60  6.2605317E-04
   7116.80  7.5248839E-04
   7117.00  9.3644223E-04
   7117.20  1.1519637E-03
   7117.40  1.3067839E-03
   7117.60  1.3247591E-03
   7117.80  1.2477696E-03
   7118.00  1.1461442E-03
   7118.20  1.0568365E-03
   7118.40  9.9637895E-04
   7118.60  9.6982471E-04
   7118.80  9.7490979E-04
   7119.00  1.0074567E-03
   7119.20  1.0662029E-03
   7119.40  1.1553871E-03
   7119.60  1.2857599E-03
   7119.80  1.4752752E-03
   7120.00  1.7523083E-03
   7120.20  2.1641411E-03
   7120.40  2.7949528E-03
   7120.60  3.8037115E-03
   7120.80  5.5059200E-03
   7121.00  8.5383626E-03
   7121.20  1.4030728E-02
   7121.40  2.2561953E-02
   7121.60  2.8961307E-02
   7121.80  2.6201325E-02
   7122.00  1.9959127E-02
   7122.20  1.5422027E-02
   7122.40  1.2880635E-02
   7122.60  1.1704574E-02
   7122.80  1.1478642E-02
   7123.00  1.1914053E-02
   7123.20  1.2820217E-02
   7123.40  1.4004549E-02
   7123.60  1.5310203E-02
   7123.80  1.6657155E-02
   7124.00  1.8063517E-02
   7124.20  1.9595247E-02
   7124.40  2.1358901E-02
   7124.60  2.3425522E-02
   7124.80  2.6130333E-02
   7125.00  2.8962372E-02
   7125.20  3.2070877E-02
   7125.40  3.5110248E-02
   7125.60  3.7620322E-02
   7125.80  3.9273333E-02
   7126.00  4.0149172E-02
   7126.20  4.0642480E-02
   7126.40  4.1213631E-02
   7126.60  4.2209401E-02
   7126.80  4.3740309E-02
   7127.00  4.5505009E-02
   7127.20  4.6778612E-02
   7127.40  4.6951632E-02
   7127.60  4.6354412E-02
   7127.80  4.5905767E-02
   7128.00  4.5833937E-02
   7128.20  4.6222338E-02
   7128.40  4.7208551E-02
   7128.60  4.8997345E-02
   7128.80  5.1766043E-02
   7129.00  5.5544574E-02
   7129.20  6.0158956E-02
   7129.40  6.5198973E-02
   7129.60  7.0032645E-02
   7129.80  7.4010951E-02
   7130.00  7.6770694E-02
   7130.20  7.8330811E-02
   7130.40  7.8910563E-02
   7130.60  7.8692227E-02
   7130.80  7.7740012E-02
   7131.00  7.6080239E-02
   7131.20  7.3816979E-02
   7131.40  7.1156989E-02
   7131.60  6.8340438E-02
   7131.80  6.5560352E-02
   7132.00  6.2913800E-02
   7132.20  6.0494350E-02
   7132.40  5.8335810E-02
   7132.60  5.6439708E-02
   7132.80  5.4783510E-02
   7133.00  5.3327597E-02
   7133.20  5.2019022E-02
   7133.40  5.0794108E-02
   7133.60  4.9597413E-02
   7133.80  4.8428615E-02
   7134.00  4.7367948E-02
   7134.20  4.6507479E-02
   7134.40  4.5866035E-02
   7134.60  4.5402001E-02
   7134.80  4.5059569E-02
   7135.00  4.4791683E-02
   7135.20  4.4569538E-02
   7135.40  4.4374967E-02
   7135.60  4.4192848E-02
   7135.80  4.4009531E-02
   7136.00  4.3813315E-02
   7136.20  4.3594022E-02
   7136.40  4.3343254E-02
   7136.60  4.3055052E-02
   7136.80  4.2725264E-02
   7137.00  4.2352272E-02
   7137.20  4.1936577E-02
   7137.40  4.1480311E-02
   7137.60  4.0988319E-02
   7137.80  4.0467475E-02
   7138.00  3.9921591E-02
   7138.20  3.9355503E-02
   7138.40  3.8774293E-02
   7138.60  3.8182463E-02
   7138.80  3.7583994E-02
   7139.00  3.6964827E-02
   7139.20  3.6363383E-02
   7139.40  3.5765146E-02
   7139.60  3.5173258E-02
   7139.80  3.4591227E-02
   7140.00  3.4022851E-02
   7140.20  3.3473039E-02
   7140.40  3.2947660E-02
   7140.60  3.2453625E-02
   7140.80  3.1998480E-02
   7141.00  3.1589527E-02
   7141.20  3.1232663E-02
   7141.40  3.0930792E-02
   7141.60  3.0683079E-02
   7141.80  3.0485024E-02
   7142.00  3.0329647E-02
   7142.20  3.0209080E-02
   7142.40  3.0116166E-02
   7142.60  3.0045320E-02
   7142.80  2.9992877E-02
   7143.00  2.9956922E-02
   7143.20  2.9936717E-02
   7143.40  2.9932014E-02
   7143.60  2.9942422E-02
   7143.80  2.9966938E-02
   7144.00  2.9993615E-02
   7144.20  3.0020157E-02
   7144.40  3.0053141E-02
   7144.60  3.0089950E-02
   7144.80  3.0127804E-02
   7145.00  3.0164044E-02
   7145.20  3.0196070E-02
   7145.40  3.0221316E-02
   7145.60  3.0237904E-02
   7145.80  3.0243185E-02
   7146.00  3.0234414E-02
   7146.20  3.0209364E-02
   7146.40  3.0165833E-02
   7146.60  3.0102787E-02
   7146.80  3.0019484E-02
   7147.00  2.9916372E-02
   7147.20  2.9794494E-02
   7147.40  2.9655457E-02
   7147.60  2.9509527E-02
   7147.80  2.9342958E-02
   7148.00  2.9166444E-02
   7148.20  2.8982474E-02
   7148.40  2.8793586E-02
   7148.60  2.8602084E-02
   7148.80  2.8409991E-02
   7149.00  2.8219374E-02
   7149.20  2.8032192E-02
   7149.40  2.7850527E-02
   7149.60  2.7675650E-02
   7149.80  2.7508667E-02
   7150.00  2.7349991E-02
   7150.20  2.7199031E-02
   7150.40  2.7053973E-02
   7150.60  2.6911382E-02
   7150.80  2.6766564E-02
   7151.00  2.6613922E-02
   7151.20  2.6447451E-02
   7151.40  2.6261240E-02
   7151.60  2.6050900E-02
   7151.80  2.5813354E-02
   7152.00  2.5547425E-02
   7152.20  2.5253617E-02
   7152.40  2.4933812E-02
   7152.60  2.4582106E-02
   7152.80  2.4210521E-02
   7153.00  2.3827551E-02
   7153.20  2.3433108E-02
   7153.40  2.3038310E-02
   7153.60  2.2638272E-02
   7153.80  2.2240779E-02
   7154.00  2.1847138E-02
   7154.20  2.1460120E-02
   7154.40  2.1082174E-02
   7154.60  2.0715223E-02
   7154.80  2.0360632E-02
   7155.00  2.0022624E-02
   7155.20  1.9696022E-02
   7155.40  1.9386433E-02
   7155.60  1.9091009E-02
   7155.80  1.8811845E-02
   7156.00  1.8549374E-02
   7156.20  1.8304258E-02
   7156.40  1.8076740E-02
   7156.60  1.7867359E-02
   7156.80  1.7676769E-02
   7157.00  1.7505748E-02
   7157.20  1.7355195E-02
   7157.40  1.7226381E-02
   7157.60  1.7121605E-02
   7157.80  1.7041405E-02
   7158.00  1.6986166E-02
   7158.20  1.6957289E-02
   7158.40  1.6955018E-02
   7158.60  1.6980681E-02
   7158.80  1.7035961E-02
   7159.00  1.7120655E-02
   7159.20  1.7234817E-02
   7159.40  1.7378469E-02
   7159.60  1.7551222E-02
   7159.80  1.7752581E-02
   7160.00  1.7981841E-02
   7160.20  1.8237839E-02
   7160.40  1.8519122E-02
   7160.60  1.8824083E-02
   7160.80  1.9150872E-02
   7161.00  1.9497296E-02
   7161.20  1.9860918E-02
   7161.40  2.0238761E-02
   7161.60  2.0627336E-02
   7161.80  2.1024320E-02
   7162.00  2.1427967E-02
   7162.20  2.1833676E-02
   7162.40  2.2237835E-02
   7162.60  2.2633472E-02
   7162.80  2.3019701E-02
   7163.00  2.3394740E-02
   7163.20  2.3756467E-02
   7163.40  2.4102745E-02
   7163.60  2.4438148E-02
   7163.80  2.4752240E-02
   7164.00  2.5050364E-02
   7164.20  2.5332881E-02
   7164.40  2.5600690E-02
   7164.60  2.5855041E-02
   7164.80  2.6097095E-02
   7165.00  2.6328118E-02
   7165.20  2.6549120E-02
   7165.40  2.6761202E-02
   7165.60  2.6965095E-02
   7165.80  2.7161304E-02
   7166.00  2.7350027E-02
   7166.20  2.7531209E-02
   7166.40  2.7704583E-02
   7166.60  2.7869700E-02
   7166.80  2.8026124E-02
   7167.00  2.8173158E-02
   7167.20  2.8310318E-02
   7167.40  2.8436921E-02
   7167.60  2.8552193E-02
   7167.80  2.8655725E-02
   7168.00  2.8747077E-02
   7168.20  2.8826466E-02
   7168.40  2.8893941E-02
   7168.60  2.8949779E-02
   7168.80  2.8994689E-02
   7169.00  2.9029147E-02
   7169.20  2.9054010E-02
   7169.40  2.9070275E-02
   7169.60  2.9079062E-02
   7169.80  2.9081580E-02
   7170.00  2.9079105E-02
   7170.20  2.9072973E-02
   7170.40  2.9064580E-02
   7170.60  2.9055263E-02
   7170.80  2.9046499E-02
   7171.00  2.9039785E-02
   7171.20  2.9035991E-02
   7171.40  2.9036339E-02
   7171.60  2.9041835E-02
   7171.80  2.9053555E-02
   7172.00  2.9072331E-02
