  7112.000   26  1  1  8.0745267E-03 -2.7910070E+00 -2.4369830E+00  1  1  7.2663257E+03  0.0000000E+00  0.0000000E+00  1.6194336E+00  1.0000000E+00  0.0000000E+00 = E_edge, Z, n_edge, j_edge, Abs_before_edge, VO_interstitial, E_cut, ninitl, ninit1, Epsii, UnitCell_Volume, Surface_ref, f0_forward, natomsym_f, abs_u_i
    Energy    <xanes>    
   7097.00  1.9431424E-05
   7097.20  1.9482756E-05
   7097.40  1.9547518E-05
   7097.60  1.9626520E-05
   7097.80  1.9721548E-05
   7098.00  1.9835631E-05
   7098.20  1.9974269E-05
   7098.40  2.0149778E-05
   7098.60  2.0402795E-05
   7098.80  2.1005475E-05
   7099.00  6.7096473E-05
   7099.20  2.1834758E-05
   7099.40  2.1488097E-05
   7099.60  2.1785021E-05
   7099.80  2.2256340E-05
   7100.00  2.2889964E-05
   7100.20  2.3741974E-05
   7100.40  2.4929907E-05
   7100.60  2.6687391E-05
   7100.80  2.9528076E-05
   7101.00  3.4803045E-05
   7101.20  4.7389792E-05
   7101.40  1.0488231E-04
   7101.60  1.5842627E-03
   7101.80  2.3717564E-03
   7102.00  2.6726137E-04
   7102.20  8.6284494E-05
   7102.40  8.6077049E-05
   7102.60  3.4962513E-04
   7102.80  6.0772671E-04
   7103.00  1.1839747E-04
   7103.20  5.7811621E-05
   7103.40  5.6067967E-05
   7103.60  1.0993627E-04
   7103.80  5.6127268E-03
   7104.00  8.6148363E-05
   7104.20  5.0165998E-05
   7104.40  4.5768915E-05
   7104.60  5.0037153E-05
   7104.80  7.0211259E-05
   7105.00  2.8745878E-04
   7105.20  3.5631157E-04
   7105.40  1.3488519E-04
   7105.60  1.7231163E-03
   7105.80  6.7556537E-03
   7106.00  1.1626595E-04
   7106.20  1.8383414E-03
   7106.40  1.3261986E-04
   7106.60  2.7418536E-04
   7106.80  8.7060671E-03
   7107.00  2.5142808E-02
   7107.20  1.1297180E-03
   7107.40  1.9587223E-04
   7107.60  1.5676568E-04
   7107.80  2.0216619E-04
   7108.00  1.9882140E-04
   7108.20  4.0324143E-04
   7108.40  7.3237292E-03
   7108.60  1.7525850E-02
   7108.80  4.0318075E-02
   7109.00  4.3539952E-03
   7109.20  2.7354336E-03
   7109.40  1.2270808E-03
   7109.60  3.5402736E-02
   7109.80  3.4448134E-03
   7110.00  5.8203248E-03
   7110.20  9.3769502E-03
   7110.40  9.9390098E-03
   7110.60  7.1274854E-03
   7110.80  3.9678426E-03
   7111.00  5.3260638E-03
   7111.20  9.0771959E-03
   7111.40  8.4124633E-03
   7111.60  4.6786803E-03
   7111.80  4.8805871E-03
   7112.00  7.5174619E-03
   7112.20  1.2416466E-02
   7112.40  2.3650306E-02
   7112.60  4.2909972E-02
   7112.80  4.4559965E-02
   7113.00  4.8348049E-02
   7113.20  6.5132043E-02
   7113.40  7.9054412E-02
   7113.60  1.0183932E-01
   7113.80  7.3725949E-02
   7114.00  4.4775462E-02
   7114.20  3.3623379E-02
   7114.40  2.4708212E-02
   7114.60  1.8675434E-02
   7114.80  1.5119983E-02
   7115.00  1.2900805E-02
   7115.20  1.1422849E-02
   7115.40  1.0393720E-02
   7115.60  9.6756731E-03
   7115.80  9.2081425E-03
   7116.00  8.9149991E-03
   7116.20  9.0116834E-03
   7116.40  9.5410061E-03
   7116.60  1.0644931E-02
   7116.80  1.2113941E-02
   7117.00  1.3063341E-02
   7117.20  1.3055125E-02
   7117.40  1.2500205E-02
   7117.60  1.1585055E-02
   7117.80  1.0393927E-02
   7118.00  9.1944201E-03
   7118.20  8.2374231E-03
   7118.40  7.6097254E-03
   7118.60  7.2592357E-03
   7118.80  7.0777735E-03
   7119.00  6.9713171E-03
   7119.20  6.8861915E-03
   7119.40  6.8070306E-03
   7119.60  6.7413545E-03
   7119.80  6.6754800E-03
   7120.00  6.5457436E-03
   7120.20  6.3117862E-03
   7120.40  6.0489828E-03
   7120.60  5.8741520E-03
   7120.80  5.7960762E-03
   7121.00  5.7395207E-03
   7121.20  5.6942201E-03
   7121.40  5.7181796E-03
   7121.60  5.8209352E-03
   7121.80  5.9681759E-03
   7122.00  6.1294956E-03
   7122.20  6.2891517E-03
   7122.40  6.4416392E-03
   7122.60  6.5842226E-03
   7122.80  6.7191717E-03
   7123.00  6.8510551E-03
   7123.20  6.9858987E-03
   7123.40  7.1304358E-03
   7123.60  7.2915675E-03
   7123.80  7.4759589E-03
   7124.00  7.6897262E-03
   7124.20  7.9382260E-03
   7124.40  8.2258915E-03
   7124.60  8.5563309E-03
   7124.80  8.9334031E-03
   7125.00  9.3641999E-03
   7125.20  9.8645955E-03
   7125.40  1.0465105E-02
   7125.60  1.1209492E-02
   7125.80  1.2135830E-02
   7126.00  1.3285016E-02
   7126.20  1.4561403E-02
   7126.40  1.5994795E-02
   7126.60  1.7394509E-02
   7126.80  1.8812392E-02
   7127.00  2.0200193E-02
   7127.20  2.1446288E-02
   7127.40  2.2477377E-02
   7127.60  2.3331358E-02
   7127.80  2.4101437E-02
   7128.00  2.4843035E-02
   7128.20  2.5561126E-02
   7128.40  2.6348686E-02
   7128.60  2.7106374E-02
   7128.80  2.8002791E-02
   7129.00  2.9196558E-02
   7129.20  3.0741226E-02
   7129.40  3.2794050E-02
   7129.60  3.5226147E-02
   7129.80  3.7902106E-02
   7130.00  4.0646510E-02
   7130.20  4.3300560E-02
   7130.40  4.5776400E-02
   7130.60  4.8075997E-02
   7130.80  5.0262045E-02
   7131.00  5.2409547E-02
   7131.20  5.4573745E-02
   7131.40  5.6789788E-02
   7131.60  5.9073530E-02
   7131.80  6.1446076E-02
   7132.00  6.3928597E-02
   7132.20  6.6536238E-02
   7132.40  6.9271777E-02
   7132.60  7.2083642E-02
   7132.80  7.4866274E-02
   7133.00  7.7449064E-02
   7133.20  7.9604861E-02
   7133.40  8.1088028E-02
   7133.60  8.1691089E-02
   7133.80  8.1301799E-02
   7134.00  7.9928714E-02
   7134.20  7.7690436E-02
   7134.40  7.4775191E-02
   7134.60  7.1395052E-02
   7134.80  6.7749725E-02
   7135.00  6.4006732E-02
   7135.20  6.0293689E-02
   7135.40  5.6700092E-02
   7135.60  5.3283055E-02
   7135.80  5.0074758E-02
   7136.00  4.7089440E-02
   7136.20  4.4330007E-02
   7136.40  4.1792208E-02
   7136.60  3.9468869E-02
   7136.80  3.7352334E-02
   7137.00  3.5437105E-02
   7137.20  3.3719404E-02
   7137.40  3.2198543E-02
   7137.60  3.0875765E-02
   7137.80  2.9753304E-02
   7138.00  2.8831802E-02
   7138.20  2.8109003E-02
   7138.40  2.7578971E-02
   7138.60  2.7228510E-02
   7138.80  2.7029781E-02
   7139.00  2.6957266E-02
   7139.20  2.6983108E-02
   7139.40  2.7080534E-02
   7139.60  2.7226546E-02
   7139.80  2.7403841E-02
   7140.00  2.7601051E-02
   7140.20  2.7812129E-02
   7140.40  2.8035229E-02
   7140.60  2.8271332E-02
   7140.80  2.8523026E-02
   7141.00  2.8793536E-02
   7141.20  2.9086044E-02
   7141.40  2.9403079E-02
   7141.60  2.9746526E-02
   7141.80  3.0117476E-02
   7142.00  3.0515987E-02
   7142.20  3.0940982E-02
   7142.40  3.1390626E-02
   7142.60  3.1861815E-02
   7142.80  3.2350645E-02
   7143.00  3.2852433E-02
   7143.20  3.3361497E-02
   7143.40  3.3871702E-02
   7143.60  3.4376724E-02
   7143.80  3.4869904E-02
   7144.00  3.5344950E-02
   7144.20  3.5796160E-02
   7144.40  3.6218347E-02
   7144.60  3.6607311E-02
   7144.80  3.6960069E-02
   7145.00  3.7274535E-02
   7145.20  3.7549902E-02
   7145.40  3.7787520E-02
   7145.60  3.7987484E-02
   7145.80  3.8151211E-02
   7146.00  3.8280522E-02
   7146.20  3.8377576E-02
   7146.40  3.8444807E-02
   7146.60  3.8484541E-02
   7146.80  3.8499161E-02
   7147.00  3.8490945E-02
   7147.20  3.8462065E-02
   7147.40  3.8414454E-02
   7147.60  3.8349865E-02
   7147.80  3.8269931E-02
   7148.00  3.8176160E-02
   7148.20  3.8069917E-02
   7148.40  3.7952558E-02
   7148.60  3.7825375E-02
   7148.80  3.7689746E-02
   7149.00  3.7547015E-02
   7149.20  3.7398563E-02
   7149.40  3.7240715E-02
   7149.60  3.7085079E-02
   7149.80  3.6927888E-02
   7150.00  3.6770601E-02
   7150.20  3.6615086E-02
   7150.40  3.6462683E-02
   7150.60  3.6314910E-02
   7150.80  3.6173450E-02
   7151.00  3.6040048E-02
   7151.20  3.5915980E-02
   7151.40  3.5802802E-02
   7151.60  3.5702026E-02
   7151.80  3.5615300E-02
   7152.00  3.5543792E-02
   7152.20  3.5488887E-02
   7152.40  3.5451870E-02
   7152.60  3.5434070E-02
   7152.80  3.5436627E-02
   7153.00  3.5460490E-02
   7153.20  3.5506073E-02
   7153.40  3.5573278E-02
   7153.60  3.5661705E-02
   7153.80  3.5770686E-02
   7154.00  3.5898694E-02
   7154.20  3.6044008E-02
   7154.40  3.6204446E-02
   7154.60  3.6377432E-02
   7154.80  3.6560169E-02
   7155.00  3.6749753E-02
   7155.20  3.6943067E-02
   7155.40  3.7137002E-02
   7155.60  3.7328658E-02
   7155.80  3.7515029E-02
   7156.00  3.7693540E-02
   7156.20  3.7861884E-02
   7156.40  3.8018165E-02
   7156.60  3.8160780E-02
   7156.80  3.8288458E-02
   7157.00  3.8400325E-02
   7157.20  3.8495899E-02
   7157.40  3.8574944E-02
   7157.60  3.8637439E-02
   7157.80  3.8683628E-02
   7158.00  3.8714035E-02
   7158.20  3.8729310E-02
   7158.40  3.8729843E-02
   7158.60  3.8716273E-02
   7158.80  3.8689247E-02
   7159.00  3.8649384E-02
   7159.20  3.8597270E-02
   7159.40  3.8533434E-02
   7159.60  3.8458346E-02
   7159.80  3.8372573E-02
   7160.00  3.8276465E-02
   7160.20  3.8169362E-02
   7160.40  3.8053811E-02
   7160.60  3.7929308E-02
   7160.80  3.7794466E-02
   7161.00  3.7649523E-02
   7161.20  3.7497248E-02
   7161.40  3.7335644E-02
   7161.60  3.7169637E-02
   7161.80  3.6993146E-02
   7162.00  3.6806714E-02
   7162.20  3.6612641E-02
   7162.40  3.6411281E-02
   7162.60  3.6203014E-02
   7162.80  3.5988243E-02
   7163.00  3.5767409E-02
   7163.20  3.5540974E-02
   7163.40  3.5309899E-02
   7163.60  3.5074211E-02
   7163.80  3.4834400E-02
   7164.00  3.4591098E-02
   7164.20  3.4345735E-02
   7164.40  3.4097645E-02
   7164.60  3.3847262E-02
   7164.80  3.3594985E-02
   7165.00  3.3341596E-02
   7165.20  3.3087580E-02
   7165.40  3.2832824E-02
   7165.60  3.2577664E-02
   7165.80  3.2322423E-02
   7166.00  3.2067753E-02
   7166.20  3.1814433E-02
   7166.40  3.1561923E-02
   7166.60  3.1310995E-02
   7166.80  3.1061465E-02
   7167.00  3.0813605E-02
   7167.20  3.0567775E-02
   7167.40  3.0324874E-02
   7167.60  3.0084573E-02
   7167.80  2.9847124E-02
   7168.00  2.9612821E-02
   7168.20  2.9381585E-02
   7168.40  2.9152993E-02
   7168.60  2.8931663E-02
   7168.80  2.8715572E-02
   7169.00  2.8505922E-02
   7169.20  2.8300956E-02
   7169.40  2.8102138E-02
   7169.60  2.7909591E-02
   7169.80  2.7723694E-02
   7170.00  2.7544862E-02
   7170.20  2.7373657E-02
   7170.40  2.7210554E-02
   7170.60  2.7055353E-02
   7170.80  2.6908234E-02
   7171.00  2.6769448E-02
   7171.20  2.6639042E-02
   7171.40  2.6516974E-02
   7171.60  2.6403184E-02
   7171.80  2.6297594E-02
   7172.00  2.6200129E-02
