  7112.000   26  1  1  1.5924135E-02 -2.8178069E+00 -1.9352960E+00  1  1  7.2659529E+03  0.0000000E+00  0.0000000E+00  2.0377254E+00  1.0000000E+00  0.0000000E+00 = E_edge, Z, n_edge, j_edge, Abs_before_edge, VO_interstitial, E_cut, ninitl, ninit1, Epsii, UnitCell_Volume, Surface_ref, f0_forward, natomsym_f, abs_u_i
    Energy    <xanes>    
   7097.00  3.8668087E-05
   7097.20  3.0291288E-05
   7097.40  2.6568020E-05
   7097.60  2.4608373E-05
   7097.80  2.3479679E-05
   7098.00  2.2805631E-05
   7098.20  2.2413160E-05
   7098.40  2.2216973E-05
   7098.60  2.2176665E-05
   7098.80  2.2279432E-05
   7099.00  2.2537598E-05
   7099.20  2.2991855E-05
   7099.40  2.3731623E-05
   7099.60  2.4949107E-05
   7099.80  2.7090330E-05
   7100.00  3.1368994E-05
   7100.20  4.2131200E-05
   7100.40  8.6170651E-05
   7100.60  1.2657041E-03
   7100.80  2.3225873E-04
   7101.00  6.4673024E-05
   7101.20  6.8036710E-05
   7101.40  2.8493594E-04
   7101.60  4.4039623E-05
   7101.80  4.2796146E-05
   7102.00  7.7880165E-05
   7102.20  3.7008208E-03
   7102.40  1.0032594E-02
   7102.60  7.5225759E-05
   7102.80  4.2664511E-05
   7103.00  5.7543754E-05
   7103.20  5.1895321E-05
   7103.40  1.5111310E-03
   7103.60  9.7368777E-05
   7103.80  6.1702980E-05
   7104.00  4.1149642E-05
   7104.20  5.3760192E-05
   7104.40  1.2164611E-03
   7104.60  5.5239479E-05
   7104.80  6.2606712E-05
   7105.00  5.5963390E-04
   7105.20  7.0195440E-03
   7105.40  8.6135728E-03
   7105.60  1.4108325E-04
   7105.80  3.3409388E-04
   7106.00  2.3108954E-04
   7106.20  2.2656638E-04
   7106.40  1.4810482E-03
   7106.60  1.5895943E-03
   7106.80  4.2055919E-04
   7107.00  2.9815993E-02
   7107.20  4.4170438E-03
   7107.40  1.4265609E-03
   7107.60  1.3162472E-03
   7107.80  7.9371446E-04
   7108.00  1.1595865E-02
   7108.20  1.0040721E-03
   7108.40  5.1131927E-04
   7108.60  3.9604663E-03
   7108.80  5.2285006E-02
   7109.00  3.7405581E-03
   7109.20  2.8117183E-02
   7109.40  7.8715760E-03
   7109.60  4.9269451E-02
   7109.80  1.1481798E-02
   7110.00  8.0289846E-03
   7110.20  1.1643198E-02
   7110.40  1.1843809E-02
   7110.60  9.5511014E-03
   7110.80  1.1636973E-02
   7111.00  2.7331356E-02
   7111.20  1.9336399E-02
   7111.40  1.7548535E-02
   7111.60  3.0418949E-02
   7111.80  2.1372919E-02
   7112.00  1.8493667E-02
   7112.20  5.3274850E-02
   7112.40  3.8019536E-02
   7112.60  3.0473288E-02
   7112.80  1.8152525E-02
   7113.00  1.4855776E-02
   7113.20  2.1222503E-02
   7113.40  2.1907967E-02
   7113.60  1.6584754E-02
   7113.80  1.1520544E-02
   7114.00  7.5934846E-03
   7114.20  5.8712272E-03
   7114.40  5.2176771E-03
   7114.60  5.0993578E-03
   7114.80  5.3879474E-03
   7115.00  6.1540029E-03
   7115.20  7.6652114E-03
   7115.40  1.0555302E-02
   7115.60  1.5736353E-02
   7115.80  2.3244063E-02
   7116.00  2.7491463E-02
   7116.20  2.4591191E-02
   7116.40  2.1136440E-02
   7116.60  2.0587254E-02
   7116.80  2.2211544E-02
   7117.00  2.3461997E-02
   7117.20  2.2769598E-02
   7117.40  2.1070055E-02
   7117.60  1.9311343E-02
   7117.80  1.7707067E-02
   7118.00  1.6312383E-02
   7118.20  1.5132443E-02
   7118.40  1.4110642E-02
   7118.60  1.3167521E-02
   7118.80  1.2239543E-02
   7119.00  1.1313675E-02
   7119.20  1.0413658E-02
   7119.40  9.5615559E-03
   7119.60  8.7664159E-03
   7119.80  8.0362813E-03
   7120.00  7.3868891E-03
   7120.20  6.8344396E-03
   7120.40  6.3845855E-03
   7120.60  6.0331526E-03
   7120.80  5.7675113E-03
   7121.00  5.5662647E-03
   7121.20  5.4186929E-03
   7121.40  5.3422036E-03
   7121.60  5.3581371E-03
   7121.80  5.4576727E-03
   7122.00  5.6172865E-03
   7122.20  5.8235747E-03
   7122.40  6.0758348E-03
   7122.60  6.3815645E-03
   7122.80  6.7571026E-03
   7123.00  7.2348736E-03
   7123.20  7.8257056E-03
   7123.40  8.5432073E-03
   7123.60  9.4276377E-03
   7123.80  1.0502452E-02
   7124.00  1.1777167E-02
   7124.20  1.3265991E-02
   7124.40  1.4947401E-02
   7124.60  1.6726643E-02
   7124.80  1.8374940E-02
   7125.00  1.9528457E-02
   7125.20  1.9897079E-02
   7125.40  1.9608636E-02
   7125.60  1.9167139E-02
   7125.80  1.8970905E-02
   7126.00  1.9074782E-02
   7126.20  1.9341395E-02
   7126.40  1.9642980E-02
   7126.60  1.9924542E-02
   7126.80  2.0184982E-02
   7127.00  2.0439213E-02
   7127.20  2.0728433E-02
   7127.40  2.1049870E-02
   7127.60  2.1482178E-02
   7127.80  2.2097543E-02
   7128.00  2.2875593E-02
   7128.20  2.3826417E-02
   7128.40  2.4948246E-02
   7128.60  2.6141663E-02
   7128.80  2.7286605E-02
   7129.00  2.8375516E-02
   7129.20  2.9394318E-02
   7129.40  3.0242901E-02
   7129.60  3.1227207E-02
   7129.80  3.2274162E-02
   7130.00  3.3421754E-02
   7130.20  3.4692060E-02
   7130.40  3.6094095E-02
   7130.60  3.7624167E-02
   7130.80  3.9261896E-02
   7131.00  4.0961307E-02
   7131.20  4.2645143E-02
   7131.40  4.4205253E-02
   7131.60  4.5519346E-02
   7131.80  4.6483777E-02
   7132.00  4.7049993E-02
   7132.20  4.7248995E-02
   7132.40  4.7187714E-02
   7132.60  4.7022460E-02
   7132.80  4.6924913E-02
   7133.00  4.7053066E-02
   7133.20  4.7531359E-02
   7133.40  4.8432915E-02
   7133.60  4.9751492E-02
   7133.80  5.1378875E-02
   7134.00  5.3168076E-02
   7134.20  5.5056339E-02
   7134.40  5.7003161E-02
   7134.60  5.8829463E-02
   7134.80  6.0282073E-02
   7135.00  6.1194536E-02
   7135.20  6.1549010E-02
   7135.40  6.1434395E-02
   7135.60  6.0973746E-02
   7135.80  6.0274515E-02
   7136.00  5.9408596E-02
   7136.20  5.8413436E-02
   7136.40  5.7302027E-02
   7136.60  5.6074736E-02
   7136.80  5.4729811E-02
   7137.00  5.3272359E-02
   7137.20  5.1718420E-02
   7137.40  5.0096591E-02
   7137.60  4.8444609E-02
   7137.80  4.6805677E-02
   7138.00  4.5221891E-02
   7138.20  4.3730535E-02
   7138.40  4.2360898E-02
   7138.60  4.1133027E-02
   7138.80  4.0058771E-02
   7139.00  3.9142328E-02
   7139.20  3.8381616E-02
   7139.40  3.7770036E-02
   7139.60  3.7298962E-02
   7139.80  3.6962817E-02
   7140.00  3.6738167E-02
   7140.20  3.6612862E-02
   7140.40  3.6574893E-02
   7140.60  3.6612894E-02
   7140.80  3.6716420E-02
   7141.00  3.6875956E-02
   7141.20  3.7082905E-02
   7141.40  3.7329538E-02
   7141.60  3.7608563E-02
   7141.80  3.7913149E-02
   7142.00  3.8236719E-02
   7142.20  3.8572822E-02
   7142.40  3.8914926E-02
   7142.60  3.9256683E-02
   7142.80  3.9591685E-02
   7143.00  3.9913679E-02
   7143.20  4.0216509E-02
   7143.40  4.0494467E-02
   7143.60  4.0742360E-02
   7143.80  4.0955723E-02
   7144.00  4.1130889E-02
   7144.20  4.1265149E-02
   7144.40  4.1356944E-02
   7144.60  4.1405580E-02
   7144.80  4.1411595E-02
   7145.00  4.1376606E-02
   7145.20  4.1303088E-02
   7145.40  4.1194178E-02
   7145.60  4.1053574E-02
   7145.80  4.0885362E-02
   7146.00  4.0693559E-02
   7146.20  4.0482224E-02
   7146.40  4.0255104E-02
   7146.60  4.0015687E-02
   7146.80  3.9773180E-02
   7147.00  3.9530514E-02
   7147.20  3.9282226E-02
   7147.40  3.9029936E-02
   7147.60  3.8774903E-02
   7147.80  3.8518182E-02
   7148.00  3.8260615E-02
   7148.20  3.8002829E-02
   7148.40  3.7745338E-02
   7148.60  3.7488553E-02
   7148.80  3.7232381E-02
   7149.00  3.6978136E-02
   7149.20  3.6725779E-02
   7149.40  3.6475888E-02
   7149.60  3.6225059E-02
   7149.80  3.5981314E-02
   7150.00  3.5741272E-02
   7150.20  3.5505599E-02
   7150.40  3.5274486E-02
   7150.60  3.5049099E-02
   7150.80  3.4826885E-02
   7151.00  3.4614749E-02
   7151.20  3.4411315E-02
   7151.40  3.4212135E-02
   7151.60  3.4027916E-02
   7151.80  3.3854904E-02
   7152.00  3.3694028E-02
   7152.20  3.3546377E-02
   7152.40  3.3412981E-02
   7152.60  3.3295085E-02
   7152.80  3.3191824E-02
   7153.00  3.3106519E-02
   7153.20  3.3038067E-02
   7153.40  3.2988467E-02
   7153.60  3.2953312E-02
   7153.80  3.2933709E-02
   7154.00  3.2928120E-02
   7154.20  3.2934686E-02
   7154.40  3.2951154E-02
   7154.60  3.2975014E-02
   7154.80  3.3004299E-02
   7155.00  3.3035268E-02
   7155.20  3.3064862E-02
   7155.40  3.3090582E-02
   7155.60  3.3110467E-02
   7155.80  3.3123248E-02
   7156.00  3.3128291E-02
   7156.20  3.3125753E-02
   7156.40  3.3116684E-02
   7156.60  3.3102313E-02
   7156.80  3.3084396E-02
   7157.00  3.3064878E-02
   7157.20  3.3045710E-02
   7157.40  3.3028695E-02
   7157.60  3.3015405E-02
   7157.80  3.3006900E-02
   7158.00  3.3004070E-02
   7158.20  3.3007086E-02
   7158.40  3.3015871E-02
   7158.60  3.3029892E-02
   7158.80  3.3048386E-02
   7159.00  3.3070359E-02
   7159.20  3.3094630E-02
   7159.40  3.3119923E-02
   7159.60  3.3144946E-02
   7159.80  3.3168528E-02
   7160.00  3.3189299E-02
   7160.20  3.3206075E-02
   7160.40  3.3217838E-02
   7160.60  3.3223915E-02
   7160.80  3.3223761E-02
   7161.00  3.3216647E-02
   7161.20  3.3199378E-02
   7161.40  3.3177510E-02
   7161.60  3.3148271E-02
   7161.80  3.3111975E-02
   7162.00  3.3068634E-02
   7162.20  3.3022745E-02
   7162.40  3.2965958E-02
   7162.60  3.2903028E-02
   7162.80  3.2834217E-02
   7163.00  3.2760748E-02
   7163.20  3.2680962E-02
   7163.40  3.2595999E-02
   7163.60  3.2505631E-02
   7163.80  3.2410536E-02
   7164.00  3.2310373E-02
   7164.20  3.2204831E-02
   7164.40  3.2093951E-02
   7164.60  3.1976865E-02
   7164.80  3.1854342E-02
   7165.00  3.1725624E-02
   7165.20  3.1590661E-02
   7165.40  3.1449516E-02
   7165.60  3.1302338E-02
   7165.80  3.1149893E-02
   7166.00  3.0992187E-02
   7166.20  3.0829533E-02
   7166.40  3.0662555E-02
   7166.60  3.0492080E-02
   7166.80  3.0318437E-02
   7167.00  3.0142789E-02
   7167.20  2.9965575E-02
   7167.40  2.9787245E-02
   7167.60  2.9608497E-02
   7167.80  2.9429923E-02
   7168.00  2.9251999E-02
   7168.20  2.9072824E-02
   7168.40  2.8898109E-02
   7168.60  2.8725499E-02
   7168.80  2.8552424E-02
   7169.00  2.8386122E-02
   7169.20  2.8221496E-02
   7169.40  2.8060081E-02
   7169.60  2.7902015E-02
   7169.80  2.7747635E-02
   7170.00  2.7597555E-02
   7170.20  2.7452080E-02
   7170.40  2.7311494E-02
   7170.60  2.7176258E-02
   7170.80  2.7046852E-02
   7171.00  2.6923823E-02
   7171.20  2.6807799E-02
   7171.40  2.6699316E-02
   7171.60  2.6598902E-02
   7171.80  2.6507177E-02
   7172.00  2.6424611E-02
