  7112.000   26  1  1  2.8775016E-02 -3.2657646E+00 -2.4179346E+00  1  1  7.2671837E+03  0.0000000E+00  0.0000000E+00  2.5070422E+00  1.0000000E+00  0.0000000E+00 = E_edge, Z, n_edge, j_edge, Abs_before_edge, VO_interstitial, E_cut, ninitl, ninit1, Epsii, UnitCell_Volume, Surface_ref, f0_forward, natomsym_f, abs_u_i
    Energy    <xanes>    
   7097.00  2.2273114E-05
   7097.20  2.3219744E-05
   7097.40  2.4608623E-05
   7097.60  2.6783951E-05
   7097.80  3.0533572E-05
   7098.00  3.8019596E-05
   7098.20  5.7162063E-05
   7098.40  1.3887165E-04
   7098.60  3.1178031E-03
   7098.80  3.2716531E-04
   7099.00  8.3112332E-05
   7099.20  5.1992933E-05
   7099.40  4.6031173E-05
   7099.60  5.1207191E-05
   7099.80  7.8098878E-05
   7100.00  4.5647608E-04
   7100.20  4.2734357E-04
   7100.40  1.5655658E-02
   7100.60  2.0086247E-04
   7100.80  1.3474445E-04
   7101.00  1.8125351E-04
   7101.20  5.2093409E-05
   7101.40  4.7716752E-05
   7101.60  1.7529614E-04
   7101.80  4.9786922E-05
   7102.00  1.1976547E-04
   7102.20  6.9556213E-04
   7102.40  1.2136262E-04
   7102.60  7.3789360E-05
   7102.80  2.0604301E-04
   7103.00  1.6873093E-02
   7103.20  1.3933714E-04
   7103.40  9.0178943E-04
   7103.60  1.6990711E-04
   7103.80  6.9885646E-05
   7104.00  5.5012917E-04
   7104.20  1.1255625E-04
   7104.40  1.2081728E-04
   7104.60  1.0310904E-04
   7104.80  1.9062625E-04
   7105.00  1.7696292E-03
   7105.20  8.1622868E-04
   7105.40  5.4272806E-03
   7105.60  4.0873800E-02
   7105.80  4.5781336E-04
   7106.00  1.7541839E-04
   7106.20  1.2285633E-04
   7106.40  1.2252873E-04
   7106.60  4.2340029E-04
   7106.80  2.3288948E-04
   7107.00  2.9954548E-03
   7107.20  1.9057320E-03
   7107.40  1.2516212E-03
   7107.60  7.6890294E-03
   7107.80  3.8679245E-03
   7108.00  3.4804624E-03
   7108.20  2.3598761E-02
   7108.40  7.3035614E-03
   7108.60  4.1031488E-03
   7108.80  1.2241663E-02
   7109.00  3.0799990E-03
   7109.20  2.2954596E-02
   7109.40  1.2507692E-02
   7109.60  4.2680903E-03
   7109.80  1.3004643E-02
   7110.00  4.7533754E-02
   7110.20  4.2170512E-02
   7110.40  2.7075350E-02
   7110.60  1.5675382E-02
   7110.80  1.3539755E-02
   7111.00  1.6454859E-02
   7111.20  2.9903873E-02
   7111.40  3.9680378E-02
   7111.60  2.5205011E-02
   7111.80  2.4213465E-02
   7112.00  5.1757710E-03
   7112.20  3.8583426E-03
   7112.40  9.1687640E-03
   7112.60  2.8095588E-02
   7112.80  4.0620317E-02
   7113.00  3.2755652E-02
   7113.20  1.8441103E-02
   7113.40  1.0355003E-02
   7113.60  6.6468700E-03
   7113.80  4.7895753E-03
   7114.00  3.7953553E-03
   7114.20  3.2966265E-03
   7114.40  3.1923229E-03
   7114.60  3.5962403E-03
   7114.80  4.3847336E-03
   7115.00  3.2229104E-03
   7115.20  2.3785470E-03
   7115.40  2.0427221E-03
   7115.60  1.8930516E-03
   7115.80  1.8269935E-03
   7116.00  1.8082077E-03
   7116.20  1.8220204E-03
   7116.40  1.8627261E-03
   7116.60  1.9295511E-03
   7116.80  2.0256742E-03
   7117.00  2.1587519E-03
   7117.20  2.3424298E-03
   7117.40  2.5828614E-03
   7117.60  2.9457370E-03
   7117.80  3.4407492E-03
   7118.00  4.0525601E-03
   7118.20  4.7207555E-03
   7118.40  5.3476451E-03
   7118.60  5.7420228E-03
   7118.80  5.8380371E-03
   7119.00  5.7737955E-03
   7119.20  5.6281249E-03
   7119.40  5.4782380E-03
   7119.60  5.4319561E-03
   7119.80  5.5282033E-03
   7120.00  5.7099554E-03
   7120.20  5.8649021E-03
   7120.40  5.9463765E-03
   7120.60  5.9548569E-03
   7120.80  5.9204826E-03
   7121.00  5.9178389E-03
   7121.20  5.9967762E-03
   7121.40  6.1711834E-03
   7121.60  6.4419898E-03
   7121.80  6.8087996E-03
   7122.00  7.2660725E-03
   7122.20  7.8036220E-03
   7122.40  8.4104726E-03
   7122.60  9.0744488E-03
   7122.80  9.7868511E-03
   7123.00  1.0555548E-02
   7123.20  1.1405947E-02
   7123.40  1.2372552E-02
   7123.60  1.3497836E-02
   7123.80  1.4837188E-02
   7124.00  1.6456581E-02
   7124.20  1.8412131E-02
   7124.40  2.0706429E-02
   7124.60  2.3222219E-02
   7124.80  2.5690548E-02
   7125.00  2.7850270E-02
   7125.20  2.9421044E-02
   7125.40  3.0416975E-02
   7125.60  3.0923308E-02
   7125.80  3.1043408E-02
   7126.00  3.0842755E-02
   7126.20  3.0350104E-02
   7126.40  2.9586535E-02
   7126.60  2.8595722E-02
   7126.80  2.7432068E-02
   7127.00  2.6238255E-02
   7127.20  2.5078382E-02
   7127.40  2.4033404E-02
   7127.60  2.3139271E-02
   7127.80  2.2408872E-02
   7128.00  2.1850587E-02
   7128.20  2.1459986E-02
   7128.40  2.1227040E-02
   7128.60  2.1137282E-02
   7128.80  2.1170583E-02
   7129.00  2.1301285E-02
   7129.20  2.1499312E-02
   7129.40  2.1733739E-02
   7129.60  2.1978407E-02
   7129.80  2.2219667E-02
   7130.00  2.2462258E-02
   7130.20  2.2732211E-02
   7130.40  2.3059699E-02
   7130.60  2.3473009E-02
   7130.80  2.3986127E-02
   7131.00  2.4590908E-02
   7131.20  2.5255138E-02
   7131.40  2.5928843E-02
   7131.60  2.6558804E-02
   7131.80  2.7105284E-02
   7132.00  2.7550383E-02
   7132.20  2.7893835E-02
   7132.40  2.8143714E-02
   7132.60  2.8310633E-02
   7132.80  2.8406183E-02
   7133.00  2.8443118E-02
   7133.20  2.8435505E-02
   7133.40  2.8399470E-02
   7133.60  2.8354537E-02
   7133.80  2.8323335E-02
   7134.00  2.8328607E-02
   7134.20  2.8388972E-02
   7134.40  2.8508161E-02
   7134.60  2.8710216E-02
   7134.80  2.8984539E-02
   7135.00  2.9327924E-02
   7135.20  2.9736759E-02
   7135.40  3.0209114E-02
   7135.60  3.0746208E-02
   7135.80  3.1344749E-02
   7136.00  3.2011414E-02
   7136.20  3.2755924E-02
   7136.40  3.3582363E-02
   7136.60  3.4492386E-02
   7136.80  3.5484786E-02
   7137.00  3.6554646E-02
   7137.20  3.7693769E-02
   7137.40  3.8889035E-02
   7137.60  4.0123016E-02
   7137.80  4.1374359E-02
   7138.00  4.2618731E-02
   7138.20  4.3830690E-02
   7138.40  4.4982848E-02
   7138.60  4.6051257E-02
   7138.80  4.7015912E-02
   7139.00  4.7861730E-02
   7139.20  4.8577485E-02
   7139.40  4.9156108E-02
   7139.60  4.9592411E-02
   7139.80  4.9884534E-02
   7140.00  5.0033811E-02
   7140.20  5.0045205E-02
   7140.40  4.9928178E-02
   7140.60  4.9695686E-02
   7140.80  4.9364085E-02
   7141.00  4.8952462E-02
   7141.20  4.8480547E-02
   7141.40  4.7968255E-02
   7141.60  4.7435192E-02
   7141.80  4.6899390E-02
   7142.00  4.6377950E-02
   7142.20  4.5946783E-02
   7142.40  4.5552599E-02
   7142.60  4.5204388E-02
   7142.80  4.4909820E-02
   7143.00  4.4674665E-02
   7143.20  4.4502338E-02
   7143.40  4.4394657E-02
   7143.60  4.4351785E-02
   7143.80  4.4372302E-02
   7144.00  4.4453380E-02
   7144.20  4.4590856E-02
   7144.40  4.4779820E-02
   7144.60  4.5014034E-02
   7144.80  4.5286819E-02
   7145.00  4.5591338E-02
   7145.20  4.5920664E-02
   7145.40  4.6268223E-02
   7145.60  4.6627462E-02
   7145.80  4.6992455E-02
   7146.00  4.7358075E-02
   7146.20  4.7719291E-02
   7146.40  4.8071797E-02
   7146.60  4.8411983E-02
   7146.80  4.8739380E-02
   7147.00  4.9046516E-02
   7147.20  4.9333719E-02
   7147.40  4.9599458E-02
   7147.60  4.9842699E-02
   7147.80  5.0063187E-02
   7148.00  5.0260503E-02
   7148.20  5.0434680E-02
   7148.40  5.0586216E-02
   7148.60  5.0715872E-02
   7148.80  5.0824607E-02
   7149.00  5.0913370E-02
   7149.20  5.0983051E-02
   7149.40  5.1034885E-02
   7149.60  5.1069553E-02
   7149.80  5.1087647E-02
   7150.00  5.1089415E-02
   7150.20  5.1074859E-02
   7150.40  5.1043720E-02
   7150.60  5.0995702E-02
   7150.80  5.0930047E-02
   7151.00  5.0845911E-02
   7151.20  5.0742365E-02
   7151.40  5.0618431E-02
   7151.60  5.0473168E-02
   7151.80  5.0305767E-02
   7152.00  5.0115584E-02
   7152.20  4.9901954E-02
   7152.40  4.9664773E-02
   7152.60  4.9404141E-02
   7152.80  4.9120701E-02
   7153.00  4.8815388E-02
   7153.20  4.8489800E-02
   7153.40  4.8145834E-02
   7153.60  4.7785228E-02
   7153.80  4.7410345E-02
   7154.00  4.7023882E-02
   7154.20  4.6628326E-02
   7154.40  4.6225962E-02
   7154.60  4.5819326E-02
   7154.80  4.5411308E-02
   7155.00  4.5003758E-02
   7155.20  4.4598494E-02
   7155.40  4.4197213E-02
   7155.60  4.3801303E-02
   7155.80  4.3411852E-02
   7156.00  4.3029651E-02
   7156.20  4.2655198E-02
   7156.40  4.2289016E-02
   7156.60  4.1931020E-02
   7156.80  4.1578451E-02
   7157.00  4.1232730E-02
   7157.20  4.0893711E-02
   7157.40  4.0560571E-02
   7157.60  4.0232373E-02
   7157.80  3.9908111E-02
   7158.00  3.9586704E-02
   7158.20  3.9267160E-02
   7158.40  3.8948701E-02
   7158.60  3.8632659E-02
   7158.80  3.8312316E-02
   7159.00  3.7989613E-02
   7159.20  3.7663634E-02
   7159.40  3.7334391E-02
   7159.60  3.7001741E-02
   7159.80  3.6663557E-02
   7160.00  3.6321699E-02
   7160.20  3.5976376E-02
   7160.40  3.5627630E-02
   7160.60  3.5275549E-02
   7160.80  3.4920576E-02
   7161.00  3.4563474E-02
   7161.20  3.4205027E-02
   7161.40  3.3846098E-02
   7161.60  3.3487567E-02
   7161.80  3.3130322E-02
   7162.00  3.2766389E-02
   7162.20  3.2413818E-02
   7162.40  3.2064884E-02
   7162.60  3.1720436E-02
   7162.80  3.1380816E-02
   7163.00  3.1046077E-02
   7163.20  3.0716306E-02
   7163.40  3.0391523E-02
   7163.60  3.0071625E-02
   7163.80  2.9756439E-02
   7164.00  2.9445741E-02
   7164.20  2.9139341E-02
   7164.40  2.8837133E-02
   7164.60  2.8538659E-02
   7164.80  2.8243783E-02
   7165.00  2.7952462E-02
   7165.20  2.7664749E-02
   7165.40  2.7380672E-02
   7165.60  2.7100515E-02
   7165.80  2.6824524E-02
   7166.00  2.6553236E-02
   7166.20  2.6287297E-02
   7166.40  2.6030337E-02
   7166.60  2.5777079E-02
   7166.80  2.5531400E-02
   7167.00  2.5294200E-02
   7167.20  2.5066435E-02
   7167.40  2.4849443E-02
   7167.60  2.4643567E-02
   7167.80  2.4449980E-02
   7168.00  2.4269818E-02
   7168.20  2.4103483E-02
   7168.40  2.3951682E-02
   7168.60  2.3815098E-02
   7168.80  2.3694205E-02
   7169.00  2.3589363E-02
   7169.20  2.3501007E-02
   7169.40  2.3429369E-02
   7169.60  2.3374480E-02
   7169.80  2.3336561E-02
   7170.00  2.3315679E-02
   7170.20  2.3311876E-02
   7170.40  2.3324928E-02
   7170.60  2.3354614E-02
   7170.80  2.3400586E-02
   7171.00  2.3462783E-02
   7171.20  2.3540764E-02
   7171.40  2.3634097E-02
   7171.60  2.3742499E-02
   7171.80  2.3865403E-02
   7172.00  2.4002368E-02
