  7112.000   26  1  1  1.3395556E-02 -4.1885418E+00 -2.1709778E+00  1  1  7.2663886E+03  0.0000000E+00  0.0000000E+00  4.4433298E+00  1.0000000E+00  0.0000000E+00 = E_edge, Z, n_edge, j_edge, Abs_before_edge, VO_interstitial, E_cut, ninitl, ninit1, Epsii, UnitCell_Volume, Surface_ref, f0_forward, natomsym_f, abs_u_i
    Energy    <xanes>    
   7097.00  2.5554742E-04
   7097.20  4.2348635E-03
   7097.40  1.2762830E-03
   7097.60  7.5792314E-05
   7097.80  4.4308304E-05
   7098.00  3.5074791E-05
   7098.20  3.1435505E-05
   7098.40  3.0095409E-05
   7098.60  3.0138665E-05
   7098.80  3.1467672E-05
   7099.00  3.4650833E-05
   7099.20  4.1687495E-05
   7099.40  6.0388512E-05
   7099.60  1.5357325E-04
   7099.80  6.0340871E-03
   7100.00  4.3544702E-03
   7100.20  2.6768124E-04
   7100.40  7.9338580E-05
   7100.60  4.9664021E-05
   7100.80  4.1322829E-05
   7101.00  9.8189692E-05
   7101.20  1.9115323E-04
   7101.40  4.4571097E-05
   7101.60  3.8905932E-05
   7101.80  5.8902060E-04
   7102.00  4.9570187E-05
   7102.20  3.4116000E-04
   7102.40  3.7050622E-04
   7102.60  5.0362756E-04
   7102.80  4.6358874E-05
   7103.00  4.5865107E-05
   7103.20  6.5070620E-04
   7103.40  5.8039658E-05
   7103.60  5.3448657E-05
   7103.80  6.8053618E-05
   7104.00  2.9588630E-03
   7104.20  1.0720977E-04
   7104.40  1.9804707E-04
   7104.60  2.4188378E-03
   7104.80  1.1909728E-02
   7105.00  1.3528311E-03
   7105.20  1.1611003E-03
   7105.40  3.9446135E-03
   7105.60  1.1195406E-03
   7105.80  4.4541340E-04
   7106.00  1.8901345E-04
   7106.20  1.7320170E-03
   7106.40  4.6247344E-04
   7106.60  7.0341329E-03
   7106.80  3.8036101E-04
   7107.00  7.1711102E-03
   7107.20  1.9592325E-03
   7107.40  5.3351649E-03
   7107.60  7.0881454E-03
   7107.80  1.8916441E-03
   7108.00  1.4521881E-02
   7108.20  1.7511202E-03
   7108.40  6.0759143E-03
   7108.60  6.8420483E-02
   7108.80  1.5215043E-02
   7109.00  3.0127847E-02
   7109.20  3.4872428E-02
   7109.40  2.6644774E-02
   7109.60  2.2069231E-02
   7109.80  1.9623607E-02
   7110.00  9.7168410E-02
   7110.20  1.3821136E-02
   7110.40  2.4984317E-02
   7110.60  2.8685255E-02
   7110.80  4.0523423E-02
   7111.00  5.2832624E-02
   7111.20  3.3814341E-02
   7111.40  3.7909957E-02
   7111.60  2.2854698E-02
   7111.80  2.4171116E-02
   7112.00  2.9469825E-02
   7112.20  2.6594311E-02
   7112.40  1.9652233E-02
   7112.60  1.8240074E-02
   7112.80  2.0110091E-02
   7113.00  1.6771584E-02
   7113.20  9.5540716E-03
   7113.40  5.8355378E-03
   7113.60  4.2085152E-03
   7113.80  3.4736930E-03
   7114.00  3.2196413E-03
   7114.20  3.4346365E-03
   7114.40  4.4814946E-03
   7114.60  8.1949206E-03
   7114.80  2.6604519E-02
   7115.00  3.2356004E-02
   7115.20  1.9063286E-02
   7115.40  9.0379188E-03
   7115.60  6.1565024E-03
   7115.80  5.2292299E-03
   7116.00  4.9406834E-03
   7116.20  4.9490352E-03
   7116.40  5.1245769E-03
   7116.60  5.3846986E-03
   7116.80  5.6261988E-03
   7117.00  5.7190624E-03
   7117.20  5.5964776E-03
   7117.40  5.2310725E-03
   7117.60  4.7631892E-03
   7117.80  4.4251461E-03
   7118.00  4.2691918E-03
   7118.20  4.2345819E-03
   7118.40  4.2646010E-03
   7118.60  4.3699527E-03
   7118.80  4.6983691E-03
   7119.00  5.3018813E-03
   7119.20  5.8992956E-03
   7119.40  6.7941275E-03
   7119.60  8.4301867E-03
   7119.80  9.3636747E-03
   7120.00  8.9273721E-03
   7120.20  8.2823678E-03
   7120.40  8.0251934E-03
   7120.60  7.8792709E-03
   7120.80  7.0264413E-03
   7121.00  5.4459200E-03
   7121.20  4.3406543E-03
   7121.40  3.7636413E-03
   7121.60  3.4542288E-03
   7121.80  3.3140812E-03
   7122.00  3.2446267E-03
   7122.20  3.2228920E-03
   7122.40  3.2505261E-03
   7122.60  3.3327181E-03
   7122.80  3.4762473E-03
   7123.00  3.6819043E-03
   7123.20  3.9550206E-03
   7123.40  4.2968491E-03
   7123.60  4.6848947E-03
   7123.80  5.0921555E-03
   7124.00  5.4824813E-03
   7124.20  5.8663869E-03
   7124.40  6.2997902E-03
   7124.60  6.8707503E-03
   7124.80  7.6706692E-03
   7125.00  8.7432449E-03
   7125.20  9.9499273E-03
   7125.40  1.0974433E-02
   7125.60  1.1616752E-02
   7125.80  1.2032944E-02
   7126.00  1.2509358E-02
   7126.20  1.3238418E-02
   7126.40  1.4413543E-02
   7126.60  1.6014843E-02
   7126.80  1.7885001E-02
   7127.00  1.9609894E-02
   7127.20  2.0807247E-02
   7127.40  2.1513412E-02
   7127.60  2.2023731E-02
   7127.80  2.2572416E-02
   7128.00  2.3310413E-02
   7128.20  2.4225106E-02
   7128.40  2.5246154E-02
   7128.60  2.6290351E-02
   7128.80  2.7325761E-02
   7129.00  2.8409617E-02
   7129.20  2.9676207E-02
   7129.40  3.1318216E-02
   7129.60  3.3519930E-02
   7129.80  3.6272489E-02
   7130.00  3.9185276E-02
   7130.20  4.1556645E-02
   7130.40  4.2850661E-02
   7130.60  4.3180625E-02
   7130.80  4.3135696E-02
   7131.00  4.3233088E-02
   7131.20  4.3685045E-02
   7131.40  4.4512772E-02
   7131.60  4.5733652E-02
   7131.80  4.7485009E-02
   7132.00  5.0058961E-02
   7132.20  5.3808392E-02
   7132.40  5.8909184E-02
   7132.60  6.5077532E-02
   7132.80  7.1502761E-02
   7133.00  7.7263655E-02
   7133.20  8.1893796E-02
   7133.40  8.5441923E-02
   7133.60  8.8014860E-02
   7133.80  8.9309791E-02
   7134.00  8.8691167E-02
   7134.20  8.5892544E-02
   7134.40  8.1479987E-02
   7134.60  7.6475676E-02
   7134.80  7.1654776E-02
   7135.00  6.7375160E-02
   7135.20  6.3705170E-02
   7135.40  6.0581946E-02
   7135.60  5.7907214E-02
   7135.80  5.5590021E-02
   7136.00  5.3558921E-02
   7136.20  5.1760966E-02
   7136.40  5.0157030E-02
   7136.60  4.8717424E-02
   7136.80  4.7418726E-02
   7137.00  4.6241608E-02
   7137.20  4.5168856E-02
   7137.40  4.4182779E-02
   7137.60  4.3261407E-02
   7137.80  4.2377584E-02
   7138.00  4.1503236E-02
   7138.20  4.0615679E-02
   7138.40  3.9705110E-02
   7138.60  3.8775967E-02
   7138.80  3.7842212E-02
   7139.00  3.6920711E-02
   7139.20  3.6024890E-02
   7139.40  3.5162838E-02
   7139.60  3.4338981E-02
   7139.80  3.3556035E-02
   7140.00  3.2818242E-02
   7140.20  3.2133080E-02
   7140.40  3.1518929E-02
   7140.60  3.0979025E-02
   7140.80  3.0536707E-02
   7141.00  3.0207659E-02
   7141.20  3.0004303E-02
   7141.40  2.9929919E-02
   7141.60  2.9976622E-02
   7141.80  3.0135179E-02
   7142.00  3.0393815E-02
   7142.20  3.0740915E-02
   7142.40  3.1167484E-02
   7142.60  3.1667742E-02
   7142.80  3.2238649E-02
   7143.00  3.2878235E-02
   7143.20  3.3583965E-02
   7143.40  3.4351447E-02
   7143.60  3.5173461E-02
   7143.80  3.6039666E-02
   7144.00  3.6936685E-02
   7144.20  3.7848485E-02
   7144.40  3.8757835E-02
   7144.60  3.9646847E-02
   7144.80  4.0498241E-02
   7145.00  4.1296214E-02
   7145.20  4.2026863E-02
   7145.40  4.2678430E-02
   7145.60  4.3242301E-02
   7145.80  4.3713035E-02
   7146.00  4.4088365E-02
   7146.20  4.4369863E-02
   7146.40  4.4562200E-02
   7146.60  4.4672776E-02
   7146.80  4.4710422E-02
   7147.00  4.4684730E-02
   7147.20  4.4609381E-02
   7147.40  4.4492608E-02
   7147.60  4.4329641E-02
   7147.80  4.4156085E-02
   7148.00  4.3962634E-02
   7148.20  4.3760913E-02
   7148.40  4.3552655E-02
   7148.60  4.3347037E-02
   7148.80  4.3140351E-02
   7149.00  4.2938779E-02
   7149.20  4.2744356E-02
   7149.40  4.2554692E-02
   7149.60  4.2369730E-02
   7149.80  4.2189124E-02
   7150.00  4.2011557E-02
   7150.20  4.1835789E-02
   7150.40  4.1659752E-02
   7150.60  4.1481471E-02
   7150.80  4.1299143E-02
   7151.00  4.1110563E-02
   7151.20  4.0914041E-02
   7151.40  4.0707251E-02
   7151.60  4.0491545E-02
   7151.80  4.0265109E-02
   7152.00  4.0028147E-02
   7152.20  3.9781349E-02
   7152.40  3.9525390E-02
   7152.60  3.9261614E-02
   7152.80  3.8991604E-02
   7153.00  3.8717493E-02
   7153.20  3.8440788E-02
   7153.40  3.8163033E-02
   7153.60  3.7885724E-02
   7153.80  3.7610118E-02
   7154.00  3.7338299E-02
   7154.20  3.7069283E-02
   7154.40  3.6804138E-02
   7154.60  3.6543125E-02
   7154.80  3.6286343E-02
   7155.00  3.6033772E-02
   7155.20  3.5783734E-02
   7155.40  3.5540186E-02
   7155.60  3.5300660E-02
   7155.80  3.5065054E-02
   7156.00  3.4832450E-02
   7156.20  3.4604597E-02
   7156.40  3.4381105E-02
   7156.60  3.4160486E-02
   7156.80  3.3943221E-02
   7157.00  3.3728814E-02
   7157.20  3.3517004E-02
   7157.40  3.3307373E-02
   7157.60  3.3099524E-02
   7157.80  3.2891933E-02
   7158.00  3.2685933E-02
   7158.20  3.2481997E-02
   7158.40  3.2279720E-02
   7158.60  3.2080671E-02
   7158.80  3.1885734E-02
   7159.00  3.1695444E-02
   7159.20  3.1509502E-02
   7159.40  3.1333561E-02
   7159.60  3.1163352E-02
   7159.80  3.1001456E-02
   7160.00  3.0849012E-02
   7160.20  3.0708207E-02
   7160.40  3.0572251E-02
   7160.60  3.0447552E-02
   7160.80  3.0330723E-02
   7161.00  3.0221240E-02
   7161.20  3.0114988E-02
   7161.40  3.0010387E-02
   7161.60  2.9904353E-02
   7161.80  2.9793452E-02
   7162.00  2.9674289E-02
   7162.20  2.9542958E-02
   7162.40  2.9396033E-02
   7162.60  2.9230560E-02
   7162.80  2.9044301E-02
   7163.00  2.8835942E-02
   7163.20  2.8605226E-02
   7163.40  2.8353006E-02
   7163.60  2.8081189E-02
   7163.80  2.7792637E-02
   7164.00  2.7490794E-02
   7164.20  2.7180881E-02
   7164.40  2.6865189E-02
   7164.60  2.6547803E-02
   7164.80  2.6233313E-02
   7165.00  2.5922954E-02
   7165.20  2.5619322E-02
   7165.40  2.5324116E-02
   7165.60  2.5038266E-02
   7165.80  2.4762903E-02
   7166.00  2.4497364E-02
   7166.20  2.4241539E-02
   7166.40  2.3995159E-02
   7166.60  2.3758582E-02
   7166.80  2.3531726E-02
   7167.00  2.3314109E-02
   7167.20  2.3105932E-02
   7167.40  2.2907532E-02
   7167.60  2.2719297E-02
   7167.80  2.2542710E-02
   7168.00  2.2377967E-02
   7168.20  2.2224650E-02
   7168.40  2.2082138E-02
   7168.60  2.1953839E-02
   7168.80  2.1838063E-02
   7169.00  2.1734960E-02
   7169.20  2.1645003E-02
   7169.40  2.1567716E-02
   7169.60  2.1502632E-02
   7169.80  2.1449475E-02
   7170.00  2.1407947E-02
   7170.20  2.1377740E-02
   7170.40  2.1358469E-02
   7170.60  2.1349964E-02
   7170.80  2.1351971E-02
   7171.00  2.1364039E-02
   7171.20  2.1385893E-02
   7171.40  2.1417271E-02
   7171.60  2.1457976E-02
   7171.80  2.1507833E-02
   7172.00  2.1566719E-02
