  7112.000   26  1  1  1.5862426E-02 -5.6741558E+00 -9.2135670E-01  1  1  7.2653677E+03  0.0000000E+00  0.0000000E+00  1.8482854E+00  1.0000000E+00  0.0000000E+00 = E_edge, Z, n_edge, j_edge, Abs_before_edge, VO_interstitial, E_cut, ninitl, ninit1, Epsii, UnitCell_Volume, Surface_ref, f0_forward, natomsym_f, abs_u_i
    Energy    <xanes>    
   7097.00  4.0512920E-05
   7097.20  4.4116380E-05
   7097.40  5.3260437E-05
   7097.60  7.6254424E-05
   7097.80  1.5265646E-04
   7098.00  7.5266773E-04
   7098.20  4.7801253E-03
   7098.40  2.5611100E-04
   7098.60  9.6563954E-05
   7098.80  5.8458926E-05
   7099.00  4.3799440E-05
   7099.20  3.6735746E-05
   7099.40  3.2905657E-05
   7099.60  3.0720108E-05
   7099.80  2.9541869E-05
   7100.00  2.9164462E-05
   7100.20  2.9887232E-05
   7100.40  3.4854981E-05
   7100.60  6.1027836E-04
   7100.80  5.8784641E-05
   7101.00  3.8787916E-05
   7101.20  6.3353341E-05
   7101.40  1.4242381E-04
   7101.60  1.0045354E-04
   7101.80  1.3272335E-03
   7102.00  6.3397063E-04
   7102.20  8.0497725E-05
   7102.40  1.3542363E-04
   7102.60  5.8827222E-05
   7102.80  7.8592183E-05
   7103.00  1.5295831E-04
   7103.20  9.8823274E-04
   7103.40  1.3043779E-03
   7103.60  2.4742579E-04
   7103.80  6.1614361E-04
   7104.00  3.6708931E-03
   7104.20  2.3534875E-04
   7104.40  3.4125806E-04
   7104.60  1.7367199E-03
   7104.80  1.6827458E-04
   7105.00  1.0138920E-04
   7105.20  1.1799211E-04
   7105.40  9.1733799E-04
   7105.60  2.6620530E-04
   7105.80  8.3765975E-04
   7106.00  5.4127722E-03
   7106.20  2.7847076E-03
   7106.40  3.6740844E-04
   7106.60  1.5241373E-04
   7106.80  1.6629877E-03
   7107.00  5.0458691E-03
   7107.20  5.6168455E-03
   7107.40  3.4019290E-03
   7107.60  1.2867989E-02
   7107.80  8.7578451E-03
   7108.00  8.6284685E-03
   7108.20  1.1442804E-02
   7108.40  1.2024836E-02
   7108.60  1.1204681E-02
   7108.80  9.1361716E-03
   7109.00  9.3288264E-03
   7109.20  1.1482694E-02
   7109.40  1.7272863E-02
   7109.60  2.0412681E-02
   7109.80  2.0066805E-02
   7110.00  1.7010514E-02
   7110.20  1.3119603E-02
   7110.40  1.1039048E-02
   7110.60  1.3325589E-02
   7110.80  1.0530156E-02
   7111.00  1.3780689E-02
   7111.20  1.1259382E-02
   7111.40  1.0535702E-02
   7111.60  1.0162920E-02
   7111.80  9.6171218E-03
   7112.00  1.0783051E-02
   7112.20  1.3249934E-02
   7112.40  1.4403294E-02
   7112.60  1.2498054E-02
   7112.80  9.9070887E-03
   7113.00  8.1889524E-03
   7113.20  6.7971215E-03
   7113.40  5.3017743E-03
   7113.60  4.3058497E-03
   7113.80  3.7123029E-03
   7114.00  3.3629313E-03
   7114.20  3.1850008E-03
   7114.40  3.1518998E-03
   7114.60  3.2586530E-03
   7114.80  3.5099085E-03
   7115.00  3.9101603E-03
   7115.20  4.4523849E-03
   7115.40  5.1066862E-03
   7115.60  5.8155416E-03
   7115.80  6.5034111E-03
   7116.00  7.0999897E-03
   7116.20  7.5633912E-03
   7116.40  7.8882010E-03
   7116.60  8.0972969E-03
   7116.80  8.2266723E-03
   7117.00  8.3132939E-03
   7117.20  8.3890327E-03
   7117.40  8.4793916E-03
   7117.60  8.6045623E-03
   7117.80  8.7811609E-03
   7118.00  9.0236362E-03
   7118.20  9.3450185E-03
   7118.40  9.7566394E-03
   7118.60  1.0272762E-02
   7118.80  1.0887558E-02
   7119.00  1.1616106E-02
   7119.20  1.2426666E-02
   7119.40  1.3283556E-02
   7119.60  1.4229231E-02
   7119.80  1.5215503E-02
   7120.00  1.6232552E-02
   7120.20  1.7280316E-02
   7120.40  1.8367941E-02
   7120.60  1.9511286E-02
   7120.80  2.0729776E-02
   7121.00  2.2043712E-02
   7121.20  2.3472341E-02
   7121.40  2.5031930E-02
   7121.60  2.6742042E-02
   7121.80  2.8587347E-02
   7122.00  3.0559649E-02
   7122.20  3.2615472E-02
   7122.40  3.4672851E-02
   7122.60  3.6605067E-02
   7122.80  3.8248303E-02
   7123.00  3.9434799E-02
   7123.20  4.0049980E-02
   7123.40  4.0151105E-02
   7123.60  3.9875187E-02
   7123.80  3.9490469E-02
   7124.00  3.9217186E-02
   7124.20  3.9177231E-02
   7124.40  3.9406192E-02
   7124.60  3.9879617E-02
   7124.80  4.0537771E-02
   7125.00  4.1301122E-02
   7125.20  4.2082014E-02
   7125.40  4.2795405E-02
   7125.60  4.3371809E-02
   7125.80  4.3773324E-02
   7126.00  4.4005997E-02
   7126.20  4.4115429E-02
   7126.40  4.4166072E-02
   7126.60  4.4213193E-02
   7126.80  4.4282368E-02
   7127.00  4.4365758E-02
   7127.20  4.4429848E-02
   7127.40  4.4430383E-02
   7127.60  4.4326707E-02
   7127.80  4.4091399E-02
   7128.00  4.3715113E-02
   7128.20  4.3206151E-02
   7128.40  4.2586360E-02
   7128.60  4.1884998E-02
   7128.80  4.1133832E-02
   7129.00  4.0362856E-02
   7129.20  3.9597602E-02
   7129.40  3.8857598E-02
   7129.60  3.8156541E-02
   7129.80  3.7502690E-02
   7130.00  3.6897176E-02
   7130.20  3.6341572E-02
   7130.40  3.5835249E-02
   7130.60  3.5373936E-02
   7130.80  3.4952761E-02
   7131.00  3.4567288E-02
   7131.20  3.4214274E-02
   7131.40  3.3892107E-02
   7131.60  3.3601343E-02
   7131.80  3.3344550E-02
   7132.00  3.3106646E-02
   7132.20  3.2931503E-02
   7132.40  3.2804030E-02
   7132.60  3.2726634E-02
   7132.80  3.2699155E-02
   7133.00  3.2719287E-02
   7133.20  3.2781177E-02
   7133.40  3.2876120E-02
   7133.60  3.2993792E-02
   7133.80  3.3123615E-02
   7134.00  3.3256363E-02
   7134.20  3.3385376E-02
   7134.40  3.3507300E-02
   7134.60  3.3622095E-02
   7134.80  3.3732556E-02
   7135.00  3.3843168E-02
   7135.20  3.3958990E-02
   7135.40  3.4085014E-02
   7135.60  3.4225232E-02
   7135.80  3.4382322E-02
   7136.00  3.4557585E-02
   7136.20  3.4750902E-02
   7136.40  3.4961038E-02
   7136.60  3.5185681E-02
   7136.80  3.5421968E-02
   7137.00  3.5666583E-02
   7137.20  3.5916192E-02
   7137.40  3.6167186E-02
   7137.60  3.6415732E-02
   7137.80  3.6658586E-02
   7138.00  3.6892590E-02
   7138.20  3.7114952E-02
   7138.40  3.7323007E-02
   7138.60  3.7514414E-02
   7138.80  3.7686966E-02
   7139.00  3.7838160E-02
   7139.20  3.7965394E-02
   7139.40  3.8065923E-02
   7139.60  3.8136548E-02
   7139.80  3.8173946E-02
   7140.00  3.8174684E-02
   7140.20  3.8135411E-02
   7140.40  3.8053601E-02
   7140.60  3.7927789E-02
   7140.80  3.7757933E-02
   7141.00  3.7545606E-02
   7141.20  3.7294023E-02
   7141.40  3.7007729E-02
   7141.60  3.6692360E-02
   7141.80  3.6354194E-02
   7142.00  3.5999875E-02
   7142.20  3.5636162E-02
   7142.40  3.5268210E-02
   7142.60  3.4900571E-02
   7142.80  3.4537383E-02
   7143.00  3.4180785E-02
   7143.20  3.3833579E-02
   7143.40  3.3497196E-02
   7143.60  3.3176571E-02
   7143.80  3.2864476E-02
   7144.00  3.2564934E-02
   7144.20  3.2277869E-02
   7144.40  3.2002517E-02
   7144.60  3.1738181E-02
   7144.80  3.1484244E-02
   7145.00  3.1239424E-02
   7145.20  3.1002538E-02
   7145.40  3.0772182E-02
   7145.60  3.0547163E-02
   7145.80  3.0326018E-02
   7146.00  3.0107354E-02
   7146.20  2.9889743E-02
   7146.40  2.9672040E-02
   7146.60  2.9452793E-02
   7146.80  2.9230746E-02
   7147.00  2.9004896E-02
   7147.20  2.8774462E-02
   7147.40  2.8539061E-02
   7147.60  2.8298514E-02
   7147.80  2.8052870E-02
   7148.00  2.7802514E-02
   7148.20  2.7548203E-02
   7148.40  2.7290925E-02
   7148.60  2.7032099E-02
   7148.80  2.6773064E-02
   7149.00  2.6515371E-02
   7149.20  2.6260643E-02
   7149.40  2.6010615E-02
   7149.60  2.5766993E-02
   7149.80  2.5531585E-02
   7150.00  2.5305951E-02
   7150.20  2.5091495E-02
   7150.40  2.4889618E-02
   7150.60  2.4701567E-02
   7150.80  2.4528490E-02
   7151.00  2.4371390E-02
   7151.20  2.4231153E-02
   7151.40  2.4108668E-02
   7151.60  2.4004477E-02
   7151.80  2.3919059E-02
   7152.00  2.3852898E-02
   7152.20  2.3806277E-02
   7152.40  2.3779405E-02
   7152.60  2.3772805E-02
   7152.80  2.3787474E-02
   7153.00  2.3822470E-02
   7153.20  2.3876885E-02
   7153.40  2.3950082E-02
   7153.60  2.4041058E-02
   7153.80  2.4148730E-02
   7154.00  2.4272047E-02
   7154.20  2.4409091E-02
   7154.40  2.4558380E-02
   7154.60  2.4705346E-02
   7154.80  2.4859687E-02
   7155.00  2.5019498E-02
   7155.20  2.5182701E-02
   7155.40  2.5346740E-02
   7155.60  2.5509030E-02
   7155.80  2.5667169E-02
   7156.00  2.5819005E-02
   7156.20  2.5962712E-02
   7156.40  2.6096146E-02
   7156.60  2.6220216E-02
   7156.80  2.6328807E-02
   7157.00  2.6431338E-02
   7157.20  2.6514166E-02
   7157.40  2.6584666E-02
   7157.60  2.6636278E-02
   7157.80  2.6674330E-02
   7158.00  2.6699697E-02
   7158.20  2.6713867E-02
   7158.40  2.6718088E-02
   7158.60  2.6713679E-02
   7158.80  2.6702324E-02
   7159.00  2.6685743E-02
   7159.20  2.6665646E-02
   7159.40  2.6643740E-02
   7159.60  2.6622037E-02
   7159.80  2.6601784E-02
   7160.00  2.6584466E-02
   7160.20  2.6571489E-02
   7160.40  2.6563739E-02
   7160.60  2.6562276E-02
   7160.80  2.6567927E-02
   7161.00  2.6581475E-02
   7161.20  2.6603527E-02
   7161.40  2.6634233E-02
   7161.60  2.6673920E-02
   7161.80  2.6722728E-02
   7162.00  2.6780652E-02
   7162.20  2.6847678E-02
   7162.40  2.6923586E-02
   7162.60  2.7008087E-02
   7162.80  2.7101109E-02
   7163.00  2.7201981E-02
   7163.20  2.7310353E-02
   7163.40  2.7425744E-02
   7163.60  2.7547526E-02
   7163.80  2.7675103E-02
   7164.00  2.7807723E-02
   7164.20  2.7944961E-02
   7164.40  2.8086164E-02
   7164.60  2.8231830E-02
   7164.80  2.8381159E-02
   7165.00  2.8532281E-02
   7165.20  2.8684762E-02
   7165.40  2.8837822E-02
   7165.60  2.8990980E-02
   7165.80  2.9143867E-02
   7166.00  2.9295814E-02
   7166.20  2.9446349E-02
   7166.40  2.9595219E-02
   7166.60  2.9742113E-02
   7166.80  2.9886635E-02
   7167.00  3.0028317E-02
   7167.20  3.0167091E-02
   7167.40  3.0302845E-02
   7167.60  3.0435324E-02
   7167.80  3.0564493E-02
   7168.00  3.0690197E-02
   7168.20  3.0812491E-02
   7168.40  3.0931494E-02
   7168.60  3.1047052E-02
   7168.80  3.1159193E-02
   7169.00  3.1268126E-02
   7169.20  3.1373860E-02
   7169.40  3.1476573E-02
   7169.60  3.1576462E-02
   7169.80  3.1673480E-02
   7170.00  3.1767629E-02
   7170.20  3.1859248E-02
   7170.40  3.1948622E-02
   7170.60  3.2035754E-02
   7170.80  3.2120916E-02
   7171.00  3.2204400E-02
   7171.20  3.2286237E-02
   7171.40  3.2366573E-02
   7171.60  3.2445818E-02
   7171.80  3.2523996E-02
   7172.00  3.2601330E-02
