  7112.000   26  1  1  1.0889910E-02 -4.1360179E+00 -2.1265557E+00  1  1  7.2659829E+03  0.0000000E+00  0.0000000E+00  3.3963504E+00  1.0000000E+00  0.0000000E+00 = E_edge, Z, n_edge, j_edge, Abs_before_edge, VO_interstitial, E_cut, ninitl, ninit1, Epsii, UnitCell_Volume, Surface_ref, f0_forward, natomsym_f, abs_u_i
    Energy    <xanes>    
   7097.00  1.9056499E-04
   7097.20  4.9746917E-03
   7097.40  4.3860142E-04
   7097.60  1.0094673E-04
   7097.80  5.3698813E-05
   7098.00  3.8857843E-05
   7098.20  3.2592184E-05
   7098.40  2.9670029E-05
   7098.60  2.8524550E-05
   7098.80  2.8833894E-05
   7099.00  3.1448303E-05
   7099.20  4.2099170E-05
   7099.40  1.7071830E-04
   7099.60  1.8692665E-04
   7099.80  1.0505452E-04
   7100.00  1.3682942E-04
   7100.20  5.6001397E-04
   7100.40  5.6618987E-05
   7100.60  7.2965687E-05
   7100.80  9.7687718E-04
   7101.00  3.3594804E-04
   7101.20  6.1251260E-05
   7101.40  6.6356200E-05
   7101.60  1.1865010E-02
   7101.80  6.3596682E-05
   7102.00  4.4863328E-05
   7102.20  7.2008035E-05
   7102.40  1.0084340E-03
   7102.60  7.8511767E-05
   7102.80  4.6111695E-05
   7103.00  1.5534930E-04
   7103.20  5.0513255E-05
   7103.40  3.7831639E-04
   7103.60  5.3576447E-04
   7103.80  6.7897564E-05
   7104.00  1.6600232E-03
   7104.20  1.1821937E-04
   7104.40  9.4130616E-04
   7104.60  1.6471715E-04
   7104.80  5.8971917E-05
   7105.00  5.0980757E-05
   7105.20  5.3567669E-05
   7105.40  9.5845660E-05
   7105.60  1.8098155E-04
   7105.80  2.0136808E-04
   7106.00  1.5966225E-04
   7106.20  3.8135477E-03
   7106.40  5.3221280E-03
   7106.60  1.7690762E-02
   7106.80  7.9446612E-03
   7107.00  1.6808056E-03
   7107.20  2.3866884E-04
   7107.40  2.3944967E-03
   7107.60  3.5809234E-03
   7107.80  4.8891209E-04
   7108.00  2.6254977E-03
   7108.20  1.7748770E-02
   7108.40  7.0773596E-03
   7108.60  2.2055361E-02
   7108.80  2.3945654E-02
   7109.00  1.1348260E-02
   7109.20  1.7175942E-02
   7109.40  9.1502138E-03
   7109.60  1.2392770E-02
   7109.80  1.5193226E-02
   7110.00  9.2761972E-03
   7110.20  9.0086650E-03
   7110.40  1.1330582E-02
   7110.60  1.0580658E-02
   7110.80  1.2120937E-02
   7111.00  2.1175699E-02
   7111.20  3.1621180E-02
   7111.40  3.2477431E-02
   7111.60  2.4080472E-02
   7111.80  2.3475138E-02
   7112.00  3.4388484E-02
   7112.20  5.7076823E-02
   7112.40  5.5536696E-02
   7112.60  3.7994885E-02
   7112.80  2.9534848E-02
   7113.00  2.8695887E-02
   7113.20  3.2307837E-02
   7113.40  3.3112869E-02
   7113.60  2.7200851E-02
   7113.80  2.0138781E-02
   7114.00  1.5152154E-02
   7114.20  1.2105116E-02
   7114.40  1.0430092E-02
   7114.60  9.8342670E-03
   7114.80  1.0617744E-02
   7115.00  1.3306172E-02
   7115.20  1.7865228E-02
   7115.40  2.0056573E-02
   7115.60  1.7569323E-02
   7115.80  1.4883630E-02
   7116.00  1.3656564E-02
   7116.20  1.2840845E-02
   7116.40  1.1543372E-02
   7116.60  1.0219967E-02
   7116.80  9.3280958E-03
   7117.00  8.8850698E-03
   7117.20  8.7219147E-03
   7117.40  8.6585340E-03
   7117.60  8.5611341E-03
   7117.80  8.4082270E-03
   7118.00  8.2583246E-03
   7118.20  8.1251920E-03
   7118.40  8.0108398E-03
   7118.60  7.9234607E-03
   7118.80  7.8671834E-03
   7119.00  7.8329228E-03
   7119.20  7.7940260E-03
   7119.40  7.7064580E-03
   7119.60  7.5194328E-03
   7119.80  7.2522194E-03
   7120.00  7.0247604E-03
   7120.20  6.8645478E-03
   7120.40  6.7367736E-03
   7120.60  6.6287115E-03
   7120.80  6.5639519E-03
   7121.00  6.5480460E-03
   7121.20  6.5683558E-03
   7121.40  6.6208045E-03
   7121.60  6.6889948E-03
   7121.80  6.7663694E-03
   7122.00  6.8520716E-03
   7122.20  6.9497857E-03
   7122.40  7.0657054E-03
   7122.60  7.2066178E-03
   7122.80  7.3786126E-03
   7123.00  7.5866255E-03
   7123.20  7.8350618E-03
   7123.40  8.1324028E-03
   7123.60  8.4855324E-03
   7123.80  8.9114327E-03
   7124.00  9.4414724E-03
   7124.20  1.0131884E-02
   7124.40  1.1069304E-02
   7124.60  1.2363559E-02
   7124.80  1.4092080E-02
   7125.00  1.6146917E-02
   7125.20  1.8299705E-02
   7125.40  2.0111131E-02
   7125.60  2.1249341E-02
   7125.80  2.1686821E-02
   7126.00  2.1656906E-02
   7126.20  2.1457520E-02
   7126.40  2.1314945E-02
   7126.60  2.1357400E-02
   7126.80  2.1632554E-02
   7127.00  2.2184996E-02
   7127.20  2.2847140E-02
   7127.40  2.3586860E-02
   7127.60  2.4352735E-02
   7127.80  2.5123627E-02
   7128.00  2.5874013E-02
   7128.20  2.6706914E-02
   7128.40  2.7603131E-02
   7128.60  2.8601992E-02
   7128.80  2.9779738E-02
   7129.00  3.1227204E-02
   7129.20  3.3004695E-02
   7129.40  3.5130147E-02
   7129.60  3.7575058E-02
   7129.80  4.0284333E-02
   7130.00  4.3203925E-02
   7130.20  4.6296112E-02
   7130.40  4.9535158E-02
   7130.60  5.2888038E-02
   7130.80  5.6298906E-02
   7131.00  5.9691263E-02
   7131.20  6.2991597E-02
   7131.40  6.6159724E-02
   7131.60  6.9196387E-02
   7131.80  7.2112253E-02
   7132.00  7.4868384E-02
   7132.20  7.7316580E-02
   7132.40  7.9161574E-02
   7132.60  8.0004746E-02
   7132.80  7.9521436E-02
   7133.00  7.7674459E-02
   7133.20  7.4755025E-02
   7133.40  7.1215973E-02
   7133.60  6.7471089E-02
   7133.80  6.3802946E-02
   7134.00  6.0372531E-02
   7134.20  5.7254604E-02
   7134.40  5.4458045E-02
   7134.60  5.1943591E-02
   7134.80  4.9648772E-02
   7135.00  4.7511510E-02
   7135.20  4.5481079E-02
   7135.40  4.3528610E-02
   7135.60  4.1648392E-02
   7135.80  3.9842219E-02
   7136.00  3.8118860E-02
   7136.20  3.6489366E-02
   7136.40  3.4964178E-02
   7136.60  3.3550992E-02
   7136.80  3.2253616E-02
   7137.00  3.1071120E-02
   7137.20  2.9998578E-02
   7137.40  2.9027576E-02
   7137.60  2.8148421E-02
   7137.80  2.7351782E-02
   7138.00  2.6631413E-02
   7138.20  2.5984216E-02
   7138.40  2.5410389E-02
   7138.60  2.4912342E-02
   7138.80  2.4493068E-02
   7139.00  2.4155510E-02
   7139.20  2.3901494E-02
   7139.40  2.3731308E-02
   7139.60  2.3643606E-02
   7139.80  2.3635230E-02
   7140.00  2.3701175E-02
   7140.20  2.3834776E-02
   7140.40  2.4028004E-02
   7140.60  2.4272186E-02
   7140.80  2.4559061E-02
   7141.00  2.4881533E-02
   7141.20  2.5234250E-02
   7141.40  2.5613731E-02
   7141.60  2.6018032E-02
   7141.80  2.6446481E-02
   7142.00  2.6899064E-02
   7142.20  2.7375809E-02
   7142.40  2.7875245E-02
   7142.60  2.8392698E-02
   7142.80  2.8926467E-02
   7143.00  2.9471823E-02
   7143.20  3.0022851E-02
   7143.40  3.0572425E-02
   7143.60  3.1112657E-02
   7143.80  3.1635693E-02
   7144.00  3.2137133E-02
   7144.20  3.2604518E-02
   7144.40  3.3034627E-02
   7144.60  3.3420025E-02
   7144.80  3.3777430E-02
   7145.00  3.4102176E-02
   7145.20  3.4383874E-02
   7145.40  3.4662876E-02
   7145.60  3.4931050E-02
   7145.80  3.5196152E-02
   7146.00  3.5464992E-02
   7146.20  3.5742010E-02
   7146.40  3.6029471E-02
   7146.60  3.6327378E-02
   7146.80  3.6633561E-02
   7147.00  3.6944148E-02
   7147.20  3.7254238E-02
   7147.40  3.7560622E-02
   7147.60  3.7853684E-02
   7147.80  3.8130926E-02
   7148.00  3.8389429E-02
   7148.20  3.8624002E-02
   7148.40  3.8834205E-02
   7148.60  3.9019755E-02
   7148.80  3.9181584E-02
   7149.00  3.9321720E-02
   7149.20  3.9443068E-02
   7149.40  3.9549179E-02
   7149.60  3.9643688E-02
   7149.80  3.9730786E-02
   7150.00  3.9814517E-02
   7150.20  3.9898313E-02
   7150.40  3.9985610E-02
   7150.60  4.0079592E-02
   7150.80  4.0181092E-02
   7151.00  4.0291184E-02
   7151.20  4.0410660E-02
   7151.40  4.0539436E-02
   7151.60  4.0676431E-02
   7151.80  4.0820246E-02
   7152.00  4.0968587E-02
   7152.20  4.1118364E-02
   7152.40  4.1265914E-02
   7152.60  4.1407005E-02
   7152.80  4.1537081E-02
   7153.00  4.1651446E-02
   7153.20  4.1744984E-02
   7153.40  4.1813156E-02
   7153.60  4.1852055E-02
   7153.80  4.1858582E-02
   7154.00  4.1831488E-02
   7154.20  4.1770874E-02
   7154.40  4.1678623E-02
   7154.60  4.1558638E-02
   7154.80  4.1415945E-02
   7155.00  4.1256466E-02
   7155.20  4.1086451E-02
   7155.40  4.0911940E-02
   7155.60  4.0737822E-02
   7155.80  4.0568289E-02
   7156.00  4.0406353E-02
   7156.20  4.0253860E-02
   7156.40  4.0111706E-02
   7156.60  3.9979959E-02
   7156.80  3.9858236E-02
   7157.00  3.9745100E-02
   7157.20  3.9639035E-02
   7157.40  3.9538331E-02
   7157.60  3.9441288E-02
   7157.80  3.9346101E-02
   7158.00  3.9251149E-02
   7158.20  3.9155041E-02
   7158.40  3.9056923E-02
   7158.60  3.8955572E-02
   7158.80  3.8847327E-02
   7159.00  3.8736452E-02
   7159.20  3.8622370E-02
   7159.40  3.8509632E-02
   7159.60  3.8385405E-02
   7159.80  3.8256529E-02
   7160.00  3.8123610E-02
   7160.20  3.7988421E-02
   7160.40  3.7851581E-02
   7160.60  3.7707437E-02
   7160.80  3.7558031E-02
   7161.00  3.7404295E-02
   7161.20  3.7246022E-02
   7161.40  3.7082937E-02
   7161.60  3.6914600E-02
   7161.80  3.6740568E-02
   7162.00  3.6560368E-02
   7162.20  3.6373871E-02
   7162.40  3.6180249E-02
   7162.60  3.5979065E-02
   7162.80  3.5769963E-02
   7163.00  3.5552680E-02
   7163.20  3.5327085E-02
   7163.40  3.5093199E-02
   7163.60  3.4851215E-02
   7163.80  3.4601495E-02
   7164.00  3.4344577E-02
   7164.20  3.4081241E-02
   7164.40  3.3813568E-02
   7164.60  3.3541658E-02
   7164.80  3.3266280E-02
   7165.00  3.2988623E-02
   7165.20  3.2710024E-02
   7165.40  3.2432171E-02
   7165.60  3.2155570E-02
   7165.80  3.1881276E-02
   7166.00  3.1610182E-02
   7166.20  3.1341266E-02
   7166.40  3.1077441E-02
   7166.60  3.0821498E-02
   7166.80  3.0570857E-02
   7167.00  3.0325532E-02
   7167.20  3.0086229E-02
   7167.40  2.9850926E-02
   7167.60  2.9620523E-02
   7167.80  2.9394326E-02
   7168.00  2.9171745E-02
   7168.20  2.8952352E-02
   7168.40  2.8735868E-02
   7168.60  2.8522149E-02
   7168.80  2.8311157E-02
   7169.00  2.8103426E-02
   7169.20  2.7898706E-02
   7169.40  2.7697370E-02
   7169.60  2.7500092E-02
   7169.80  2.7307142E-02
   7170.00  2.7119066E-02
   7170.20  2.6936541E-02
   7170.40  2.6760351E-02
   7170.60  2.6591529E-02
   7170.80  2.6430300E-02
   7171.00  2.6277121E-02
   7171.20  2.6132505E-02
   7171.40  2.5996824E-02
   7171.60  2.5870254E-02
   7171.80  2.5752866E-02
   7172.00  2.5644663E-02
