  7112.000   26  1  1  3.0534908E-02 -3.1996038E+00 -2.2068180E+00  1  1  7.2661921E+03  0.0000000E+00  0.0000000E+00  3.5634940E+00  1.0000000E+00  0.0000000E+00 = E_edge, Z, n_edge, j_edge, Abs_before_edge, VO_interstitial, E_cut, ninitl, ninit1, Epsii, UnitCell_Volume, Surface_ref, f0_forward, natomsym_f, abs_u_i
    Energy    <xanes>    
   7097.00  2.3146639E-05
   7097.20  2.4210083E-05
   7097.40  2.6194403E-05
   7097.60  3.1046700E-05
   7097.80  5.1834287E-05
   7098.00  1.1459878E-03
   7098.20  8.4575840E-05
   7098.40  3.7401457E-05
   7098.60  3.1494262E-05
   7098.80  3.1016927E-05
   7099.00  3.3136918E-05
   7099.20  3.9620157E-05
   7099.40  6.8385074E-05
   7099.60  4.2513413E-03
   7099.80  9.3359362E-05
   7100.00  8.0877437E-05
   7100.20  8.4002577E-05
   7100.40  1.3695965E-04
   7100.60  7.6005593E-03
   7100.80  2.0660716E-03
   7101.00  2.9546780E-03
   7101.20  3.9149148E-04
   7101.40  2.5384738E-04
   7101.60  8.3799780E-05
   7101.80  6.3663206E-05
   7102.00  6.1531506E-05
   7102.20  7.6014851E-05
   7102.40  2.2113876E-04
   7102.60  4.7370784E-04
   7102.80  8.8694629E-04
   7103.00  2.8830036E-04
   7103.20  2.2177220E-04
   7103.40  1.1815237E-02
   7103.60  3.1809431E-04
   7103.80  2.2001671E-04
   7104.00  1.4337531E-03
   7104.20  2.3428877E-04
   7104.40  1.2456100E-04
   7104.60  1.4245801E-04
   7104.80  2.5795835E-04
   7105.00  5.7342941E-04
   7105.20  1.1629664E-02
   7105.40  1.6362022E-02
   7105.60  1.9564671E-02
   7105.80  8.8708937E-04
   7106.00  1.0387067E-02
   7106.20  2.6749391E-03
   7106.40  2.3712290E-04
   7106.60  1.5410917E-03
   7106.80  2.7748257E-04
   7107.00  1.3929536E-04
   7107.20  1.5585397E-04
   7107.40  2.6183262E-03
   7107.60  3.6313195E-04
   7107.80  6.7754893E-04
   7108.00  2.6195978E-03
   7108.20  4.1836657E-03
   7108.40  2.5378378E-03
   7108.60  1.5642446E-02
   7108.80  5.9293982E-03
   7109.00  1.8134711E-03
   7109.20  5.3523002E-03
   7109.40  9.4921814E-03
   7109.60  8.0306965E-03
   7109.80  6.5585166E-03
   7110.00  8.0513313E-03
   7110.20  1.2634470E-02
   7110.40  2.4819902E-02
   7110.60  2.4768197E-02
   7110.80  5.2229471E-02
   7111.00  5.5153695E-02
   7111.20  3.8823032E-02
   7111.40  3.3041924E-02
   7111.60  3.0152974E-02
   7111.80  3.6249015E-02
   7112.00  5.7846407E-02
   7112.20  6.8178438E-02
   7112.40  7.5608068E-02
   7112.60  6.7593704E-02
   7112.80  4.2066979E-02
   7113.00  2.9162715E-02
   7113.20  2.3668557E-02
   7113.40  1.7614466E-02
   7113.60  1.3322163E-02
   7113.80  1.1163376E-02
   7114.00  9.7800541E-03
   7114.20  8.5876317E-03
   7114.40  7.4040691E-03
   7114.60  5.7554148E-03
   7114.80  4.7875100E-03
   7115.00  4.1331870E-03
   7115.20  3.7570476E-03
   7115.40  3.6585873E-03
   7115.60  3.9659185E-03
   7115.80  4.4912878E-03
   7116.00  3.2554770E-03
   7116.20  2.0338455E-03
   7116.40  1.6388425E-03
   7116.60  1.5045574E-03
   7116.80  1.4625800E-03
   7117.00  1.4717486E-03
   7117.20  1.5255587E-03
   7117.40  1.6304804E-03
   7117.60  1.7996993E-03
   7117.80  2.0522289E-03
   7118.00  2.4272752E-03
   7118.20  2.9668929E-03
   7118.40  3.4906229E-03
   7118.60  3.6937231E-03
   7118.80  3.7627118E-03
   7119.00  3.7828878E-03
   7119.20  3.7389426E-03
   7119.40  3.8879596E-03
   7119.60  4.2473386E-03
   7119.80  4.5115231E-03
   7120.00  4.5158955E-03
   7120.20  4.4347873E-03
   7120.40  4.3785451E-03
   7120.60  4.2912031E-03
   7120.80  4.2099488E-03
   7121.00  4.2744850E-03
   7121.20  4.5296779E-03
   7121.40  4.9307968E-03
   7121.60  5.4283435E-03
   7121.80  6.1300230E-03
   7122.00  7.0865626E-03
   7122.20  8.4368945E-03
   7122.40  1.0462807E-02
   7122.60  1.2909592E-02
   7122.80  1.4564481E-02
   7123.00  1.4926807E-02
   7123.20  1.5099729E-02
   7123.40  1.5951534E-02
   7123.60  1.7749939E-02
   7123.80  2.0648143E-02
   7124.00  2.4867321E-02
   7124.20  3.0623191E-02
   7124.40  3.7869605E-02
   7124.60  4.5920326E-02
   7124.80  5.3303599E-02
   7125.00  5.8433292E-02
   7125.20  6.0793086E-02
   7125.40  6.0824641E-02
   7125.60  5.9571095E-02
   7125.80  5.7418152E-02
   7126.00  5.3505346E-02
   7126.20  4.8322268E-02
   7126.40  4.3988596E-02
   7126.60  4.0957399E-02
   7126.80  3.9116713E-02
   7127.00  3.8039758E-02
   7127.20  3.7197382E-02
   7127.40  3.6261376E-02
   7127.60  3.5082154E-02
   7127.80  3.3763577E-02
   7128.00  3.2430446E-02
   7128.20  3.1184655E-02
   7128.40  3.0107382E-02
   7128.60  2.9249963E-02
   7128.80  2.8624606E-02
   7129.00  2.8216727E-02
   7129.20  2.8009037E-02
   7129.40  2.7994299E-02
   7129.60  2.8156777E-02
   7129.80  2.8437435E-02
   7130.00  2.8739160E-02
   7130.20  2.8997449E-02
   7130.40  2.9232903E-02
   7130.60  2.9515461E-02
   7130.80  2.9885121E-02
   7131.00  3.0305195E-02
   7131.20  3.0682714E-02
   7131.40  3.0932427E-02
   7131.60  3.1023192E-02
   7131.80  3.0975124E-02
   7132.00  3.0839760E-02
   7132.20  3.0689329E-02
   7132.40  3.0601883E-02
   7132.60  3.0647030E-02
   7132.80  3.0884309E-02
   7133.00  3.1348680E-02
   7133.20  3.2026911E-02
   7133.40  3.2865368E-02
   7133.60  3.3810254E-02
   7133.80  3.4840848E-02
   7134.00  3.5964177E-02
   7134.20  3.7177515E-02
   7134.40  3.8430104E-02
   7134.60  3.9625274E-02
   7134.80  4.0666094E-02
   7135.00  4.1485909E-02
   7135.20  4.2051653E-02
   7135.40  4.2382682E-02
   7135.60  4.2556851E-02
   7135.80  4.2666639E-02
   7136.00  4.2769813E-02
   7136.20  4.2880842E-02
   7136.40  4.2991282E-02
   7136.60  4.3089044E-02
   7136.80  4.3173205E-02
   7137.00  4.3258945E-02
   7137.20  4.3372878E-02
   7137.40  4.3542344E-02
   7137.60  4.3783903E-02
   7137.80  4.4099245E-02
   7138.00  4.4477562E-02
   7138.20  4.4901540E-02
   7138.40  4.5349945E-02
   7138.60  4.5799938E-02
   7138.80  4.6228392E-02
   7139.00  4.6619531E-02
   7139.20  4.6959859E-02
   7139.40  4.7213379E-02
   7139.60  4.7361553E-02
   7139.80  4.7392000E-02
   7140.00  4.7301403E-02
   7140.20  4.7096682E-02
   7140.40  4.6793818E-02
   7140.60  4.6414108E-02
   7140.80  4.5979734E-02
   7141.00  4.5511553E-02
   7141.20  4.5028931E-02
   7141.40  4.4550656E-02
   7141.60  4.4095856E-02
   7141.80  4.3683480E-02
   7142.00  4.3330172E-02
   7142.20  4.3048053E-02
   7142.40  4.2843369E-02
   7142.60  4.2716216E-02
   7142.80  4.2661635E-02
   7143.00  4.2647225E-02
   7143.20  4.2710392E-02
   7143.40  4.2811932E-02
   7143.60  4.2938028E-02
   7143.80  4.3075119E-02
   7144.00  4.3211374E-02
   7144.20  4.3337053E-02
   7144.40  4.3445533E-02
   7144.60  4.3533023E-02
   7144.80  4.3597910E-02
   7145.00  4.3639769E-02
   7145.20  4.3660880E-02
   7145.40  4.3653877E-02
   7145.60  4.3621318E-02
   7145.80  4.3562090E-02
   7146.00  4.3476173E-02
   7146.20  4.3362020E-02
   7146.40  4.3224297E-02
   7146.60  4.3066899E-02
   7146.80  4.2894671E-02
   7147.00  4.2711944E-02
   7147.20  4.2521498E-02
   7147.40  4.2330014E-02
   7147.60  4.2134220E-02
   7147.80  4.1942135E-02
   7148.00  4.1753729E-02
   7148.20  4.1570525E-02
   7148.40  4.1390306E-02
   7148.60  4.1212194E-02
   7148.80  4.1034584E-02
   7149.00  4.0855952E-02
   7149.20  4.0674324E-02
   7149.40  4.0488464E-02
   7149.60  4.0296544E-02
   7149.80  4.0097176E-02
   7150.00  3.9889140E-02
   7150.20  3.9671932E-02
   7150.40  3.9444723E-02
   7150.60  3.9207069E-02
   7150.80  3.8958966E-02
   7151.00  3.8700970E-02
   7151.20  3.8434250E-02
   7151.40  3.8160133E-02
   7151.60  3.7880151E-02
   7151.80  3.7596256E-02
   7152.00  3.7310497E-02
   7152.20  3.7025057E-02
   7152.40  3.6742175E-02
   7152.60  3.6463811E-02
   7152.80  3.6191406E-02
   7153.00  3.5926398E-02
   7153.20  3.5669830E-02
   7153.40  3.5422747E-02
   7153.60  3.5185835E-02
   7153.80  3.4960059E-02
   7154.00  3.4746022E-02
   7154.20  3.4543661E-02
   7154.40  3.4352942E-02
   7154.60  3.4173517E-02
   7154.80  3.4004534E-02
   7155.00  3.3844468E-02
   7155.20  3.3690996E-02
   7155.40  3.3540746E-02
   7155.60  3.3388932E-02
   7155.80  3.3230030E-02
   7156.00  3.3057667E-02
   7156.20  3.2864960E-02
   7156.40  3.2644906E-02
   7156.60  3.2390852E-02
   7156.80  3.2097008E-02
   7157.00  3.1759306E-02
   7157.20  3.1374879E-02
   7157.40  3.0942990E-02
   7157.60  3.0465068E-02
   7157.80  2.9944615E-02
   7158.00  2.9386816E-02
   7158.20  2.8798005E-02
   7158.40  2.8185716E-02
   7158.60  2.7558973E-02
   7158.80  2.6922700E-02
   7159.00  2.6286104E-02
   7159.20  2.5654896E-02
   7159.40  2.5035327E-02
   7159.60  2.4428932E-02
   7159.80  2.3845785E-02
   7160.00  2.3286700E-02
   7160.20  2.2754239E-02
   7160.40  2.2250296E-02
   7160.60  2.1776311E-02
   7160.80  2.1334507E-02
   7161.00  2.0924046E-02
   7161.20  2.0545423E-02
   7161.40  2.0201083E-02
   7161.60  1.9886920E-02
   7161.80  1.9602715E-02
   7162.00  1.9348146E-02
   7162.20  1.9122141E-02
   7162.40  1.8923560E-02
   7162.60  1.8751743E-02
   7162.80  1.8604841E-02
   7163.00  1.8480557E-02
   7163.20  1.8377130E-02
   7163.40  1.8293379E-02
   7163.60  1.8225702E-02
   7163.80  1.8172827E-02
   7164.00  1.8133001E-02
   7164.20  1.8103839E-02
   7164.40  1.8083456E-02
   7164.60  1.8070106E-02
   7164.80  1.8062222E-02
   7165.00  1.8058403E-02
   7165.20  1.8057638E-02
   7165.40  1.8059066E-02
   7165.60  1.8061840E-02
   7165.80  1.8065693E-02
   7166.00  1.8070440E-02
   7166.20  1.8076243E-02
   7166.40  1.8083552E-02
   7166.60  1.8092939E-02
   7166.80  1.8105468E-02
   7167.00  1.8121912E-02
   7167.20  1.8143164E-02
   7167.40  1.8170176E-02
   7167.60  1.8203953E-02
   7167.80  1.8245372E-02
   7168.00  1.8295250E-02
   7168.20  1.8354324E-02
   7168.40  1.8423248E-02
   7168.60  1.8502566E-02
   7168.80  1.8592397E-02
   7169.00  1.8692972E-02
   7169.20  1.8804297E-02
   7169.40  1.8926291E-02
   7169.60  1.9058881E-02
   7169.80  1.9201824E-02
   7170.00  1.9354787E-02
   7170.20  1.9517418E-02
   7170.40  1.9689366E-02
   7170.60  1.9870138E-02
   7170.80  2.0059297E-02
   7171.00  2.0256245E-02
   7171.20  2.0460372E-02
   7171.40  2.0671158E-02
   7171.60  2.0887927E-02
   7171.80  2.1110456E-02
   7172.00  2.1338059E-02
