  7112.000   26  1  1  3.4542650E-02 -3.1023378E+00 -2.1997245E+00  1  1  7.2661882E+03  0.0000000E+00  0.0000000E+00  3.6447704E+00  1.0000000E+00  0.0000000E+00 = E_edge, Z, n_edge, j_edge, Abs_before_edge, VO_interstitial, E_cut, ninitl, ninit1, Epsii, UnitCell_Volume, Surface_ref, f0_forward, natomsym_f, abs_u_i
    Energy    <xanes>    
   7097.00  2.2730700E-05
   7097.20  2.3645934E-05
   7097.40  2.5289519E-05
   7097.60  2.9033386E-05
   7097.80  4.2613132E-05
   7098.00  2.6557613E-04
   7098.20  1.3122932E-04
   7098.40  3.9818864E-05
   7098.60  3.1431525E-05
   7098.80  3.0242037E-05
   7099.00  3.1663316E-05
   7099.20  3.6388601E-05
   7099.40  5.3930337E-05
   7099.60  4.0974775E-04
   7099.80  1.3023671E-04
   7100.00  5.9064157E-05
   7100.20  6.4860616E-05
   7100.40  1.0896584E-04
   7100.60  7.5125014E-03
   7100.80  7.7489639E-04
   7101.00  2.4899450E-02
   7101.20  4.8256400E-04
   7101.40  6.6077298E-04
   7101.60  9.3117429E-05
   7101.80  6.5519419E-05
   7102.00  6.1827149E-05
   7102.20  7.6007951E-05
   7102.40  1.8345942E-04
   7102.60  8.0627752E-03
   7102.80  2.4677850E-03
   7103.00  2.7405675E-03
   7103.20  2.2169986E-04
   7103.40  4.7237091E-03
   7103.60  4.2990988E-03
   7103.80  2.5562636E-04
   7104.00  3.7306987E-04
   7104.20  3.9836959E-04
   7104.40  1.2131159E-04
   7104.60  1.2452241E-04
   7104.80  1.8520013E-04
   7105.00  8.6254398E-03
   7105.20  1.2596572E-03
   7105.40  3.8420103E-02
   7105.60  1.7820773E-01
   7105.80  1.2415156E-03
   7106.00  1.0901261E-03
   7106.20  1.6155388E-03
   7106.40  2.3690193E-04
   7106.60  4.2888778E-04
   7106.80  4.9690721E-04
   7107.00  1.6151311E-04
   7107.20  2.4415221E-04
   7107.40  2.6407811E-03
   7107.60  3.7520276E-04
   7107.80  1.5091919E-03
   7108.00  4.9402042E-03
   7108.20  1.2055785E-03
   7108.40  1.4973520E-02
   7108.60  9.8510634E-03
   7108.80  1.2356562E-02
   7109.00  2.2741432E-03
   7109.20  2.4685260E-03
   7109.40  1.3991240E-02
   7109.60  9.0169224E-03
   7109.80  1.4857684E-02
   7110.00  9.0012332E-03
   7110.20  7.4220350E-03
   7110.40  1.7550617E-02
   7110.60  1.8255875E-02
   7110.80  3.1360363E-02
   7111.00  4.8422625E-02
   7111.20  4.5004934E-02
   7111.40  3.3878491E-02
   7111.60  2.9607909E-02
   7111.80  3.1918270E-02
   7112.00  5.1636622E-02
   7112.20  6.4047339E-02
   7112.40  6.9623276E-02
   7112.60  7.1354882E-02
   7112.80  5.7850462E-02
   7113.00  4.0937656E-02
   7113.20  2.7210846E-02
   7113.40  1.9018706E-02
   7113.60  1.4806927E-02
   7113.80  1.2762154E-02
   7114.00  1.1347115E-02
   7114.20  9.4952494E-03
   7114.40  7.6179429E-03
   7114.60  6.2220437E-03
   7114.80  5.2544403E-03
   7115.00  4.3823058E-03
   7115.20  4.0689961E-03
   7115.40  4.0129662E-03
   7115.60  4.4096602E-03
   7115.80  5.3974024E-03
   7116.00  5.6924016E-03
   7116.20  3.4414539E-03
   7116.40  2.0422163E-03
   7116.60  1.6358793E-03
   7116.80  1.5101500E-03
   7117.00  1.4880886E-03
   7117.20  1.5275740E-03
   7117.40  1.6221517E-03
   7117.60  1.7777421E-03
   7117.80  2.0065370E-03
   7118.00  2.3273279E-03
   7118.20  2.7586087E-03
   7118.40  3.2494194E-03
   7118.60  3.6302150E-03
   7118.80  3.8569692E-03
   7119.00  4.0811597E-03
   7119.20  4.2128167E-03
   7119.40  4.1260596E-03
   7119.60  3.9887151E-03
   7119.80  3.8750540E-03
   7120.00  3.7838025E-03
   7120.20  3.7831508E-03
   7120.40  3.8568579E-03
   7120.60  3.9167727E-03
   7120.80  3.9475210E-03
   7121.00  4.0168273E-03
   7121.20  4.1805948E-03
   7121.40  4.4913128E-03
   7121.60  5.0231211E-03
   7121.80  5.8309702E-03
   7122.00  6.8921113E-03
   7122.20  8.2676744E-03
   7122.40  1.0306127E-02
   7122.60  1.2961502E-02
   7122.80  1.5263431E-02
   7123.00  1.6089559E-02
   7123.20  1.5993730E-02
   7123.40  1.6139507E-02
   7123.60  1.7067432E-02
   7123.80  1.8959642E-02
   7124.00  2.1972690E-02
   7124.20  2.6311071E-02
   7124.40  3.2108470E-02
   7124.60  3.9089431E-02
   7124.80  4.6161939E-02
   7125.00  5.1680852E-02
   7125.20  5.4706069E-02
   7125.40  5.5422972E-02
   7125.60  5.4973649E-02
   7125.80  5.4184350E-02
   7126.00  5.2352941E-02
   7126.20  4.8826296E-02
   7126.40  4.5005545E-02
   7126.60  4.1889246E-02
   7126.80  3.9576488E-02
   7127.00  3.8215970E-02
   7127.20  3.7398890E-02
   7127.40  3.6805095E-02
   7127.60  3.6100812E-02
   7127.80  3.5160103E-02
   7128.00  3.3954457E-02
   7128.20  3.2576459E-02
   7128.40  3.1220689E-02
   7128.60  3.0076397E-02
   7128.80  2.9249990E-02
   7129.00  2.8768824E-02
   7129.20  2.8615821E-02
   7129.40  2.8749785E-02
   7129.60  2.9094109E-02
   7129.80  2.9513961E-02
   7130.00  2.9843881E-02
   7130.20  2.9988584E-02
   7130.40  2.9989695E-02
   7130.60  2.9972749E-02
   7130.80  3.0039623E-02
   7131.00  3.0201566E-02
   7131.20  3.0388753E-02
   7131.40  3.0515160E-02
   7131.60  3.0538151E-02
   7131.80  3.0465583E-02
   7132.00  3.0332610E-02
   7132.20  3.0195484E-02
   7132.40  3.0131597E-02
   7132.60  3.0224972E-02
   7132.80  3.0544915E-02
   7133.00  3.1124211E-02
   7133.20  3.1949900E-02
   7133.40  3.2967650E-02
   7133.60  3.4101299E-02
   7133.80  3.5276778E-02
   7134.00  3.6439686E-02
   7134.20  3.7554320E-02
   7134.40  3.8586201E-02
   7134.60  3.9496501E-02
   7134.80  4.0254049E-02
   7135.00  4.0829963E-02
   7135.20  4.1183090E-02
   7135.40  4.1280765E-02
   7135.60  4.1134400E-02
   7135.80  4.0810253E-02
   7136.00  4.0413615E-02
   7136.20  4.0058641E-02
   7136.40  3.9841186E-02
   7136.60  3.9821825E-02
   7136.80  4.0024074E-02
   7137.00  4.0441835E-02
   7137.20  4.1048318E-02
   7137.40  4.1805121E-02
   7137.60  4.2667207E-02
   7137.80  4.3587121E-02
   7138.00  4.4518350E-02
   7138.20  4.5419910E-02
   7138.40  4.6258045E-02
   7138.60  4.7008850E-02
   7138.80  4.7679725E-02
   7139.00  4.8251671E-02
   7139.20  4.8724137E-02
   7139.40  4.9093344E-02
   7139.60  4.9355901E-02
   7139.80  4.9508408E-02
   7140.00  4.9550293E-02
   7140.20  4.9485956E-02
   7140.40  4.9325118E-02
   7140.60  4.9081035E-02
   7140.80  4.8767600E-02
   7141.00  4.8397130E-02
   7141.20  4.7979719E-02
   7141.40  4.7523562E-02
   7141.60  4.7036288E-02
   7141.80  4.6526568E-02
   7142.00  4.6005105E-02
   7142.20  4.5485478E-02
   7142.40  4.4984092E-02
   7142.60  4.4519065E-02
   7142.80  4.4108657E-02
   7143.00  4.3769057E-02
   7143.20  4.3512671E-02
   7143.40  4.3346892E-02
   7143.60  4.3273931E-02
   7143.80  4.3291165E-02
   7144.00  4.3392046E-02
   7144.20  4.3559157E-02
   7144.40  4.3795499E-02
   7144.60  4.4078275E-02
   7144.80  4.4391487E-02
   7145.00  4.4717989E-02
   7145.20  4.5040276E-02
   7145.40  4.5340972E-02
   7145.60  4.5602608E-02
   7145.80  4.5806683E-02
   7146.00  4.5955862E-02
   7146.20  4.6045465E-02
   7146.40  4.6073565E-02
   7146.60  4.6039341E-02
   7146.80  4.5943431E-02
   7147.00  4.5785717E-02
   7147.20  4.5563797E-02
   7147.40  4.5282762E-02
   7147.60  4.4941626E-02
   7147.80  4.4538878E-02
   7148.00  4.4087870E-02
   7148.20  4.3591930E-02
   7148.40  4.3072805E-02
   7148.60  4.2537395E-02
   7148.80  4.1998013E-02
   7149.00  4.1466147E-02
   7149.20  4.0950292E-02
   7149.40  4.0460572E-02
   7149.60  4.0000483E-02
   7149.80  3.9572811E-02
   7150.00  3.9178382E-02
   7150.20  3.8816829E-02
   7150.40  3.8486292E-02
   7150.60  3.8183487E-02
   7150.80  3.7904831E-02
   7151.00  3.7646574E-02
   7151.20  3.7404890E-02
   7151.40  3.7176371E-02
   7151.60  3.6957379E-02
   7151.80  3.6745106E-02
   7152.00  3.6537294E-02
   7152.20  3.6332510E-02
   7152.40  3.6129988E-02
   7152.60  3.5929959E-02
   7152.80  3.5732522E-02
   7153.00  3.5538555E-02
   7153.20  3.5349052E-02
   7153.40  3.5166045E-02
   7153.60  3.4990430E-02
   7153.80  3.4823289E-02
   7154.00  3.4665605E-02
   7154.20  3.4517864E-02
   7154.40  3.4380309E-02
   7154.60  3.4252773E-02
   7154.80  3.4134589E-02
   7155.00  3.4024490E-02
   7155.20  3.3920487E-02
   7155.40  3.3819928E-02
   7155.60  3.3718645E-02
   7155.80  3.3611734E-02
   7156.00  3.3493319E-02
   7156.20  3.3356737E-02
   7156.40  3.3194774E-02
   7156.60  3.3000036E-02
   7156.80  3.2765470E-02
   7157.00  3.2485177E-02
   7157.20  3.2154588E-02
   7157.40  3.1770814E-02
   7157.60  3.1333449E-02
   7157.80  3.0844586E-02
   7158.00  3.0308601E-02
   7158.20  2.9731568E-02
   7158.40  2.9121542E-02
   7158.60  2.8487025E-02
   7158.80  2.7838599E-02
   7159.00  2.7183085E-02
   7159.20  2.6530476E-02
   7159.40  2.5887104E-02
   7159.60  2.5260123E-02
   7159.80  2.4653779E-02
   7160.00  2.4072182E-02
   7160.20  2.3519215E-02
   7160.40  2.2995735E-02
   7160.60  2.2504903E-02
   7160.80  2.2046651E-02
   7161.00  2.1623223E-02
   7161.20  2.1230632E-02
   7161.40  2.0873444E-02
   7161.60  2.0551123E-02
   7161.80  2.0258125E-02
   7162.00  1.9995990E-02
   7162.20  1.9763400E-02
   7162.40  1.9558974E-02
   7162.60  1.9381158E-02
   7162.80  1.9228516E-02
   7163.00  1.9099145E-02
   7163.20  1.8990813E-02
   7163.40  1.8901595E-02
   7163.60  1.8829148E-02
   7163.80  1.8771296E-02
   7164.00  1.8726175E-02
   7164.20  1.8691573E-02
   7164.40  1.8665300E-02
   7164.60  1.8645530E-02
   7164.80  1.8630573E-02
   7165.00  1.8618914E-02
   7165.20  1.8609209E-02
   7165.40  1.8600755E-02
   7165.60  1.8592442E-02
   7165.80  1.8583710E-02
   7166.00  1.8574235E-02
   7166.20  1.8563923E-02
   7166.40  1.8552994E-02
   7166.60  1.8541831E-02
   7166.80  1.8531195E-02
   7167.00  1.8522148E-02
   7167.20  1.8515384E-02
   7167.40  1.8511975E-02
   7167.60  1.8513131E-02
   7167.80  1.8519971E-02
   7168.00  1.8533656E-02
   7168.20  1.8555338E-02
   7168.40  1.8586073E-02
   7168.60  1.8626847E-02
   7168.80  1.8678363E-02
   7169.00  1.8741146E-02
   7169.20  1.8815577E-02
   7169.40  1.8901899E-02
   7169.60  1.9000326E-02
   7169.80  1.9110844E-02
   7170.00  1.9233298E-02
   7170.20  1.9367492E-02
   7170.40  1.9513089E-02
   7170.60  1.9669779E-02
   7170.80  1.9837063E-02
   7171.00  2.0014708E-02
   7171.20  2.0201889E-02
   7171.40  2.0397856E-02
   7171.60  2.0601894E-02
   7171.80  2.0813208E-02
   7172.00  2.1031221E-02
