  7112.000   26  1  1  4.0225137E-02 -4.0389564E+00 -2.4234277E+00  1  1  7.2664066E+03  0.0000000E+00  0.0000000E+00  3.4490600E+00  1.0000000E+00  0.0000000E+00 = E_edge, Z, n_edge, j_edge, Abs_before_edge, VO_interstitial, E_cut, ninitl, ninit1, Epsii, UnitCell_Volume, Surface_ref, f0_forward, natomsym_f, abs_u_i
    Energy    <xanes>    
   7097.00  2.7002363E-05
   7097.20  2.9966343E-05
   7097.40  3.6304386E-05
   7097.60  5.6780222E-05
   7097.80  2.9171542E-04
   7098.00  2.9477501E-04
   7098.20  9.5261456E-05
   7098.40  1.2810573E-03
   7098.60  1.3030580E-04
   7098.80  8.8687368E-05
   7099.00  3.2893047E-04
   7099.20  1.0061456E-03
   7099.40  1.0724353E-04
   7099.60  1.0553621E-04
   7099.80  3.9980627E-04
   7100.00  2.3188007E-03
   7100.20  1.8439126E-04
   7100.40  9.8992125E-05
   7100.60  1.2947979E-04
   7100.80  1.0225551E-03
   7101.00  3.7226860E-04
   7101.20  4.2878578E-04
   7101.40  8.5462098E-03
   7101.60  1.5773734E-03
   7101.80  4.4648916E-04
   7102.00  1.4070691E-04
   7102.20  1.2325510E-04
   7102.40  2.7982835E-04
   7102.60  5.6877137E-03
   7102.80  3.2895188E-03
   7103.00  1.3434166E-02
   7103.20  4.6308195E-04
   7103.40  6.9247726E-04
   7103.60  9.9102637E-04
   7103.80  6.4811703E-04
   7104.00  1.4572725E-04
   7104.20  1.2657435E-04
   7104.40  2.3781430E-04
   7104.60  2.7400796E-02
   7104.80  3.9964665E-03
   7105.00  3.9343077E-04
   7105.20  8.9893687E-04
   7105.40  2.1194563E-04
   7105.60  2.4738419E-04
   7105.80  5.1861453E-03
   7106.00  1.1283572E-01
   7106.20  1.3377732E-02
   7106.40  2.9755338E-04
   7106.60  2.8763712E-04
   7106.80  7.5455823E-03
   7107.00  3.8632980E-04
   7107.20  1.2021786E-03
   7107.40  1.4156558E-03
   7107.60  1.6413274E-02
   7107.80  4.3987624E-03
   7108.00  3.2347885E-03
   7108.20  8.6326832E-05
   7108.40  7.3399797E-03
   7108.60  5.3172775E-03
   7108.80  1.2187581E-02
   7109.00  1.3862542E-02
   7109.20  1.2509404E-02
   7109.40  1.1351544E-02
   7109.60  2.4283270E-02
   7109.80  2.3332354E-02
   7110.00  1.7283589E-02
   7110.20  1.6009019E-02
   7110.40  2.0262225E-02
   7110.60  2.0425677E-02
   7110.80  3.6079911E-02
   7111.00  4.2192487E-02
   7111.20  4.5161627E-02
   7111.40  4.3412268E-02
   7111.60  3.6241990E-02
   7111.80  3.0395924E-02
   7112.00  2.7393227E-02
   7112.20  2.6434019E-02
   7112.40  2.4153470E-02
   7112.60  1.9892474E-02
   7112.80  1.5993529E-02
   7113.00  1.3528260E-02
   7113.20  1.2834815E-02
   7113.40  1.3531418E-02
   7113.60  1.5289702E-02
   7113.80  1.7002364E-02
   7114.00  1.7547308E-02
   7114.20  1.6881798E-02
   7114.40  1.5396433E-02
   7114.60  1.3527982E-02
   7114.80  1.1440057E-02
   7115.00  9.5461100E-03
   7115.20  8.1375653E-03
   7115.40  7.1838767E-03
   7115.60  6.5569026E-03
   7115.80  6.1562363E-03
   7116.00  5.9191496E-03
   7116.20  5.8073604E-03
   7116.40  5.7981060E-03
   7116.60  5.8814288E-03
   7116.80  6.0598289E-03
   7117.00  6.3421861E-03
   7117.20  6.7187906E-03
   7117.40  7.1263451E-03
   7117.60  7.5278041E-03
   7117.80  8.0145860E-03
   7118.00  8.6683607E-03
   7118.20  9.4293607E-03
   7118.40  1.0133495E-02
   7118.60  1.0627538E-02
   7118.80  1.0882353E-02
   7119.00  1.0951185E-02
   7119.20  1.0744825E-02
   7119.40  1.0412353E-02
   7119.60  1.0204613E-02
   7119.80  1.0244911E-02
   7120.00  1.0584883E-02
   7120.20  1.1266019E-02
   7120.40  1.2315653E-02
   7120.60  1.3699029E-02
   7120.80  1.5245654E-02
   7121.00  1.6640526E-02
   7121.20  1.7519611E-02
   7121.40  1.8082657E-02
   7121.60  1.9020043E-02
   7121.80  2.0564870E-02
   7122.00  2.2528841E-02
   7122.20  2.4746969E-02
   7122.40  2.7043020E-02
   7122.60  2.9213484E-02
   7122.80  3.1034177E-02
   7123.00  3.2291536E-02
   7123.20  3.2884814E-02
   7123.40  3.2947052E-02
   7123.60  3.2827676E-02
   7123.80  3.2917002E-02
   7124.00  3.3445457E-02
   7124.20  3.4372905E-02
   7124.40  3.5344777E-02
   7124.60  3.6045345E-02
   7124.80  3.6482572E-02
   7125.00  3.6845470E-02
   7125.20  3.7293561E-02
   7125.40  3.7872754E-02
   7125.60  3.8596691E-02
   7125.80  3.9501502E-02
   7126.00  4.0386432E-02
   7126.20  4.1139594E-02
   7126.40  4.1711279E-02
   7126.60  4.2164323E-02
   7126.80  4.2231271E-02
   7127.00  4.2036426E-02
   7127.20  4.1625771E-02
   7127.40  4.1069564E-02
   7127.60  4.0426700E-02
   7127.80  3.9741883E-02
   7128.00  3.9063496E-02
   7128.20  3.8450866E-02
   7128.40  3.7961363E-02
   7128.60  3.7628601E-02
   7128.80  3.7446307E-02
   7129.00  3.7363628E-02
   7129.20  3.7300092E-02
   7129.40  3.7179644E-02
   7129.60  3.6962858E-02
   7129.80  3.6651920E-02
   7130.00  3.6272805E-02
   7130.20  3.5852217E-02
   7130.40  3.5401898E-02
   7130.60  3.4919115E-02
   7130.80  3.4400891E-02
   7131.00  3.3856734E-02
   7131.20  3.3310628E-02
   7131.40  3.2795968E-02
   7131.60  3.2347502E-02
   7131.80  3.1991758E-02
   7132.00  3.1739926E-02
   7132.20  3.1587349E-02
   7132.40  3.1519261E-02
   7132.60  3.1522835E-02
   7132.80  3.1600844E-02
   7133.00  3.1777068E-02
   7133.20  3.2074881E-02
   7133.40  3.2472257E-02
   7133.60  3.2869478E-02
   7133.80  3.3122411E-02
   7134.00  3.3136009E-02
   7134.20  3.2920731E-02
   7134.40  3.2557591E-02
   7134.60  3.2136278E-02
   7134.80  3.1723850E-02
   7135.00  3.1372051E-02
   7135.20  3.1075459E-02
   7135.40  3.0852256E-02
   7135.60  3.0703462E-02
   7135.80  3.0629131E-02
   7136.00  3.0629720E-02
   7136.20  3.0705955E-02
   7136.40  3.0858336E-02
   7136.60  3.1086866E-02
   7136.80  3.1391860E-02
   7137.00  3.1774302E-02
   7137.20  3.2235933E-02
   7137.40  3.2778507E-02
   7137.60  3.3403245E-02
   7137.80  3.4109468E-02
   7138.00  3.4894410E-02
   7138.20  3.5752779E-02
   7138.40  3.6677473E-02
   7138.60  3.7659362E-02
   7138.80  3.8685910E-02
   7139.00  3.9741554E-02
   7139.20  4.0806980E-02
   7139.40  4.1859881E-02
   7139.60  4.2878144E-02
   7139.80  4.3916287E-02
   7140.00  4.4781538E-02
   7140.20  4.5534699E-02
   7140.40  4.6153906E-02
   7140.60  4.6621425E-02
   7140.80  4.6925358E-02
   7141.00  4.7060339E-02
   7141.20  4.7031326E-02
   7141.40  4.6850140E-02
   7141.60  4.6535988E-02
   7141.80  4.6112946E-02
   7142.00  4.5606946E-02
   7142.20  4.5043095E-02
   7142.40  4.4443621E-02
   7142.60  4.3826593E-02
   7142.80  4.3205389E-02
   7143.00  4.2589289E-02
   7143.20  4.1983453E-02
   7143.40  4.1390152E-02
   7143.60  4.0809379E-02
   7143.80  4.0240724E-02
   7144.00  3.9683557E-02
   7144.20  3.9138295E-02
   7144.40  3.8606095E-02
   7144.60  3.8090175E-02
   7144.80  3.7593938E-02
   7145.00  3.7121904E-02
   7145.20  3.6678955E-02
   7145.40  3.6268872E-02
   7145.60  3.5894866E-02
   7145.80  3.5559383E-02
   7146.00  3.5262599E-02
   7146.20  3.5004000E-02
   7146.40  3.4782096E-02
   7146.60  3.4595000E-02
   7146.80  3.4433439E-02
   7147.00  3.4300112E-02
   7147.20  3.4195660E-02
   7147.40  3.4116475E-02
   7147.60  3.4061789E-02
   7147.80  3.4031523E-02
   7148.00  3.4026120E-02
   7148.20  3.4046495E-02
   7148.40  3.4093865E-02
   7148.60  3.4169059E-02
   7148.80  3.4272855E-02
   7149.00  3.4405482E-02
   7149.20  3.4566315E-02
   7149.40  3.4753667E-02
   7149.60  3.4964678E-02
   7149.80  3.5194649E-02
   7150.00  3.5437541E-02
   7150.20  3.5686208E-02
   7150.40  3.5932879E-02
   7150.60  3.6169644E-02
   7150.80  3.6389323E-02
   7151.00  3.6585690E-02
   7151.20  3.6754099E-02
   7151.40  3.6891871E-02
   7151.60  3.6998050E-02
   7151.80  3.7073237E-02
   7152.00  3.7118997E-02
   7152.20  3.7137568E-02
   7152.40  3.7131055E-02
   7152.60  3.7101660E-02
   7152.80  3.7051195E-02
   7153.00  3.6981101E-02
   7153.20  3.6892444E-02
   7153.40  3.6785858E-02
   7153.60  3.6661731E-02
   7153.80  3.6520311E-02
   7154.00  3.6361237E-02
   7154.20  3.6184294E-02
   7154.40  3.5989308E-02
   7154.60  3.5776075E-02
   7154.80  3.5544163E-02
   7155.00  3.5293551E-02
   7155.20  3.5024457E-02
   7155.40  3.4737083E-02
   7155.60  3.4431574E-02
   7155.80  3.4109474E-02
   7156.00  3.3771924E-02
   7156.20  3.3420745E-02
   7156.40  3.3058919E-02
   7156.60  3.2688891E-02
   7156.80  3.2313302E-02
   7157.00  3.1935070E-02
   7157.20  3.1557769E-02
   7157.40  3.1183531E-02
   7157.60  3.0814238E-02
   7157.80  3.0450785E-02
   7158.00  3.0094491E-02
   7158.20  2.9749431E-02
   7158.40  2.9413254E-02
   7158.60  2.9083393E-02
   7158.80  2.8763052E-02
   7159.00  2.8450521E-02
   7159.20  2.8142956E-02
   7159.40  2.7838576E-02
   7159.60  2.7535658E-02
   7159.80  2.7232104E-02
   7160.00  2.6926614E-02
   7160.20  2.6617962E-02
   7160.40  2.6304539E-02
   7160.60  2.5985886E-02
   7160.80  2.5661180E-02
   7161.00  2.5333815E-02
   7161.20  2.5003433E-02
   7161.40  2.4672306E-02
   7161.60  2.4341576E-02
   7161.80  2.4013364E-02
   7162.00  2.3689710E-02
   7162.20  2.3372423E-02
   7162.40  2.3063410E-02
   7162.60  2.2764420E-02
   7162.80  2.2477519E-02
   7163.00  2.2203778E-02
   7163.20  2.1944195E-02
   7163.40  2.1699757E-02
   7163.60  2.1471132E-02
   7163.80  2.1258820E-02
   7164.00  2.1063222E-02
   7164.20  2.0884510E-02
   7164.40  2.0722723E-02
   7164.60  2.0577127E-02
   7164.80  2.0446816E-02
   7165.00  2.0330952E-02
   7165.20  2.0228550E-02
   7165.40  2.0138584E-02
   7165.60  2.0059991E-02
   7165.80  1.9991694E-02
   7166.00  1.9932681E-02
   7166.20  1.9882284E-02
   7166.40  1.9839705E-02
   7166.60  1.9804107E-02
   7166.80  1.9775017E-02
   7167.00  1.9752163E-02
   7167.20  1.9735331E-02
   7167.40  1.9724433E-02
   7167.60  1.9719505E-02
   7167.80  1.9720702E-02
   7168.00  1.9728213E-02
   7168.20  1.9742393E-02
   7168.40  1.9763565E-02
   7168.60  1.9791999E-02
   7168.80  1.9828012E-02
   7169.00  1.9871933E-02
   7169.20  1.9924096E-02
   7169.40  1.9984891E-02
   7169.60  2.0054526E-02
   7169.80  2.0133196E-02
   7170.00  2.0221150E-02
   7170.20  2.0318533E-02
   7170.40  2.0425260E-02
   7170.60  2.0541314E-02
   7170.80  2.0666577E-02
   7171.00  2.0800848E-02
   7171.20  2.0943965E-02
   7171.40  2.1095547E-02
   7171.60  2.1255339E-02
   7171.80  2.1423016E-02
   7172.00  2.1598271E-02
