  7112.000   26  1  1  3.3650342E-02 -3.0718652E+00 -2.7677490E+00  1  1  7.2673192E+03  0.0000000E+00  0.0000000E+00  2.7754798E+00  1.0000000E+00  0.0000000E+00 = E_edge, Z, n_edge, j_edge, Abs_before_edge, VO_interstitial, E_cut, ninitl, ninit1, Epsii, UnitCell_Volume, Surface_ref, f0_forward, natomsym_f, abs_u_i
    Energy    <xanes>    
   7097.00  1.4959389E-03
   7097.20  2.0506032E-04
   7097.40  4.1465350E-03
   7097.60  1.1477869E-04
   7097.80  5.0285847E-05
   7098.00  3.7448084E-05
   7098.20  3.4454213E-05
   7098.40  3.6229586E-05
   7098.60  4.5304749E-05
   7098.80  9.5730156E-05
   7099.00  2.3312320E-03
   7099.20  2.3489224E-04
   7099.40  1.8267522E-03
   7099.60  1.0958787E-04
   7099.80  7.6262457E-05
   7100.00  1.1745825E-04
   7100.20  8.1482928E-03
   7100.40  2.6621146E-03
   7100.60  3.8658264E-04
   7100.80  8.9449260E-05
   7101.00  5.7431568E-05
   7101.20  7.1545409E-05
   7101.40  9.1212880E-05
   7101.60  5.8442627E-05
   7101.80  1.5691036E-04
   7102.00  7.6228380E-04
   7102.20  9.3305541E-05
   7102.40  1.6933841E-03
   7102.60  1.1351603E-04
   7102.80  4.6573362E-05
   7103.00  4.9181645E-05
   7103.20  1.2020713E-04
   7103.40  1.6039890E-04
   7103.60  6.1675043E-05
   7103.80  7.0127949E-05
   7104.00  9.2100757E-04
   7104.20  1.0790867E-04
   7104.40  2.0397225E-04
   7104.60  5.9836464E-04
   7104.80  1.5845869E-03
   7105.00  1.3337938E-02
   7105.20  1.7100895E-03
   7105.40  2.2658362E-03
   7105.60  3.2703298E-04
   7105.80  2.1193515E-04
   7106.00  2.0612249E-04
   7106.20  1.2646758E-04
   7106.40  1.6693399E-04
   7106.60  3.8493197E-04
   7106.80  2.1388464E-04
   7107.00  3.6249805E-03
   7107.20  4.4991691E-03
   7107.40  1.1819025E-03
   7107.60  1.0840640E-03
   7107.80  5.1295409E-03
   7108.00  7.2212121E-03
   7108.20  2.5746854E-03
   7108.40  6.2627511E-04
   7108.60  1.4347830E-03
   7108.80  1.0409606E-03
   7109.00  2.0537774E-03
   7109.20  2.8147515E-03
   7109.40  1.0411597E-02
   7109.60  4.3363466E-03
   7109.80  6.7017149E-03
   7110.00  3.5651098E-02
   7110.20  1.6243052E-02
   7110.40  2.3297820E-02
   7110.60  2.4007038E-02
   7110.80  2.5960672E-02
   7111.00  2.9301503E-02
   7111.20  3.2922693E-02
   7111.40  3.4345226E-02
   7111.60  2.8702385E-02
   7111.80  2.5862365E-02
   7112.00  3.8668834E-02
   7112.20  7.5785550E-02
   7112.40  6.7231387E-02
   7112.60  3.1266020E-02
   7112.80  1.8956872E-02
   7113.00  1.7355389E-02
   7113.20  1.6116570E-02
   7113.40  1.1700112E-02
   7113.60  8.3526458E-03
   7113.80  6.5642755E-03
   7114.00  5.5571591E-03
   7114.20  4.8597640E-03
   7114.40  4.1947171E-03
   7114.60  3.4516573E-03
   7114.80  2.8048191E-03
   7115.00  2.5999594E-03
   7115.20  3.0477178E-03
   7115.40  2.2527630E-03
   7115.60  1.8651381E-03
   7115.80  1.8480771E-03
   7116.00  1.8843211E-03
   7116.20  1.9293457E-03
   7116.40  1.9974996E-03
   7116.60  2.0832795E-03
   7116.80  2.1865796E-03
   7117.00  2.3111366E-03
   7117.20  2.4533464E-03
   7117.40  2.5725802E-03
   7117.60  2.7164151E-03
   7117.80  2.9082006E-03
   7118.00  3.1701246E-03
   7118.20  3.3926773E-03
   7118.40  3.4396571E-03
   7118.60  3.4316182E-03
   7118.80  3.4477051E-03
   7119.00  3.4156693E-03
   7119.20  3.3287593E-03
   7119.40  3.2491507E-03
   7119.60  3.1911089E-03
   7119.80  3.1485458E-03
   7120.00  3.1249641E-03
   7120.20  3.1358618E-03
   7120.40  3.1884576E-03
   7120.60  3.2794397E-03
   7120.80  3.4051681E-03
   7121.00  3.5594860E-03
   7121.20  3.7375791E-03
   7121.40  3.9436792E-03
   7121.60  4.1898325E-03
   7121.80  4.4880392E-03
   7122.00  4.8540655E-03
   7122.20  5.2977713E-03
   7122.40  5.8271406E-03
   7122.60  6.4503157E-03
   7122.80  7.1784089E-03
   7123.00  8.0300761E-03
   7123.20  9.0332569E-03
   7123.40  1.0221904E-02
   7123.60  1.1610842E-02
   7123.80  1.3213858E-02
   7124.00  1.5035421E-02
   7124.20  1.7074460E-02
   7124.40  1.9309734E-02
   7124.60  2.1705707E-02
   7124.80  2.4206051E-02
   7125.00  2.6636119E-02
   7125.20  2.8776174E-02
   7125.40  3.0161186E-02
   7125.60  3.0942265E-02
   7125.80  3.1216029E-02
   7126.00  3.1099065E-02
   7126.20  3.0729343E-02
   7126.40  3.0205824E-02
   7126.60  2.9566563E-02
   7126.80  2.8839828E-02
   7127.00  2.8116477E-02
   7127.20  2.7499427E-02
   7127.40  2.7043363E-02
   7127.60  2.6711796E-02
   7127.80  2.6406626E-02
   7128.00  2.6060664E-02
   7128.20  2.5637182E-02
   7128.40  2.5128982E-02
   7128.60  2.4551649E-02
   7128.80  2.3935381E-02
   7129.00  2.3316204E-02
   7129.20  2.2728349E-02
   7129.40  2.2197489E-02
   7129.60  2.1735881E-02
   7129.80  2.1339607E-02
   7130.00  2.0995731E-02
   7130.20  2.0695932E-02
   7130.40  2.0450066E-02
   7130.60  2.0289873E-02
   7130.80  2.0251170E-02
   7131.00  2.0352689E-02
   7131.20  2.0591372E-02
   7131.40  2.0951544E-02
   7131.60  2.1412351E-02
   7131.80  2.1951538E-02
   7132.00  2.2547219E-02
   7132.20  2.3181244E-02
   7132.40  2.3844883E-02
   7132.60  2.4545322E-02
   7132.80  2.5307494E-02
   7133.00  2.6170082E-02
   7133.20  2.7176920E-02
   7133.40  2.8367488E-02
   7133.60  2.9761607E-02
   7133.80  3.1334842E-02
   7134.00  3.3057260E-02
   7134.20  3.4659837E-02
   7134.40  3.6035889E-02
   7134.60  3.7075833E-02
   7134.80  3.7762426E-02
   7135.00  3.8159567E-02
   7135.20  3.8368205E-02
   7135.40  3.8487202E-02
   7135.60  3.8592105E-02
   7135.80  3.8731611E-02
   7136.00  3.8934550E-02
   7136.20  3.9213489E-02
   7136.40  3.9568560E-02
   7136.60  3.9989972E-02
   7136.80  4.0461044E-02
   7137.00  4.0961302E-02
   7137.20  4.1469780E-02
   7137.40  4.1968209E-02
   7137.60  4.2443903E-02
   7137.80  4.2891122E-02
   7138.00  4.3311500E-02
   7138.20  4.3711714E-02
   7138.40  4.4102952E-02
   7138.60  4.4498472E-02
   7138.80  4.4912061E-02
   7139.00  4.5355868E-02
   7139.20  4.5838335E-02
   7139.40  4.6363134E-02
   7139.60  4.6927087E-02
   7139.80  4.7521050E-02
   7140.00  4.8130200E-02
   7140.20  4.8735705E-02
   7140.40  4.9317688E-02
   7140.60  4.9856475E-02
   7140.80  5.0336833E-02
   7141.00  5.0748880E-02
   7141.20  5.1089014E-02
   7141.40  5.1359647E-02
   7141.60  5.1597732E-02
   7141.80  5.1786314E-02
   7142.00  5.1931558E-02
   7142.20  5.2042342E-02
   7142.40  5.2126612E-02
   7142.60  5.2190691E-02
   7142.80  5.2239290E-02
   7143.00  5.2275194E-02
   7143.20  5.2299082E-02
   7143.40  5.2310671E-02
   7143.60  5.2308816E-02
   7143.80  5.2291918E-02
   7144.00  5.2258404E-02
   7144.20  5.2207224E-02
   7144.40  5.2138088E-02
   7144.60  5.2051348E-02
   7144.80  5.1948568E-02
   7145.00  5.1832236E-02
   7145.20  5.1705701E-02
   7145.40  5.1572607E-02
   7145.60  5.1436815E-02
   7145.80  5.1302160E-02
   7146.00  5.1172278E-02
   7146.20  5.1049872E-02
   7146.40  5.0937212E-02
   7146.60  5.0835883E-02
   7146.80  5.0747338E-02
   7147.00  5.0670258E-02
   7147.20  5.0605004E-02
   7147.40  5.0550520E-02
   7147.60  5.0505290E-02
   7147.80  5.0475597E-02
   7148.00  5.0442450E-02
   7148.20  5.0411517E-02
   7148.40  5.0380071E-02
   7148.60  5.0344557E-02
   7148.80  5.0304016E-02
   7149.00  5.0255348E-02
   7149.20  5.0200040E-02
   7149.40  5.0133935E-02
   7149.60  5.0060910E-02
   7149.80  4.9979299E-02
   7150.00  4.9889445E-02
   7150.20  4.9791754E-02
   7150.40  4.9686834E-02
   7150.60  4.9574935E-02
   7150.80  4.9456021E-02
   7151.00  4.9329731E-02
   7151.20  4.9195360E-02
   7151.40  4.9051962E-02
   7151.60  4.8898065E-02
   7151.80  4.8731914E-02
   7152.00  4.8551252E-02
   7152.20  4.8353614E-02
   7152.40  4.8136391E-02
   7152.60  4.7896936E-02
   7152.80  4.7631362E-02
   7153.00  4.7340285E-02
   7153.20  4.7020068E-02
   7153.40  4.6671624E-02
   7153.60  4.6293371E-02
   7153.80  4.5885953E-02
   7154.00  4.5450914E-02
   7154.20  4.4990258E-02
   7154.40  4.4500851E-02
   7154.60  4.3997506E-02
   7154.80  4.3479004E-02
   7155.00  4.2948729E-02
   7155.20  4.2410346E-02
   7155.40  4.1867516E-02
   7155.60  4.1323647E-02
   7155.80  4.0779971E-02
   7156.00  4.0238843E-02
   7156.20  3.9705305E-02
   7156.40  3.9181859E-02
   7156.60  3.8670317E-02
   7156.80  3.8172166E-02
   7157.00  3.7688856E-02
   7157.20  3.7221776E-02
   7157.40  3.6772219E-02
   7157.60  3.6341359E-02
   7157.80  3.5930289E-02
   7158.00  3.5539959E-02
   7158.20  3.5171357E-02
   7158.40  3.4825253E-02
   7158.60  3.4501587E-02
   7158.80  3.4200360E-02
   7159.00  3.3921126E-02
   7159.20  3.3658897E-02
   7159.40  3.3420615E-02
   7159.60  3.3199957E-02
   7159.80  3.2994321E-02
   7160.00  3.2800542E-02
   7160.20  3.2615071E-02
   7160.40  3.2434470E-02
   7160.60  3.2254332E-02
   7160.80  3.2070858E-02
   7161.00  3.1877699E-02
   7161.20  3.1677500E-02
   7161.40  3.1465622E-02
   7161.60  3.1240802E-02
   7161.80  3.1007075E-02
   7162.00  3.0759412E-02
   7162.20  3.0495538E-02
   7162.40  3.0219402E-02
   7162.60  2.9934047E-02
   7162.80  2.9641003E-02
   7163.00  2.9341872E-02
   7163.20  2.9038346E-02
   7163.40  2.8732111E-02
   7163.60  2.8424782E-02
   7163.80  2.8117948E-02
   7164.00  2.7812896E-02
   7164.20  2.7511402E-02
   7164.40  2.7215271E-02
   7164.60  2.6926088E-02
   7164.80  2.6645531E-02
   7165.00  2.6375439E-02
   7165.20  2.6117619E-02
   7165.40  2.5873273E-02
   7165.60  2.5643777E-02
   7165.80  2.5430242E-02
   7166.00  2.5240492E-02
   7166.20  2.5061142E-02
   7166.40  2.4899378E-02
   7166.60  2.4755126E-02
   7166.80  2.4628090E-02
   7167.00  2.4517781E-02
   7167.20  2.4423585E-02
   7167.40  2.4344789E-02
   7167.60  2.4280621E-02
   7167.80  2.4230418E-02
   7168.00  2.4193468E-02
   7168.20  2.4168972E-02
   7168.40  2.4156286E-02
   7168.60  2.4154850E-02
   7168.80  2.4164125E-02
   7169.00  2.4183621E-02
   7169.20  2.4212859E-02
   7169.40  2.4251369E-02
   7169.60  2.4298669E-02
   7169.80  2.4354382E-02
   7170.00  2.4417984E-02
   7170.20  2.4489204E-02
   7170.40  2.4567350E-02
   7170.60  2.4651761E-02
   7170.80  2.4741874E-02
   7171.00  2.4837152E-02
   7171.20  2.4937066E-02
   7171.40  2.5041174E-02
   7171.60  2.5149000E-02
   7171.80  2.5260112E-02
   7172.00  2.5374219E-02
