  7112.000   26  1  1  4.0645078E-02 -1.9510296E+00 -1.2511964E+00  1  1  7.2654450E+03  0.0000000E+00  0.0000000E+00  3.4412398E+00  1.0000000E+00  0.0000000E+00 = E_edge, Z, n_edge, j_edge, Abs_before_edge, VO_interstitial, E_cut, ninitl, ninit1, Epsii, UnitCell_Volume, Surface_ref, f0_forward, natomsym_f, abs_u_i
    Energy    <xanes>    
   7097.00  3.6144222E-05
   7097.20  2.5245819E-05
   7097.40  2.5828121E-05
   7097.60  2.3945832E-05
   7097.80  2.4060505E-05
   7098.00  2.4626185E-05
   7098.20  2.5490050E-05
   7098.40  2.6715223E-05
   7098.60  2.8452566E-05
   7098.80  3.0985734E-05
   7099.00  3.4871646E-05
   7099.20  4.1321606E-05
   7099.40  5.4083688E-05
   7099.60  9.5194209E-04
   7099.80  1.4599882E-04
   7100.00  4.4111562E-04
   7100.20  1.1481849E-02
   7100.40  8.6229146E-04
   7100.60  1.8861450E-04
   7100.80  9.2395215E-05
   7101.00  6.2603994E-05
   7101.20  5.2627747E-05
   7101.40  1.0880495E-04
   7101.60  5.7954100E-05
   7101.80  4.2717984E-05
   7102.00  4.4249884E-05
   7102.20  5.4234203E-05
   7102.40  1.0809739E-04
   7102.60  8.2099462E-04
   7102.80  6.2703760E-03
   7103.00  6.5967549E-04
   7103.20  6.7951683E-03
   7103.40  6.8057995E-04
   7103.60  3.3724643E-04
   7103.80  3.2563607E-04
   7104.00  1.0481800E-04
   7104.20  5.2491619E-05
   7104.40  4.3634212E-05
   7104.60  4.1574061E-05
   7104.80  4.2956282E-05
   7105.00  5.3468996E-05
   7105.20  1.4941916E-04
   7105.40  1.6796289E-04
   7105.60  3.0284451E-04
   7105.80  4.4591841E-04
   7106.00  9.9862377E-04
   7106.20  8.8891345E-05
   7106.40  1.0455786E-03
   7106.60  1.5552806E-04
   7106.80  4.1191050E-04
   7107.00  1.0065542E-01
   7107.20  3.9808845E-03
   7107.40  3.7320477E-04
   7107.60  1.2432037E-03
   7107.80  8.4982333E-04
   7108.00  1.5052693E-02
   7108.20  3.0814778E-04
   7108.40  1.8865825E-03
   7108.60  3.0619673E-04
   7108.80  3.4443889E-04
   7109.00  6.7760808E-03
   7109.20  1.3140494E-03
   7109.40  1.6795426E-03
   7109.60  1.7974140E-02
   7109.80  6.3669591E-03
   7110.00  1.2687252E-02
   7110.20  2.8611739E-02
   7110.40  5.7214235E-04
   7110.60  4.5475829E-03
   7110.80  1.1528522E-02
   7111.00  4.9039394E-02
   7111.20  2.5443944E-02
   7111.40  2.3692783E-02
   7111.60  1.4057514E-02
   7111.80  1.1286747E-02
   7112.00  1.9073859E-02
   7112.20  6.0014575E-03
   7112.40  5.5932044E-03
   7112.60  6.1549983E-03
   7112.80  5.9566487E-03
   7113.00  6.7724922E-03
   7113.20  8.8503440E-03
   7113.40  1.3274374E-02
   7113.60  1.9844449E-02
   7113.80  2.6839909E-02
   7114.00  3.6467871E-02
   7114.20  1.4429025E-01
   7114.40  4.7342843E-02
   7114.60  1.6512288E-02
   7114.80  9.9022606E-03
   7115.00  7.2326917E-03
   7115.20  5.8204084E-03
   7115.40  4.7296981E-03
   7115.60  4.2666401E-03
   7115.80  3.9749913E-03
   7116.00  3.8228851E-03
   7116.20  3.7939733E-03
   7116.40  3.8775679E-03
   7116.60  4.0732162E-03
   7116.80  4.3953493E-03
   7117.00  4.8791842E-03
   7117.20  5.5894676E-03
   7117.40  6.6258648E-03
   7117.60  8.0762128E-03
   7117.80  9.7875147E-03
   7118.00  1.1290869E-02
   7118.20  1.2539061E-02
   7118.40  1.3757876E-02
   7118.60  1.5169677E-02
   7118.80  1.6427148E-02
   7119.00  1.6839771E-02
   7119.20  1.6381411E-02
   7119.40  1.5503495E-02
   7119.60  1.4592023E-02
   7119.80  1.3832781E-02
   7120.00  1.3279753E-02
   7120.20  1.2930425E-02
   7120.40  1.2769180E-02
   7120.60  1.2790038E-02
   7120.80  1.3011018E-02
   7121.00  1.3486813E-02
   7121.20  1.4321075E-02
   7121.40  1.5670703E-02
   7121.60  1.7692727E-02
   7121.80  2.0281409E-02
   7122.00  2.2356502E-02
   7122.20  2.2542263E-02
   7122.40  2.1179338E-02
   7122.60  1.9745121E-02
   7122.80  1.8921698E-02
   7123.00  1.8852896E-02
   7123.20  1.9346330E-02
   7123.40  2.0182227E-02
   7123.60  2.0994606E-02
   7123.80  2.1729797E-02
   7124.00  2.2607814E-02
   7124.20  2.3426449E-02
   7124.40  2.3638653E-02
   7124.60  2.3167452E-02
   7124.80  2.2344426E-02
   7125.00  2.1530701E-02
   7125.20  2.0967962E-02
   7125.40  2.0771351E-02
   7125.60  2.0990305E-02
   7125.80  2.1696277E-02
   7126.00  2.2882656E-02
   7126.20  2.4602659E-02
   7126.40  2.6842904E-02
   7126.60  2.9464258E-02
   7126.80  3.2150584E-02
   7127.00  3.4570211E-02
   7127.20  3.6588002E-02
   7127.40  3.8193604E-02
   7127.60  3.9382938E-02
   7127.80  4.0151540E-02
   7128.00  4.0433062E-02
   7128.20  4.0309243E-02
   7128.40  3.9904332E-02
   7128.60  3.9404088E-02
   7128.80  3.9018026E-02
   7129.00  3.8900250E-02
   7129.20  3.9053420E-02
   7129.40  3.9291923E-02
   7129.60  3.9329167E-02
   7129.80  3.8969824E-02
   7130.00  3.8240021E-02
   7130.20  3.7340600E-02
   7130.40  3.6510624E-02
   7130.60  3.5926336E-02
   7130.80  3.5671434E-02
   7131.00  3.5753108E-02
   7131.20  3.6136627E-02
   7131.40  3.6781280E-02
   7131.60  3.7672172E-02
   7131.80  3.8806003E-02
   7132.00  4.0167781E-02
   7132.20  4.1727780E-02
   7132.40  4.3427180E-02
   7132.60  4.5179634E-02
   7132.80  4.6881736E-02
   7133.00  4.8427411E-02
   7133.20  4.9749957E-02
   7133.40  5.0726257E-02
   7133.60  5.1349538E-02
   7133.80  5.1619536E-02
   7134.00  5.1586920E-02
   7134.20  5.1239305E-02
   7134.40  5.0685312E-02
   7134.60  5.0023881E-02
   7134.80  4.9330226E-02
   7135.00  4.8640804E-02
   7135.20  4.7972053E-02
   7135.40  4.7332361E-02
   7135.60  4.6725055E-02
   7135.80  4.6149030E-02
   7136.00  4.5600505E-02
   7136.20  4.5074967E-02
   7136.40  4.4568308E-02
   7136.60  4.4078080E-02
   7136.80  4.3603691E-02
   7137.00  4.3146550E-02
   7137.20  4.2709221E-02
   7137.40  4.2304697E-02
   7137.60  4.1922787E-02
   7137.80  4.1564695E-02
   7138.00  4.1230507E-02
   7138.20  4.0919224E-02
   7138.40  4.0628939E-02
   7138.60  4.0356944E-02
   7138.80  4.0099732E-02
   7139.00  3.9852965E-02
   7139.20  3.9611448E-02
   7139.40  3.9369178E-02
   7139.60  3.9119896E-02
   7139.80  3.8857613E-02
   7140.00  3.8577714E-02
   7140.20  3.8278428E-02
   7140.40  3.7962268E-02
   7140.60  3.7636175E-02
   7140.80  3.7308830E-02
   7141.00  3.6983208E-02
   7141.20  3.6666651E-02
   7141.40  3.6352331E-02
   7141.60  3.6035614E-02
   7141.80  3.5713053E-02
   7142.00  3.5383260E-02
   7142.20  3.5046376E-02
   7142.40  3.4703560E-02
   7142.60  3.4356615E-02
   7142.80  3.4007739E-02
   7143.00  3.3658891E-02
   7143.20  3.3312498E-02
   7143.40  3.2970973E-02
   7143.60  3.2639189E-02
   7143.80  3.2327290E-02
   7144.00  3.2027924E-02
   7144.20  3.1743389E-02
   7144.40  3.1476124E-02
   7144.60  3.1227912E-02
   7144.80  3.1000292E-02
   7145.00  3.0794675E-02
   7145.20  3.0611618E-02
   7145.40  3.0451406E-02
   7145.60  3.0313941E-02
   7145.80  3.0198149E-02
   7146.00  3.0102378E-02
   7146.20  3.0024138E-02
   7146.40  2.9960410E-02
   7146.60  2.9907246E-02
   7146.80  2.9860474E-02
   7147.00  2.9816050E-02
   7147.20  2.9770510E-02
   7147.40  2.9721269E-02
   7147.60  2.9666648E-02
   7147.80  2.9606355E-02
   7148.00  2.9541404E-02
   7148.20  2.9473869E-02
   7148.40  2.9406338E-02
   7148.60  2.9341739E-02
   7148.80  2.9283212E-02
   7149.00  2.9234002E-02
   7149.20  2.9197742E-02
   7149.40  2.9174717E-02
   7149.60  2.9176548E-02
   7149.80  2.9192130E-02
   7150.00  2.9230982E-02
   7150.20  2.9298765E-02
   7150.40  2.9393013E-02
   7150.60  2.9518683E-02
   7150.80  2.9681524E-02
   7151.00  2.9879960E-02
   7151.20  3.0114093E-02
   7151.40  3.0382432E-02
   7151.60  3.0681246E-02
   7151.80  3.1004041E-02
   7152.00  3.1341391E-02
   7152.20  3.1681198E-02
   7152.40  3.2009134E-02
   7152.60  3.2309719E-02
   7152.80  3.2568221E-02
   7153.00  3.2772288E-02
   7153.20  3.2913367E-02
   7153.40  3.2987301E-02
   7153.60  3.2994697E-02
   7153.80  3.2933191E-02
   7154.00  3.2823880E-02
   7154.20  3.2664994E-02
   7154.40  3.2472679E-02
   7154.60  3.2253878E-02
   7154.80  3.2015639E-02
   7155.00  3.1764945E-02
   7155.20  3.1507130E-02
   7155.40  3.1245752E-02
   7155.60  3.0984059E-02
   7155.80  3.0724552E-02
   7156.00  3.0468077E-02
   7156.20  3.0215725E-02
   7156.40  2.9968625E-02
   7156.60  2.9727306E-02
   7156.80  2.9491747E-02
   7157.00  2.9262248E-02
   7157.20  2.9039083E-02
   7157.40  2.8823113E-02
   7157.60  2.8613920E-02
   7157.80  2.8411463E-02
   7158.00  2.8215901E-02
   7158.20  2.8027488E-02
   7158.40  2.7846935E-02
   7158.60  2.7673883E-02
   7158.80  2.7508608E-02
   7159.00  2.7351403E-02
   7159.20  2.7202604E-02
   7159.40  2.7062783E-02
   7159.60  2.6932584E-02
   7159.80  2.6811968E-02
   7160.00  2.6701389E-02
   7160.20  2.6601302E-02
   7160.40  2.6512210E-02
   7160.60  2.6434452E-02
   7160.80  2.6368785E-02
   7161.00  2.6314993E-02
   7161.20  2.6270417E-02
   7161.40  2.6240217E-02
   7161.60  2.6220480E-02
   7161.80  2.6212689E-02
   7162.00  2.6215214E-02
   7162.20  2.6227292E-02
   7162.40  2.6247842E-02
   7162.60  2.6275302E-02
   7162.80  2.6308786E-02
   7163.00  2.6347186E-02
   7163.20  2.6386362E-02
   7163.40  2.6426334E-02
   7163.60  2.6465703E-02
   7163.80  2.6503165E-02
   7164.00  2.6537920E-02
   7164.20  2.6568806E-02
   7164.40  2.6595060E-02
   7164.60  2.6616330E-02
   7164.80  2.6632517E-02
   7165.00  2.6644103E-02
   7165.20  2.6649874E-02
   7165.40  2.6650883E-02
   7165.60  2.6647518E-02
   7165.80  2.6640516E-02
   7166.00  2.6630222E-02
   7166.20  2.6617347E-02
   7166.40  2.6602356E-02
   7166.60  2.6585908E-02
   7166.80  2.6568696E-02
   7167.00  2.6551303E-02
   7167.20  2.6534207E-02
   7167.40  2.6517982E-02
   7167.60  2.6503086E-02
   7167.80  2.6490309E-02
   7168.00  2.6480124E-02
   7168.20  2.6472945E-02
   7168.40  2.6469188E-02
   7168.60  2.6469326E-02
   7168.80  2.6473873E-02
   7169.00  2.6483442E-02
   7169.20  2.6498328E-02
   7169.40  2.6518959E-02
   7169.60  2.6545726E-02
   7169.80  2.6579009E-02
   7170.00  2.6619439E-02
   7170.20  2.6667239E-02
   7170.40  2.6722518E-02
   7170.60  2.6785549E-02
   7170.80  2.6856502E-02
   7171.00  2.6935497E-02
   7171.20  2.7022777E-02
   7171.40  2.7118182E-02
   7171.60  2.7221690E-02
   7171.80  2.7333131E-02
   7172.00  2.7452400E-02
