  7112.000   26  1  1  2.3333291E-02 -3.8586048E+00 -6.7796668E-01  1  1  7.2654244E+03  0.0000000E+00  0.0000000E+00  2.9676876E+00  1.0000000E+00  0.0000000E+00 = E_edge, Z, n_edge, j_edge, Abs_before_edge, VO_interstitial, E_cut, ninitl, ninit1, Epsii, UnitCell_Volume, Surface_ref, f0_forward, natomsym_f, abs_u_i
    Energy    <xanes>    
   7097.00  6.4011114E-05
   7097.20  5.2032729E-05
   7097.40  4.6461171E-05
   7097.60  4.4479658E-05
   7097.80  4.5376385E-05
   7098.00  4.9809956E-05
   7098.20  6.0778080E-05
   7098.40  8.9311313E-05
   7098.60  1.9795099E-04
   7098.80  2.3500311E-03
   7099.00  1.5094724E-03
   7099.20  6.1817423E-04
   7099.40  1.6315658E-04
   7099.60  5.0650578E-04
   7099.80  2.3582873E-04
   7100.00  7.2063443E-05
   7100.20  5.4174098E-05
   7100.40  5.4577294E-05
   7100.60  1.1769383E-04
   7100.80  5.0688265E-04
   7101.00  9.2144005E-05
   7101.20  7.0837286E-05
   7101.40  1.1228273E-04
   7101.60  1.0567693E-03
   7101.80  2.2466995E-02
   7102.00  1.8925727E-03
   7102.20  2.0198093E-04
   7102.40  8.0262848E-05
   7102.60  6.7034934E-05
   7102.80  1.2535720E-04
   7103.00  1.5753862E-04
   7103.20  4.8675691E-03
   7103.40  1.0292984E-04
   7103.60  6.9089279E-05
   7103.80  7.1284157E-05
   7104.00  9.4356562E-05
   7104.20  2.2272743E-04
   7104.40  9.9515301E-03
   7104.60  1.8895039E-02
   7104.80  2.1411392E-04
   7105.00  3.0805167E-04
   7105.20  8.1555558E-03
   7105.40  8.8947488E-03
   7105.60  1.0866983E-03
   7105.80  1.8630247E-03
   7106.00  2.1395148E-04
   7106.20  1.7832184E-04
   7106.40  2.3445895E-04
   7106.60  1.1099203E-03
   7106.80  7.8893259E-02
   7107.00  1.2652543E-03
   7107.20  3.4504591E-02
   7107.40  4.8047431E-03
   7107.60  1.6976258E-02
   7107.80  8.5438182E-03
   7108.00  8.5952686E-03
   7108.20  5.7067589E-03
   7108.40  1.0033807E-03
   7108.60  1.0205647E-02
   7108.80  1.7767911E-02
   7109.00  5.2387445E-02
   7109.20  3.2274349E-02
   7109.40  3.5904318E-02
   7109.60  3.0358376E-02
   7109.80  3.2125366E-02
   7110.00  2.2789314E-02
   7110.20  2.0100904E-02
   7110.40  2.0671550E-02
   7110.60  1.7059226E-02
   7110.80  1.7582273E-02
   7111.00  1.8964190E-02
   7111.20  2.2933272E-02
   7111.40  2.9660554E-02
   7111.60  3.0096776E-02
   7111.80  2.0004832E-02
   7112.00  8.2454280E-03
   7112.20  5.7371646E-03
   7112.40  5.1335528E-03
   7112.60  4.7876286E-03
   7112.80  4.2200506E-03
   7113.00  3.4017211E-03
   7113.20  2.7172553E-03
   7113.40  2.2946432E-03
   7113.60  2.0173011E-03
   7113.80  1.8832307E-03
   7114.00  1.9565823E-03
   7114.20  2.5028194E-03
   7114.40  1.9511579E-03
   7114.60  2.1819022E-03
   7114.80  4.5636634E-03
   7115.00  2.0530551E-03
   7115.20  1.3227138E-03
   7115.40  1.2539232E-03
   7115.60  1.2803529E-03
   7115.80  1.3011691E-03
   7116.00  1.3014788E-03
   7116.20  1.3019571E-03
   7116.40  1.3247694E-03
   7116.60  1.3749342E-03
   7116.80  1.4412782E-03
   7117.00  1.5054272E-03
   7117.20  1.5556261E-03
   7117.40  1.5966390E-03
   7117.60  1.6451663E-03
   7117.80  1.7176385E-03
   7118.00  1.8224504E-03
   7118.20  1.9582769E-03
   7118.40  2.1165676E-03
   7118.60  2.2841159E-03
   7118.80  2.4419747E-03
   7119.00  2.5688797E-03
   7119.20  2.6506047E-03
   7119.40  2.6850538E-03
   7119.60  2.6801243E-03
   7119.80  2.6493717E-03
   7120.00  2.6085132E-03
   7120.20  2.5722747E-03
   7120.40  2.5518860E-03
   7120.60  2.5542549E-03
   7120.80  2.5821994E-03
   7121.00  2.6340302E-03
   7121.20  2.7060555E-03
   7121.40  2.7884661E-03
   7121.60  2.8853935E-03
   7121.80  3.0064676E-03
   7122.00  3.1769228E-03
   7122.20  3.3882671E-03
   7122.40  3.6840349E-03
   7122.60  4.0836781E-03
   7122.80  4.6191339E-03
   7123.00  5.3197419E-03
   7123.20  6.2071681E-03
   7123.40  7.2999410E-03
   7123.60  8.6090225E-03
   7123.80  1.0104028E-02
   7124.00  1.1716435E-02
   7124.20  1.3339879E-02
   7124.40  1.4913503E-02
   7124.60  1.6503285E-02
   7124.80  1.8184773E-02
   7125.00  1.9802087E-02
   7125.20  2.1042692E-02
   7125.40  2.1925967E-02
   7125.60  2.2564095E-02
   7125.80  2.2773405E-02
   7126.00  2.2411645E-02
   7126.20  2.1756919E-02
   7126.40  2.1223097E-02
   7126.60  2.1037086E-02
   7126.80  2.1236020E-02
   7127.00  2.1728769E-02
   7127.20  2.2352734E-02
   7127.40  2.2967813E-02
   7127.60  2.3647818E-02
   7127.80  2.4555733E-02
   7128.00  2.5671178E-02
   7128.20  2.6916779E-02
   7128.40  2.8320214E-02
   7128.60  2.9993595E-02
   7128.80  3.2061664E-02
   7129.00  3.4620117E-02
   7129.20  3.7683841E-02
   7129.40  4.1157038E-02
   7129.60  4.4819615E-02
   7129.80  4.8372880E-02
   7130.00  5.1557989E-02
   7130.20  5.4264029E-02
   7130.40  5.6491679E-02
   7130.60  5.8258076E-02
   7130.80  5.9544596E-02
   7131.00  6.0331706E-02
   7131.20  6.0672082E-02
   7131.40  6.0718815E-02
   7131.60  6.0675863E-02
   7131.80  6.0712124E-02
   7132.00  6.0898818E-02
   7132.20  6.1194799E-02
   7132.40  6.1485323E-02
   7132.60  6.1668299E-02
   7132.80  6.1721942E-02
   7133.00  6.1700971E-02
   7133.20  6.1686858E-02
   7133.40  6.1750913E-02
   7133.60  6.1947876E-02
   7133.80  6.2311988E-02
   7134.00  6.2834617E-02
   7134.20  6.3432747E-02
   7134.40  6.3946460E-02
   7134.60  6.4218359E-02
   7134.80  6.4235111E-02
   7135.00  6.4169412E-02
   7135.20  6.4233490E-02
   7135.40  6.4510627E-02
   7135.60  6.4931640E-02
   7135.80  6.5344819E-02
   7136.00  6.5596548E-02
   7136.20  6.5575801E-02
   7136.40  6.5227147E-02
   7136.60  6.4546442E-02
   7136.80  6.3566994E-02
   7137.00  6.2343177E-02
   7137.20  6.0935534E-02
   7137.40  5.9400797E-02
   7137.60  5.7786337E-02
   7137.80  5.6130043E-02
   7138.00  5.4464801E-02
   7138.20  5.2816901E-02
   7138.40  5.1206120E-02
   7138.60  4.9648215E-02
   7138.80  4.8154830E-02
   7139.00  4.6734808E-02
   7139.20  4.5393191E-02
   7139.40  4.4133286E-02
   7139.60  4.2956034E-02
   7139.80  4.1860252E-02
   7140.00  4.0844076E-02
   7140.20  3.9904466E-02
   7140.40  3.9037620E-02
   7140.60  3.8239483E-02
   7140.80  3.7506115E-02
   7141.00  3.6833434E-02
   7141.20  3.6217536E-02
   7141.40  3.5654702E-02
   7141.60  3.5141784E-02
   7141.80  3.4675766E-02
   7142.00  3.4253926E-02
   7142.20  3.3858472E-02
   7142.40  3.3518393E-02
   7142.60  3.3218396E-02
   7142.80  3.2952648E-02
   7143.00  3.2719773E-02
   7143.20  3.2518507E-02
   7143.40  3.2347701E-02
   7143.60  3.2206379E-02
   7143.80  3.2093647E-02
   7144.00  3.2008771E-02
   7144.20  3.1951250E-02
   7144.40  3.1920821E-02
   7144.60  3.1917627E-02
   7144.80  3.1942201E-02
   7145.00  3.1995350E-02
   7145.20  3.2078342E-02
   7145.40  3.2192797E-02
   7145.60  3.2340631E-02
   7145.80  3.2523958E-02
   7146.00  3.2744946E-02
   7146.20  3.3005667E-02
   7146.40  3.3307833E-02
   7146.60  3.3652785E-02
   7146.80  3.4041267E-02
   7147.00  3.4473655E-02
   7147.20  3.4948084E-02
   7147.40  3.5462550E-02
   7147.60  3.6013375E-02
   7147.80  3.6595335E-02
   7148.00  3.7201236E-02
   7148.20  3.7821979E-02
   7148.40  3.8446389E-02
   7148.60  3.9071848E-02
   7148.80  3.9661941E-02
   7149.00  4.0211712E-02
   7149.20  4.0701381E-02
   7149.40  4.1115162E-02
   7149.60  4.1437008E-02
   7149.80  4.1653508E-02
   7150.00  4.1756576E-02
   7150.20  4.1735591E-02
   7150.40  4.1596199E-02
   7150.60  4.1344994E-02
   7150.80  4.0997561E-02
   7151.00  4.0566725E-02
   7151.20  4.0066111E-02
   7151.40  3.9510414E-02
   7151.60  3.8904755E-02
   7151.80  3.8281233E-02
   7152.00  3.7641236E-02
   7152.20  3.6994136E-02
   7152.40  3.6346845E-02
   7152.60  3.5704515E-02
   7152.80  3.5070872E-02
   7153.00  3.4448610E-02
   7153.20  3.3839394E-02
   7153.40  3.3243663E-02
   7153.60  3.2661631E-02
   7153.80  3.2093154E-02
   7154.00  3.1537894E-02
   7154.20  3.0995305E-02
   7154.40  3.0464011E-02
   7154.60  2.9942795E-02
   7154.80  2.9430355E-02
   7155.00  2.8925312E-02
   7155.20  2.8426400E-02
   7155.40  2.7932577E-02
   7155.60  2.7442592E-02
   7155.80  2.6955792E-02
   7156.00  2.6471856E-02
   7156.20  2.5990982E-02
   7156.40  2.5513834E-02
   7156.60  2.5041757E-02
   7156.80  2.4576480E-02
   7157.00  2.4119790E-02
   7157.20  2.3674150E-02
   7157.40  2.3242294E-02
   7157.60  2.2827144E-02
   7157.80  2.2431681E-02
   7158.00  2.2058804E-02
   7158.20  2.1711374E-02
   7158.40  2.1391577E-02
   7158.60  2.1100957E-02
   7158.80  2.0840674E-02
   7159.00  2.0611205E-02
   7159.20  2.0412303E-02
   7159.40  2.0243729E-02
   7159.60  2.0104076E-02
   7159.80  1.9990407E-02
   7160.00  1.9899910E-02
   7160.20  1.9828887E-02
   7160.40  1.9774682E-02
   7160.60  1.9730738E-02
   7160.80  1.9700464E-02
   7161.00  1.9673031E-02
   7161.20  1.9642848E-02
   7161.40  1.9612042E-02
   7161.60  1.9584938E-02
   7161.80  1.9550446E-02
   7162.00  1.9514759E-02
   7162.20  1.9479038E-02
   7162.40  1.9444948E-02
   7162.60  1.9415857E-02
   7162.80  1.9390889E-02
   7163.00  1.9373327E-02
   7163.20  1.9364773E-02
   7163.40  1.9366500E-02
   7163.60  1.9379475E-02
   7163.80  1.9405286E-02
   7164.00  1.9443837E-02
   7164.20  1.9494780E-02
   7164.40  1.9558292E-02
   7164.60  1.9633511E-02
   7164.80  1.9719840E-02
   7165.00  1.9816465E-02
   7165.20  1.9918897E-02
   7165.40  2.0032900E-02
   7165.60  2.0153632E-02
   7165.80  2.0279399E-02
   7166.00  2.0408730E-02
   7166.20  2.0540252E-02
   7166.40  2.0672814E-02
   7166.60  2.0805244E-02
   7166.80  2.0936398E-02
   7167.00  2.1065367E-02
   7167.20  2.1191428E-02
   7167.40  2.1314001E-02
   7167.60  2.1432870E-02
   7167.80  2.1547705E-02
   7168.00  2.1658364E-02
   7168.20  2.1764824E-02
   7168.40  2.1867144E-02
   7168.60  2.1965582E-02
   7168.80  2.2060540E-02
   7169.00  2.2152421E-02
   7169.20  2.2242132E-02
   7169.40  2.2329538E-02
   7169.60  2.2415224E-02
   7169.80  2.2499783E-02
   7170.00  2.2583810E-02
   7170.20  2.2667930E-02
   7170.40  2.2752810E-02
   7170.60  2.2838808E-02
   7170.80  2.2926415E-02
   7171.00  2.3016074E-02
   7171.20  2.3108201E-02
   7171.40  2.3203196E-02
   7171.60  2.3301232E-02
   7171.80  2.3402521E-02
   7172.00  2.3507314E-02
