  7112.000   26  1  1  1.4355628E-02 -2.4337107E+00 -1.9532871E+00  1  1  7.2656703E+03  0.0000000E+00  0.0000000E+00  2.1753628E+00  1.0000000E+00  0.0000000E+00 = E_edge, Z, n_edge, j_edge, Abs_before_edge, VO_interstitial, E_cut, ninitl, ninit1, Epsii, UnitCell_Volume, Surface_ref, f0_forward, natomsym_f, abs_u_i
    Energy    <xanes>    
   7097.00  2.2558878E-05
   7097.20  2.0298599E-04
   7097.40  2.1628936E-05
   7097.60  2.0256168E-05
   7097.80  2.0029806E-05
   7098.00  2.0007429E-05
   7098.20  2.0062414E-05
   7098.40  2.0166584E-05
   7098.60  2.0316711E-05
   7098.80  2.0521823E-05
   7099.00  2.0804073E-05
   7099.20  2.1208909E-05
   7099.40  2.1833693E-05
   7099.60  2.2916474E-05
   7099.80  2.5173294E-05
   7100.00  3.1682996E-05
   7100.20  7.1800767E-05
   7100.40  1.8778833E-03
   7100.60  5.1208322E-05
   7100.80  3.0391635E-05
   7101.00  2.6977202E-05
   7101.20  8.4358319E-05
   7101.40  2.6417223E-05
   7101.60  2.5672835E-05
   7101.80  2.6819623E-05
   7102.00  2.9793173E-05
   7102.20  3.8673691E-05
   7102.40  9.6318106E-05
   7102.60  1.2996104E-03
   7102.80  6.2523951E-05
   7103.00  4.7663696E-05
   7103.20  2.3376345E-04
   7103.40  7.5500835E-05
   7103.60  4.6421374E-05
   7103.80  7.7213991E-05
   7104.00  3.2674571E-04
   7104.20  2.2918918E-04
   7104.40  4.7081863E-05
   7104.60  4.3306932E-05
   7104.80  5.1359408E-05
   7105.00  8.5477709E-05
   7105.20  5.7220503E-04
   7105.40  3.8784653E-04
   7105.60  8.3556762E-05
   7105.80  5.8172250E-05
   7106.00  5.4204578E-05
   7106.20  7.4981372E-05
   7106.40  6.3753458E-05
   7106.60  8.5513113E-05
   7106.80  2.5891293E-04
   7107.00  1.4351351E-04
   7107.20  4.6831339E-04
   7107.40  1.1256190E-03
   7107.60  5.3575525E-02
   7107.80  1.0750335E-03
   7108.00  2.9328863E-04
   7108.20  2.0122331E-04
   7108.40  4.3366367E-04
   7108.60  4.4935601E-04
   7108.80  1.6085019E-02
   7109.00  8.5575033E-04
   7109.20  9.8515177E-02
   7109.40  1.9005472E-03
   7109.60  5.9456822E-03
   7109.80  1.7277220E-03
   7110.00  2.9377410E-03
   7110.20  1.7996749E-02
   7110.40  2.4284941E-02
   7110.60  2.0195043E-02
   7110.80  1.3322463E-02
   7111.00  4.4061349E-03
   7111.20  3.1567995E-03
   7111.40  3.4938809E-03
   7111.60  6.0674621E-03
   7111.80  1.0462650E-02
   7112.00  1.0460033E-02
   7112.20  1.1884715E-02
   7112.40  2.5196209E-02
   7112.60  7.1275235E-02
   7112.80  4.8227092E-02
   7113.00  3.2759724E-02
   7113.20  3.8096432E-02
   7113.40  5.9320266E-02
   7113.60  9.8460019E-02
   7113.80  1.2768423E-01
   7114.00  9.9237455E-02
   7114.20  6.0724739E-02
   7114.40  3.9772752E-02
   7114.60  2.8855539E-02
   7114.80  2.2615792E-02
   7115.00  1.8720739E-02
   7115.20  1.6115709E-02
   7115.40  1.4280250E-02
   7115.60  1.2850582E-02
   7115.80  1.1842878E-02
   7116.00  1.1051376E-02
   7116.20  1.0412050E-02
   7116.40  9.7986095E-03
   7116.60  9.4125554E-03
   7116.80  9.1733403E-03
   7117.00  9.1232687E-03
   7117.20  9.2975056E-03
   7117.40  9.6789294E-03
   7117.60  1.0171184E-02
   7117.80  1.0607546E-02
   7118.00  1.0733760E-02
   7118.20  1.0377425E-02
   7118.40  9.7340240E-03
   7118.60  9.1105129E-03
   7118.80  8.6295960E-03
   7119.00  8.2726917E-03
   7119.20  8.0000892E-03
   7119.40  7.8058434E-03
   7119.60  7.7030736E-03
   7119.80  7.6941481E-03
   7120.00  7.7533583E-03
   7120.20  7.8118096E-03
   7120.40  7.7207481E-03
   7120.60  7.2482237E-03
   7120.80  6.4860966E-03
   7121.00  5.9701501E-03
   7121.20  5.7746823E-03
   7121.40  5.7550388E-03
   7121.60  5.8196390E-03
   7121.80  5.9270465E-03
   7122.00  6.0549983E-03
   7122.20  6.1734617E-03
   7122.40  6.2742146E-03
   7122.60  6.3984181E-03
   7122.80  6.5479240E-03
   7123.00  6.7154537E-03
   7123.20  6.9115610E-03
   7123.40  7.1723654E-03
   7123.60  7.5073042E-03
   7123.80  7.8350883E-03
   7124.00  8.0700922E-03
   7124.20  8.2584466E-03
   7124.40  8.4597259E-03
   7124.60  8.7109331E-03
   7124.80  9.0332713E-03
   7125.00  9.4437362E-03
   7125.20  9.9586520E-03
   7125.40  1.0592552E-02
   7125.60  1.1353109E-02
   7125.80  1.2231051E-02
   7126.00  1.3185411E-02
   7126.20  1.4130412E-02
   7126.40  1.4941015E-02
   7126.60  1.5495935E-02
   7126.80  1.5735232E-02
   7127.00  1.5723250E-02
   7127.20  1.5571874E-02
   7127.40  1.5382999E-02
   7127.60  1.5191641E-02
   7127.80  1.5112790E-02
   7128.00  1.5164554E-02
   7128.20  1.5388222E-02
   7128.40  1.5818216E-02
   7128.60  1.6604518E-02
   7128.80  1.7566584E-02
   7129.00  1.8833402E-02
   7129.20  2.0454795E-02
   7129.40  2.2468717E-02
   7129.60  2.4885363E-02
   7129.80  2.7655424E-02
   7130.00  3.0730761E-02
   7130.20  3.3684194E-02
   7130.40  3.6357359E-02
   7130.60  3.8572534E-02
   7130.80  4.0290972E-02
   7131.00  4.1592376E-02
   7131.20  4.2617674E-02
   7131.40  4.3520148E-02
   7131.60  4.4429363E-02
   7131.80  4.5423525E-02
   7132.00  4.6517030E-02
   7132.20  4.7662717E-02
   7132.40  4.8769775E-02
   7132.60  4.9733532E-02
   7132.80  5.0471809E-02
   7133.00  5.0954187E-02
   7133.20  5.1205568E-02
   7133.40  5.1286027E-02
   7133.60  5.1265202E-02
   7133.80  5.1208091E-02
   7134.00  5.1181419E-02
   7134.20  5.1270985E-02
   7134.40  5.1604599E-02
   7134.60  5.2308163E-02
   7134.80  5.3364767E-02
   7135.00  5.4453897E-02
   7135.20  5.5036581E-02
   7135.40  5.4740052E-02
   7135.60  5.3589075E-02
   7135.80  5.1841854E-02
   7136.00  4.9755065E-02
   7136.20  4.7503008E-02
   7136.40  4.5191498E-02
   7136.60  4.2884386E-02
   7136.80  4.0620168E-02
   7137.00  3.8422163E-02
   7137.20  3.6305980E-02
   7137.40  3.4286605E-02
   7137.60  3.2382830E-02
   7137.80  3.0617277E-02
   7138.00  2.9013443E-02
   7138.20  2.7592455E-02
   7138.40  2.6371189E-02
   7138.60  2.5361507E-02
   7138.80  2.4571223E-02
   7139.00  2.4004892E-02
   7139.20  2.3664285E-02
   7139.40  2.3547826E-02
   7139.60  2.3649486E-02
   7139.80  2.3957194E-02
   7140.00  2.4450495E-02
   7140.20  2.5100771E-02
   7140.40  2.5871738E-02
   7140.60  2.6721477E-02
   7140.80  2.7606209E-02
   7141.00  2.8487908E-02
   7141.20  2.9333103E-02
   7141.40  3.0117736E-02
   7141.60  3.0828770E-02
   7141.80  3.1464107E-02
   7142.00  3.2030343E-02
   7142.20  3.2539718E-02
   7142.40  3.3007023E-02
   7142.60  3.3447197E-02
   7142.80  3.3873332E-02
   7143.00  3.4295429E-02
   7143.20  3.4720066E-02
   7143.40  3.5149993E-02
   7143.60  3.5585365E-02
   7143.80  3.6023940E-02
   7144.00  3.6461969E-02
   7144.20  3.6895115E-02
   7144.40  3.7318571E-02
   7144.60  3.7727850E-02
   7144.80  3.8119568E-02
   7145.00  3.8491616E-02
   7145.20  3.8843115E-02
   7145.40  3.9174876E-02
   7145.60  3.9488937E-02
   7145.80  3.9788190E-02
   7146.00  4.0076692E-02
   7146.20  4.0359134E-02
   7146.40  4.0640523E-02
   7146.60  4.0925955E-02
   7146.80  4.1220527E-02
   7147.00  4.1528673E-02
   7147.20  4.1854324E-02
   7147.40  4.2200690E-02
   7147.60  4.2570380E-02
   7147.80  4.2965378E-02
   7148.00  4.3382467E-02
   7148.20  4.3821667E-02
   7148.40  4.4284611E-02
   7148.60  4.4770194E-02
   7148.80  4.5278288E-02
   7149.00  4.5807872E-02
   7149.20  4.6357492E-02
   7149.40  4.6925375E-02
   7149.60  4.7509517E-02
   7149.80  4.8107452E-02
   7150.00  4.8716356E-02
   7150.20  4.9333346E-02
   7150.40  4.9948305E-02
   7150.60  5.0569140E-02
   7150.80  5.1186487E-02
   7151.00  5.1795822E-02
   7151.20  5.2392391E-02
   7151.40  5.2971506E-02
   7151.60  5.3527925E-02
   7151.80  5.4056280E-02
   7152.00  5.4551502E-02
   7152.20  5.5008611E-02
   7152.40  5.5422416E-02
   7152.60  5.5787002E-02
   7152.80  5.6098730E-02
   7153.00  5.6353456E-02
   7153.20  5.6547756E-02
   7153.40  5.6679099E-02
   7153.60  5.6745417E-02
   7153.80  5.6740714E-02
   7154.00  5.6673218E-02
   7154.20  5.6539073E-02
   7154.40  5.6340081E-02
   7154.60  5.6077671E-02
   7154.80  5.5754414E-02
   7155.00  5.5373627E-02
   7155.20  5.4939101E-02
   7155.40  5.4455430E-02
   7155.60  5.3927115E-02
   7155.80  5.3358604E-02
   7156.00  5.2752303E-02
   7156.20  5.2112996E-02
   7156.40  5.1447695E-02
   7156.60  5.0761577E-02
   7156.80  5.0059247E-02
   7157.00  4.9344616E-02
   7157.20  4.8621690E-02
   7157.40  4.7894182E-02
   7157.60  4.7165459E-02
   7157.80  4.6438522E-02
   7158.00  4.5716545E-02
   7158.20  4.5001827E-02
   7158.40  4.4295990E-02
   7158.60  4.3600805E-02
   7158.80  4.2917772E-02
   7159.00  4.2248145E-02
   7159.20  4.1592926E-02
   7159.40  4.0952972E-02
   7159.60  4.0329549E-02
   7159.80  3.9722861E-02
   7160.00  3.9133038E-02
   7160.20  3.8560352E-02
   7160.40  3.8004971E-02
   7160.60  3.7466992E-02
   7160.80  3.6946441E-02
   7161.00  3.6443315E-02
   7161.20  3.5957562E-02
   7161.40  3.5489687E-02
   7161.60  3.5038957E-02
   7161.80  3.4605057E-02
   7162.00  3.4190515E-02
   7162.20  3.3788266E-02
   7162.40  3.3402654E-02
   7162.60  3.3032419E-02
   7162.80  3.2676556E-02
   7163.00  3.2334169E-02
   7163.20  3.2003602E-02
   7163.40  3.1685570E-02
   7163.60  3.1377521E-02
   7163.80  3.1078077E-02
   7164.00  3.0785848E-02
   7164.20  3.0499457E-02
   7164.40  3.0217582E-02
   7164.60  2.9939051E-02
   7164.80  2.9662814E-02
   7165.00  2.9388030E-02
   7165.20  2.9114154E-02
   7165.40  2.8840873E-02
   7165.60  2.8568642E-02
   7165.80  2.8297075E-02
   7166.00  2.8026498E-02
   7166.20  2.7757413E-02
   7166.40  2.7490939E-02
   7166.60  2.7227577E-02
   7166.80  2.6967775E-02
   7167.00  2.6712170E-02
   7167.20  2.6461422E-02
   7167.40  2.6216279E-02
   7167.60  2.5976552E-02
   7167.80  2.5747918E-02
   7168.00  2.5519914E-02
   7168.20  2.5303294E-02
   7168.40  2.5086843E-02
   7168.60  2.4877972E-02
   7168.80  2.4670207E-02
   7169.00  2.4465588E-02
   7169.20  2.4263328E-02
   7169.40  2.4062708E-02
   7169.60  2.3862843E-02
   7169.80  2.3662399E-02
   7170.00  2.3460465E-02
   7170.20  2.3256157E-02
   7170.40  2.3048700E-02
   7170.60  2.2837621E-02
   7170.80  2.2623098E-02
   7171.00  2.2404598E-02
   7171.20  2.2181992E-02
   7171.40  2.1955710E-02
   7171.60  2.1726487E-02
   7171.80  2.1495383E-02
   7172.00  2.1263579E-02
