  7112.000   26  1  1  1.4194604E-02 -4.5450665E+00 -9.0625374E-01  1  1  7.2654463E+03  0.0000000E+00  0.0000000E+00  5.0749130E+00  1.0000000E+00  0.0000000E+00 = E_edge, Z, n_edge, j_edge, Abs_before_edge, VO_interstitial, E_cut, ninitl, ninit1, Epsii, UnitCell_Volume, Surface_ref, f0_forward, natomsym_f, abs_u_i
    Energy    <xanes>    
   7097.00  1.2272161E-04
   7097.20  6.8000311E-05
   7097.40  4.6160686E-05
   7097.60  4.1890806E-05
   7097.80  4.2835197E-05
   7098.00  4.9233850E-05
   7098.20  6.7143360E-05
   7098.40  1.2760683E-04
   7098.60  6.0904042E-04
   7098.80  5.5742164E-03
   7099.00  2.2250116E-04
   7099.20  8.5651132E-05
   7099.40  5.4105114E-05
   7099.60  4.2295360E-05
   7099.80  3.6879546E-05
   7100.00  3.4260211E-05
   7100.20  3.3213352E-05
   7100.40  3.3390090E-05
   7100.60  3.5124700E-05
   7100.80  4.0959919E-05
   7101.00  1.0255380E-04
   7101.20  1.0320537E-04
   7101.40  6.7370881E-03
   7101.60  1.0981759E-04
   7101.80  5.6496713E-05
   7102.00  5.2396641E-05
   7102.20  5.9579542E-05
   7102.40  8.3416815E-05
   7102.60  1.7665470E-04
   7102.80  1.8303894E-03
   7103.00  7.8020424E-04
   7103.20  1.7027650E-04
   7103.40  1.3132944E-04
   7103.60  2.1742377E-04
   7103.80  1.6373093E-03
   7104.00  1.3687157E-03
   7104.20  2.0686969E-04
   7104.40  1.0546519E-04
   7104.60  8.4145271E-05
   7104.80  8.3004029E-05
   7105.00  1.0252439E-04
   7105.20  3.4844452E-04
   7105.40  3.3738390E-04
   7105.60  1.7223159E-03
   7105.80  2.4298472E-04
   7106.00  5.1912090E-04
   7106.20  1.8573031E-02
   7106.40  1.0720674E-03
   7106.60  1.2711817E-02
   7106.80  1.1262059E-02
   7107.00  7.5469997E-04
   7107.20  1.2872508E-02
   7107.40  6.4435681E-03
   7107.60  4.3247333E-04
   7107.80  2.7562761E-04
   7108.00  1.9544017E-03
   7108.20  2.6947884E-02
   7108.40  5.0515768E-02
   7108.60  1.4361170E-02
   7108.80  8.8532058E-03
   7109.00  1.0074288E-02
   7109.20  2.2912543E-02
   7109.40  1.0773927E-01
   7109.60  3.1224879E-02
   7109.80  2.5413432E-02
   7110.00  3.4004523E-02
   7110.20  5.1570724E-02
   7110.40  5.8431314E-02
   7110.60  2.8354645E-02
   7110.80  1.2274093E-02
   7111.00  7.2219666E-03
   7111.20  5.1538392E-03
   7111.40  4.6954754E-03
   7111.60  4.7823555E-03
   7111.80  4.8255922E-03
   7112.00  6.0018953E-03
   7112.20  9.6678504E-03
   7112.40  2.2053285E-02
   7112.60  6.0847533E-02
   7112.80  4.2223565E-02
   7113.00  1.6739930E-02
   7113.20  9.0264199E-03
   7113.40  6.0596321E-03
   7113.60  4.7015323E-03
   7113.80  3.7510858E-03
   7114.00  5.0928360E-03
   7114.20  3.2219632E-03
   7114.40  2.3078316E-03
   7114.60  1.8328623E-03
   7114.80  1.6197555E-03
   7115.00  1.5580767E-03
   7115.20  1.5967387E-03
   7115.40  1.7086214E-03
   7115.60  1.7799262E-03
   7115.80  1.7034986E-03
   7116.00  1.6022773E-03
   7116.20  1.5516205E-03
   7116.40  1.5469389E-03
   7116.60  1.5779645E-03
   7116.80  1.6404175E-03
   7117.00  1.7348479E-03
   7117.20  1.8673636E-03
   7117.40  2.0491109E-03
   7117.60  2.2946027E-03
   7117.80  2.6196788E-03
   7118.00  3.0406019E-03
   7118.20  3.5784741E-03
   7118.40  4.2525089E-03
   7118.60  5.0351508E-03
   7118.80  5.8032642E-03
   7119.00  6.3590557E-03
   7119.20  6.5485179E-03
   7119.40  6.3630505E-03
   7119.60  5.9216125E-03
   7119.80  5.3816610E-03
   7120.00  4.8625525E-03
   7120.20  4.4216656E-03
   7120.40  4.0503170E-03
   7120.60  3.6906811E-03
   7120.80  3.3447417E-03
   7121.00  3.0517184E-03
   7121.20  2.8098277E-03
   7121.40  2.6180094E-03
   7121.60  2.4714665E-03
   7121.80  2.3707377E-03
   7122.00  2.3237876E-03
   7122.20  2.3478033E-03
   7122.40  2.4814489E-03
   7122.60  2.7997353E-03
   7122.80  3.4115054E-03
   7123.00  4.5423670E-03
   7123.20  6.5201959E-03
   7123.40  9.5453207E-03
   7123.60  1.2871214E-02
   7123.80  1.4591569E-02
   7124.00  1.4024865E-02
   7124.20  1.2476848E-02
   7124.40  1.1045976E-02
   7124.60  9.9805697E-03
   7124.80  9.1841807E-03
   7125.00  8.7723096E-03
   7125.20  9.0938440E-03
   7125.40  1.0016322E-02
   7125.60  1.1204100E-02
   7125.80  1.2756863E-02
   7126.00  1.4859639E-02
   7126.20  1.6991845E-02
   7126.40  1.8527170E-02
   7126.60  1.9367284E-02
   7126.80  1.9730539E-02
   7127.00  1.9967417E-02
   7127.20  2.0394553E-02
   7127.40  2.1229390E-02
   7127.60  2.2551473E-02
   7127.80  2.4425326E-02
   7128.00  2.6886209E-02
   7128.20  2.9966082E-02
   7128.40  3.3690562E-02
   7128.60  3.8046340E-02
   7128.80  4.2896668E-02
   7129.00  4.7819074E-02
   7129.20  5.1930548E-02
   7129.40  5.3994569E-02
   7129.60  5.3238522E-02
   7129.80  5.0430315E-02
   7130.00  4.7543583E-02
   7130.20  4.6131917E-02
   7130.40  4.6491766E-02
   7130.60  4.7963363E-02
   7130.80  4.9624193E-02
   7131.00  5.0741360E-02
   7131.20  5.1048616E-02
   7131.40  5.0793076E-02
   7131.60  5.0428203E-02
   7131.80  5.0278747E-02
   7132.00  5.0465765E-02
   7132.20  5.0982369E-02
   7132.40  5.1765744E-02
   7132.60  5.2734306E-02
   7132.80  5.3808815E-02
   7133.00  5.4934327E-02
   7133.20  5.6102208E-02
   7133.40  5.7385048E-02
   7133.60  5.8994182E-02
   7133.80  6.1239223E-02
   7134.00  6.4277026E-02
   7134.20  6.7883763E-02
   7134.40  7.1465420E-02
   7134.60  7.4088044E-02
   7134.80  7.4677506E-02
   7135.00  7.2790811E-02
   7135.20  6.9088971E-02
   7135.40  6.4718863E-02
   7135.60  6.0540639E-02
   7135.80  5.6952445E-02
   7136.00  5.4051781E-02
   7136.20  5.1802054E-02
   7136.40  5.0124171E-02
   7136.60  4.8935273E-02
   7136.80  4.8162678E-02
   7137.00  4.7746480E-02
   7137.20  4.7641673E-02
   7137.40  4.7813997E-02
   7137.60  4.8235262E-02
   7137.80  4.8879870E-02
   7138.00  4.9718565E-02
   7138.20  5.0709979E-02
   7138.40  5.1792206E-02
   7138.60  5.2876409E-02
   7138.80  5.3850179E-02
   7139.00  5.4595653E-02
   7139.20  5.5023252E-02
   7139.40  5.5102059E-02
   7139.60  5.4861280E-02
   7139.80  5.4357042E-02
   7140.00  5.3627086E-02
   7140.20  5.2668267E-02
   7140.40  5.1448598E-02
   7140.60  4.9940602E-02
   7140.80  4.8152328E-02
   7141.00  4.6140133E-02
   7141.20  4.3998712E-02
   7141.40  4.1838043E-02
   7141.60  3.9756399E-02
   7141.80  3.7824802E-02
   7142.00  3.6083878E-02
   7142.20  3.4548599E-02
   7142.40  3.3217460E-02
   7142.60  3.2079437E-02
   7142.80  3.1119740E-02
   7143.00  3.0323406E-02
   7143.20  2.9676960E-02
   7143.40  2.9169131E-02
   7143.60  2.8790846E-02
   7143.80  2.8533962E-02
   7144.00  2.8390958E-02
   7144.20  2.8380189E-02
   7144.40  2.8440651E-02
   7144.60  2.8587753E-02
   7144.80  2.8809281E-02
   7145.00  2.9089645E-02
   7145.20  2.9413577E-02
   7145.40  2.9765839E-02
   7145.60  3.0131635E-02
   7145.80  3.0497746E-02
   7146.00  3.0858557E-02
   7146.20  3.1195942E-02
   7146.40  3.1508814E-02
   7146.60  3.1795203E-02
   7146.80  3.2056162E-02
   7147.00  3.2295268E-02
   7147.20  3.2519882E-02
   7147.40  3.2754894E-02
   7147.60  3.2960502E-02
   7147.80  3.3167013E-02
   7148.00  3.3378474E-02
   7148.20  3.3596724E-02
   7148.40  3.3821130E-02
   7148.60  3.4048415E-02
   7148.80  3.4273020E-02
   7149.00  3.4488193E-02
   7149.20  3.4687113E-02
   7149.40  3.4864086E-02
   7149.60  3.5015505E-02
   7149.80  3.5146695E-02
   7150.00  3.5244834E-02
   7150.20  3.5319926E-02
   7150.40  3.5376115E-02
   7150.60  3.5417930E-02
   7150.80  3.5450154E-02
   7151.00  3.5477745E-02
   7151.20  3.5505341E-02
   7151.40  3.5536936E-02
   7151.60  3.5575812E-02
   7151.80  3.5624554E-02
   7152.00  3.5691280E-02
   7152.20  3.5783170E-02
   7152.40  3.5869529E-02
   7152.60  3.5969598E-02
   7152.80  3.6084274E-02
   7153.00  3.6214266E-02
   7153.20  3.6360407E-02
   7153.40  3.6523176E-02
   7153.60  3.6694530E-02
   7153.80  3.6873142E-02
   7154.00  3.7061119E-02
   7154.20  3.7252628E-02
   7154.40  3.7439291E-02
   7154.60  3.7609816E-02
   7154.80  3.7750437E-02
   7155.00  3.7845582E-02
   7155.20  3.7878741E-02
   7155.40  3.7833981E-02
   7155.60  3.7698101E-02
   7155.80  3.7462176E-02
   7156.00  3.7122747E-02
   7156.20  3.6682118E-02
   7156.40  3.6148165E-02
   7156.60  3.5533245E-02
   7156.80  3.4851240E-02
   7157.00  3.4117315E-02
   7157.20  3.3346065E-02
   7157.40  3.2550499E-02
   7157.60  3.1741503E-02
   7157.80  3.0926385E-02
   7158.00  3.0114303E-02
   7158.20  2.9309533E-02
   7158.40  2.8514029E-02
   7158.60  2.7730073E-02
   7158.80  2.6959230E-02
   7159.00  2.6202467E-02
   7159.20  2.5459573E-02
   7159.40  2.4733513E-02
   7159.60  2.4024227E-02
   7159.80  2.3333009E-02
   7160.00  2.2662007E-02
   7160.20  2.2012338E-02
   7160.40  2.1385873E-02
   7160.60  2.0791132E-02
   7160.80  2.0217005E-02
   7161.00  1.9672099E-02
   7161.20  1.9158619E-02
   7161.40  1.8678666E-02
   7161.60  1.8234495E-02
   7161.80  1.7828488E-02
   7162.00  1.7463359E-02
   7162.20  1.7141394E-02
   7162.40  1.6865431E-02
   7162.60  1.6638569E-02
   7162.80  1.6463918E-02
   7163.00  1.6344726E-02
   7163.20  1.6284404E-02
   7163.40  1.6287722E-02
   7163.60  1.6357155E-02
   7163.80  1.6495225E-02
   7164.00  1.6704290E-02
   7164.20  1.6986186E-02
   7164.40  1.7341791E-02
   7164.60  1.7771281E-02
   7164.80  1.8273511E-02
   7165.00  1.8846164E-02
   7165.20  1.9485512E-02
   7165.40  2.0186344E-02
   7165.60  2.0942007E-02
   7165.80  2.1744029E-02
   7166.00  2.2582349E-02
   7166.20  2.3445918E-02
   7166.40  2.4322664E-02
   7166.60  2.5199617E-02
   7166.80  2.6064054E-02
   7167.00  2.6903265E-02
   7167.20  2.7705429E-02
   7167.40  2.8459787E-02
   7167.60  2.9156759E-02
   7167.80  2.9788837E-02
   7168.00  3.0349912E-02
   7168.20  3.0835400E-02
   7168.40  3.1242689E-02
   7168.60  3.1571238E-02
   7168.80  3.1820746E-02
   7169.00  3.1992922E-02
   7169.20  3.2090400E-02
   7169.40  3.2116913E-02
   7169.60  3.2077083E-02
   7169.80  3.1976124E-02
   7170.00  3.1820018E-02
   7170.20  3.1615063E-02
   7170.40  3.1367289E-02
   7170.60  3.1083277E-02
   7170.80  3.0769712E-02
   7171.00  3.0433206E-02
   7171.20  3.0080242E-02
   7171.40  2.9717165E-02
   7171.60  2.9349821E-02
   7171.80  2.8983967E-02
   7172.00  2.8624689E-02
