  7112.000   26  1  1  1.4611998E-02 -2.8952324E+00 -1.4711805E+00  1  1  7.2655622E+03  0.0000000E+00  0.0000000E+00  3.1016099E+00  1.0000000E+00  0.0000000E+00 = E_edge, Z, n_edge, j_edge, Abs_before_edge, VO_interstitial, E_cut, ninitl, ninit1, Epsii, UnitCell_Volume, Surface_ref, f0_forward, natomsym_f, abs_u_i
    Energy    <xanes>    
   7097.00  2.0232237E-05
   7097.20  2.0361165E-05
   7097.40  2.0519926E-05
   7097.60  2.0714816E-05
   7097.80  2.0955250E-05
   7098.00  2.1254648E-05
   7098.20  2.1633261E-05
   7098.40  2.2123785E-05
   7098.60  2.2781950E-05
   7098.80  2.3712535E-05
   7099.00  2.5139788E-05
   7099.20  2.7644291E-05
   7099.40  3.3278733E-05
   7099.60  5.5511935E-05
   7099.80  1.4254602E-03
   7100.00  9.1329647E-05
   7100.20  7.0906448E-05
   7100.40  2.6338928E-04
   7100.60  6.2408070E-04
   7100.80  8.6407462E-05
   7101.00  1.0201862E-04
   7101.20  6.1901754E-05
   7101.40  8.6701746E-05
   7101.60  1.9452855E-04
   7101.80  2.0216863E-03
   7102.00  9.1417010E-04
   7102.20  1.8369060E-04
   7102.40  2.2481935E-04
   7102.60  2.3739801E-03
   7102.80  2.2397611E-04
   7103.00  7.7873637E-05
   7103.20  6.1470616E-05
   7103.40  7.4141093E-05
   7103.60  4.7376897E-04
   7103.80  2.3346240E-04
   7104.00  1.6984457E-04
   7104.20  2.1865463E-04
   7104.40  1.8618405E-04
   7104.60  4.0715549E-03
   7104.80  6.8676468E-04
   7105.00  5.6236059E-04
   7105.20  9.5667557E-04
   7105.40  1.3584674E-04
   7105.60  8.8681985E-05
   7105.80  1.2700028E-04
   7106.00  7.2303808E-04
   7106.20  1.0538319E-04
   7106.40  5.6053951E-03
   7106.60  4.1555723E-04
   7106.80  2.2920934E-04
   7107.00  1.5037693E-02
   7107.20  1.3156699E-03
   7107.40  2.0478201E-02
   7107.60  8.4477236E-04
   7107.80  6.9618903E-03
   7108.00  2.1281729E-04
   7108.20  2.6533898E-04
   7108.40  2.5203115E-03
   7108.60  1.0941271E-03
   7108.80  7.9616900E-04
   7109.00  2.4698951E-02
   7109.20  4.6710744E-03
   7109.40  2.1377227E-03
   7109.60  1.2470780E-03
   7109.80  5.2835545E-03
   7110.00  2.9462853E-03
   7110.20  1.2681242E-02
   7110.40  6.9685867E-03
   7110.60  7.0564626E-03
   7110.80  6.3896565E-03
   7111.00  1.1564180E-02
   7111.20  1.8413674E-02
   7111.40  2.1695415E-02
   7111.60  2.1882998E-02
   7111.80  1.9089398E-02
   7112.00  1.8206954E-02
   7112.20  2.3178326E-02
   7112.40  2.3050584E-02
   7112.60  1.8158985E-02
   7112.80  1.6815125E-02
   7113.00  1.8867662E-02
   7113.20  2.1662502E-02
   7113.40  2.3216070E-02
   7113.60  2.5476032E-02
   7113.80  3.1830033E-02
   7114.00  4.1444449E-02
   7114.20  4.5601300E-02
   7114.40  4.4660373E-02
   7114.60  3.7981458E-02
   7114.80  2.7681756E-02
   7115.00  2.0203395E-02
   7115.20  1.5626875E-02
   7115.40  1.3183845E-02
   7115.60  1.1844004E-02
   7115.80  1.1224916E-02
   7116.00  1.1025168E-02
   7116.20  1.1257960E-02
   7116.40  1.1551975E-02
   7116.60  1.1368796E-02
   7116.80  1.0032070E-02
   7117.00  8.0598400E-03
   7117.20  6.4959937E-03
   7117.40  5.4663515E-03
   7117.60  4.8549284E-03
   7117.80  4.5775455E-03
   7118.00  4.5126361E-03
   7118.20  4.5612762E-03
   7118.40  4.6413207E-03
   7118.60  4.7125779E-03
   7118.80  4.8449972E-03
   7119.00  5.1910407E-03
   7119.20  5.7938900E-03
   7119.40  6.1528359E-03
   7119.60  5.6700882E-03
   7119.80  5.0751572E-03
   7120.00  4.8764546E-03
   7120.20  4.8994673E-03
   7120.40  4.9090809E-03
   7120.60  4.8744181E-03
   7120.80  4.9234689E-03
   7121.00  5.1356265E-03
   7121.20  5.3557971E-03
   7121.40  5.4492708E-03
   7121.60  5.5331958E-03
   7121.80  5.7027944E-03
   7122.00  5.9776676E-03
   7122.20  6.3844401E-03
   7122.40  6.8851118E-03
   7122.60  7.5190092E-03
   7122.80  8.2481594E-03
   7123.00  8.9862475E-03
   7123.20  9.7127099E-03
   7123.40  1.0469816E-02
   7123.60  1.1310063E-02
   7123.80  1.2285672E-02
   7124.00  1.3446000E-02
   7124.20  1.4815532E-02
   7124.40  1.6345743E-02
   7124.60  1.7847845E-02
   7124.80  1.8992493E-02
   7125.00  1.9503545E-02
   7125.20  1.9394275E-02
   7125.40  1.8941263E-02
   7125.60  1.8444827E-02
   7125.80  1.8085258E-02
   7126.00  1.7903251E-02
   7126.20  1.7912396E-02
   7126.40  1.8118938E-02
   7126.60  1.8615940E-02
   7126.80  1.9342048E-02
   7127.00  2.0341494E-02
   7127.20  2.1585634E-02
   7127.40  2.3028378E-02
   7127.60  2.4593711E-02
   7127.80  2.6229212E-02
   7128.00  2.7970658E-02
   7128.20  2.9909032E-02
   7128.40  3.1908543E-02
   7128.60  3.3625296E-02
   7128.80  3.4570524E-02
   7129.00  3.4649584E-02
   7129.20  3.4288636E-02
   7129.40  3.3919610E-02
   7129.60  3.4006942E-02
   7129.80  3.4528261E-02
   7130.00  3.5463860E-02
   7130.20  3.6763313E-02
   7130.40  3.8364612E-02
   7130.60  4.0214121E-02
   7130.80  4.2276912E-02
   7131.00  4.4500810E-02
   7131.20  4.6746705E-02
   7131.40  4.8785892E-02
   7131.60  5.0407043E-02
   7131.80  5.1540131E-02
   7132.00  5.2280878E-02
   7132.20  5.2812602E-02
   7132.40  5.3320090E-02
   7132.60  5.3956811E-02
   7132.80  5.4836560E-02
   7133.00  5.6006640E-02
   7133.20  5.7401721E-02
   7133.40  5.8830290E-02
   7133.60  6.0035738E-02
   7133.80  6.0822796E-02
   7134.00  6.1164587E-02
   7134.20  6.1205186E-02
   7134.40  6.1156829E-02
   7134.60  6.1142775E-02
   7134.80  6.1092652E-02
   7135.00  6.0801420E-02
   7135.20  6.0095404E-02
   7135.40  5.8932106E-02
   7135.60  5.7395911E-02
   7135.80  5.5648591E-02
   7136.00  5.3874041E-02
   7136.20  5.2231546E-02
   7136.40  5.0826186E-02
   7136.60  4.9700154E-02
   7136.80  4.8842744E-02
   7137.00  4.8207451E-02
   7137.20  4.7729352E-02
   7137.40  4.7338877E-02
   7137.60  4.6972841E-02
   7137.80  4.6582206E-02
   7138.00  4.6136347E-02
   7138.20  4.5625432E-02
   7138.40  4.5057766E-02
   7138.60  4.4455599E-02
   7138.80  4.3849169E-02
   7139.00  4.3270206E-02
   7139.20  4.2747329E-02
   7139.40  4.2303328E-02
   7139.60  4.1953705E-02
   7139.80  4.1705905E-02
   7140.00  4.1566415E-02
   7140.20  4.1526441E-02
   7140.40  4.1571572E-02
   7140.60  4.1688874E-02
   7140.80  4.1861666E-02
   7141.00  4.2070730E-02
   7141.20  4.2295240E-02
   7141.40  4.2514601E-02
   7141.60  4.2710651E-02
   7141.80  4.2869759E-02
   7142.00  4.2983871E-02
   7142.20  4.3050188E-02
   7142.40  4.3069349E-02
   7142.60  4.3042788E-02
   7142.80  4.2970415E-02
   7143.00  4.2849996E-02
   7143.20  4.2677025E-02
   7143.40  4.2446192E-02
   7143.60  4.2152717E-02
   7143.80  4.1793665E-02
   7144.00  4.1368752E-02
   7144.20  4.0880856E-02
   7144.40  4.0335788E-02
   7144.60  3.9742114E-02
   7144.80  3.9110361E-02
   7145.00  3.8452233E-02
   7145.20  3.7779817E-02
   7145.40  3.7104943E-02
   7145.60  3.6438389E-02
   7145.80  3.5789460E-02
   7146.00  3.5165720E-02
   7146.20  3.4572965E-02
   7146.40  3.4015214E-02
   7146.60  3.3494995E-02
   7146.80  3.3012801E-02
   7147.00  3.2568543E-02
   7147.20  3.2168110E-02
   7147.40  3.1808956E-02
   7147.60  3.1479080E-02
   7147.80  3.1176323E-02
   7148.00  3.0894485E-02
   7148.20  3.0639542E-02
   7148.40  3.0405443E-02
   7148.60  3.0190478E-02
   7148.80  2.9993195E-02
   7149.00  2.9812416E-02
   7149.20  2.9651586E-02
   7149.40  2.9500881E-02
   7149.60  2.9363579E-02
   7149.80  2.9239072E-02
   7150.00  2.9127002E-02
   7150.20  2.9025286E-02
   7150.40  2.8934092E-02
   7150.60  2.8853141E-02
   7150.80  2.8781929E-02
   7151.00  2.8720658E-02
   7151.20  2.8669757E-02
   7151.40  2.8629723E-02
   7151.60  2.8602070E-02
   7151.80  2.8587383E-02
   7152.00  2.8586698E-02
   7152.20  2.8600758E-02
   7152.40  2.8630245E-02
   7152.60  2.8675138E-02
   7152.80  2.8735136E-02
   7153.00  2.8809534E-02
   7153.20  2.8897187E-02
   7153.40  2.8996603E-02
   7153.60  2.9106171E-02
   7153.80  2.9223646E-02
   7154.00  2.9346340E-02
   7154.20  2.9473201E-02
   7154.40  2.9602324E-02
   7154.60  2.9730951E-02
   7154.80  2.9858619E-02
   7155.00  2.9984642E-02
   7155.20  3.0109640E-02
   7155.40  3.0233668E-02
   7155.60  3.0356271E-02
   7155.80  3.0477723E-02
   7156.00  3.0598395E-02
   7156.20  3.0718232E-02
   7156.40  3.0837014E-02
   7156.60  3.0954063E-02
   7156.80  3.1068523E-02
   7157.00  3.1179305E-02
   7157.20  3.1285134E-02
   7157.40  3.1384658E-02
   7157.60  3.1476539E-02
   7157.80  3.1559571E-02
   7158.00  3.1632864E-02
   7158.20  3.1695386E-02
   7158.40  3.1746595E-02
   7158.60  3.1786251E-02
   7158.80  3.1814231E-02
   7159.00  3.1830791E-02
   7159.20  3.1836438E-02
   7159.40  3.1831894E-02
   7159.60  3.1818046E-02
   7159.80  3.1796073E-02
   7160.00  3.1772886E-02
   7160.20  3.1737907E-02
   7160.40  3.1697958E-02
   7160.60  3.1654091E-02
   7160.80  3.1607275E-02
   7161.00  3.1558360E-02
   7161.20  3.1507976E-02
   7161.40  3.1456281E-02
   7161.60  3.1405701E-02
   7161.80  3.1353168E-02
   7162.00  3.1298106E-02
   7162.20  3.1241892E-02
   7162.40  3.1185690E-02
   7162.60  3.1127738E-02
   7162.80  3.1061552E-02
   7163.00  3.0990956E-02
   7163.20  3.0916345E-02
   7163.40  3.0837401E-02
   7163.60  3.0754420E-02
   7163.80  3.0668155E-02
   7164.00  3.0579645E-02
   7164.20  3.0490585E-02
   7164.40  3.0401525E-02
   7164.60  3.0313469E-02
   7164.80  3.0227173E-02
   7165.00  3.0143334E-02
   7165.20  3.0062576E-02
   7165.40  2.9985493E-02
   7165.60  2.9911741E-02
   7165.80  2.9841388E-02
   7166.00  2.9774380E-02
   7166.20  2.9710671E-02
   7166.40  2.9650248E-02
   7166.60  2.9593600E-02
   7166.80  2.9540505E-02
   7167.00  2.9490821E-02
   7167.20  2.9437577E-02
   7167.40  2.9395123E-02
   7167.60  2.9355532E-02
   7167.80  2.9320508E-02
   7168.00  2.9289283E-02
   7168.20  2.9261806E-02
   7168.40  2.9237500E-02
   7168.60  2.9216068E-02
   7168.80  2.9197188E-02
   7169.00  2.9180504E-02
   7169.20  2.9165667E-02
   7169.40  2.9152379E-02
   7169.60  2.9140302E-02
   7169.80  2.9129521E-02
   7170.00  2.9119543E-02
   7170.20  2.9110244E-02
   7170.40  2.9101550E-02
   7170.60  2.9093615E-02
   7170.80  2.9086619E-02
   7171.00  2.9080671E-02
   7171.20  2.9076040E-02
   7171.40  2.9073097E-02
   7171.60  2.9072382E-02
   7171.80  2.9074105E-02
   7172.00  2.9078517E-02
