  7112.000   26  1  1  1.2887917E-02 -2.5377804E+00 -1.6237878E+00  1  1  7.2655931E+03  0.0000000E+00  0.0000000E+00  1.9960608E+00  1.0000000E+00  0.0000000E+00 = E_edge, Z, n_edge, j_edge, Abs_before_edge, VO_interstitial, E_cut, ninitl, ninit1, Epsii, UnitCell_Volume, Surface_ref, f0_forward, natomsym_f, abs_u_i
    Energy    <xanes>    
   7097.00  1.9395398E-05
   7097.20  1.9425998E-05
   7097.40  1.9469403E-05
   7097.60  1.9526698E-05
   7097.80  1.9599420E-05
   7098.00  1.9689710E-05
   7098.20  1.9800597E-05
   7098.40  1.9936320E-05
   7098.60  2.0102874E-05
   7098.80  2.0309063E-05
   7099.00  2.0568463E-05
   7099.20  2.0903236E-05
   7099.40  2.1352556E-05
   7099.60  2.1993536E-05
   7099.80  2.3001704E-05
   7100.00  2.4871911E-05
   7100.20  2.9586239E-05
   7100.40  5.3635476E-05
   7100.60  7.5609200E-03
   7100.80  5.1972132E-05
   7101.00  3.4258250E-05
   7101.20  3.3890827E-05
   7101.40  3.9022517E-05
   7101.60  5.3527883E-05
   7101.80  1.0745647E-04
   7102.00  9.3155680E-04
   7102.20  5.1079031E-04
   7102.40  4.1114379E-04
   7102.60  5.4813238E-04
   7102.80  8.4146766E-05
   7103.00  4.8797972E-05
   7103.20  3.9010723E-05
   7103.40  3.5691530E-05
   7103.60  3.6515043E-05
   7103.80  4.1075848E-05
   7104.00  1.2205615E-04
   7104.20  5.7161630E-05
   7104.40  5.7955206E-05
   7104.60  1.1044093E-04
   7104.80  1.8209627E-03
   7105.00  2.9174104E-04
   7105.20  1.1949044E-04
   7105.40  4.0134975E-04
   7105.60  8.1245631E-04
   7105.80  1.0237811E-04
   7106.00  6.7797804E-05
   7106.20  7.1263191E-05
   7106.40  3.2420126E-03
   7106.60  9.5526599E-05
   7106.80  1.5881706E-04
   7107.00  9.1011516E-03
   7107.20  1.9019471E-03
   7107.40  1.9431781E-03
   7107.60  5.4205851E-03
   7107.80  3.6580053E-04
   7108.00  7.6455964E-04
   7108.20  9.1694148E-04
   7108.40  7.3779676E-04
   7108.60  2.0290119E-03
   7108.80  1.0383095E-02
   7109.00  7.0527467E-04
   7109.20  1.0144982E-01
   7109.40  4.6005104E-03
   7109.60  8.8244119E-04
   7109.80  1.8839926E-03
   7110.00  6.3648502E-03
   7110.20  2.0227000E-03
   7110.40  4.0869107E-03
   7110.60  2.6588326E-02
   7110.80  5.6994572E-03
   7111.00  7.0108613E-03
   7111.20  8.5828863E-03
   7111.40  1.4433334E-02
   7111.60  1.9378213E-02
   7111.80  2.2680988E-02
   7112.00  1.8727834E-02
   7112.20  1.6044429E-02
   7112.40  1.3527672E-02
   7112.60  1.2237390E-02
   7112.80  1.6664696E-02
   7113.00  2.6865928E-02
   7113.20  2.5500352E-02
   7113.40  2.0510167E-02
   7113.60  1.9880645E-02
   7113.80  2.2224815E-02
   7114.00  2.9162257E-02
   7114.20  3.6241182E-02
   7114.40  3.5251321E-02
   7114.60  3.0138791E-02
   7114.80  2.5696732E-02
   7115.00  2.3013117E-02
   7115.20  2.1219066E-02
   7115.40  1.9657292E-02
   7115.60  1.8355528E-02
   7115.80  1.7664039E-02
   7116.00  1.7469890E-02
   7116.20  1.7778863E-02
   7116.40  1.8862759E-02
   7116.60  1.9888418E-02
   7116.80  1.8636562E-02
   7117.00  1.5248665E-02
   7117.20  1.2264483E-02
   7117.40  1.0485499E-02
   7117.60  9.6254670E-03
   7117.80  9.3643864E-03
   7118.00  9.4868320E-03
   7118.20  9.8197678E-03
   7118.40  1.0206938E-02
   7118.60  1.0524329E-02
   7118.80  1.0688755E-02
   7119.00  1.0683338E-02
   7119.20  1.0601958E-02
   7119.40  1.0605186E-02
   7119.60  1.0708781E-02
   7119.80  1.0773295E-02
   7120.00  1.0800011E-02
   7120.20  1.0848346E-02
   7120.40  1.0858526E-02
   7120.60  1.0788462E-02
   7120.80  1.0734075E-02
   7121.00  1.0787437E-02
   7121.20  1.0832878E-02
   7121.40  1.0661969E-02
   7121.60  1.0331334E-02
   7121.80  1.0020576E-02
   7122.00  9.8388765E-03
   7122.20  9.8420363E-03
   7122.40  1.0045154E-02
   7122.60  1.0407977E-02
   7122.80  1.0834799E-02
   7123.00  1.1250076E-02
   7123.20  1.1637326E-02
   7123.40  1.2031500E-02
   7123.60  1.2468700E-02
   7123.80  1.2968001E-02
   7124.00  1.3541594E-02
   7124.20  1.4207405E-02
   7124.40  1.4989225E-02
   7124.60  1.5900460E-02
   7124.80  1.6945516E-02
   7125.00  1.8110061E-02
   7125.20  1.9355489E-02
   7125.40  2.0617676E-02
   7125.60  2.1818744E-02
   7125.80  2.2890888E-02
   7126.00  2.3795323E-02
   7126.20  2.4516142E-02
   7126.40  2.5047536E-02
   7126.60  2.5387581E-02
   7126.80  2.5620405E-02
   7127.00  2.5721438E-02
   7127.20  2.5900905E-02
   7127.40  2.6292874E-02
   7127.60  2.7022345E-02
   7127.80  2.8138115E-02
   7128.00  2.9648736E-02
   7128.20  3.1525043E-02
   7128.40  3.3725624E-02
   7128.60  3.6287660E-02
   7128.80  3.8881973E-02
   7129.00  4.1631425E-02
   7129.20  4.4589561E-02
   7129.40  4.7734204E-02
   7129.60  5.1092351E-02
   7129.80  5.4581968E-02
   7130.00  5.8015157E-02
   7130.20  6.1073765E-02
   7130.40  6.3318292E-02
   7130.60  6.4285590E-02
   7130.80  6.3705912E-02
   7131.00  6.1719798E-02
   7131.20  5.8861095E-02
   7131.40  5.5772598E-02
   7131.60  5.2928507E-02
   7131.80  5.0560027E-02
   7132.00  4.8724583E-02
   7132.20  4.7380016E-02
   7132.40  4.6482656E-02
   7132.60  4.5958803E-02
   7132.80  4.5732928E-02
   7133.00  4.5730240E-02
   7133.20  4.5879486E-02
   7133.40  4.6117619E-02
   7133.60  4.6393879E-02
   7133.80  4.6672459E-02
   7134.00  4.6930849E-02
   7134.20  4.7152923E-02
   7134.40  4.7318600E-02
   7134.60  4.7396800E-02
   7134.80  4.7346948E-02
   7135.00  4.7131365E-02
   7135.20  4.6729288E-02
   7135.40  4.6140211E-02
   7135.60  4.5373211E-02
   7135.80  4.4434531E-02
   7136.00  4.3326084E-02
   7136.20  4.2054021E-02
   7136.40  4.0641535E-02
   7136.60  3.9132895E-02
   7136.80  3.7587178E-02
   7137.00  3.6065438E-02
   7137.20  3.4620041E-02
   7137.40  3.3288540E-02
   7137.60  3.2094063E-02
   7137.80  3.1048221E-02
   7138.00  3.0156090E-02
   7138.20  2.9428114E-02
   7138.40  2.8845663E-02
   7138.60  2.8405368E-02
   7138.80  2.8102343E-02
   7139.00  2.7930091E-02
   7139.20  2.7880005E-02
   7139.40  2.7940058E-02
   7139.60  2.8095539E-02
   7139.80  2.8329871E-02
   7140.00  2.8626774E-02
   7140.20  2.8973010E-02
   7140.40  2.9360564E-02
   7140.60  2.9786261E-02
   7140.80  3.0250185E-02
   7141.00  3.0753416E-02
   7141.20  3.1295554E-02
   7141.40  3.1873026E-02
   7141.60  3.2478545E-02
   7141.80  3.3099963E-02
   7142.00  3.3720692E-02
   7142.20  3.4320279E-02
   7142.40  3.4875445E-02
   7142.60  3.5361433E-02
   7142.80  3.5755006E-02
   7143.00  3.6036727E-02
   7143.20  3.6194025E-02
   7143.40  3.6223289E-02
   7143.60  3.6130323E-02
   7143.80  3.5929434E-02
   7144.00  3.5641185E-02
   7144.20  3.5289404E-02
   7144.40  3.4898153E-02
   7144.60  3.4489509E-02
   7144.80  3.4096343E-02
   7145.00  3.3725575E-02
   7145.20  3.3376661E-02
   7145.40  3.3055552E-02
   7145.60  3.2765460E-02
   7145.80  3.2507451E-02
   7146.00  3.2281066E-02
   7146.20  3.2084858E-02
   7146.40  3.1916779E-02
   7146.60  3.1774473E-02
   7146.80  3.1655568E-02
   7147.00  3.1557640E-02
   7147.20  3.1478643E-02
   7147.40  3.1416747E-02
   7147.60  3.1370638E-02
   7147.80  3.1339195E-02
   7148.00  3.1321715E-02
   7148.20  3.1318129E-02
   7148.40  3.1328588E-02
   7148.60  3.1353850E-02
   7148.80  3.1394053E-02
   7149.00  3.1450646E-02
   7149.20  3.1524372E-02
   7149.40  3.1623676E-02
   7149.60  3.1733227E-02
   7149.80  3.1861043E-02
   7150.00  3.2006433E-02
   7150.20  3.2168294E-02
   7150.40  3.2344955E-02
   7150.60  3.2534245E-02
   7150.80  3.2733495E-02
   7151.00  3.2939885E-02
   7151.20  3.3150435E-02
   7151.40  3.3362265E-02
   7151.60  3.3573005E-02
   7151.80  3.3780766E-02
   7152.00  3.3984305E-02
   7152.20  3.4183730E-02
   7152.40  3.4378772E-02
   7152.60  3.4569632E-02
   7152.80  3.4757454E-02
   7153.00  3.4943671E-02
   7153.20  3.5129884E-02
   7153.40  3.5317472E-02
   7153.60  3.5504310E-02
   7153.80  3.5699153E-02
   7154.00  3.5896732E-02
   7154.20  3.6098189E-02
   7154.40  3.6303352E-02
   7154.60  3.6511036E-02
   7154.80  3.6719919E-02
   7155.00  3.6928451E-02
   7155.20  3.7135054E-02
   7155.40  3.7336665E-02
   7155.60  3.7532285E-02
   7155.80  3.7718427E-02
   7156.00  3.7893554E-02
   7156.20  3.8055830E-02
   7156.40  3.8203719E-02
   7156.60  3.8336061E-02
   7156.80  3.8452053E-02
   7157.00  3.8551267E-02
   7157.20  3.8633612E-02
   7157.40  3.8699406E-02
   7157.60  3.8749025E-02
   7157.80  3.8783179E-02
   7158.00  3.8802523E-02
   7158.20  3.8807991E-02
   7158.40  3.8800514E-02
   7158.60  3.8780921E-02
   7158.80  3.8750173E-02
   7159.00  3.8709233E-02
   7159.20  3.8659159E-02
   7159.40  3.8600963E-02
   7159.60  3.8535509E-02
   7159.80  3.8463776E-02
   7160.00  3.8386760E-02
   7160.20  3.8305484E-02
   7160.40  3.8221071E-02
   7160.60  3.8131627E-02
   7160.80  3.8043700E-02
   7161.00  3.7955643E-02
   7161.20  3.7868743E-02
   7161.40  3.7783364E-02
   7161.60  3.7700068E-02
   7161.80  3.7619538E-02
   7162.00  3.7542771E-02
   7162.20  3.7473566E-02
   7162.40  3.7403816E-02
   7162.60  3.7338132E-02
   7162.80  3.7270358E-02
   7163.00  3.7213238E-02
   7163.20  3.7160297E-02
   7163.40  3.7110337E-02
   7163.60  3.7062726E-02
   7163.80  3.7016566E-02
   7164.00  3.6970728E-02
   7164.20  3.6924333E-02
   7164.40  3.6876482E-02
   7164.60  3.6825337E-02
   7164.80  3.6769629E-02
   7165.00  3.6708052E-02
   7165.20  3.6639571E-02
   7165.40  3.6563145E-02
   7165.60  3.6478289E-02
   7165.80  3.6384255E-02
   7166.00  3.6280391E-02
   7166.20  3.6166669E-02
   7166.40  3.6042822E-02
   7166.60  3.5909188E-02
   7166.80  3.5766076E-02
   7167.00  3.5613844E-02
   7167.20  3.5453701E-02
   7167.40  3.5285591E-02
   7167.60  3.5110156E-02
   7167.80  3.4927842E-02
   7168.00  3.4739219E-02
   7168.20  3.4539892E-02
   7168.40  3.4343098E-02
   7168.60  3.4137867E-02
   7168.80  3.3927714E-02
   7169.00  3.3713145E-02
   7169.20  3.3493504E-02
   7169.40  3.3269025E-02
   7169.60  3.3039846E-02
   7169.80  3.2806199E-02
   7170.00  3.2568348E-02
   7170.20  3.2326694E-02
   7170.40  3.2081719E-02
   7170.60  3.1834117E-02
   7170.80  3.1585148E-02
   7171.00  3.1335240E-02
   7171.20  3.1085307E-02
   7171.40  3.0836367E-02
   7171.60  3.0589552E-02
   7171.80  3.0345990E-02
   7172.00  3.0106965E-02
