  7112.000   26  1  1  2.5355725E-02 -2.8643061E+00 -8.8484454E-01  1  1  7.2658832E+03  0.0000000E+00  0.0000000E+00  2.1780896E+00  1.0000000E+00  0.0000000E+00 = E_edge, Z, n_edge, j_edge, Abs_before_edge, VO_interstitial, E_cut, ninitl, ninit1, Epsii, UnitCell_Volume, Surface_ref, f0_forward, natomsym_f, abs_u_i
    Energy    <xanes>    
   7097.00  1.8556533E-02
   7097.20  3.6342012E-04
   7097.40  2.0761052E-04
   7097.60  3.0465059E-04
   7097.80  9.0553440E-04
   7098.00  2.9576742E-02
   7098.20  7.6931067E-03
   7098.40  6.5975431E-04
   7098.60  2.4918061E-04
   7098.80  1.3985424E-04
   7099.00  9.5459337E-05
   7099.20  7.3958577E-05
   7099.40  6.3951040E-05
   7099.60  6.6442651E-05
   7099.80  1.7453348E-04
   7100.00  2.4303317E-04
   7100.20  5.8502400E-05
   7100.40  4.5149439E-05
   7100.60  5.7449978E-05
   7100.80  4.1484776E-05
   7101.00  4.5761468E-05
   7101.20  1.1262979E-04
   7101.40  7.9991416E-05
   7101.60  1.2949321E-04
   7101.80  3.5953763E-03
   7102.00  2.3291336E-04
   7102.20  7.6913602E-05
   7102.40  5.7739948E-05
   7102.60  7.2284625E-05
   7102.80  1.3358171E-04
   7103.00  4.7729218E-04
   7103.20  1.9772344E-04
   7103.40  2.6239406E-02
   7103.60  1.2300549E-04
   7103.80  7.6767609E-05
   7104.00  8.3689216E-05
   7104.20  2.0722251E-04
   7104.40  3.7949108E-04
   7104.60  2.0238747E-04
   7104.80  7.6751884E-04
   7105.00  3.3137276E-03
   7105.20  5.8853245E-03
   7105.40  3.2201711E-03
   7105.60  7.3563547E-04
   7105.80  1.5291061E-03
   7106.00  6.3467545E-03
   7106.20  2.9516431E-04
   7106.40  1.8579985E-04
   7106.60  2.1227019E-04
   7106.80  6.2669542E-04
   7107.00  1.6740069E-03
   7107.20  3.5939451E-04
   7107.40  5.5365647E-04
   7107.60  2.5450387E-03
   7107.80  3.7751522E-02
   7108.00  4.0251104E-02
   7108.20  1.5892736E-03
   7108.40  1.3785302E-03
   7108.60  3.0996522E-03
   7108.80  5.8224643E-03
   7109.00  9.2793269E-02
   7109.20  6.6066493E-03
   7109.40  9.4478436E-04
   7109.60  1.8384898E-03
   7109.80  1.1933932E-01
   7110.00  5.3420916E-03
   7110.20  6.0319387E-03
   7110.40  5.1009401E-03
   7110.60  4.6211695E-03
   7110.80  8.0815151E-03
   7111.00  2.2350161E-02
   7111.20  6.7651815E-03
   7111.40  7.8587521E-03
   7111.60  1.1121618E-02
   7111.80  1.5541352E-02
   7112.00  2.2162761E-02
   7112.20  3.8202322E-02
   7112.40  4.8883740E-02
   7112.60  2.6042592E-02
   7112.80  1.4846643E-02
   7113.00  9.6949488E-03
   7113.20  7.0348827E-03
   7113.40  5.7317277E-03
   7113.60  5.4395388E-03
   7113.80  3.9740767E-03
   7114.00  3.1016271E-03
   7114.20  2.7568108E-03
   7114.40  2.5445330E-03
   7114.60  2.3787879E-03
   7114.80  2.2846953E-03
   7115.00  2.2279543E-03
   7115.20  2.2009036E-03
   7115.40  2.2003723E-03
   7115.60  2.2125559E-03
   7115.80  2.1787511E-03
   7116.00  2.0457737E-03
   7116.20  1.9358710E-03
   7116.40  1.9100241E-03
   7116.60  1.9328589E-03
   7116.80  1.9813295E-03
   7117.00  2.0480627E-03
   7117.20  2.1319475E-03
   7117.40  2.2339620E-03
   7117.60  2.3548595E-03
   7117.80  2.4923512E-03
   7118.00  2.6379097E-03
   7118.20  2.7795438E-03
   7118.40  2.9197303E-03
   7118.60  3.0855324E-03
   7118.80  3.2823471E-03
   7119.00  3.4874751E-03
   7119.20  3.7057673E-03
   7119.40  3.9605821E-03
   7119.60  4.2719665E-03
   7119.80  4.6536128E-03
   7120.00  5.1164672E-03
   7120.20  5.6716068E-03
   7120.40  6.3286852E-03
   7120.60  7.0958970E-03
   7120.80  7.9801748E-03
   7121.00  8.9857960E-03
   7121.20  1.0111137E-02
   7121.40  1.1342845E-02
   7121.60  1.2651860E-02
   7121.80  1.4002670E-02
   7122.00  1.5374114E-02
   7122.20  1.6765571E-02
   7122.40  1.8184882E-02
   7122.60  1.9623147E-02
   7122.80  2.1118486E-02
   7123.00  2.2617220E-02
   7123.20  2.4170436E-02
   7123.40  2.5967747E-02
   7123.60  2.8244510E-02
   7123.80  3.1005396E-02
   7124.00  3.3873527E-02
   7124.20  3.6255760E-02
   7124.40  3.7463688E-02
   7124.60  3.7353311E-02
   7124.80  3.6417095E-02
   7125.00  3.5401092E-02
   7125.20  3.4838672E-02
   7125.40  3.4925827E-02
   7125.60  3.5372831E-02
   7125.80  3.5878862E-02
   7126.00  3.6177989E-02
   7126.20  3.6162063E-02
   7126.40  3.5711347E-02
   7126.60  3.4928226E-02
   7126.80  3.4376536E-02
   7127.00  3.4229948E-02
   7127.20  3.4406946E-02
   7127.40  3.4760299E-02
   7127.60  3.5195155E-02
   7127.80  3.5649928E-02
   7128.00  3.6077966E-02
   7128.20  3.6446419E-02
   7128.40  3.6741259E-02
   7128.60  3.6964881E-02
   7128.80  3.7133083E-02
   7129.00  3.7268586E-02
   7129.20  3.7372857E-02
   7129.40  3.7394780E-02
   7129.60  3.7263332E-02
   7129.80  3.6953142E-02
   7130.00  3.6512223E-02
   7130.20  3.6031972E-02
   7130.40  3.5588535E-02
   7130.60  3.5215819E-02
   7130.80  3.4933896E-02
   7131.00  3.4778326E-02
   7131.20  3.4790393E-02
   7131.40  3.4997250E-02
   7131.60  3.5404657E-02
   7131.80  3.6000177E-02
   7132.00  3.6762338E-02
   7132.20  3.7670513E-02
   7132.40  3.8711430E-02
   7132.60  3.9876553E-02
   7132.80  4.1141524E-02
   7133.00  4.2439376E-02
   7133.20  4.3641246E-02
   7133.40  4.4620721E-02
   7133.60  4.5349612E-02
   7133.80  4.5857605E-02
   7134.00  4.6147933E-02
   7134.20  4.6249974E-02
   7134.40  4.6329514E-02
   7134.60  4.6655982E-02
   7134.80  4.7486827E-02
   7135.00  4.8945166E-02
   7135.20  5.0913497E-02
   7135.40  5.3082511E-02
   7135.60  5.5103538E-02
   7135.80  5.6703913E-02
   7136.00  5.7729728E-02
   7136.20  5.8136811E-02
   7136.40  5.7963271E-02
   7136.60  5.7296197E-02
   7136.80  5.6245819E-02
   7137.00  5.4924390E-02
   7137.20  5.3432510E-02
   7137.40  5.1853391E-02
   7137.60  5.0251174E-02
   7137.80  4.8673003E-02
   7138.00  4.7151323E-02
   7138.20  4.5707417E-02
   7138.40  4.4353644E-02
   7138.60  4.3105400E-02
   7138.80  4.1964090E-02
   7139.00  4.0917343E-02
   7139.20  3.9962976E-02
   7139.40  3.9097664E-02
   7139.60  3.8317350E-02
   7139.80  3.7617534E-02
   7140.00  3.6993866E-02
   7140.20  3.6441898E-02
   7140.40  3.5957113E-02
   7140.60  3.5535116E-02
   7140.80  3.5171813E-02
   7141.00  3.4863310E-02
   7141.20  3.4605833E-02
   7141.40  3.4395815E-02
   7141.60  3.4229883E-02
   7141.80  3.4104941E-02
   7142.00  3.4018191E-02
   7142.20  3.3967087E-02
   7142.40  3.3949273E-02
   7142.60  3.3962688E-02
   7142.80  3.4005545E-02
   7143.00  3.4076052E-02
   7143.20  3.4172426E-02
   7143.40  3.4292718E-02
   7143.60  3.4434044E-02
   7143.80  3.4597304E-02
   7144.00  3.4776177E-02
   7144.20  3.4966975E-02
   7144.40  3.5165502E-02
   7144.60  3.5367449E-02
   7144.80  3.5568500E-02
   7145.00  3.5764585E-02
   7145.20  3.5951981E-02
   7145.40  3.6127645E-02
   7145.60  3.6283326E-02
   7145.80  3.6425173E-02
   7146.00  3.6552646E-02
   7146.20  3.6666035E-02
   7146.40  3.6766310E-02
   7146.60  3.6855002E-02
   7146.80  3.6933944E-02
   7147.00  3.7005314E-02
   7147.20  3.7071289E-02
   7147.40  3.7133872E-02
   7147.60  3.7194941E-02
   7147.80  3.7256216E-02
   7148.00  3.7319199E-02
   7148.20  3.7385176E-02
   7148.40  3.7455479E-02
   7148.60  3.7531463E-02
   7148.80  3.7613520E-02
   7149.00  3.7702163E-02
   7149.20  3.7797328E-02
   7149.40  3.7899198E-02
   7149.60  3.8007277E-02
   7149.80  3.8120927E-02
   7150.00  3.8256717E-02
   7150.20  3.8377863E-02
   7150.40  3.8493548E-02
   7150.60  3.8611922E-02
   7150.80  3.8727070E-02
   7151.00  3.8834522E-02
   7151.20  3.8928464E-02
   7151.40  3.9007019E-02
   7151.60  3.9068109E-02
   7151.80  3.9104484E-02
   7152.00  3.9114680E-02
   7152.20  3.9096006E-02
   7152.40  3.9045806E-02
   7152.60  3.8962018E-02
   7152.80  3.8843200E-02
   7153.00  3.8688535E-02
   7153.20  3.8497357E-02
   7153.40  3.8269925E-02
   7153.60  3.8006869E-02
   7153.80  3.7709470E-02
   7154.00  3.7366726E-02
   7154.20  3.7006043E-02
   7154.40  3.6617663E-02
   7154.60  3.6204483E-02
   7154.80  3.5769035E-02
   7155.00  3.5314298E-02
   7155.20  3.4843365E-02
   7155.40  3.4359206E-02
   7155.60  3.3864633E-02
   7155.80  3.3362411E-02
   7156.00  3.2855099E-02
   7156.20  3.2344541E-02
   7156.40  3.1832584E-02
   7156.60  3.1320411E-02
   7156.80  3.0809114E-02
   7157.00  3.0299559E-02
   7157.20  2.9792411E-02
   7157.40  2.9288420E-02
   7157.60  2.8788278E-02
   7157.80  2.8292225E-02
   7158.00  2.7801085E-02
   7158.20  2.7315874E-02
   7158.40  2.6837736E-02
   7158.60  2.6368025E-02
   7158.80  2.5908447E-02
   7159.00  2.5460858E-02
   7159.20  2.5027528E-02
   7159.40  2.4610752E-02
   7159.60  2.4212265E-02
   7159.80  2.3834181E-02
   7160.00  2.3478024E-02
   7160.20  2.3145400E-02
   7160.40  2.2837408E-02
   7160.60  2.2554670E-02
   7160.80  2.2297567E-02
   7161.00  2.2066403E-02
   7161.20  2.1861174E-02
   7161.40  2.1682040E-02
   7161.60  2.1529284E-02
   7161.80  2.1401243E-02
   7162.00  2.1298955E-02
   7162.20  2.1227629E-02
   7162.40  2.1168994E-02
   7162.60  2.1130759E-02
   7162.80  2.1111218E-02
   7163.00  2.1109185E-02
   7163.20  2.1122543E-02
   7163.40  2.1149598E-02
   7163.60  2.1188951E-02
   7163.80  2.1238182E-02
   7164.00  2.1295487E-02
   7164.20  2.1359019E-02
   7164.40  2.1427483E-02
   7164.60  2.1499068E-02
   7164.80  2.1572254E-02
   7165.00  2.1645912E-02
   7165.20  2.1719260E-02
   7165.40  2.1791706E-02
   7165.60  2.1862475E-02
   7165.80  2.1931271E-02
   7166.00  2.1998046E-02
   7166.20  2.2062883E-02
   7166.40  2.2126072E-02
   7166.60  2.2187941E-02
   7166.80  2.2248773E-02
   7167.00  2.2308913E-02
   7167.20  2.2368764E-02
   7167.40  2.2428764E-02
   7167.60  2.2489313E-02
   7167.80  2.2551030E-02
   7168.00  2.2614207E-02
   7168.20  2.2679185E-02
   7168.40  2.2746426E-02
   7168.60  2.2816439E-02
   7168.80  2.2889612E-02
   7169.00  2.2966412E-02
   7169.20  2.3047308E-02
   7169.40  2.3132986E-02
   7169.60  2.3223764E-02
   7169.80  2.3320084E-02
   7170.00  2.3422437E-02
   7170.20  2.3531265E-02
   7170.40  2.3646985E-02
   7170.60  2.3770582E-02
   7170.80  2.3901767E-02
   7171.00  2.4040577E-02
   7171.20  2.4187128E-02
   7171.40  2.4341006E-02
   7171.60  2.4501726E-02
   7171.80  2.4668433E-02
   7172.00  2.4840232E-02
