  7112.000   26  1  1  7.6007647E-03 -2.2226993E+00 -1.2952193E+00  1  1  7.2655036E+03  0.0000000E+00  0.0000000E+00  1.6484473E+00  1.0000000E+00  0.0000000E+00 = E_edge, Z, n_edge, j_edge, Abs_before_edge, VO_interstitial, E_cut, ninitl, ninit1, Epsii, UnitCell_Volume, Surface_ref, f0_forward, natomsym_f, abs_u_i
    Energy    <xanes>    
   7097.00  1.4650500E-04
   7097.20  5.2324019E-05
   7097.40  3.5006450E-05
   7097.60  3.1858927E-05
   7097.80  1.0182280E-04
   7098.00  2.5526008E-05
   7098.20  2.3338370E-05
   7098.40  2.2554729E-05
   7098.60  2.2178605E-05
   7098.80  2.2013298E-05
   7099.00  2.1988731E-05
   7099.20  2.2075244E-05
   7099.40  2.2262124E-05
   7099.60  2.2550581E-05
   7099.80  2.2952393E-05
   7100.00  2.3490945E-05
   7100.20  2.4205585E-05
   7100.40  2.5160537E-05
   7100.60  2.6462668E-05
   7100.80  2.8297775E-05
   7101.00  3.1011424E-05
   7101.20  3.5307818E-05
   7101.40  4.2822695E-05
   7101.60  5.8162029E-05
   7101.80  9.9109684E-05
   7102.00  2.9841012E-04
   7102.20  6.9778907E-02
   7102.40  2.0001914E-03
   7102.60  1.6572024E-04
   7102.80  1.4807539E-04
   7103.00  3.6164504E-04
   7103.20  3.4389627E-02
   7103.40  2.3968278E-04
   7103.60  2.2514920E-03
   7103.80  1.0208115E-04
   7104.00  6.3261303E-05
   7104.20  6.0584700E-05
   7104.40  8.0001258E-05
   7104.60  5.0298447E-03
   7104.80  3.3806309E-04
   7105.00  3.2432585E-02
   7105.20  2.6041029E-04
   7105.40  1.5359716E-04
   7105.60  2.3304133E-04
   7105.80  5.2645288E-04
   7106.00  1.3248798E-04
   7106.20  1.1129574E-03
   7106.40  2.3108831E-04
   7106.60  1.8912492E-04
   7106.80  2.7028021E-03
   7107.00  3.8289538E-04
   7107.20  1.8182666E-04
   7107.40  3.7340286E-04
   7107.60  5.0268028E-03
   7107.80  1.2768372E-03
   7108.00  6.9226114E-03
   7108.20  6.3501188E-03
   7108.40  7.0258022E-04
   7108.60  5.3376870E-04
   7108.80  3.1386873E-04
   7109.00  9.0617363E-03
   7109.20  9.6319723E-04
   7109.40  8.0685710E-02
   7109.60  7.6244879E-03
   7109.80  3.0898305E-03
   7110.00  8.2922157E-03
   7110.20  2.2753326E-03
   7110.40  1.9487512E-02
   7110.60  2.0586921E-03
   7110.80  8.1341107E-03
   7111.00  7.5703078E-03
   7111.20  5.8793794E-03
   7111.40  1.4261163E-02
   7111.60  2.0306236E-02
   7111.80  1.8782705E-02
   7112.00  1.5952781E-02
   7112.20  1.7195877E-02
   7112.40  2.4622453E-02
   7112.60  2.1892265E-02
   7112.80  1.5533065E-02
   7113.00  2.0161360E-02
   7113.20  1.8497394E-02
   7113.40  2.7429665E-02
   7113.60  5.0104479E-02
   7113.80  5.6885570E-02
   7114.00  4.9859720E-02
   7114.20  3.4572673E-02
   7114.40  2.3601247E-02
   7114.60  1.7623742E-02
   7114.80  1.4220088E-02
   7115.00  1.2051696E-02
   7115.20  1.0551505E-02
   7115.40  9.5388829E-03
   7115.60  8.9821725E-03
   7115.80  8.8394818E-03
   7116.00  8.9563764E-03
   7116.20  9.1504733E-03
   7116.40  9.4350321E-03
   7116.60  9.8281087E-03
   7116.80  1.0202260E-02
   7117.00  9.8088125E-03
   7117.20  8.4472637E-03
   7117.40  6.9446732E-03
   7117.60  5.8636857E-03
   7117.80  5.2040982E-03
   7118.00  4.8324118E-03
   7118.20  4.6475594E-03
   7118.40  4.5829007E-03
   7118.60  4.5902542E-03
   7118.80  4.6569787E-03
   7119.00  4.8015856E-03
   7119.20  5.0273916E-03
   7119.40  5.3046220E-03
   7119.60  5.5796046E-03
   7119.80  5.7965833E-03
   7120.00  5.9205409E-03
   7120.20  5.9450746E-03
   7120.40  5.8849876E-03
   7120.60  5.7635163E-03
   7120.80  5.6049375E-03
   7121.00  5.4337742E-03
   7121.20  5.2716559E-03
   7121.40  5.1325648E-03
   7121.60  5.0232626E-03
   7121.80  4.9479615E-03
   7122.00  4.9132566E-03
   7122.20  4.9313267E-03
   7122.40  5.0198499E-03
   7122.60  5.1987670E-03
   7122.80  5.4904451E-03
   7123.00  5.9095870E-03
   7123.20  6.4803308E-03
   7123.40  7.1953587E-03
   7123.60  8.0633986E-03
   7123.80  9.0745788E-03
   7124.00  1.0172705E-02
   7124.20  1.1321587E-02
   7124.40  1.2418273E-02
   7124.60  1.3461000E-02
   7124.80  1.4409811E-02
   7125.00  1.5321439E-02
   7125.20  1.6242920E-02
   7125.40  1.7195193E-02
   7125.60  1.8141909E-02
   7125.80  1.8980202E-02
   7126.00  1.9598957E-02
   7126.20  2.0021340E-02
   7126.40  2.0424417E-02
   7126.60  2.0934536E-02
   7126.80  2.1531017E-02
   7127.00  2.2101907E-02
   7127.20  2.2610154E-02
   7127.40  2.2909330E-02
   7127.60  2.3128614E-02
   7127.80  2.3352413E-02
   7128.00  2.3636773E-02
   7128.20  2.3994925E-02
   7128.40  2.4418430E-02
   7128.60  2.4901559E-02
   7128.80  2.5454777E-02
   7129.00  2.6157594E-02
   7129.20  2.6946817E-02
   7129.40  2.7908271E-02
   7129.60  2.9071882E-02
   7129.80  3.0457136E-02
   7130.00  3.2075579E-02
   7130.20  3.3912774E-02
   7130.40  3.5939587E-02
   7130.60  3.8106016E-02
   7130.80  4.0344744E-02
   7131.00  4.2585048E-02
   7131.20  4.4773663E-02
   7131.40  4.6895613E-02
   7131.60  4.8972207E-02
   7131.80  5.1038056E-02
   7132.00  5.3120003E-02
   7132.20  5.5231826E-02
   7132.40  5.7381695E-02
   7132.60  5.9579499E-02
   7132.80  6.1843660E-02
   7133.00  6.4176420E-02
   7133.20  6.6578339E-02
   7133.40  6.9018837E-02
   7133.60  7.1408353E-02
   7133.80  7.3584271E-02
   7134.00  7.5350620E-02
   7134.20  7.6583701E-02
   7134.40  7.7311272E-02
   7134.60  7.7633625E-02
   7134.80  7.7575312E-02
   7135.00  7.7071630E-02
   7135.20  7.6064420E-02
   7135.40  7.4567213E-02
   7135.60  7.2665670E-02
   7135.80  7.0484755E-02
   7136.00  6.8154267E-02
   7136.20  6.5784622E-02
   7136.40  6.3456778E-02
   7136.60  6.1222985E-02
   7136.80  5.9113011E-02
   7137.00  5.7139392E-02
   7137.20  5.5305149E-02
   7137.40  5.3606278E-02
   7137.60  5.2036999E-02
   7137.80  5.0589712E-02
   7138.00  4.9257446E-02
   7138.20  4.8034164E-02
   7138.40  4.6914386E-02
   7138.60  4.5894039E-02
   7138.80  4.4984674E-02
   7139.00  4.4167537E-02
   7139.20  4.3438520E-02
   7139.40  4.2796514E-02
   7139.60  4.2239983E-02
   7139.80  4.1766809E-02
   7140.00  4.1374112E-02
   7140.20  4.1058232E-02
   7140.40  4.0814171E-02
   7140.60  4.0635673E-02
   7140.80  4.0514877E-02
   7141.00  4.0443005E-02
   7141.20  4.0410258E-02
   7141.40  4.0406125E-02
   7141.60  4.0419842E-02
   7141.80  4.0440846E-02
   7142.00  4.0458927E-02
   7142.20  4.0464802E-02
   7142.40  4.0450248E-02
   7142.60  4.0408257E-02
   7142.80  4.0333084E-02
   7143.00  4.0220435E-02
   7143.20  4.0067353E-02
   7143.40  3.9872147E-02
   7143.60  3.9634336E-02
   7143.80  3.9354575E-02
   7144.00  3.9034538E-02
   7144.20  3.8676796E-02
   7144.40  3.8284590E-02
   7144.60  3.7861887E-02
   7144.80  3.7412931E-02
   7145.00  3.6942213E-02
   7145.20  3.6454417E-02
   7145.40  3.5955038E-02
   7145.60  3.5469436E-02
   7145.80  3.4979532E-02
   7146.00  3.4488891E-02
   7146.20  3.4000749E-02
   7146.40  3.3518057E-02
   7146.60  3.3043418E-02
   7146.80  3.2579153E-02
   7147.00  3.2127256E-02
   7147.20  3.1689448E-02
   7147.40  3.1267231E-02
   7147.60  3.0861917E-02
   7147.80  3.0474577E-02
   7148.00  3.0106049E-02
   7148.20  2.9757065E-02
   7148.40  2.9428372E-02
   7148.60  2.9120147E-02
   7148.80  2.8832552E-02
   7149.00  2.8565853E-02
   7149.20  2.8319635E-02
   7149.40  2.8093717E-02
   7149.60  2.7887929E-02
   7149.80  2.7701426E-02
   7150.00  2.7540115E-02
   7150.20  2.7390655E-02
   7150.40  2.7258597E-02
   7150.60  2.7142967E-02
   7150.80  2.7042976E-02
   7151.00  2.6957857E-02
   7151.20  2.6887129E-02
   7151.40  2.6829885E-02
   7151.60  2.6785563E-02
   7151.80  2.6753710E-02
   7152.00  2.6734045E-02
   7152.20  2.6725614E-02
   7152.40  2.6729791E-02
   7152.60  2.6745609E-02
   7152.80  2.6772969E-02
   7153.00  2.6812102E-02
   7153.20  2.6862765E-02
   7153.40  2.6924398E-02
   7153.60  2.6993591E-02
   7153.80  2.7073903E-02
   7154.00  2.7161477E-02
   7154.20  2.7251814E-02
   7154.40  2.7347676E-02
   7154.60  2.7445493E-02
   7154.80  2.7539606E-02
   7155.00  2.7628858E-02
   7155.20  2.7710632E-02
   7155.40  2.7782558E-02
   7155.60  2.7842637E-02
   7155.80  2.7889367E-02
   7156.00  2.7921662E-02
   7156.20  2.7938859E-02
   7156.40  2.7940787E-02
   7156.60  2.7927865E-02
   7156.80  2.7901000E-02
   7157.00  2.7861495E-02
   7157.20  2.7811014E-02
   7157.40  2.7751528E-02
   7157.60  2.7685309E-02
   7157.80  2.7614839E-02
   7158.00  2.7542446E-02
   7158.20  2.7470576E-02
   7158.40  2.7401716E-02
   7158.60  2.7338153E-02
   7158.80  2.7282012E-02
   7159.00  2.7235223E-02
   7159.20  2.7199459E-02
   7159.40  2.7176132E-02
   7159.60  2.7166455E-02
   7159.80  2.7171062E-02
   7160.00  2.7190439E-02
   7160.20  2.7224775E-02
   7160.40  2.7273982E-02
   7160.60  2.7337710E-02
   7160.80  2.7415384E-02
   7161.00  2.7506251E-02
   7161.20  2.7610360E-02
   7161.40  2.7726604E-02
   7161.60  2.7852460E-02
   7161.80  2.7986903E-02
   7162.00  2.8129647E-02
   7162.20  2.8277135E-02
   7162.40  2.8428770E-02
   7162.60  2.8583028E-02
   7162.80  2.8740791E-02
   7163.00  2.8898496E-02
   7163.20  2.9051906E-02
   7163.40  2.9213290E-02
   7163.60  2.9367087E-02
   7163.80  2.9508754E-02
   7164.00  2.9644474E-02
   7164.20  2.9773260E-02
   7164.40  2.9894679E-02
   7164.60  3.0008764E-02
   7164.80  3.0114127E-02
   7165.00  3.0211665E-02
   7165.20  3.0300982E-02
   7165.40  3.0382271E-02
   7165.60  3.0455836E-02
   7165.80  3.0522177E-02
   7166.00  3.0581870E-02
   7166.20  3.0635865E-02
   7166.40  3.0684685E-02
   7166.60  3.0728857E-02
   7166.80  3.0769119E-02
   7167.00  3.0806087E-02
   7167.20  3.0840333E-02
   7167.40  3.0872475E-02
   7167.60  3.0903189E-02
   7167.80  3.0933149E-02
   7168.00  3.0962396E-02
   7168.20  3.0991337E-02
   7168.40  3.1020240E-02
   7168.60  3.1049342E-02
   7168.80  3.1078931E-02
   7169.00  3.1109229E-02
   7169.20  3.1137277E-02
   7169.40  3.1170307E-02
   7169.60  3.1204572E-02
   7169.80  3.1240198E-02
   7170.00  3.1277364E-02
   7170.20  3.1316278E-02
   7170.40  3.1356793E-02
   7170.60  3.1398943E-02
   7170.80  3.1442756E-02
   7171.00  3.1488151E-02
   7171.20  3.1535307E-02
   7171.40  3.1584088E-02
   7171.60  3.1634155E-02
   7171.80  3.1685412E-02
   7172.00  3.1737599E-02
