  7112.000   26  1  1  1.0878809E-02 -1.9494596E+00 -5.4281860E-01  1  1  7.2651006E+03  0.0000000E+00  0.0000000E+00  3.1300921E+00  1.0000000E+00  0.0000000E+00 = E_edge, Z, n_edge, j_edge, Abs_before_edge, VO_interstitial, E_cut, ninitl, ninit1, Epsii, UnitCell_Volume, Surface_ref, f0_forward, natomsym_f, abs_u_i
    Energy    <xanes>    
   7097.00  1.0695276E-04
   7097.20  5.7111924E-05
   7097.40  4.1630032E-05
   7097.60  3.4525521E-05
   7097.80  3.0593795E-05
   7098.00  2.8172262E-05
   7098.20  2.6580544E-05
   7098.40  2.5493008E-05
   7098.60  2.4738672E-05
   7098.80  2.4221005E-05
   7099.00  2.3885706E-05
   7099.20  2.3707701E-05
   7099.40  2.3687182E-05
   7099.60  2.3866114E-05
   7099.80  2.4395221E-05
   7100.00  2.5875265E-05
   7100.20  3.2624295E-05
   7100.40  7.5734631E-04
   7100.60  3.8739567E-05
   7100.80  2.8658060E-05
   7101.00  2.8608171E-05
   7101.20  3.2509796E-05
   7101.40  6.7005574E-05
   7101.60  2.6090251E-04
   7101.80  2.2746986E-04
   7102.00  4.5858531E-05
   7102.20  5.7658764E-05
   7102.40  1.7349560E-04
   7102.60  5.4272018E-03
   7102.80  1.1118111E-04
   7103.00  8.3400234E-05
   7103.20  1.0203598E-04
   7103.40  4.7950139E-04
   7103.60  1.8955402E-04
   7103.80  5.2543999E-04
   7104.00  6.8560064E-05
   7104.20  2.5236356E-04
   7104.40  7.6689952E-05
   7104.60  7.4990344E-04
   7104.80  1.9201280E-04
   7105.00  3.5269905E-03
   7105.20  3.2599445E-03
   7105.40  2.8671882E-03
   7105.60  5.5635893E-04
   7105.80  4.0819250E-03
   7106.00  7.7753759E-04
   7106.20  1.1088462E-02
   7106.40  5.9128535E-04
   7106.60  2.3476358E-04
   7106.80  2.0524062E-04
   7107.00  5.2268052E-04
   7107.20  7.8261166E-04
   7107.40  3.0173598E-03
   7107.60  4.7358974E-04
   7107.80  1.9424691E-02
   7108.00  2.4965620E-03
   7108.20  6.9492805E-03
   7108.40  2.0156196E-02
   7108.60  3.4372480E-02
   7108.80  3.6810773E-03
   7109.00  3.5042818E-03
   7109.20  1.0878590E-02
   7109.40  5.6004205E-02
   7109.60  9.7003208E-03
   7109.80  2.7473055E-03
   7110.00  1.0228021E-02
   7110.20  9.2228038E-02
   7110.40  7.0104252E-03
   7110.60  4.9084651E-03
   7110.80  3.1331340E-02
   7111.00  1.6111378E-02
   7111.20  2.1817995E-02
   7111.40  1.3244694E-02
   7111.60  3.2417678E-03
   7111.80  4.4661597E-03
   7112.00  1.0165557E-02
   7112.20  1.4984969E-02
   7112.40  1.5839957E-02
   7112.60  1.2313274E-02
   7112.80  9.4521133E-03
   7113.00  8.6132072E-03
   7113.20  2.7907482E-03
   7113.40  2.3652334E-03
   7113.60  4.3780774E-03
   7113.80  9.3173890E-03
   7114.00  5.1864473E-03
   7114.20  1.7308782E-03
   7114.40  1.1148819E-03
   7114.60  8.7365387E-04
   7114.80  7.1227080E-04
   7115.00  6.3262149E-04
   7115.20  5.8118446E-04
   7115.40  5.5329995E-04
   7115.60  5.4703441E-04
   7115.80  5.6192393E-04
   7116.00  5.9944109E-04
   7116.20  6.6176060E-04
   7116.40  7.5130780E-04
   7116.60  8.7156191E-04
   7116.80  1.0253087E-03
   7117.00  1.1957625E-03
   7117.20  1.3260903E-03
   7117.40  1.3638636E-03
   7117.60  1.3170025E-03
   7117.80  1.2250352E-03
   7118.00  1.1293577E-03
   7118.20  1.0576302E-03
   7118.40  1.0202797E-03
   7118.60  1.0170268E-03
   7118.80  1.0444717E-03
   7119.00  1.1014768E-03
   7119.20  1.1917456E-03
   7119.40  1.3244866E-03
   7119.60  1.5152831E-03
   7119.80  1.7894736E-03
   7120.00  2.1903002E-03
   7120.20  2.7962282E-03
   7120.40  3.7580899E-03
   7120.60  5.3785279E-03
   7120.80  8.2543606E-03
   7121.00  1.3264955E-02
   7121.20  1.9817149E-02
   7121.40  2.2354260E-02
   7121.60  1.8998274E-02
   7121.80  1.5207690E-02
   7122.00  1.3149321E-02
   7122.20  1.2494624E-02
   7122.40  1.2750582E-02
   7122.60  1.3653241E-02
   7122.80  1.4979452E-02
   7123.00  1.6586147E-02
   7123.20  1.8346116E-02
   7123.40  2.0188002E-02
   7123.60  2.2104774E-02
   7123.80  2.4130789E-02
   7124.00  2.6635308E-02
   7124.20  2.9120106E-02
   7124.40  3.1640807E-02
   7124.60  3.4119609E-02
   7124.80  3.6373131E-02
   7125.00  3.8267453E-02
   7125.20  3.9835402E-02
   7125.40  4.1282942E-02
   7125.60  4.2700342E-02
   7125.80  4.4063534E-02
   7126.00  4.5503138E-02
   7126.20  4.7388688E-02
   7126.40  4.9871943E-02
   7126.60  5.2505399E-02
   7126.80  5.4271438E-02
   7127.00  5.4642446E-02
   7127.20  5.4272450E-02
   7127.40  5.4318272E-02
   7127.60  5.5418613E-02
   7127.80  5.7066842E-02
   7128.00  5.9003694E-02
   7128.20  6.1277923E-02
   7128.40  6.3826581E-02
   7128.60  6.6423868E-02
   7128.80  6.8798198E-02
   7129.00  7.0745863E-02
   7129.20  7.2136123E-02
   7129.40  7.2910182E-02
   7129.60  7.3090287E-02
   7129.80  7.2730160E-02
   7130.00  7.1854163E-02
   7130.20  7.0450900E-02
   7130.40  6.8519700E-02
   7130.60  6.6111330E-02
   7130.80  6.3334582E-02
   7131.00  6.0355197E-02
   7131.20  5.7376174E-02
   7131.40  5.4582149E-02
   7131.60  5.2103118E-02
   7131.80  5.0016377E-02
   7132.00  4.8348998E-02
   7132.20  4.7068584E-02
   7132.40  4.6107672E-02
   7132.60  4.5378610E-02
   7132.80  4.4811600E-02
   7133.00  4.4378090E-02
   7133.20  4.4082888E-02
   7133.40  4.3945884E-02
   7133.60  4.3987381E-02
   7133.80  4.4206240E-02
   7134.00  4.4514733E-02
   7134.20  4.4662278E-02
   7134.40  4.4351894E-02
   7134.60  4.3588188E-02
   7134.80  4.2684001E-02
   7135.00  4.1881601E-02
   7135.20  4.1231695E-02
   7135.40  4.0699422E-02
   7135.60  4.0238494E-02
   7135.80  3.9814877E-02
   7136.00  3.9407610E-02
   7136.20  3.9005159E-02
   7136.40  3.8602578E-02
   7136.60  3.8198115E-02
   7136.80  3.7791814E-02
   7137.00  3.7385017E-02
   7137.20  3.6979892E-02
   7137.40  3.6579259E-02
   7137.60  3.6163065E-02
   7137.80  3.5781393E-02
   7138.00  3.5414462E-02
   7138.20  3.5065200E-02
   7138.40  3.4734952E-02
   7138.60  3.4425194E-02
   7138.80  3.4136663E-02
   7139.00  3.3869318E-02
   7139.20  3.3622215E-02
   7139.40  3.3393290E-02
   7139.60  3.3179712E-02
   7139.80  3.2977648E-02
   7140.00  3.2782866E-02
   7140.20  3.2591363E-02
   7140.40  3.2399828E-02
   7140.60  3.2206153E-02
   7140.80  3.2009774E-02
   7141.00  3.1811683E-02
   7141.20  3.1614382E-02
   7141.40  3.1421883E-02
   7141.60  3.1239541E-02
   7141.80  3.1074022E-02
   7142.00  3.0933097E-02
   7142.20  3.0825097E-02
   7142.40  3.0757835E-02
   7142.60  3.0737399E-02
   7142.80  3.0766774E-02
   7143.00  3.0845014E-02
   7143.20  3.0967166E-02
   7143.40  3.1124939E-02
   7143.60  3.1307825E-02
   7143.80  3.1504062E-02
   7144.00  3.1701735E-02
   7144.20  3.1888494E-02
   7144.40  3.2051766E-02
   7144.60  3.2166105E-02
   7144.80  3.2232922E-02
   7145.00  3.2252557E-02
   7145.20  3.2220575E-02
   7145.40  3.2135836E-02
   7145.60  3.2000175E-02
   7145.80  3.1818573E-02
   7146.00  3.1598063E-02
   7146.20  3.1346416E-02
   7146.40  3.1071642E-02
   7146.60  3.0781347E-02
   7146.80  3.0481653E-02
   7147.00  3.0177401E-02
   7147.20  2.9874210E-02
   7147.40  2.9571087E-02
   7147.60  2.9271236E-02
   7147.80  2.8975291E-02
   7148.00  2.8683360E-02
   7148.20  2.8395128E-02
   7148.40  2.8110266E-02
   7148.60  2.7827823E-02
   7148.80  2.7545125E-02
   7149.00  2.7265215E-02
   7149.20  2.6985669E-02
   7149.40  2.6706032E-02
   7149.60  2.6425883E-02
   7149.80  2.6144066E-02
   7150.00  2.5861549E-02
   7150.20  2.5577258E-02
   7150.40  2.5290669E-02
   7150.60  2.5001199E-02
   7150.80  2.4708154E-02
   7151.00  2.4410385E-02
   7151.20  2.4106786E-02
   7151.40  2.3796167E-02
   7151.60  2.3477339E-02
   7151.80  2.3149116E-02
   7152.00  2.2810634E-02
   7152.20  2.2461526E-02
   7152.40  2.2096703E-02
   7152.60  2.1718290E-02
   7152.80  2.1331458E-02
   7153.00  2.0947838E-02
   7153.20  2.0557630E-02
   7153.40  2.0166852E-02
   7153.60  1.9782105E-02
   7153.80  1.9403359E-02
   7154.00  1.9036491E-02
   7154.20  1.8689261E-02
   7154.40  1.8365429E-02
   7154.60  1.8069836E-02
   7154.80  1.7806935E-02
   7155.00  1.7580581E-02
   7155.20  1.7394238E-02
   7155.40  1.7251864E-02
   7155.60  1.7154015E-02
   7155.80  1.7100751E-02
   7156.00  1.7092043E-02
   7156.20  1.7126620E-02
   7156.40  1.7203109E-02
   7156.60  1.7322093E-02
   7156.80  1.7474839E-02
   7157.00  1.7661129E-02
   7157.20  1.7877173E-02
   7157.40  1.8122568E-02
   7157.60  1.8386706E-02
   7157.80  1.8669101E-02
   7158.00  1.8965892E-02
   7158.20  1.9273625E-02
   7158.40  1.9589165E-02
   7158.60  1.9909709E-02
   7158.80  2.0232585E-02
   7159.00  2.0555387E-02
   7159.20  2.0875776E-02
   7159.40  2.1191382E-02
   7159.60  2.1499716E-02
   7159.80  2.1800436E-02
   7160.00  2.2088968E-02
   7160.20  2.2363001E-02
   7160.40  2.2620707E-02
   7160.60  2.2860681E-02
   7160.80  2.3081936E-02
   7161.00  2.3284283E-02
   7161.20  2.3466484E-02
   7161.40  2.3631006E-02
   7161.60  2.3781251E-02
   7161.80  2.3914988E-02
   7162.00  2.4040987E-02
   7162.20  2.4150863E-02
   7162.40  2.4252570E-02
   7162.60  2.4347824E-02
   7162.80  2.4438589E-02
   7163.00  2.4530388E-02
   7163.20  2.4618864E-02
   7163.40  2.4705874E-02
   7163.60  2.4794256E-02
   7163.80  2.4884983E-02
   7164.00  2.4978512E-02
   7164.20  2.5075142E-02
   7164.40  2.5175074E-02
   7164.60  2.5278115E-02
   7164.80  2.5384077E-02
   7165.00  2.5492481E-02
   7165.20  2.5602641E-02
   7165.40  2.5713737E-02
   7165.60  2.5824988E-02
   7165.80  2.5935397E-02
   7166.00  2.6043946E-02
   7166.20  2.6149785E-02
   7166.40  2.6252633E-02
   7166.60  2.6351263E-02
   7166.80  2.6445849E-02
   7167.00  2.6536559E-02
   7167.20  2.6623689E-02
   7167.40  2.6707542E-02
   7167.60  2.6789107E-02
   7167.80  2.6869362E-02
   7168.00  2.6949387E-02
   7168.20  2.7030048E-02
   7168.40  2.7112557E-02
   7168.60  2.7197593E-02
   7168.80  2.7286317E-02
   7169.00  2.7379457E-02
   7169.20  2.7477678E-02
   7169.40  2.7581785E-02
   7169.60  2.7692371E-02
   7169.80  2.7809783E-02
   7170.00  2.7934424E-02
   7170.20  2.8066538E-02
   7170.40  2.8206397E-02
   7170.60  2.8353812E-02
   7170.80  2.8509077E-02
   7171.00  2.8672030E-02
   7171.20  2.8842566E-02
   7171.40  2.9020681E-02
   7171.60  2.9205976E-02
   7171.80  2.9398181E-02
   7172.00  2.9596912E-02
