  7112.000   26  1  1  5.0961625E-02 -2.0942014E+00 -1.5706819E+00  1  1  7.2662335E+03  0.0000000E+00  0.0000000E+00  2.6177757E+00  1.0000000E+00  0.0000000E+00 = E_edge, Z, n_edge, j_edge, Abs_before_edge, VO_interstitial, E_cut, ninitl, ninit1, Epsii, UnitCell_Volume, Surface_ref, f0_forward, natomsym_f, abs_u_i
    Energy    <xanes>    
   7097.00  5.7729159E-05
   7097.20  4.1975022E-05
   7097.40  3.7160399E-05
   7097.60  3.6256724E-05
   7097.80  3.7658174E-05
   7098.00  4.1279796E-05
   7098.20  4.8057845E-05
   7098.40  6.0664796E-05
   7098.60  8.6670460E-05
   7098.80  1.5453882E-04
   7099.00  5.0447798E-04
   7099.20  2.5623681E-03
   7099.40  4.0825369E-03
   7099.60  5.4871628E-04
   7099.80  1.6800600E-04
   7100.00  9.4919146E-05
   7100.20  7.1620985E-05
   7100.40  8.8124951E-05
   7100.60  5.8106059E-04
   7100.80  8.2239718E-05
   7101.00  2.2165551E-03
   7101.20  8.4116441E-05
   7101.40  4.9380032E-05
   7101.60  5.2615561E-05
   7101.80  9.9350705E-05
   7102.00  4.7975509E-03
   7102.20  1.7022343E-04
   7102.40  7.9082642E-05
   7102.60  4.3578769E-05
   7102.80  6.5644093E-05
   7103.00  5.0943637E-05
   7103.20  3.5445496E-05
   7103.40  6.1124728E-04
   7103.60  6.8259110E-05
   7103.80  3.2927275E-05
   7104.00  3.4519070E-05
   7104.20  4.8177261E-05
   7104.40  5.6944593E-05
   7104.60  1.4419655E-04
   7104.80  8.3787701E-05
   7105.00  1.2403373E-02
   7105.20  9.9878465E-05
   7105.40  9.9419779E-05
   7105.60  5.6630177E-04
   7105.80  3.4769322E-04
   7106.00  1.5244073E-04
   7106.20  2.2112416E-03
   7106.40  1.6689888E-03
   7106.60  4.3400832E-04
   7106.80  3.6398868E-04
   7107.00  3.2997860E-04
   7107.20  1.5570852E-04
   7107.40  2.9214090E-04
   7107.60  5.6725136E-03
   7107.80  2.1466331E-03
   7108.00  3.4928047E-04
   7108.20  5.3369780E-04
   7108.40  1.1980749E-03
   7108.60  6.0404575E-03
   7108.80  2.1336356E-02
   7109.00  1.1866620E-01
   7109.20  1.5767954E-03
   7109.40  1.0269761E-02
   7109.60  6.9909937E-03
   7109.80  1.1640114E-02
   7110.00  4.4651430E-03
   7110.20  8.2940497E-04
   7110.40  1.3782497E-02
   7110.60  5.5573885E-03
   7110.80  1.0617195E-02
   7111.00  9.2989323E-03
   7111.20  1.2787629E-02
   7111.40  2.2838077E-02
   7111.60  1.2754938E-02
   7111.80  1.9858288E-02
   7112.00  1.4621466E-02
   7112.20  2.6406896E-02
   7112.40  3.3035890E-02
   7112.60  1.6636383E-02
   7112.80  9.4856456E-03
   7113.00  6.6119962E-03
   7113.20  5.2828957E-03
   7113.40  4.5940698E-03
   7113.60  4.2083127E-03
   7113.80  3.9265751E-03
   7114.00  3.6894540E-03
   7114.20  3.4026874E-03
   7114.40  3.1283737E-03
   7114.60  2.9491053E-03
   7114.80  2.8644519E-03
   7115.00  2.8266504E-03
   7115.20  2.8802045E-03
   7115.40  2.9910976E-03
   7115.60  3.1614676E-03
   7115.80  3.4023632E-03
   7116.00  3.7154922E-03
   7116.20  4.1156931E-03
   7116.40  4.6154694E-03
   7116.60  5.2251002E-03
   7116.80  5.9525928E-03
   7117.00  6.7650556E-03
   7117.20  7.6300721E-03
   7117.40  8.5059880E-03
   7117.60  9.3658242E-03
   7117.80  1.0214290E-02
   7118.00  1.1089758E-02
   7118.20  1.2037616E-02
   7118.40  1.3095157E-02
   7118.60  1.4290819E-02
   7118.80  1.5623133E-02
   7119.00  1.7082131E-02
   7119.20  1.8707461E-02
   7119.40  2.0531088E-02
   7119.60  2.2389410E-02
   7119.80  2.3814466E-02
   7120.00  2.4484854E-02
   7120.20  2.4726143E-02
   7120.40  2.5045720E-02
   7120.60  2.5692153E-02
   7120.80  2.6720604E-02
   7121.00  2.8119166E-02
   7121.20  2.9837964E-02
   7121.40  3.1740147E-02
   7121.60  3.3491943E-02
   7121.80  3.4687094E-02
   7122.00  3.5289792E-02
   7122.20  3.5643418E-02
   7122.40  3.5907658E-02
   7122.60  3.6240498E-02
   7122.80  3.6640407E-02
   7123.00  3.7070791E-02
   7123.20  3.7518002E-02
   7123.40  3.7846151E-02
   7123.60  3.8100713E-02
   7123.80  3.8291769E-02
   7124.00  3.8488058E-02
   7124.20  3.8716467E-02
   7124.40  3.9054234E-02
   7124.60  3.9485015E-02
   7124.80  3.9912158E-02
   7125.00  4.0153714E-02
   7125.20  4.0218242E-02
   7125.40  4.0152118E-02
   7125.60  4.0004710E-02
   7125.80  3.9808828E-02
   7126.00  3.9585001E-02
   7126.20  3.9348166E-02
   7126.40  3.9109116E-02
   7126.60  3.8874708E-02
   7126.80  3.8653974E-02
   7127.00  3.8471150E-02
   7127.20  3.8281293E-02
   7127.40  3.8152583E-02
   7127.60  3.8078653E-02
   7127.80  3.8060091E-02
   7128.00  3.8090171E-02
   7128.20  3.8156657E-02
   7128.40  3.8245436E-02
   7128.60  3.8345441E-02
   7128.80  3.8452718E-02
   7129.00  3.8570855E-02
   7129.20  3.8707087E-02
   7129.40  3.8868394E-02
   7129.60  3.9058419E-02
   7129.80  3.9270690E-02
   7130.00  3.9489350E-02
   7130.20  3.9721861E-02
   7130.40  3.9883837E-02
   7130.60  3.9982054E-02
   7130.80  4.0003075E-02
   7131.00  3.9941851E-02
   7131.20  3.9801481E-02
   7131.40  3.9593610E-02
   7131.60  3.9338621E-02
   7131.80  3.9065376E-02
   7132.00  3.8803546E-02
   7132.20  3.8575751E-02
   7132.40  3.8391215E-02
   7132.60  3.8243006E-02
   7132.80  3.8107599E-02
   7133.00  3.7947701E-02
   7133.20  3.7726554E-02
   7133.40  3.7437779E-02
   7133.60  3.7123743E-02
   7133.80  3.6850719E-02
   7134.00  3.6668467E-02
   7134.20  3.6613138E-02
   7134.40  3.6641685E-02
   7134.60  3.6754505E-02
   7134.80  3.6931874E-02
   7135.00  3.7152184E-02
   7135.20  3.7392008E-02
   7135.40  3.7627896E-02
   7135.60  3.7839318E-02
   7135.80  3.8010652E-02
   7136.00  3.8161018E-02
   7136.20  3.8229819E-02
   7136.40  3.8247383E-02
   7136.60  3.8219067E-02
   7136.80  3.8152256E-02
   7137.00  3.8055112E-02
   7137.20  3.7935533E-02
   7137.40  3.7800512E-02
   7137.60  3.7655782E-02
   7137.80  3.7505967E-02
   7138.00  3.7354509E-02
   7138.20  3.7203849E-02
   7138.40  3.7055687E-02
   7138.60  3.6911115E-02
   7138.80  3.6770703E-02
   7139.00  3.6634707E-02
   7139.20  3.6496603E-02
   7139.40  3.6368125E-02
   7139.60  3.6242248E-02
   7139.80  3.6117771E-02
   7140.00  3.5992778E-02
   7140.20  3.5865383E-02
   7140.40  3.5736099E-02
   7140.60  3.5603598E-02
   7140.80  3.5467055E-02
   7141.00  3.5325159E-02
   7141.20  3.5176950E-02
   7141.40  3.5021827E-02
   7141.60  3.4859532E-02
   7141.80  3.4690196E-02
   7142.00  3.4514222E-02
   7142.20  3.4332383E-02
   7142.40  3.4145558E-02
   7142.60  3.3955206E-02
   7142.80  3.3762338E-02
   7143.00  3.3568205E-02
   7143.20  3.3374370E-02
   7143.40  3.3181636E-02
   7143.60  3.2990887E-02
   7143.80  3.2802928E-02
   7144.00  3.2618250E-02
   7144.20  3.2436985E-02
   7144.40  3.2259196E-02
   7144.60  3.2084940E-02
   7144.80  3.1913997E-02
   7145.00  3.1746006E-02
   7145.20  3.1580543E-02
   7145.40  3.1417269E-02
   7145.60  3.1256122E-02
   7145.80  3.1096577E-02
   7146.00  3.0938442E-02
   7146.20  3.0781624E-02
   7146.40  3.0626311E-02
   7146.60  3.0472617E-02
   7146.80  3.0320507E-02
   7147.00  3.0170069E-02
   7147.20  3.0021393E-02
   7147.40  2.9874572E-02
   7147.60  2.9729688E-02
   7147.80  2.9587039E-02
   7148.00  2.9446470E-02
   7148.20  2.9307933E-02
   7148.40  2.9171216E-02
   7148.60  2.9036183E-02
   7148.80  2.8902665E-02
   7149.00  2.8770616E-02
   7149.20  2.8639795E-02
   7149.40  2.8510041E-02
   7149.60  2.8380660E-02
   7149.80  2.8251819E-02
   7150.00  2.8124584E-02
   7150.20  2.7998245E-02
   7150.40  2.7873005E-02
   7150.60  2.7749268E-02
   7150.80  2.7627295E-02
   7151.00  2.7507578E-02
   7151.20  2.7391278E-02
   7151.40  2.7278761E-02
   7151.60  2.7170360E-02
   7151.80  2.7066565E-02
   7152.00  2.6967692E-02
   7152.20  2.6874438E-02
   7152.40  2.6788410E-02
   7152.60  2.6707285E-02
   7152.80  2.6633002E-02
   7153.00  2.6565463E-02
   7153.20  2.6509353E-02
   7153.40  2.6457635E-02
   7153.60  2.6413331E-02
   7153.80  2.6376078E-02
   7154.00  2.6345908E-02
   7154.20  2.6322974E-02
   7154.40  2.6307083E-02
   7154.60  2.6297835E-02
   7154.80  2.6295100E-02
   7155.00  2.6298739E-02
   7155.20  2.6309084E-02
   7155.40  2.6325323E-02
   7155.60  2.6347256E-02
   7155.80  2.6374647E-02
   7156.00  2.6407280E-02
   7156.20  2.6445243E-02
   7156.40  2.6488033E-02
   7156.60  2.6535167E-02
   7156.80  2.6586301E-02
   7157.00  2.6641051E-02
   7157.20  2.6699048E-02
   7157.40  2.6760313E-02
   7157.60  2.6824140E-02
   7157.80  2.6890037E-02
   7158.00  2.6957555E-02
   7158.20  2.7026340E-02
   7158.40  2.7095972E-02
   7158.60  2.7166026E-02
   7158.80  2.7236424E-02
   7159.00  2.7306432E-02
   7159.20  2.7375708E-02
   7159.40  2.7443918E-02
   7159.60  2.7510546E-02
   7159.80  2.7575330E-02
   7160.00  2.7637915E-02
   7160.20  2.7698163E-02
   7160.40  2.7755753E-02
   7160.60  2.7810185E-02
   7160.80  2.7861349E-02
   7161.00  2.7909018E-02
   7161.20  2.7952847E-02
   7161.40  2.7991048E-02
   7161.60  2.8026709E-02
   7161.80  2.8058068E-02
   7162.00  2.8085377E-02
   7162.20  2.8108254E-02
   7162.40  2.8126771E-02
   7162.60  2.8140868E-02
   7162.80  2.8148822E-02
   7163.00  2.8153998E-02
   7163.20  2.8154918E-02
   7163.40  2.8151889E-02
   7163.60  2.8151161E-02
   7163.80  2.8143231E-02
   7164.00  2.8133041E-02
   7164.20  2.8120844E-02
   7164.40  2.8107225E-02
   7164.60  2.8092868E-02
   7164.80  2.8078142E-02
   7165.00  2.8063631E-02
   7165.20  2.8050095E-02
   7165.40  2.8038147E-02
   7165.60  2.8028148E-02
   7165.80  2.8020724E-02
   7166.00  2.8016513E-02
   7166.20  2.8015738E-02
   7166.40  2.8018666E-02
   7166.60  2.8025518E-02
   7166.80  2.8036577E-02
   7167.00  2.8052026E-02
   7167.20  2.8072030E-02
   7167.40  2.8096844E-02
   7167.60  2.8126309E-02
   7167.80  2.8160422E-02
   7168.00  2.8199108E-02
   7168.20  2.8242434E-02
   7168.40  2.8290247E-02
   7168.60  2.8342551E-02
   7168.80  2.8398926E-02
   7169.00  2.8459472E-02
   7169.20  2.8523548E-02
   7169.40  2.8590906E-02
   7169.60  2.8661375E-02
   7169.80  2.8734547E-02
   7170.00  2.8810287E-02
   7170.20  2.8888128E-02
   7170.40  2.8967651E-02
   7170.60  2.9048544E-02
   7170.80  2.9130584E-02
   7171.00  2.9213353E-02
   7171.20  2.9296466E-02
   7171.40  2.9379606E-02
   7171.60  2.9462658E-02
   7171.80  2.9545344E-02
   7172.00  2.9627339E-02
