  7112.000   26  1  1  4.0745977E-02 -3.0409760E+00 -2.2882261E+00  1  1  7.2667521E+03  0.0000000E+00  0.0000000E+00  3.4304593E+00  1.0000000E+00  0.0000000E+00 = E_edge, Z, n_edge, j_edge, Abs_before_edge, VO_interstitial, E_cut, ninitl, ninit1, Epsii, UnitCell_Volume, Surface_ref, f0_forward, natomsym_f, abs_u_i
    Energy    <xanes>    
   7097.00  2.0575367E-05
   7097.20  2.1236583E-05
   7097.40  2.2489387E-05
   7097.60  2.5626505E-05
   7097.80  3.9977561E-05
   7098.00  1.7826519E-03
   7098.20  5.0942220E-05
   7098.40  2.8832165E-05
   7098.60  2.6117340E-05
   7098.80  2.6548515E-05
   7099.00  2.9289799E-05
   7099.20  3.8515704E-05
   7099.40  1.2207353E-04
   7099.60  2.3155691E-04
   7099.80  5.1847400E-05
   7100.00  5.1644045E-05
   7100.20  8.7711482E-05
   7100.40  1.0869536E-02
   7100.60  6.0642827E-04
   7100.80  2.3802799E-02
   7101.00  5.1989849E-04
   7101.20  2.1784831E-04
   7101.40  2.6583781E-04
   7101.60  5.7752881E-05
   7101.80  4.2455795E-05
   7102.00  3.8543520E-05
   7102.20  3.9151678E-05
   7102.40  4.5737048E-05
   7102.60  9.5485388E-05
   7102.80  3.4828137E-04
   7103.00  6.8591844E-03
   7103.20  2.5257290E-03
   7103.40  3.7125242E-04
   7103.60  9.6132713E-05
   7103.80  3.1468012E-04
   7104.00  6.1386783E-05
   7104.20  6.2308827E-05
   7104.40  8.3821881E-05
   7104.60  9.9366268E-05
   7104.80  1.9667679E-04
   7105.00  1.7196912E-03
   7105.20  8.5251685E-04
   7105.40  8.9215518E-03
   7105.60  1.4246799E-03
   7105.80  6.8829817E-04
   7106.00  8.1317193E-04
   7106.20  1.5650487E-04
   7106.40  4.0417756E-04
   7106.60  3.9354925E-04
   7106.80  1.3892833E-03
   7107.00  6.4109686E-04
   7107.20  1.1644951E-02
   7107.40  2.4754242E-02
   7107.60  1.1738869E-03
   7107.80  9.7847213E-04
   7108.00  9.0307290E-03
   7108.20  2.2232856E-03
   7108.40  9.8335228E-04
   7108.60  2.1911773E-03
   7108.80  5.5076437E-03
   7109.00  7.8326158E-03
   7109.20  1.1228440E-03
   7109.40  2.6889973E-02
   7109.60  1.8698198E-02
   7109.80  5.8885312E-03
   7110.00  3.8919729E-03
   7110.20  5.9734828E-03
   7110.40  8.3625688E-03
   7110.60  1.6756916E-02
   7110.80  2.3444536E-02
   7111.00  2.2615558E-02
   7111.20  2.1512776E-02
   7111.40  1.8090425E-02
   7111.60  1.8078050E-02
   7111.80  2.8457413E-02
   7112.00  3.8512567E-02
   7112.20  5.3214943E-02
   7112.40  6.9780807E-02
   7112.60  5.0866552E-02
   7112.80  3.1282763E-02
   7113.00  2.0509538E-02
   7113.20  1.4859493E-02
   7113.40  1.1547203E-02
   7113.60  9.2118185E-03
   7113.80  7.5469740E-03
   7114.00  6.4584677E-03
   7114.20  5.8720178E-03
   7114.40  5.8682520E-03
   7114.60  6.6219715E-03
   7114.80  7.1775735E-03
   7115.00  6.0903051E-03
   7115.20  4.3271175E-03
   7115.40  3.4796993E-03
   7115.60  2.9082566E-03
   7115.80  2.5384479E-03
   7116.00  2.2975048E-03
   7116.20  2.1438702E-03
   7116.40  2.0552923E-03
   7116.60  2.0199569E-03
   7116.80  2.0320695E-03
   7117.00  2.0874620E-03
   7117.20  2.1790595E-03
   7117.40  2.3088842E-03
   7117.60  2.5202230E-03
   7117.80  2.8157944E-03
   7118.00  3.0956096E-03
   7118.20  3.3528468E-03
   7118.40  3.6596243E-03
   7118.60  4.0207063E-03
   7118.80  4.3299503E-03
   7119.00  4.4751875E-03
   7119.20  4.5513882E-03
   7119.40  4.6722993E-03
   7119.60  5.0046896E-03
   7119.80  5.7162437E-03
   7120.00  6.5414710E-03
   7120.20  6.8082344E-03
   7120.40  6.4547620E-03
   7120.60  5.8935806E-03
   7120.80  5.4414067E-03
   7121.00  5.1996804E-03
   7121.20  5.1539398E-03
   7121.40  5.2662790E-03
   7121.60  5.5123312E-03
   7121.80  5.8908983E-03
   7122.00  6.4239662E-03
   7122.20  7.0603172E-03
   7122.40  7.7973283E-03
   7122.60  8.6698879E-03
   7122.80  9.7402225E-03
   7123.00  1.1092729E-02
   7123.20  1.2840242E-02
   7123.40  1.5087039E-02
   7123.60  1.7827320E-02
   7123.80  2.0841802E-02
   7124.00  2.3772916E-02
   7124.20  2.6395724E-02
   7124.40  2.8649808E-02
   7124.60  3.0482545E-02
   7124.80  3.2007651E-02
   7125.00  3.3363429E-02
   7125.20  3.4456328E-02
   7125.40  3.5339596E-02
   7125.60  3.6066023E-02
   7125.80  3.6734901E-02
   7126.00  3.7265637E-02
   7126.20  3.7586183E-02
   7126.40  3.7603555E-02
   7126.60  3.7320541E-02
   7126.80  3.6753584E-02
   7127.00  3.5884319E-02
   7127.20  3.4842901E-02
   7127.40  3.3614082E-02
   7127.60  3.2366531E-02
   7127.80  3.1106266E-02
   7128.00  2.9911954E-02
   7128.20  2.8818527E-02
   7128.40  2.7861085E-02
   7128.60  2.7074501E-02
   7128.80  2.6491645E-02
   7129.00  2.6137326E-02
   7129.20  2.6019316E-02
   7129.40  2.6115690E-02
   7129.60  2.6357790E-02
   7129.80  2.6624946E-02
   7130.00  2.6786762E-02
   7130.20  2.6779315E-02
   7130.40  2.6623752E-02
   7130.60  2.6372695E-02
   7130.80  2.6070200E-02
   7131.00  2.5751173E-02
   7131.20  2.5449963E-02
   7131.40  2.5192776E-02
   7131.60  2.4991367E-02
   7131.80  2.4844436E-02
   7132.00  2.4743104E-02
   7132.20  2.4673735E-02
   7132.40  2.4619849E-02
   7132.60  2.4566772E-02
   7132.80  2.4510096E-02
   7133.00  2.4462707E-02
   7133.20  2.4452904E-02
   7133.40  2.4510092E-02
   7133.60  2.4644713E-02
   7133.80  2.4839928E-02
   7134.00  2.5073829E-02
   7134.20  2.5301968E-02
   7134.40  2.5516264E-02
   7134.60  2.5701196E-02
   7134.80  2.5839721E-02
   7135.00  2.5921732E-02
   7135.20  2.5952458E-02
   7135.40  2.5952640E-02
   7135.60  2.5951485E-02
   7135.80  2.5979046E-02
   7136.00  2.6062840E-02
   7136.20  2.6229183E-02
   7136.40  2.6504321E-02
   7136.60  2.6913607E-02
   7136.80  2.7472401E-02
   7137.00  2.8194532E-02
   7137.20  2.9092354E-02
   7137.40  3.0167307E-02
   7137.60  3.1412651E-02
   7137.80  3.2812613E-02
   7138.00  3.4342096E-02
   7138.20  3.5967508E-02
   7138.40  3.7645654E-02
   7138.60  3.9328938E-02
   7138.80  4.0965838E-02
   7139.00  4.2509108E-02
   7139.20  4.3921441E-02
   7139.40  4.5177051E-02
   7139.60  4.6264367E-02
   7139.80  4.7184019E-02
   7140.00  4.7945462E-02
   7140.20  4.8563679E-02
   7140.40  4.9054519E-02
   7140.60  4.9433752E-02
   7140.80  4.9715997E-02
   7141.00  4.9913967E-02
   7141.20  5.0038713E-02
   7141.40  5.0099406E-02
   7141.60  5.0103120E-02
   7141.80  5.0055579E-02
   7142.00  4.9961842E-02
   7142.20  4.9826531E-02
   7142.40  4.9654318E-02
   7142.60  4.9450240E-02
   7142.80  4.9220063E-02
   7143.00  4.8969375E-02
   7143.20  4.8708332E-02
   7143.40  4.8486027E-02
   7143.60  4.8256952E-02
   7143.80  4.8026213E-02
   7144.00  4.7798631E-02
   7144.20  4.7578752E-02
   7144.40  4.7370674E-02
   7144.60  4.7177723E-02
   7144.80  4.7002897E-02
   7145.00  4.6848672E-02
   7145.20  4.6717012E-02
   7145.40  4.6609359E-02
   7145.60  4.6526621E-02
   7145.80  4.6469002E-02
   7146.00  4.6436323E-02
   7146.20  4.6427351E-02
   7146.40  4.6440678E-02
   7146.60  4.6474550E-02
   7146.80  4.6527098E-02
   7147.00  4.6596437E-02
   7147.20  4.6680858E-02
   7147.40  4.6778973E-02
   7147.60  4.6889677E-02
   7147.80  4.7012174E-02
   7148.00  4.7144497E-02
   7148.20  4.7279214E-02
   7148.40  4.7429539E-02
   7148.60  4.7587414E-02
   7148.80  4.7750522E-02
   7149.00  4.7916660E-02
   7149.20  4.8083296E-02
   7149.40  4.8247802E-02
   7149.60  4.8407565E-02
   7149.80  4.8560245E-02
   7150.00  4.8703425E-02
   7150.20  4.8834847E-02
   7150.40  4.8952835E-02
   7150.60  4.9056232E-02
   7150.80  4.9143074E-02
   7151.00  4.9212112E-02
   7151.20  4.9262223E-02
   7151.40  4.9292231E-02
   7151.60  4.9300902E-02
   7151.80  4.9287035E-02
   7152.00  4.9249506E-02
   7152.20  4.9187137E-02
   7152.40  4.9098759E-02
   7152.60  4.8983539E-02
   7152.80  4.8841242E-02
   7153.00  4.8671109E-02
   7153.20  4.8473260E-02
   7153.40  4.8248157E-02
   7153.60  4.7996733E-02
   7153.80  4.7719977E-02
   7154.00  4.7419152E-02
   7154.20  4.7095982E-02
   7154.40  4.6752136E-02
   7154.60  4.6388972E-02
   7154.80  4.6007643E-02
   7155.00  4.5609447E-02
   7155.20  4.5195664E-02
   7155.40  4.4767345E-02
   7155.60  4.4325550E-02
   7155.80  4.3871127E-02
   7156.00  4.3405365E-02
   7156.20  4.2928724E-02
   7156.40  4.2441919E-02
   7156.60  4.1945807E-02
   7156.80  4.1441213E-02
   7157.00  4.0929033E-02
   7157.20  4.0410182E-02
   7157.40  3.9885786E-02
   7157.60  3.9356744E-02
   7157.80  3.8824327E-02
   7158.00  3.8289972E-02
   7158.20  3.7754418E-02
   7158.40  3.7216146E-02
   7158.60  3.6678393E-02
   7158.80  3.6143150E-02
   7159.00  3.5609916E-02
   7159.20  3.5081544E-02
   7159.40  3.4560278E-02
   7159.60  3.4045659E-02
   7159.80  3.3538691E-02
   7160.00  3.3040742E-02
   7160.20  3.2552351E-02
   7160.40  3.2074196E-02
   7160.60  3.1606288E-02
   7160.80  3.1151161E-02
   7161.00  3.0708794E-02
   7161.20  3.0279957E-02
   7161.40  2.9865375E-02
   7161.60  2.9466797E-02
   7161.80  2.9081438E-02
   7162.00  2.8712915E-02
   7162.20  2.8359803E-02
   7162.40  2.8022723E-02
   7162.60  2.7700877E-02
   7162.80  2.7393813E-02
   7163.00  2.7101127E-02
   7163.20  2.6822093E-02
   7163.40  2.6556152E-02
   7163.60  2.6302833E-02
   7163.80  2.6061782E-02
   7164.00  2.5832800E-02
   7164.20  2.5615852E-02
   7164.40  2.5411053E-02
   7164.60  2.5218613E-02
   7164.80  2.5038953E-02
   7165.00  2.4872496E-02
   7165.20  2.4719169E-02
   7165.40  2.4579225E-02
   7165.60  2.4452750E-02
   7165.80  2.4339724E-02
   7166.00  2.4240092E-02
   7166.20  2.4153667E-02
   7166.40  2.4080215E-02
   7166.60  2.4019504E-02
   7166.80  2.3970679E-02
   7167.00  2.3934247E-02
   7167.20  2.3909333E-02
   7167.40  2.3895544E-02
   7167.60  2.3892565E-02
   7167.80  2.3900212E-02
   7168.00  2.3918065E-02
   7168.20  2.3945854E-02
   7168.40  2.3983397E-02
   7168.60  2.4030513E-02
   7168.80  2.4086977E-02
   7169.00  2.4152636E-02
   7169.20  2.4227577E-02
   7169.40  2.4311423E-02
   7169.60  2.4403883E-02
   7169.80  2.4504750E-02
   7170.00  2.4613608E-02
   7170.20  2.4730196E-02
   7170.40  2.4854156E-02
   7170.60  2.4985069E-02
   7170.80  2.5122451E-02
   7171.00  2.5265943E-02
   7171.20  2.5415096E-02
   7171.40  2.5569654E-02
   7171.60  2.5729196E-02
   7171.80  2.5893283E-02
   7172.00  2.6061714E-02
