  7112.000   26  1  1  2.6961222E-02 -3.7974937E+00 -1.8955001E+00  1  1  7.2660379E+03  0.0000000E+00  0.0000000E+00  3.8189821E+00  1.0000000E+00  0.0000000E+00 = E_edge, Z, n_edge, j_edge, Abs_before_edge, VO_interstitial, E_cut, ninitl, ninit1, Epsii, UnitCell_Volume, Surface_ref, f0_forward, natomsym_f, abs_u_i
    Energy    <xanes>    
   7097.00  2.2016677E-05
   7097.20  2.2217404E-05
   7097.40  2.2547758E-05
   7097.60  2.3080840E-05
   7097.80  2.3979545E-05
   7098.00  2.5665299E-05
   7098.20  2.9537415E-05
   7098.40  4.2959632E-05
   7098.60  2.0778944E-04
   7098.80  2.2736923E-04
   7099.00  4.5802127E-05
   7099.20  3.4819476E-05
   7099.40  3.7037786E-05
   7099.60  6.9918527E-05
   7099.80  2.1258649E-03
   7100.00  5.8450050E-05
   7100.20  5.8888477E-05
   7100.40  1.1626511E-03
   7100.60  2.1646508E-04
   7100.80  9.7399725E-04
   7101.00  8.4323053E-05
   7101.20  5.3082001E-05
   7101.40  5.5722515E-05
   7101.60  1.3744980E-04
   7101.80  3.0468581E-04
   7102.00  5.5510032E-04
   7102.20  1.2117753E-04
   7102.40  5.3342615E-04
   7102.60  2.2782083E-04
   7102.80  3.9343318E-04
   7103.00  1.7413267E-04
   7103.20  2.7143294E-04
   7103.40  1.3297255E-04
   7103.60  4.2425130E-04
   7103.80  3.7841625E-02
   7104.00  6.8076935E-04
   7104.20  1.2436212E-04
   7104.40  1.4696710E-04
   7104.60  3.6379966E-04
   7104.80  5.4713412E-02
   7105.00  4.8855536E-03
   7105.20  1.5464249E-03
   7105.40  2.2654964E-03
   7105.60  5.2567556E-04
   7105.80  3.6749752E-04
   7106.00  1.8507036E-04
   7106.20  5.0778135E-04
   7106.40  3.1904953E-03
   7106.60  4.4150563E-03
   7106.80  8.3178000E-04
   7107.00  1.7594113E-03
   7107.20  3.6476799E-03
   7107.40  1.9596425E-03
   7107.60  1.7319346E-02
   7107.80  1.3448541E-02
   7108.00  1.1717775E-03
   7108.20  2.3243728E-02
   7108.40  1.6960999E-02
   7108.60  1.0253330E-03
   7108.80  2.5258357E-02
   7109.00  5.2349879E-03
   7109.20  8.3824282E-03
   7109.40  1.5124230E-02
   7109.60  1.6471643E-02
   7109.80  2.4699336E-02
   7110.00  4.1912247E-02
   7110.20  1.8036627E-02
   7110.40  3.4661488E-02
   7110.60  3.7684011E-02
   7110.80  3.4171678E-02
   7111.00  3.1370099E-02
   7111.20  2.7442796E-02
   7111.40  2.3963199E-02
   7111.60  1.9298010E-02
   7111.80  1.6187032E-02
   7112.00  1.5866798E-02
   7112.20  1.6070423E-02
   7112.40  1.6833297E-02
   7112.60  1.8495395E-02
   7112.80  1.9693774E-02
   7113.00  1.8601281E-02
   7113.20  1.6306556E-02
   7113.40  1.4103214E-02
   7113.60  1.2137748E-02
   7113.80  1.0209079E-02
   7114.00  8.8259567E-03
   7114.20  8.8301676E-03
   7114.40  1.2018748E-02
   7114.60  1.9778731E-02
   7114.80  2.1444855E-02
   7115.00  1.7409556E-02
   7115.20  1.8406288E-02
   7115.40  2.0268450E-02
   7115.60  1.6030002E-02
   7115.80  1.0851272E-02
   7116.00  7.7576320E-03
   7116.20  6.0751463E-03
   7116.40  5.1436393E-03
   7116.60  4.6310548E-03
   7116.80  4.3778177E-03
   7117.00  4.3027542E-03
   7117.20  4.3553891E-03
   7117.40  4.4936032E-03
   7117.60  4.6692904E-03
   7117.80  4.8170408E-03
   7118.00  4.8783990E-03
   7118.20  4.8297842E-03
   7118.40  4.6976926E-03
   7118.60  4.5828342E-03
   7118.80  4.5661307E-03
   7119.00  4.5945417E-03
   7119.20  4.6991523E-03
   7119.40  4.9495512E-03
   7119.60  5.2630127E-03
   7119.80  5.5728848E-03
   7120.00  5.9444794E-03
   7120.20  6.3384167E-03
   7120.40  6.1441862E-03
   7120.60  5.2023243E-03
   7120.80  4.6932713E-03
   7121.00  4.6441518E-03
   7121.20  4.8361003E-03
   7121.40  5.1658709E-03
   7121.60  5.5221793E-03
   7121.80  5.9030924E-03
   7122.00  6.3967616E-03
   7122.20  7.1396930E-03
   7122.40  8.2072591E-03
   7122.60  9.3217335E-03
   7122.80  1.0169686E-02
   7123.00  1.1127197E-02
   7123.20  1.2456386E-02
   7123.40  1.4240130E-02
   7123.60  1.6563143E-02
   7123.80  1.9452727E-02
   7124.00  2.2542618E-02
   7124.20  2.4800069E-02
   7124.40  2.5813000E-02
   7124.60  2.6194323E-02
   7124.80  2.6284985E-02
   7125.00  2.6416750E-02
   7125.20  2.6812484E-02
   7125.40  2.7651988E-02
   7125.60  2.8933048E-02
   7125.80  3.0709070E-02
   7126.00  3.2769292E-02
   7126.20  3.4873367E-02
   7126.40  3.7021874E-02
   7126.60  3.8887667E-02
   7126.80  3.9935861E-02
   7127.00  3.9749978E-02
   7127.20  3.8464041E-02
   7127.40  3.6597357E-02
   7127.60  3.4786996E-02
   7127.80  3.3299433E-02
   7128.00  3.2124326E-02
   7128.20  3.1171667E-02
   7128.40  3.0424354E-02
   7128.60  2.9921286E-02
   7128.80  2.9882774E-02
   7129.00  3.0385783E-02
   7129.20  3.1507152E-02
   7129.40  3.3177585E-02
   7129.60  3.5046019E-02
   7129.80  3.6617947E-02
   7130.00  3.7658985E-02
   7130.20  3.8254705E-02
   7130.40  3.8539501E-02
   7130.60  3.8564203E-02
   7130.80  3.8356020E-02
   7131.00  3.8006150E-02
   7131.20  3.7673603E-02
   7131.40  3.7527041E-02
   7131.60  3.7695214E-02
   7131.80  3.8243009E-02
   7132.00  3.9158812E-02
   7132.20  4.0353759E-02
   7132.40  4.1682893E-02
   7132.60  4.2986834E-02
   7132.80  4.4137173E-02
   7133.00  4.5072691E-02
   7133.20  4.5812813E-02
   7133.40  4.6443341E-02
   7133.60  4.7079675E-02
   7133.80  4.7810822E-02
   7134.00  4.8612937E-02
   7134.20  4.9282957E-02
   7134.40  4.9523521E-02
   7134.60  4.9177814E-02
   7134.80  4.8335262E-02
   7135.00  4.7220356E-02
   7135.20  4.6053800E-02
   7135.40  4.4997100E-02
   7135.60  4.4137130E-02
   7135.80  4.3471605E-02
   7136.00  4.2906693E-02
   7136.20  4.2294721E-02
   7136.40  4.1510174E-02
   7136.60  4.0515880E-02
   7136.80  3.9370825E-02
   7137.00  3.8185631E-02
   7137.20  3.7069002E-02
   7137.40  3.6097769E-02
   7137.60  3.5311601E-02
   7137.80  3.4721995E-02
   7138.00  3.4322560E-02
   7138.20  3.4097758E-02
   7138.40  3.4027806E-02
   7138.60  3.4091145E-02
   7138.80  3.4265801E-02
   7139.00  3.4529555E-02
   7139.20  3.4860284E-02
   7139.40  3.5235579E-02
   7139.60  3.5634399E-02
   7139.80  3.6038518E-02
   7140.00  3.6433536E-02
   7140.20  3.6810121E-02
   7140.40  3.7164190E-02
   7140.60  3.7496777E-02
   7140.80  3.7811642E-02
   7141.00  3.8113901E-02
   7141.20  3.8414084E-02
   7141.40  3.8714106E-02
   7141.60  3.9010490E-02
   7141.80  3.9302684E-02
   7142.00  3.9589429E-02
   7142.20  3.9868894E-02
   7142.40  4.0138974E-02
   7142.60  4.0397637E-02
   7142.80  4.0642777E-02
   7143.00  4.0871768E-02
   7143.20  4.1082002E-02
   7143.40  4.1270782E-02
   7143.60  4.1435474E-02
   7143.80  4.1573748E-02
   7144.00  4.1683677E-02
   7144.20  4.1763820E-02
   7144.40  4.1812952E-02
   7144.60  4.1830830E-02
   7144.80  4.1818230E-02
   7145.00  4.1777280E-02
   7145.20  4.1711582E-02
   7145.40  4.1626335E-02
   7145.60  4.1528180E-02
   7145.80  4.1424601E-02
   7146.00  4.1323796E-02
   7146.20  4.1234017E-02
   7146.40  4.1163111E-02
   7146.60  4.1122894E-02
   7146.80  4.1107886E-02
   7147.00  4.1121465E-02
   7147.20  4.1177183E-02
   7147.40  4.1268812E-02
   7147.60  4.1396555E-02
   7147.80  4.1556797E-02
   7148.00  4.1748055E-02
   7148.20  4.1966092E-02
   7148.40  4.2206201E-02
   7148.60  4.2462786E-02
   7148.80  4.2728316E-02
   7149.00  4.2983795E-02
   7149.20  4.3233363E-02
   7149.40  4.3470144E-02
   7149.60  4.3687148E-02
   7149.80  4.3877338E-02
   7150.00  4.4034735E-02
   7150.20  4.4154735E-02
   7150.40  4.4233922E-02
   7150.60  4.4270126E-02
   7150.80  4.4262684E-02
   7151.00  4.4212551E-02
   7151.20  4.4121697E-02
   7151.40  4.3992526E-02
   7151.60  4.3828687E-02
   7151.80  4.3634097E-02
   7152.00  4.3413130E-02
   7152.20  4.3170523E-02
   7152.40  4.2910670E-02
   7152.60  4.2638478E-02
   7152.80  4.2358720E-02
   7153.00  4.2076042E-02
   7153.20  4.1795041E-02
   7153.40  4.1519618E-02
   7153.60  4.1253099E-02
   7153.80  4.0998509E-02
   7154.00  4.0758129E-02
   7154.20  4.0533610E-02
   7154.40  4.0325774E-02
   7154.60  4.0134732E-02
   7154.80  3.9959275E-02
   7155.00  3.9797693E-02
   7155.20  3.9647386E-02
   7155.40  3.9504794E-02
   7155.60  3.9365752E-02
   7155.80  3.9225428E-02
   7156.00  3.9078871E-02
   7156.20  3.8920099E-02
   7156.40  3.8743450E-02
   7156.60  3.8543473E-02
   7156.80  3.8315201E-02
   7157.00  3.8054427E-02
   7157.20  3.7757939E-02
   7157.40  3.7423239E-02
   7157.60  3.7049068E-02
   7157.80  3.6636679E-02
   7158.00  3.6187519E-02
   7158.20  3.5704739E-02
   7158.40  3.5196127E-02
   7158.60  3.4665512E-02
   7158.80  3.4119121E-02
   7159.00  3.3563321E-02
   7159.20  3.3004230E-02
   7159.40  3.2447686E-02
   7159.60  3.1898276E-02
   7159.80  3.1359431E-02
   7160.00  3.0832810E-02
   7160.20  3.0322175E-02
   7160.40  2.9827688E-02
   7160.60  2.9345798E-02
   7160.80  2.8882283E-02
   7161.00  2.8433860E-02
   7161.20  2.8000776E-02
   7161.40  2.7581960E-02
   7161.60  2.7177090E-02
   7161.80  2.6785576E-02
   7162.00  2.6407306E-02
   7162.20  2.6042336E-02
   7162.40  2.5690926E-02
   7162.60  2.5353532E-02
   7162.80  2.5030790E-02
   7163.00  2.4723777E-02
   7163.20  2.4433419E-02
   7163.40  2.4160115E-02
   7163.60  2.3904646E-02
   7163.80  2.3667774E-02
   7164.00  2.3449847E-02
   7164.20  2.3250536E-02
   7164.40  2.3069114E-02
   7164.60  2.2904710E-02
   7164.80  2.2756095E-02
   7165.00  2.2621855E-02
   7165.20  2.2500672E-02
   7165.40  2.2390341E-02
   7165.60  2.2289189E-02
   7165.80  2.2195664E-02
   7166.00  2.2108414E-02
   7166.20  2.2026553E-02
   7166.40  2.1943976E-02
   7166.60  2.1875048E-02
   7166.80  2.1806748E-02
   7167.00  2.1742450E-02
   7167.20  2.1682181E-02
   7167.40  2.1626182E-02
   7167.60  2.1574728E-02
   7167.80  2.1528313E-02
   7168.00  2.1487056E-02
   7168.20  2.1450980E-02
   7168.40  2.1420259E-02
   7168.60  2.1395047E-02
   7168.80  2.1375490E-02
   7169.00  2.1361776E-02
   7169.20  2.1353944E-02
   7169.40  2.1352229E-02
   7169.60  2.1356877E-02
   7169.80  2.1367852E-02
   7170.00  2.1385338E-02
   7170.20  2.1409592E-02
   7170.40  2.1440916E-02
   7170.60  2.1479575E-02
   7170.80  2.1525882E-02
   7171.00  2.1580259E-02
   7171.20  2.1643047E-02
   7171.40  2.1714854E-02
   7171.60  2.1795726E-02
   7171.80  2.1885967E-02
   7172.00  2.1985885E-02
