  7112.000   26  1  1  2.7190773E-02 -2.3170641E+00 -2.2969887E+00  1  1  7.2663165E+03  0.0000000E+00  0.0000000E+00  2.4166903E+00  1.0000000E+00  0.0000000E+00 = E_edge, Z, n_edge, j_edge, Abs_before_edge, VO_interstitial, E_cut, ninitl, ninit1, Epsii, UnitCell_Volume, Surface_ref, f0_forward, natomsym_f, abs_u_i
    Energy    <xanes>    
   7097.00  9.6456452E-04
   7097.20  8.5974884E-05
   7097.40  4.3310612E-05
   7097.60  3.6921021E-05
   7097.80  2.3044231E-04
   7098.00  2.9097095E-05
   7098.20  2.6265063E-05
   7098.40  2.6031445E-05
   7098.60  2.7014833E-05
   7098.80  2.9821530E-05
   7099.00  3.7910513E-05
   7099.20  7.7679684E-05
   7099.40  7.1149399E-03
   7099.60  9.9403985E-05
   7099.80  4.3537207E-05
   7100.00  3.5750797E-05
   7100.20  3.5539584E-05
   7100.40  3.9519560E-05
   7100.60  5.0179958E-05
   7100.80  8.1733550E-05
   7101.00  2.5581329E-04
   7101.20  6.9407177E-02
   7101.40  2.6820335E-04
   7101.60  8.8782668E-05
   7101.80  6.2147656E-05
   7102.00  6.3702641E-05
   7102.20  1.0808393E-04
   7102.40  1.5356506E-03
   7102.60  3.0031495E-04
   7102.80  1.0031828E-04
   7103.00  1.8021737E-04
   7103.20  3.2075941E-03
   7103.40  3.7934539E-04
   7103.60  9.2751229E-04
   7103.80  1.0181930E-03
   7104.00  9.2217342E-05
   7104.20  6.1180557E-05
   7104.40  6.0209354E-05
   7104.60  7.0334224E-05
   7104.80  1.1408677E-04
   7105.00  1.7430967E-02
   7105.20  2.2615882E-04
   7105.40  2.9730198E-03
   7105.60  5.0357432E-03
   7105.80  4.3018575E-03
   7106.00  2.7356956E-03
   7106.20  6.3740965E-04
   7106.40  2.6322217E-04
   7106.60  1.9725047E-04
   7106.80  2.8848586E-04
   7107.00  2.9534619E-03
   7107.20  5.4865358E-04
   7107.40  2.1204483E-04
   7107.60  5.5791603E-03
   7107.80  1.2031884E-02
   7108.00  3.2730529E-04
   7108.20  3.2090677E-02
   7108.40  1.5743188E-03
   7108.60  1.7008591E-03
   7108.80  3.4222135E-03
   7109.00  8.7308614E-03
   7109.20  6.5358251E-03
   7109.40  1.4527152E-03
   7109.60  1.8658173E-03
   7109.80  4.1601868E-03
   7110.00  2.5263960E-02
   7110.20  1.8778268E-02
   7110.40  4.7024148E-03
   7110.60  5.4972776E-03
   7110.80  4.1291824E-03
   7111.00  1.0155492E-02
   7111.20  3.3161776E-02
   7111.40  3.1742135E-02
   7111.60  1.9524487E-02
   7111.80  2.0286536E-02
   7112.00  2.7311926E-02
   7112.20  5.1634016E-02
   7112.40  2.9258541E-02
   7112.60  4.9784886E-02
   7112.80  5.5618409E-02
   7113.00  3.5752196E-02
   7113.20  4.2282829E-02
   7113.40  7.0306109E-02
   7113.60  5.9692568E-02
   7113.80  3.0197432E-02
   7114.00  1.8178764E-02
   7114.20  1.1986030E-02
   7114.40  8.5022628E-03
   7114.60  6.5101780E-03
   7114.80  5.3272875E-03
   7115.00  4.6348806E-03
   7115.20  4.3056447E-03
   7115.40  4.3351219E-03
   7115.60  4.8730137E-03
   7115.80  6.4078663E-03
   7116.00  1.0897510E-02
   7116.20  1.5218418E-02
   7116.40  1.5951317E-02
   7116.60  1.6526885E-02
   7116.80  1.2605127E-02
   7117.00  8.5257794E-03
   7117.20  6.1617519E-03
   7117.40  4.8421702E-03
   7117.60  4.0630169E-03
   7117.80  3.5781995E-03
   7118.00  3.2697236E-03
   7118.20  3.0815007E-03
   7118.40  2.9915986E-03
   7118.60  3.0004557E-03
   7118.80  3.1075064E-03
   7119.00  3.2623363E-03
   7119.20  3.4291392E-03
   7119.40  3.6102268E-03
   7119.60  3.6964644E-03
   7119.80  3.6395409E-03
   7120.00  3.5494976E-03
   7120.20  3.4800474E-03
   7120.40  3.4152378E-03
   7120.60  3.3759423E-03
   7120.80  3.4087608E-03
   7121.00  3.5043471E-03
   7121.20  3.5902752E-03
   7121.40  3.5746120E-03
   7121.60  3.4851524E-03
   7121.80  3.4443766E-03
   7122.00  3.5041262E-03
   7122.20  3.6566846E-03
   7122.40  3.8926945E-03
   7122.60  4.2154526E-03
   7122.80  4.6362374E-03
   7123.00  5.1734817E-03
   7123.20  5.8649016E-03
   7123.40  6.7220918E-03
   7123.60  7.7965249E-03
   7123.80  9.1376771E-03
   7124.00  1.0789977E-02
   7124.20  1.2769423E-02
   7124.40  1.5037525E-02
   7124.60  1.7502403E-02
   7124.80  2.0066929E-02
   7125.00  2.2655783E-02
   7125.20  2.5184224E-02
   7125.40  2.7497020E-02
   7125.60  2.9433855E-02
   7125.80  3.0908694E-02
   7126.00  3.1991629E-02
   7126.20  3.2593611E-02
   7126.40  3.2838849E-02
   7126.60  3.2723703E-02
   7126.80  3.2244762E-02
   7127.00  3.1438555E-02
   7127.20  3.0437301E-02
   7127.40  2.9386626E-02
   7127.60  2.8381945E-02
   7127.80  2.7451048E-02
   7128.00  2.6578648E-02
   7128.20  2.5803417E-02
   7128.40  2.5132480E-02
   7128.60  2.4647031E-02
   7128.80  2.4360391E-02
   7129.00  2.4290225E-02
   7129.20  2.4404407E-02
   7129.40  2.4664204E-02
   7129.60  2.5035868E-02
   7129.80  2.5490304E-02
   7130.00  2.6008405E-02
   7130.20  2.6570916E-02
   7130.40  2.7250086E-02
   7130.60  2.8067560E-02
   7130.80  2.9052969E-02
   7131.00  3.0218098E-02
   7131.20  3.1545809E-02
   7131.40  3.2991916E-02
   7131.60  3.4510674E-02
   7131.80  3.6062529E-02
   7132.00  3.7621962E-02
   7132.20  3.9181489E-02
   7132.40  4.0753247E-02
   7132.60  4.2367635E-02
   7132.80  4.4066444E-02
   7133.00  4.5888367E-02
   7133.20  4.7851787E-02
   7133.40  4.9942982E-02
   7133.60  5.2111615E-02
   7133.80  5.4269841E-02
   7134.00  5.6308533E-02
   7134.20  5.8145262E-02
   7134.40  5.9753294E-02
   7134.60  6.1131117E-02
   7134.80  6.2272284E-02
   7135.00  6.3135794E-02
   7135.20  6.3632745E-02
   7135.40  6.3676108E-02
   7135.60  6.3245650E-02
   7135.80  6.2399957E-02
   7136.00  6.1237987E-02
   7136.20  5.9858965E-02
   7136.40  5.8345520E-02
   7136.60  5.6776885E-02
   7136.80  5.5224067E-02
   7137.00  5.3697882E-02
   7137.20  5.2225712E-02
   7137.40  5.0820149E-02
   7137.60  4.9480185E-02
   7137.80  4.8196414E-02
   7138.00  4.6958047E-02
   7138.20  4.5759292E-02
   7138.40  4.4604563E-02
   7138.60  4.3508455E-02
   7138.80  4.2492272E-02
   7139.00  4.1579112E-02
   7139.20  4.0787985E-02
   7139.40  4.0131625E-02
   7139.60  3.9614812E-02
   7139.80  3.9235265E-02
   7140.00  3.8984969E-02
   7140.20  3.8852239E-02
   7140.40  3.8824146E-02
   7140.60  3.8888101E-02
   7140.80  3.9032678E-02
   7141.00  3.9248178E-02
   7141.20  3.9525799E-02
   7141.40  3.9856778E-02
   7141.60  4.0231623E-02
   7141.80  4.0639134E-02
   7142.00  4.1066749E-02
   7142.20  4.1501273E-02
   7142.40  4.1930293E-02
   7142.60  4.2343374E-02
   7142.80  4.2733235E-02
   7143.00  4.3100017E-02
   7143.20  4.3438041E-02
   7143.40  4.3746384E-02
   7143.60  4.4025840E-02
   7143.80  4.4276698E-02
   7144.00  4.4498587E-02
   7144.20  4.4689557E-02
   7144.40  4.4847037E-02
   7144.60  4.4968061E-02
   7144.80  4.5049943E-02
   7145.00  4.5090726E-02
   7145.20  4.5089710E-02
   7145.40  4.5047727E-02
   7145.60  4.4966888E-02
   7145.80  4.4850580E-02
   7146.00  4.4703093E-02
   7146.20  4.4529224E-02
   7146.40  4.4333731E-02
   7146.60  4.4120989E-02
   7146.80  4.3894949E-02
   7147.00  4.3659022E-02
   7147.20  4.3415975E-02
   7147.40  4.3168070E-02
   7147.60  4.2917196E-02
   7147.80  4.2664990E-02
   7148.00  4.2418157E-02
   7148.20  4.2166702E-02
   7148.40  4.1917750E-02
   7148.60  4.1672353E-02
   7148.80  4.1431469E-02
   7149.00  4.1195954E-02
   7149.20  4.0964195E-02
   7149.40  4.0739830E-02
   7149.60  4.0521765E-02
   7149.80  4.0309617E-02
   7150.00  4.0102844E-02
   7150.20  3.9902204E-02
   7150.40  3.9707276E-02
   7150.60  3.9518972E-02
   7150.80  3.9336481E-02
   7151.00  3.9159731E-02
   7151.20  3.8988917E-02
   7151.40  3.8823688E-02
   7151.60  3.8662687E-02
   7151.80  3.8507427E-02
   7152.00  3.8356404E-02
   7152.20  3.8209490E-02
   7152.40  3.8065678E-02
   7152.60  3.7924279E-02
   7152.80  3.7784548E-02
   7153.00  3.7645770E-02
   7153.20  3.7507334E-02
   7153.40  3.7368557E-02
   7153.60  3.7228353E-02
   7153.80  3.7085876E-02
   7154.00  3.6940308E-02
   7154.20  3.6790838E-02
   7154.40  3.6636599E-02
   7154.60  3.6477173E-02
   7154.80  3.6311578E-02
   7155.00  3.6139034E-02
   7155.20  3.5958774E-02
   7155.40  3.5770357E-02
   7155.60  3.5573367E-02
   7155.80  3.5367480E-02
   7156.00  3.5152817E-02
   7156.20  3.4929223E-02
   7156.40  3.4696648E-02
   7156.60  3.4459562E-02
   7156.80  3.4209663E-02
   7157.00  3.3951756E-02
   7157.20  3.3686491E-02
   7157.40  3.3414579E-02
   7157.60  3.3136432E-02
   7157.80  3.2853758E-02
   7158.00  3.2567742E-02
   7158.20  3.2279856E-02
   7158.40  3.1991762E-02
   7158.60  3.1705279E-02
   7158.80  3.1423305E-02
   7159.00  3.1146174E-02
   7159.20  3.0876724E-02
   7159.40  3.0617156E-02
   7159.60  3.0369516E-02
   7159.80  3.0135271E-02
   7160.00  2.9915708E-02
   7160.20  2.9712942E-02
   7160.40  2.9527304E-02
   7160.60  2.9359191E-02
   7160.80  2.9208613E-02
   7161.00  2.9075127E-02
   7161.20  2.8957815E-02
   7161.40  2.8855401E-02
   7161.60  2.8766312E-02
   7161.80  2.8688184E-02
   7162.00  2.8618655E-02
   7162.20  2.8555179E-02
   7162.40  2.8495274E-02
   7162.60  2.8442296E-02
   7162.80  2.8381331E-02
   7163.00  2.8319021E-02
   7163.20  2.8248797E-02
   7163.40  2.8171445E-02
   7163.60  2.8085499E-02
   7163.80  2.7990458E-02
   7164.00  2.7885785E-02
   7164.20  2.7771721E-02
   7164.40  2.7648422E-02
   7164.60  2.7516284E-02
   7164.80  2.7376115E-02
   7165.00  2.7228861E-02
   7165.20  2.7075755E-02
   7165.40  2.6918363E-02
   7165.60  2.6757282E-02
   7165.80  2.6593685E-02
   7166.00  2.6428675E-02
   7166.20  2.6263441E-02
   7166.40  2.6098960E-02
   7166.60  2.5936435E-02
   7166.80  2.5776390E-02
   7167.00  2.5619385E-02
   7167.20  2.5466139E-02
   7167.40  2.5317306E-02
   7167.60  2.5173439E-02
   7167.80  2.5028546E-02
   7168.00  2.4896800E-02
   7168.20  2.4771898E-02
   7168.40  2.4654141E-02
   7168.60  2.4548209E-02
   7168.80  2.4446249E-02
   7169.00  2.4352719E-02
   7169.20  2.4267797E-02
   7169.40  2.4191612E-02
   7169.60  2.4124352E-02
   7169.80  2.4066093E-02
   7170.00  2.4016491E-02
   7170.20  2.3975417E-02
   7170.40  2.3942523E-02
   7170.60  2.3917572E-02
   7170.80  2.3900303E-02
   7171.00  2.3890411E-02
   7171.20  2.3887621E-02
   7171.40  2.3891660E-02
   7171.60  2.3902527E-02
   7171.80  2.3919768E-02
   7172.00  2.3943357E-02
