  7112.000   26  1  1  7.2619766E-03 -2.2097946E+00 -1.9949704E+00  1  1  7.2657631E+03  0.0000000E+00  0.0000000E+00  1.2738059E+00  1.0000000E+00  0.0000000E+00 = E_edge, Z, n_edge, j_edge, Abs_before_edge, VO_interstitial, E_cut, ninitl, ninit1, Epsii, UnitCell_Volume, Surface_ref, f0_forward, natomsym_f, abs_u_i
    Energy    <xanes>    
   7097.00  1.9814962E-05
   7097.20  1.9928876E-05
   7097.40  2.0083074E-05
   7097.60  2.0289697E-05
   7097.80  2.0568295E-05
   7098.00  2.0951001E-05
   7098.20  2.1493303E-05
   7098.40  2.2297384E-05
   7098.60  2.3568388E-05
   7098.80  2.5770671E-05
   7099.00  3.0150653E-05
   7099.20  4.1086337E-05
   7099.40  8.4052477E-05
   7099.60  9.0858077E-04
   7099.80  3.1341922E-04
   7100.00  6.4982675E-05
   7100.20  3.7799624E-05
   7100.40  2.9921970E-05
   7100.60  2.6783886E-05
   7100.80  2.5409515E-05
   7101.00  2.4901701E-05
   7101.20  2.4952783E-05
   7101.40  2.5499406E-05
   7101.60  2.6660642E-05
   7101.80  2.8841661E-05
   7102.00  3.3201615E-05
   7102.20  4.3795004E-05
   7102.40  8.3751794E-05
   7102.60  8.4235056E-04
   7102.80  4.0795882E-04
   7103.00  1.6657018E-04
   7103.20  5.4550611E-05
   7103.40  4.2140277E-05
   7103.60  4.1920854E-05
   7103.80  5.2489572E-05
   7104.00  1.1511056E-04
   7104.20  2.1284036E-02
   7104.40  1.3413916E-04
   7104.60  6.3721285E-05
   7104.80  7.3807130E-05
   7105.00  5.4894389E-04
   7105.20  1.7774243E-04
   7105.40  5.8879886E-05
   7105.60  4.8414958E-05
   7105.80  5.4975263E-05
   7106.00  1.9626601E-04
   7106.20  1.2958369E-04
   7106.40  6.0711673E-05
   7106.60  6.3386345E-05
   7106.80  8.8728254E-05
   7107.00  5.9506817E-04
   7107.20  2.1415447E-04
   7107.40  4.1902895E-04
   7107.60  3.5438606E-03
   7107.80  3.9228027E-03
   7108.00  2.7696142E-04
   7108.20  2.5260079E-04
   7108.40  5.2938586E-04
   7108.60  1.8848874E-04
   7108.80  3.2227052E-04
   7109.00  3.7718878E-03
   7109.20  6.1932739E-02
   7109.40  2.9311618E-03
   7109.60  1.1693800E-02
   7109.80  1.5231119E-03
   7110.00  2.5849640E-03
   7110.20  2.7880057E-03
   7110.40  2.9834722E-02
   7110.60  2.2452064E-02
   7110.80  8.3511296E-03
   7111.00  5.9440723E-03
   7111.20  1.2524577E-02
   7111.40  2.6237344E-02
   7111.60  1.8224815E-02
   7111.80  1.2555673E-02
   7112.00  8.8297727E-03
   7112.20  1.1285646E-02
   7112.40  1.7108030E-02
   7112.60  2.4752915E-02
   7112.80  2.7991520E-02
   7113.00  2.4044170E-02
   7113.20  2.2291929E-02
   7113.40  2.5099672E-02
   7113.60  3.2831720E-02
   7113.80  3.9886446E-02
   7114.00  3.9003503E-02
   7114.20  3.7709527E-02
   7114.40  3.7388911E-02
   7114.60  3.2989064E-02
   7114.80  2.6880320E-02
   7115.00  2.2458477E-02
   7115.20  2.0209735E-02
   7115.40  1.9943999E-02
   7115.60  2.1623760E-02
   7115.80  2.4904317E-02
   7116.00  2.7954639E-02
   7116.20  2.8264003E-02
   7116.40  2.5941933E-02
   7116.60  2.3279785E-02
   7116.80  2.0866461E-02
   7117.00  1.8596521E-02
   7117.20  1.6470368E-02
   7117.40  1.4627557E-02
   7117.60  1.3129219E-02
   7117.80  1.1946030E-02
   7118.00  1.1020893E-02
   7118.20  1.0302301E-02
   7118.40  9.7511983E-03
   7118.60  9.3375669E-03
   7118.80  9.0334260E-03
   7119.00  8.8046995E-03
   7119.20  8.6058134E-03
   7119.40  8.3865279E-03
   7119.60  8.1126854E-03
   7119.80  7.7807346E-03
   7120.00  7.4066934E-03
   7120.20  7.0073597E-03
   7120.40  6.6000828E-03
   7120.60  6.2204367E-03
   7120.80  5.9332860E-03
   7121.00  5.8039753E-03
   7121.20  5.8524953E-03
   7121.40  6.0496311E-03
   7121.60  6.3406191E-03
   7121.80  6.6674307E-03
   7122.00  6.9865462E-03
   7122.20  7.2730811E-03
   7122.40  7.5206695E-03
   7122.60  7.7384203E-03
   7122.80  7.9405994E-03
   7123.00  8.1515329E-03
   7123.20  8.3523087E-03
   7123.40  8.5668936E-03
   7123.60  8.8046449E-03
   7123.80  9.0745835E-03
   7124.00  9.3859526E-03
   7124.20  9.7489023E-03
   7124.40  1.0175391E-02
   7124.60  1.0679924E-02
   7124.80  1.1280394E-02
   7125.00  1.1998621E-02
   7125.20  1.2860128E-02
   7125.40  1.3892421E-02
   7125.60  1.5120706E-02
   7125.80  1.6559647E-02
   7126.00  1.8199719E-02
   7126.20  1.9987204E-02
   7126.40  2.1809445E-02
   7126.60  2.3498272E-02
   7126.80  2.4870022E-02
   7127.00  2.5812999E-02
   7127.20  2.6349676E-02
   7127.40  2.6474616E-02
   7127.60  2.6421197E-02
   7127.80  2.6319448E-02
   7128.00  2.6256567E-02
   7128.20  2.6296255E-02
   7128.40  2.6497730E-02
   7128.60  2.6917137E-02
   7128.80  2.7597513E-02
   7129.00  2.8560734E-02
   7129.20  2.9790035E-02
   7129.40  3.1452924E-02
   7129.60  3.3235945E-02
   7129.80  3.5150665E-02
   7130.00  3.7176038E-02
   7130.20  3.9264711E-02
   7130.40  4.1387317E-02
   7130.60  4.3528729E-02
   7130.80  4.5673123E-02
   7131.00  4.7791459E-02
   7131.20  4.9837571E-02
   7131.40  5.1756401E-02
   7131.60  5.3493990E-02
   7131.80  5.5008158E-02
   7132.00  5.6276942E-02
   7132.20  5.7303878E-02
   7132.40  5.8121435E-02
   7132.60  5.8789482E-02
   7132.80  5.9388267E-02
   7133.00  6.0029357E-02
   7133.20  6.0839875E-02
   7133.40  6.1961761E-02
   7133.60  6.3548641E-02
   7133.80  6.5755412E-02
   7134.00  6.8715693E-02
   7134.20  7.2487964E-02
   7134.40  7.6935213E-02
   7134.60  8.1517088E-02
   7134.80  8.5132355E-02
   7135.00  8.6385876E-02
   7135.20  8.4442721E-02
   7135.40  7.9696435E-02
   7135.60  7.3413260E-02
   7135.80  6.6844815E-02
   7136.00  6.0745234E-02
   7136.20  5.5401845E-02
   7136.40  5.0833998E-02
   7136.60  4.6949499E-02
   7136.80  4.3631816E-02
   7137.00  4.0772419E-02
   7137.20  3.8281383E-02
   7137.40  3.6089049E-02
   7137.60  3.4142633E-02
   7137.80  3.2404261E-02
   7138.00  3.0847143E-02
   7138.20  2.9453829E-02
   7138.40  2.8214047E-02
   7138.60  2.7122163E-02
   7138.80  2.6181110E-02
   7139.00  2.5386972E-02
   7139.20  2.4732171E-02
   7139.40  2.4214344E-02
   7139.60  2.3828854E-02
   7139.80  2.3567729E-02
   7140.00  2.3420067E-02
   7140.20  2.3372742E-02
   7140.40  2.3411548E-02
   7140.60  2.3522140E-02
   7140.80  2.3691015E-02
   7141.00  2.3906348E-02
   7141.20  2.4158393E-02
   7141.40  2.4439646E-02
   7141.60  2.4744850E-02
   7141.80  2.5070872E-02
   7142.00  2.5416445E-02
   7142.20  2.5781678E-02
   7142.40  2.6168051E-02
   7142.60  2.6577826E-02
   7142.80  2.7013827E-02
   7143.00  2.7478919E-02
   7143.20  2.7975831E-02
   7143.40  2.8505571E-02
   7143.60  2.9067687E-02
   7143.80  2.9659447E-02
   7144.00  3.0275193E-02
   7144.20  3.0906067E-02
   7144.40  3.1540295E-02
   7144.60  3.2163053E-02
   7144.80  3.2757448E-02
   7145.00  3.3306693E-02
   7145.20  3.3795432E-02
   7145.40  3.4211507E-02
   7145.60  3.4549586E-02
   7145.80  3.4808914E-02
   7146.00  3.4990945E-02
   7146.20  3.5101946E-02
   7146.40  3.5151418E-02
   7146.60  3.5150743E-02
   7146.80  3.5112119E-02
   7147.00  3.5047342E-02
   7147.20  3.4967415E-02
   7147.40  3.4882053E-02
   7147.60  3.4799553E-02
   7147.80  3.4726449E-02
   7148.00  3.4667984E-02
   7148.20  3.4628051E-02
   7148.40  3.4609356E-02
   7148.60  3.4613559E-02
   7148.80  3.4634564E-02
   7149.00  3.4684145E-02
   7149.20  3.4761532E-02
   7149.40  3.4861224E-02
   7149.60  3.4981694E-02
   7149.80  3.5120902E-02
   7150.00  3.5276837E-02
   7150.20  3.5447495E-02
   7150.40  3.5630519E-02
   7150.60  3.5823814E-02
   7150.80  3.6025591E-02
   7151.00  3.6234130E-02
   7151.20  3.6447980E-02
   7151.40  3.6666150E-02
   7151.60  3.6887630E-02
   7151.80  3.7111800E-02
   7152.00  3.7337810E-02
   7152.20  3.7564896E-02
   7152.40  3.7791969E-02
   7152.60  3.8017911E-02
   7152.80  3.8240979E-02
   7153.00  3.8459285E-02
   7153.20  3.8671829E-02
   7153.40  3.8874274E-02
   7153.60  3.9063934E-02
   7153.80  3.9238133E-02
   7154.00  3.9394446E-02
   7154.20  3.9531028E-02
   7154.40  3.9646624E-02
   7154.60  3.9740520E-02
   7154.80  3.9812696E-02
   7155.00  3.9863680E-02
   7155.20  3.9894449E-02
   7155.40  3.9906253E-02
   7155.60  3.9900676E-02
   7155.80  3.9879517E-02
   7156.00  3.9844617E-02
   7156.20  3.9797677E-02
   7156.40  3.9740515E-02
   7156.60  3.9674880E-02
   7156.80  3.9602101E-02
   7157.00  3.9523542E-02
   7157.20  3.9440418E-02
   7157.40  3.9353805E-02
   7157.60  3.9264647E-02
   7157.80  3.9173828E-02
   7158.00  3.9082003E-02
   7158.20  3.8989939E-02
   7158.40  3.8897957E-02
   7158.60  3.8806502E-02
   7158.80  3.8715831E-02
   7159.00  3.8626204E-02
   7159.20  3.8537819E-02
   7159.40  3.8450808E-02
   7159.60  3.8365235E-02
   7159.80  3.8281126E-02
   7160.00  3.8198636E-02
   7160.20  3.8117402E-02
   7160.40  3.8037221E-02
   7160.60  3.7957825E-02
   7160.80  3.7878871E-02
   7161.00  3.7800004E-02
   7161.20  3.7720647E-02
   7161.40  3.7640620E-02
   7161.60  3.7558795E-02
   7161.80  3.7474375E-02
   7162.00  3.7386704E-02
   7162.20  3.7294600E-02
   7162.40  3.7196995E-02
   7162.60  3.7092764E-02
   7162.80  3.6985559E-02
   7163.00  3.6864827E-02
   7163.20  3.6734014E-02
   7163.40  3.6591586E-02
   7163.60  3.6436334E-02
   7163.80  3.6267554E-02
   7164.00  3.6084025E-02
   7164.20  3.5884810E-02
   7164.40  3.5669215E-02
   7164.60  3.5436530E-02
   7164.80  3.5187171E-02
   7165.00  3.4920418E-02
   7165.20  3.4636506E-02
   7165.40  3.4336007E-02
   7165.60  3.4019765E-02
   7165.80  3.3689459E-02
   7166.00  3.3346142E-02
   7166.20  3.2991072E-02
   7166.40  3.2625952E-02
   7166.60  3.2252677E-02
   7166.80  3.1873529E-02
   7167.00  3.1490484E-02
   7167.20  3.1105404E-02
   7167.40  3.0719644E-02
   7167.60  3.0334922E-02
   7167.80  2.9952818E-02
   7168.00  2.9574955E-02
   7168.20  2.9202590E-02
   7168.40  2.8837302E-02
   7168.60  2.8480598E-02
   7168.80  2.8132808E-02
   7169.00  2.7794812E-02
   7169.20  2.7467447E-02
   7169.40  2.7151725E-02
   7169.60  2.6848108E-02
   7169.80  2.6556826E-02
   7170.00  2.6278441E-02
   7170.20  2.6013773E-02
   7170.40  2.5768975E-02
   7170.60  2.5531830E-02
   7170.80  2.5308168E-02
   7171.00  2.5105453E-02
   7171.20  2.4911348E-02
   7171.40  2.4731230E-02
   7171.60  2.4565043E-02
   7171.80  2.4412731E-02
   7172.00  2.4274587E-02
