  7112.000   26  1  1  4.1523900E-02 -4.1734845E+00 -2.6591110E+00  1  1  7.2665712E+03  0.0000000E+00  0.0000000E+00  4.5190969E+00  1.0000000E+00  0.0000000E+00 = E_edge, Z, n_edge, j_edge, Abs_before_edge, VO_interstitial, E_cut, ninitl, ninit1, Epsii, UnitCell_Volume, Surface_ref, f0_forward, natomsym_f, abs_u_i
    Energy    <xanes>    
   7097.00  2.2228341E-05
   7097.20  2.2990311E-05
   7097.40  2.4184493E-05
   7097.60  2.6331730E-05
   7097.80  3.1310879E-05
   7098.00  5.1602957E-05
   7098.20  2.0312845E-03
   7098.40  8.6245243E-05
   7098.60  5.5804916E-05
   7098.80  1.3899459E-04
   7099.00  5.6061985E-04
   7099.20  5.9263028E-04
   7099.40  6.8483243E-05
   7099.60  6.1070315E-05
   7099.80  1.5455775E-04
   7100.00  1.4611137E-03
   7100.20  1.0182499E-03
   7100.40  8.6573774E-05
   7100.60  5.6111749E-05
   7100.80  6.1624955E-05
   7101.00  1.4626750E-04
   7101.20  2.1306754E-03
   7101.40  1.3036928E-04
   7101.60  1.0596938E-04
   7101.80  4.6483428E-04
   7102.00  1.9021295E-03
   7102.20  2.0341503E-04
   7102.40  2.3935308E-03
   7102.60  2.2930651E-04
   7102.80  1.1560913E-04
   7103.00  1.4335278E-04
   7103.20  1.4710223E-04
   7103.40  2.7831218E-03
   7103.60  4.6878853E-04
   7103.80  6.5142574E-03
   7104.00  4.2696540E-04
   7104.20  9.5501578E-05
   7104.40  7.1430636E-05
   7104.60  7.4735442E-05
   7104.80  1.2871294E-04
   7105.00  1.0026132E-03
   7105.20  1.1231786E-03
   7105.40  8.3389749E-03
   7105.60  1.0551049E-03
   7105.80  1.6248456E-03
   7106.00  1.8192232E-03
   7106.20  6.4184304E-02
   7106.40  3.0214146E-03
   7106.60  1.8807597E-03
   7106.80  8.8998794E-03
   7107.00  8.0041822E-04
   7107.20  3.9107550E-03
   7107.40  8.1941828E-04
   7107.60  3.9255940E-04
   7107.80  2.3049919E-03
   7108.00  3.7106627E-03
   7108.20  5.5344671E-04
   7108.40  3.6806423E-03
   7108.60  9.1170586E-03
   7108.80  1.3089883E-02
   7109.00  2.5652704E-02
   7109.20  2.5323944E-02
   7109.40  1.5286869E-02
   7109.60  1.3428931E-02
   7109.80  1.2868810E-02
   7110.00  1.0713920E-02
   7110.20  1.8217812E-02
   7110.40  2.4987830E-02
   7110.60  2.6091000E-02
   7110.80  3.0581150E-02
   7111.00  3.8346351E-02
   7111.20  3.6915630E-02
   7111.40  2.5627523E-02
   7111.60  2.6590934E-02
   7111.80  3.2601921E-02
   7112.00  3.8115958E-02
   7112.20  3.7500817E-02
   7112.40  3.7328884E-02
   7112.60  3.8223285E-02
   7112.80  3.9791363E-02
   7113.00  3.3687026E-02
   7113.20  2.4041985E-02
   7113.40  1.7921990E-02
   7113.60  1.4636658E-02
   7113.80  1.2928268E-02
   7114.00  1.2205696E-02
   7114.20  1.2443170E-02
   7114.40  1.3317496E-02
   7114.60  1.4146214E-02
   7114.80  1.4514032E-02
   7115.00  1.4548252E-02
   7115.20  1.5394595E-02
   7115.40  1.7032906E-02
   7115.60  1.6141165E-02
   7115.80  1.2085801E-02
   7116.00  8.8276268E-03
   7116.20  7.1189126E-03
   7116.40  6.3475438E-03
   7116.60  6.0695774E-03
   7116.80  6.0281303E-03
   7117.00  6.0451502E-03
   7117.20  6.0750120E-03
   7117.40  6.2787002E-03
   7117.60  6.8104703E-03
   7117.80  7.6283688E-03
   7118.00  8.1832200E-03
   7118.20  8.0675135E-03
   7118.40  7.9041584E-03
   7118.60  7.7303177E-03
   7118.80  7.3621568E-03
   7119.00  7.0874115E-03
   7119.20  7.1414745E-03
   7119.40  7.6852302E-03
   7119.60  8.6499767E-03
   7119.80  9.5232692E-03
   7120.00  9.7886758E-03
   7120.20  9.5747526E-03
   7120.40  9.5902892E-03
   7120.60  1.0152259E-02
   7120.80  1.1104916E-02
   7121.00  1.1915719E-02
   7121.20  1.1460987E-02
   7121.40  1.0794640E-02
   7121.60  1.0842138E-02
   7121.80  1.1343701E-02
   7122.00  1.2106189E-02
   7122.20  1.3045352E-02
   7122.40  1.4042838E-02
   7122.60  1.4981522E-02
   7122.80  1.5849397E-02
   7123.00  1.6723942E-02
   7123.20  1.7672337E-02
   7123.40  1.8745215E-02
   7123.60  1.9926201E-02
   7123.80  2.1101961E-02
   7124.00  2.2078005E-02
   7124.20  2.2730765E-02
   7124.40  2.3125724E-02
   7124.60  2.3390804E-02
   7124.80  2.3715899E-02
   7125.00  2.4246085E-02
   7125.20  2.4979760E-02
   7125.40  2.5863229E-02
   7125.60  2.6820675E-02
   7125.80  2.7774577E-02
   7126.00  2.8687816E-02
   7126.20  2.9465125E-02
   7126.40  3.0016231E-02
   7126.60  3.0438699E-02
   7126.80  3.0762113E-02
   7127.00  3.0998931E-02
   7127.20  3.1201624E-02
   7127.40  3.1312069E-02
   7127.60  3.1421490E-02
   7127.80  3.1515841E-02
   7128.00  3.1659077E-02
   7128.20  3.1857729E-02
   7128.40  3.2142313E-02
   7128.60  3.2490431E-02
   7128.80  3.2828931E-02
   7129.00  3.3092370E-02
   7129.20  3.3273348E-02
   7129.40  3.3417279E-02
   7129.60  3.3578125E-02
   7129.80  3.3783061E-02
   7130.00  3.4021905E-02
   7130.20  3.4256532E-02
   7130.40  3.4441788E-02
   7130.60  3.4548552E-02
   7130.80  3.4572792E-02
   7131.00  3.4535675E-02
   7131.20  3.4482898E-02
   7131.40  3.4479789E-02
   7131.60  3.4597072E-02
   7131.80  3.4891089E-02
   7132.00  3.5388298E-02
   7132.20  3.6080674E-02
   7132.40  3.6932010E-02
   7132.60  3.7890144E-02
   7132.80  3.8903800E-02
   7133.00  3.9964217E-02
   7133.20  4.1099389E-02
   7133.40  4.2143234E-02
   7133.60  4.2755808E-02
   7133.80  4.2885832E-02
   7134.00  4.2736346E-02
   7134.20  4.2504996E-02
   7134.40  4.2262825E-02
   7134.60  4.1983938E-02
   7134.80  4.1641650E-02
   7135.00  4.1248795E-02
   7135.20  4.0842260E-02
   7135.40  4.0456459E-02
   7135.60  4.0113889E-02
   7135.80  3.9828012E-02
   7136.00  3.9608445E-02
   7136.20  3.9463207E-02
   7136.40  3.9398568E-02
   7136.60  3.9416149E-02
   7136.80  3.9508605E-02
   7137.00  3.9656131E-02
   7137.20  3.9827729E-02
   7137.40  3.9988087E-02
   7137.60  4.0104947E-02
   7137.80  4.0156083E-02
   7138.00  4.0130714E-02
   7138.20  4.0030110E-02
   7138.40  3.9867181E-02
   7138.60  3.9664674E-02
   7138.80  3.9451739E-02
   7139.00  3.9259692E-02
   7139.20  3.9118026E-02
   7139.40  3.9050494E-02
   7139.60  3.9071911E-02
   7139.80  3.9187917E-02
   7140.00  3.9396007E-02
   7140.20  3.9688276E-02
   7140.40  4.0053289E-02
   7140.60  4.0477456E-02
   7140.80  4.0945073E-02
   7141.00  4.1437127E-02
   7141.20  4.1929463E-02
   7141.40  4.2394031E-02
   7141.60  4.2805062E-02
   7141.80  4.3127129E-02
   7142.00  4.3337978E-02
   7142.20  4.3426695E-02
   7142.40  4.3395311E-02
   7142.60  4.3256871E-02
   7142.80  4.3031636E-02
   7143.00  4.2742491E-02
   7143.20  4.2410583E-02
   7143.40  4.2052715E-02
   7143.60  4.1680345E-02
   7143.80  4.1299843E-02
   7144.00  4.0913627E-02
   7144.20  4.0523068E-02
   7144.40  4.0130643E-02
   7144.60  3.9741911E-02
   7144.80  3.9365909E-02
   7145.00  3.9017644E-02
   7145.20  3.8701135E-02
   7145.40  3.8430216E-02
   7145.60  3.8211493E-02
   7145.80  3.8048303E-02
   7146.00  3.7940885E-02
   7146.20  3.7887134E-02
   7146.40  3.7883503E-02
   7146.60  3.7924897E-02
   7146.80  3.8008055E-02
   7147.00  3.8129536E-02
   7147.20  3.8285175E-02
   7147.40  3.8472304E-02
   7147.60  3.8687990E-02
   7147.80  3.8931922E-02
   7148.00  3.9205065E-02
   7148.20  3.9502003E-02
   7148.40  3.9821823E-02
   7148.60  4.0162030E-02
   7148.80  4.0518109E-02
   7149.00  4.0884453E-02
   7149.20  4.1254179E-02
   7149.40  4.1602343E-02
   7149.60  4.1934138E-02
   7149.80  4.2244382E-02
   7150.00  4.2525079E-02
   7150.20  4.2768416E-02
   7150.40  4.2967408E-02
   7150.60  4.3116588E-02
   7150.80  4.3211683E-02
   7151.00  4.3249962E-02
   7151.20  4.3230121E-02
   7151.40  4.3152356E-02
   7151.60  4.3018248E-02
   7151.80  4.2830088E-02
   7152.00  4.2597455E-02
   7152.20  4.2319061E-02
   7152.40  4.2010389E-02
   7152.60  4.1665068E-02
   7152.80  4.1298556E-02
   7153.00  4.0919464E-02
   7153.20  4.0535584E-02
   7153.40  4.0154506E-02
   7153.60  3.9782906E-02
   7153.80  3.9426384E-02
   7154.00  3.9089348E-02
   7154.20  3.8775024E-02
   7154.40  3.8485630E-02
   7154.60  3.8221761E-02
   7154.80  3.7983405E-02
   7155.00  3.7769442E-02
   7155.20  3.7578158E-02
   7155.40  3.7407056E-02
   7155.60  3.7253185E-02
   7155.80  3.7113635E-02
   7156.00  3.6984565E-02
   7156.20  3.6862446E-02
   7156.40  3.6743852E-02
   7156.60  3.6625623E-02
   7156.80  3.6504988E-02
   7157.00  3.6379700E-02
   7157.20  3.6247860E-02
   7157.40  3.6108432E-02
   7157.60  3.5960470E-02
   7157.80  3.5803723E-02
   7158.00  3.5638036E-02
   7158.20  3.5463665E-02
   7158.40  3.5281759E-02
   7158.60  3.5093248E-02
   7158.80  3.4898214E-02
   7159.00  3.4699120E-02
   7159.20  3.4496769E-02
   7159.40  3.4291382E-02
   7159.60  3.4083274E-02
   7159.80  3.3872640E-02
   7160.00  3.3659581E-02
   7160.20  3.3444843E-02
   7160.40  3.3226956E-02
   7160.60  3.3004031E-02
   7160.80  3.2779327E-02
   7161.00  3.2551519E-02
   7161.20  3.2320995E-02
   7161.40  3.2088264E-02
   7161.60  3.1853809E-02
   7161.80  3.1618538E-02
   7162.00  3.1383831E-02
   7162.20  3.1150765E-02
   7162.40  3.0920265E-02
   7162.60  3.0693322E-02
   7162.80  3.0470843E-02
   7163.00  3.0253598E-02
   7163.20  3.0041048E-02
   7163.40  2.9832838E-02
   7163.60  2.9628587E-02
   7163.80  2.9427093E-02
   7164.00  2.9227463E-02
   7164.20  2.9027960E-02
   7164.40  2.8827418E-02
   7164.60  2.8624846E-02
   7164.80  2.8419540E-02
   7165.00  2.8211604E-02
   7165.20  2.8000735E-02
   7165.40  2.7786941E-02
   7165.60  2.7570770E-02
   7165.80  2.7353046E-02
   7166.00  2.7134986E-02
   7166.20  2.6917594E-02
   7166.40  2.6701948E-02
   7166.60  2.6488472E-02
   7166.80  2.6272368E-02
   7167.00  2.6061470E-02
   7167.20  2.5861514E-02
   7167.40  2.5662825E-02
   7167.60  2.5468103E-02
   7167.80  2.5278083E-02
   7168.00  2.5092293E-02
   7168.20  2.4910815E-02
   7168.40  2.4733855E-02
   7168.60  2.4561496E-02
   7168.80  2.4394331E-02
   7169.00  2.4232476E-02
   7169.20  2.4076560E-02
   7169.40  2.3927656E-02
   7169.60  2.3786314E-02
   7169.80  2.3653244E-02
   7170.00  2.3529414E-02
   7170.20  2.3415745E-02
   7170.40  2.3313078E-02
   7170.60  2.3222321E-02
   7170.80  2.3144354E-02
   7171.00  2.3079956E-02
   7171.20  2.3029844E-02
   7171.40  2.2994734E-02
   7171.60  2.2974843E-02
   7171.80  2.2970653E-02
   7172.00  2.2982351E-02
