  7112.000   26  1  1  2.7650911E-02 -3.4576201E+00 -7.5366678E-01  1  1  7.2653752E+03  0.0000000E+00  0.0000000E+00  4.3915372E+00  1.0000000E+00  0.0000000E+00 = E_edge, Z, n_edge, j_edge, Abs_before_edge, VO_interstitial, E_cut, ninitl, ninit1, Epsii, UnitCell_Volume, Surface_ref, f0_forward, natomsym_f, abs_u_i
    Energy    <xanes>    
   7097.00  1.7506658E-04
   7097.20  3.8062511E-03
   7097.40  1.0088462E-02
   7097.60  9.5406440E-02
   7097.80  8.8279871E-04
   7098.00  1.2780915E-03
   7098.20  6.2316780E-04
   7098.40  1.3807345E-04
   7098.60  7.7877459E-05
   7098.80  5.6529153E-05
   7099.00  4.6097480E-05
   7099.20  4.0187794E-05
   7099.40  3.6576751E-05
   7099.60  3.4303446E-05
   7099.80  3.2897767E-05
   7100.00  3.2115644E-05
   7100.20  3.1834382E-05
   7100.40  3.2010347E-05
   7100.60  3.2667709E-05
   7100.80  3.3911966E-05
   7101.00  3.5982003E-05
   7101.20  3.9392212E-05
   7101.40  4.5352140E-05
   7101.60  5.7319786E-05
   7101.80  8.9510624E-05
   7102.00  2.8168690E-04
   7102.20  2.6128231E-03
   7102.40  7.1703230E-04
   7102.60  4.9901733E-04
   7102.80  2.1148887E-03
   7103.00  2.3123220E-02
   7103.20  2.9284981E-03
   7103.40  4.3769503E-04
   7103.60  7.2860334E-04
   7103.80  1.2412371E-03
   7104.00  2.5636397E-04
   7104.20  1.3591826E-02
   7104.40  3.6867980E-04
   7104.60  1.2074749E-04
   7104.80  1.1247322E-04
   7105.00  1.7058060E-03
   7105.20  1.4033120E-04
   7105.40  1.1805506E-04
   7105.60  3.7099300E-04
   7105.80  4.9885403E-04
   7106.00  6.4748311E-04
   7106.20  6.4673009E-04
   7106.40  3.9449633E-02
   7106.60  1.2065996E-02
   7106.80  4.8043374E-04
   7107.00  6.0639588E-04
   7107.20  4.6180293E-02
   7107.40  4.8823188E-04
   7107.60  1.4678917E-03
   7107.80  6.2583492E-02
   7108.00  8.6129035E-03
   7108.20  7.5845269E-03
   7108.40  5.0870369E-03
   7108.60  4.6812285E-03
   7108.80  6.4375053E-03
   7109.00  1.0710451E-02
   7109.20  1.0337510E-02
   7109.40  3.5337099E-02
   7109.60  1.6691498E-02
   7109.80  3.9006438E-02
   7110.00  3.7202826E-02
   7110.20  2.3508564E-02
   7110.40  6.9343907E-02
   7110.60  2.9366134E-02
   7110.80  4.6052425E-02
   7111.00  9.8168275E-03
   7111.20  8.3054866E-03
   7111.40  1.2327815E-02
   7111.60  8.0971427E-03
   7111.80  1.6826074E-02
   7112.00  7.7433172E-03
   7112.20  4.1817513E-03
   7112.40  3.3713760E-03
   7112.60  3.6754197E-03
   7112.80  4.7014003E-03
   7113.00  5.3030540E-03
   7113.20  5.4202981E-03
   7113.40  6.7991824E-03
   7113.60  1.2556436E-02
   7113.80  2.0980902E-02
   7114.00  1.2613205E-02
   7114.20  1.4388240E-02
   7114.40  4.7240370E-03
   7114.60  2.0788461E-03
   7114.80  1.3410978E-03
   7115.00  1.0189339E-03
   7115.20  8.4074790E-04
   7115.40  7.4406475E-04
   7115.60  6.9145467E-04
   7115.80  6.6461215E-04
   7116.00  6.5730359E-04
   7116.20  6.6666043E-04
   7116.40  6.9220545E-04
   7116.60  7.3598962E-04
   7116.80  8.0375302E-04
   7117.00  9.0750246E-04
   7117.20  1.0671227E-03
   7117.40  1.2901129E-03
   7117.60  1.5234936E-03
   7117.80  1.7636533E-03
   7118.00  2.0672371E-03
   7118.20  2.2170197E-03
   7118.40  2.1680210E-03
   7118.60  2.2486202E-03
   7118.80  2.5396902E-03
   7119.00  3.0071270E-03
   7119.20  3.5837129E-03
   7119.40  4.1661921E-03
   7119.60  4.6609543E-03
   7119.80  4.9641056E-03
   7120.00  4.9869645E-03
   7120.20  4.9017063E-03
   7120.40  4.9853742E-03
   7120.60  5.2795850E-03
   7120.80  5.7367225E-03
   7121.00  6.3205582E-03
   7121.20  7.0571620E-03
   7121.40  8.0007294E-03
   7121.60  9.1950415E-03
   7121.80  1.0637231E-02
   7122.00  1.2299390E-02
   7122.20  1.4184290E-02
   7122.40  1.6389170E-02
   7122.60  1.8886023E-02
   7122.80  2.1547071E-02
   7123.00  2.3770001E-02
   7123.20  2.4606746E-02
   7123.40  2.3939730E-02
   7123.60  2.2825385E-02
   7123.80  2.2408176E-02
   7124.00  2.3326705E-02
   7124.20  2.5897393E-02
   7124.40  3.0088586E-02
   7124.60  3.4564390E-02
   7124.80  3.7078303E-02
   7125.00  3.6459128E-02
   7125.20  3.4299132E-02
   7125.40  3.2413696E-02
   7125.60  3.1417406E-02
   7125.80  3.0929418E-02
   7126.00  3.0452394E-02
   7126.20  2.9739165E-02
   7126.40  2.8975489E-02
   7126.60  2.8298772E-02
   7126.80  2.8036995E-02
   7127.00  2.8391700E-02
   7127.20  2.9470191E-02
   7127.40  3.1275239E-02
   7127.60  3.3656521E-02
   7127.80  3.6269021E-02
   7128.00  3.8686463E-02
   7128.20  4.0529527E-02
   7128.40  4.1830859E-02
   7128.60  4.2833187E-02
   7128.80  4.3867743E-02
   7129.00  4.4936355E-02
   7129.20  4.6043549E-02
   7129.40  4.7069298E-02
   7129.60  4.7935427E-02
   7129.80  4.8617557E-02
   7130.00  4.9131860E-02
   7130.20  4.9537608E-02
   7130.40  4.9931494E-02
   7130.60  5.0408108E-02
   7130.80  5.0991222E-02
   7131.00  5.1573869E-02
   7131.20  5.1942556E-02
   7131.40  5.1916478E-02
   7131.60  5.1485509E-02
   7131.80  5.0796364E-02
   7132.00  5.0033742E-02
   7132.20  4.9333611E-02
   7132.40  4.8770742E-02
   7132.60  4.8382567E-02
   7132.80  4.8192754E-02
   7133.00  4.8221922E-02
   7133.20  4.8485188E-02
   7133.40  4.8974143E-02
   7133.60  4.9621379E-02
   7133.80  5.0250169E-02
   7134.00  5.0554986E-02
   7134.20  5.0225696E-02
   7134.40  4.9222246E-02
   7134.60  4.7851680E-02
   7134.80  4.6501154E-02
   7135.00  4.5363502E-02
   7135.20  4.4439480E-02
   7135.40  4.3647399E-02
   7135.60  4.2899557E-02
   7135.80  4.2133974E-02
   7136.00  4.1320369E-02
   7136.20  4.0456190E-02
   7136.40  3.9559563E-02
   7136.60  3.8662415E-02
   7136.80  3.7806778E-02
   7137.00  3.7039326E-02
   7137.20  3.6404335E-02
   7137.40  3.5936450E-02
   7137.60  3.5655675E-02
   7137.80  3.5565563E-02
   7138.00  3.5655755E-02
   7138.20  3.5906138E-02
   7138.40  3.6290831E-02
   7138.60  3.6779125E-02
   7138.80  3.7332837E-02
   7139.00  3.7903142E-02
   7139.20  3.8436338E-02
   7139.40  3.8892637E-02
   7139.60  3.9266182E-02
   7139.80  3.9588340E-02
   7140.00  3.9910542E-02
   7140.20  4.0283408E-02
   7140.40  4.0743946E-02
   7140.60  4.1313673E-02
   7140.80  4.1999856E-02
   7141.00  4.2797385E-02
   7141.20  4.3688965E-02
   7141.40  4.4637748E-02
   7141.60  4.5589332E-02
   7141.80  4.6506278E-02
   7142.00  4.7330184E-02
   7142.20  4.8003152E-02
   7142.40  4.8477336E-02
   7142.60  4.8722553E-02
   7142.80  4.8729903E-02
   7143.00  4.8510850E-02
   7143.20  4.8093010E-02
   7143.40  4.7512803E-02
   7143.60  4.6810294E-02
   7143.80  4.6024825E-02
   7144.00  4.5181053E-02
   7144.20  4.4336719E-02
   7144.40  4.3509756E-02
   7144.60  4.2723287E-02
   7144.80  4.1997891E-02
   7145.00  4.1349268E-02
   7145.20  4.0788293E-02
   7145.40  4.0320875E-02
   7145.60  3.9948023E-02
   7145.80  3.9666339E-02
   7146.00  3.9468756E-02
   7146.20  3.9345532E-02
   7146.40  3.9285209E-02
   7146.60  3.9275731E-02
   7146.80  3.9305495E-02
   7147.00  3.9364142E-02
   7147.20  3.9442884E-02
   7147.40  3.9534696E-02
   7147.60  3.9634136E-02
   7147.80  3.9736525E-02
   7148.00  3.9837501E-02
   7148.20  3.9932339E-02
   7148.40  4.0013304E-02
   7148.60  4.0078893E-02
   7148.80  4.0117965E-02
   7149.00  4.0120805E-02
   7149.20  4.0071056E-02
   7149.40  3.9968077E-02
   7149.60  3.9805428E-02
   7149.80  3.9575725E-02
   7150.00  3.9267854E-02
   7150.20  3.8888446E-02
   7150.40  3.8435232E-02
   7150.60  3.7901518E-02
   7150.80  3.7312872E-02
   7151.00  3.6666637E-02
   7151.20  3.5956586E-02
   7151.40  3.5220807E-02
   7151.60  3.4455688E-02
   7151.80  3.3670187E-02
   7152.00  3.2873226E-02
   7152.20  3.2073110E-02
   7152.40  3.1277346E-02
   7152.60  3.0492842E-02
   7152.80  2.9724934E-02
   7153.00  2.8978673E-02
   7153.20  2.8258462E-02
   7153.40  2.7568112E-02
   7153.60  2.6911230E-02
   7153.80  2.6290540E-02
   7154.00  2.5708274E-02
   7154.20  2.5166342E-02
   7154.40  2.4666177E-02
   7154.60  2.4208634E-02
   7154.80  2.3794109E-02
   7155.00  2.3422445E-02
   7155.20  2.3092400E-02
   7155.40  2.2802555E-02
   7155.60  2.2551084E-02
   7155.80  2.2339285E-02
   7156.00  2.2158474E-02
   7156.20  2.2009138E-02
   7156.40  2.1889128E-02
   7156.60  2.1792177E-02
   7156.80  2.1724269E-02
   7157.00  2.1679210E-02
   7157.20  2.1655384E-02
   7157.40  2.1651407E-02
   7157.60  2.1666781E-02
   7157.80  2.1701516E-02
   7158.00  2.1757634E-02
   7158.20  2.1828571E-02
   7158.40  2.1914507E-02
   7158.60  2.2009101E-02
   7158.80  2.2122062E-02
   7159.00  2.2247768E-02
   7159.20  2.2384948E-02
   7159.40  2.2532108E-02
   7159.60  2.2687506E-02
   7159.80  2.2849254E-02
   7160.00  2.3015013E-02
   7160.20  2.3182399E-02
   7160.40  2.3348948E-02
   7160.60  2.3512644E-02
   7160.80  2.3670137E-02
   7161.00  2.3819591E-02
   7161.20  2.3958900E-02
   7161.40  2.4086195E-02
   7161.60  2.4199848E-02
   7161.80  2.4298997E-02
   7162.00  2.4382830E-02
   7162.20  2.4450687E-02
   7162.40  2.4502805E-02
   7162.60  2.4539331E-02
   7162.80  2.4560901E-02
   7163.00  2.4568981E-02
   7163.20  2.4564431E-02
   7163.40  2.4548763E-02
   7163.60  2.4523962E-02
   7163.80  2.4491755E-02
   7164.00  2.4453848E-02
   7164.20  2.4412182E-02
   7164.40  2.4368742E-02
   7164.60  2.4325602E-02
   7164.80  2.4284033E-02
   7165.00  2.4245570E-02
   7165.20  2.4211582E-02
   7165.40  2.4183341E-02
   7165.60  2.4162118E-02
   7165.80  2.4148307E-02
   7166.00  2.4142484E-02
   7166.20  2.4145026E-02
   7166.40  2.4156111E-02
   7166.60  2.4175879E-02
   7166.80  2.4204521E-02
   7167.00  2.4242081E-02
   7167.20  2.4288078E-02
   7167.40  2.4342113E-02
   7167.60  2.4403943E-02
   7167.80  2.4473464E-02
   7168.00  2.4550636E-02
   7168.20  2.4635637E-02
   7168.40  2.4728216E-02
   7168.60  2.4828516E-02
   7168.80  2.4936796E-02
   7169.00  2.5053426E-02
   7169.20  2.5178751E-02
   7169.40  2.5313090E-02
   7169.60  2.5456996E-02
   7169.80  2.5611118E-02
   7170.00  2.5775613E-02
   7170.20  2.5950828E-02
   7170.40  2.6136938E-02
   7170.60  2.6334026E-02
   7170.80  2.6542023E-02
   7171.00  2.6760674E-02
   7171.20  2.6989578E-02
   7171.40  2.7228171E-02
   7171.60  2.7475828E-02
   7171.80  2.7731331E-02
   7172.00  2.7993557E-02
