  7112.000   26  1  1  9.6673351E-03 -2.4260632E+00 -1.8486211E+00  1  1  7.2657377E+03  0.0000000E+00  0.0000000E+00  2.1731389E+00  1.0000000E+00  0.0000000E+00 = E_edge, Z, n_edge, j_edge, Abs_before_edge, VO_interstitial, E_cut, ninitl, ninit1, Epsii, UnitCell_Volume, Surface_ref, f0_forward, natomsym_f, abs_u_i
    Energy    <xanes>    
   7097.00  1.9659017E-05
   7097.20  1.9724940E-05
   7097.40  1.9813849E-05
   7097.60  1.9930731E-05
   7097.80  2.0084095E-05
   7098.00  2.0288764E-05
   7098.20  2.0572220E-05
   7098.40  2.0990809E-05
   7098.60  2.1678311E-05
   7098.80  2.3028457E-05
   7099.00  2.6698209E-05
   7099.20  4.7856551E-05
   7099.40  1.5824567E-03
   7099.60  3.9421714E-05
   7099.80  2.7316780E-05
   7100.00  2.5559269E-05
   7100.20  2.5992894E-05
   7100.40  3.1594093E-05
   7100.60  3.1555725E-05
   7100.80  3.5374436E-05
   7101.00  4.9461465E-05
   7101.20  1.1141522E-04
   7101.40  3.1388321E-03
   7101.60  2.1905510E-04
   7101.80  8.0297842E-05
   7102.00  1.2879949E-04
   7102.20  2.5077799E-03
   7102.40  8.2383410E-05
   7102.60  5.1018865E-05
   7102.80  5.2425093E-05
   7103.00  8.0491464E-05
   7103.20  3.8217851E-04
   7103.40  7.2488112E-04
   7103.60  2.2776086E-04
   7103.80  3.5532750E-04
   7104.00  6.1797118E-05
   7104.20  5.8825050E-05
   7104.40  3.8453494E-03
   7104.60  7.6804422E-05
   7104.80  2.9078350E-04
   7105.00  2.3097217E-04
   7105.20  6.5619803E-05
   7105.40  5.9032475E-05
   7105.60  8.9303322E-05
   7105.80  4.2528481E-03
   7106.00  1.6050387E-04
   7106.20  3.8451373E-04
   7106.40  9.7009344E-05
   7106.60  1.5422171E-04
   7106.80  2.8883134E-02
   7107.00  3.0416819E-04
   7107.20  1.5473962E-03
   7107.40  6.9983725E-03
   7107.60  1.0412212E-02
   7107.80  6.9085910E-04
   7108.00  9.2255530E-04
   7108.20  2.4564638E-04
   7108.40  2.4834711E-04
   7108.60  2.6315918E-04
   7108.80  5.2624572E-03
   7109.00  1.3166295E-02
   7109.20  2.6382178E-03
   7109.40  9.2042542E-04
   7109.60  3.4313629E-03
   7109.80  8.0857106E-03
   7110.00  2.0985401E-02
   7110.20  2.0621705E-02
   7110.40  9.1299733E-03
   7110.60  9.5600792E-03
   7110.80  1.1207266E-02
   7111.00  6.5224193E-03
   7111.20  8.7223335E-03
   7111.40  6.6724858E-03
   7111.60  5.5389615E-03
   7111.80  8.2624688E-03
   7112.00  1.4968015E-02
   7112.20  1.0050591E-02
   7112.40  6.9721340E-03
   7112.60  8.4277061E-03
   7112.80  7.4716611E-03
   7113.00  1.0120344E-02
   7113.20  2.1544111E-02
   7113.40  5.1233698E-02
   7113.60  6.6644529E-02
   7113.80  9.2467756E-02
   7114.00  1.0957088E-01
   7114.20  1.0888838E-01
   7114.40  6.0900792E-02
   7114.60  3.4286610E-02
   7114.80  2.2951082E-02
   7115.00  1.7256624E-02
   7115.20  1.3986026E-02
   7115.40  1.1939577E-02
   7115.60  1.0591409E-02
   7115.80  9.6778885E-03
   7116.00  9.0624322E-03
   7116.20  8.6807786E-03
   7116.40  8.4254350E-03
   7116.60  8.5022015E-03
   7116.80  8.8805033E-03
   7117.00  9.7090760E-03
   7117.20  1.1136451E-02
   7117.40  1.2989037E-02
   7117.60  1.4394595E-02
   7117.80  1.4413277E-02
   7118.00  1.3213088E-02
   7118.20  1.1616140E-02
   7118.40  1.0168558E-02
   7118.60  9.0378134E-03
   7118.80  8.2138493E-03
   7119.00  7.6364375E-03
   7119.20  7.2425244E-03
   7119.40  6.9799838E-03
   7119.60  6.8072568E-03
   7119.80  6.6903657E-03
   7120.00  6.5985018E-03
   7120.20  6.4966526E-03
   7120.40  6.3458464E-03
   7120.60  6.1211598E-03
   7120.80  5.8232754E-03
   7121.00  5.5042712E-03
   7121.20  5.2791494E-03
   7121.40  5.2096600E-03
   7121.60  5.2575825E-03
   7121.80  5.3774106E-03
   7122.00  5.5358682E-03
   7122.20  5.7028165E-03
   7122.40  5.8628481E-03
   7122.60  6.0153940E-03
   7122.80  6.1665076E-03
   7123.00  6.3256914E-03
   7123.20  6.4951483E-03
   7123.40  6.6831760E-03
   7123.60  6.8725022E-03
   7123.80  7.0625497E-03
   7124.00  7.2451473E-03
   7124.20  7.4158245E-03
   7124.40  7.5755990E-03
   7124.60  7.7341731E-03
   7124.80  7.9116342E-03
   7125.00  8.1338408E-03
   7125.20  8.4200315E-03
   7125.40  8.7698435E-03
   7125.60  9.1635693E-03
   7125.80  9.5865350E-03
   7126.00  1.0048848E-02
   7126.20  1.0571306E-02
   7126.40  1.1183030E-02
   7126.60  1.1852936E-02
   7126.80  1.2595451E-02
   7127.00  1.3358912E-02
   7127.20  1.4147397E-02
   7127.40  1.4954584E-02
   7127.60  1.5778788E-02
   7127.80  1.6621372E-02
   7128.00  1.7482082E-02
   7128.20  1.8367972E-02
   7128.40  1.9293001E-02
   7128.60  2.0271034E-02
   7128.80  2.1363331E-02
   7129.00  2.2458411E-02
   7129.20  2.3590638E-02
   7129.40  2.4765628E-02
   7129.60  2.6046411E-02
   7129.80  2.7461521E-02
   7130.00  2.9121268E-02
   7130.20  3.1049705E-02
   7130.40  3.3171889E-02
   7130.60  3.5348988E-02
   7130.80  3.7500261E-02
   7131.00  3.9709596E-02
   7131.20  4.2204485E-02
   7131.40  4.5239130E-02
   7131.60  4.8981589E-02
   7131.80  5.3438890E-02
   7132.00  5.8407581E-02
   7132.20  6.3474575E-02
   7132.40  6.8118874E-02
   7132.60  7.1924957E-02
   7132.80  7.4767118E-02
   7133.00  7.6813691E-02
   7133.20  7.8374708E-02
   7133.40  7.9726596E-02
   7133.60  8.1004573E-02
   7133.80  8.2158115E-02
   7134.00  8.2964330E-02
   7134.20  8.3133062E-02
   7134.40  8.2444276E-02
   7134.60  8.0841212E-02
   7134.80  7.8434189E-02
   7135.00  7.5432392E-02
   7135.20  7.2062845E-02
   7135.40  6.8517210E-02
   7135.60  6.4934249E-02
   7135.80  6.1403483E-02
   7136.00  5.7978266E-02
   7136.20  5.4688891E-02
   7136.40  5.1552538E-02
   7136.60  4.8579486E-02
   7136.80  4.5777350E-02
   7137.00  4.3152296E-02
   7137.20  4.0709938E-02
   7137.40  3.8455502E-02
   7137.60  3.6394088E-02
   7137.80  3.4530729E-02
   7138.00  3.2869323E-02
   7138.20  3.1412596E-02
   7138.40  3.0160658E-02
   7138.60  2.9110656E-02
   7138.80  2.8255658E-02
   7139.00  2.7585395E-02
   7139.20  2.7085863E-02
   7139.40  2.6740628E-02
   7139.60  2.6531954E-02
   7139.80  2.6446315E-02
   7140.00  2.6460826E-02
   7140.20  2.6560004E-02
   7140.40  2.6730894E-02
   7140.60  2.6962739E-02
   7140.80  2.7246958E-02
   7141.00  2.7576941E-02
   7141.20  2.7947854E-02
   7141.40  2.8356198E-02
   7141.60  2.8799556E-02
   7141.80  2.9276001E-02
   7142.00  2.9781931E-02
   7142.20  3.0319060E-02
   7142.40  3.0883627E-02
   7142.60  3.1473757E-02
   7142.80  3.2086895E-02
   7143.00  3.2720748E-02
   7143.20  3.3372657E-02
   7143.40  3.4039861E-02
   7143.60  3.4719170E-02
   7143.80  3.5406506E-02
   7144.00  3.6096135E-02
   7144.20  3.6780929E-02
   7144.40  3.7452149E-02
   7144.60  3.8100356E-02
   7144.80  3.8716471E-02
   7145.00  3.9292732E-02
   7145.20  3.9822640E-02
   7145.40  4.0301790E-02
   7145.60  4.0727122E-02
   7145.80  4.1096761E-02
   7146.00  4.1409570E-02
   7146.20  4.1664922E-02
   7146.40  4.1862710E-02
   7146.60  4.2002840E-02
   7146.80  4.2088805E-02
   7147.00  4.2122187E-02
   7147.20  4.2103005E-02
   7147.40  4.2032913E-02
   7147.60  4.1913985E-02
   7147.80  4.1748712E-02
   7148.00  4.1540078E-02
   7148.20  4.1291265E-02
   7148.40  4.1005856E-02
   7148.60  4.0687735E-02
   7148.80  4.0340945E-02
   7149.00  3.9969746E-02
   7149.20  3.9578441E-02
   7149.40  3.9171496E-02
   7149.60  3.8753191E-02
   7149.80  3.8327789E-02
   7150.00  3.7886589E-02
   7150.20  3.7460046E-02
   7150.40  3.7038686E-02
   7150.60  3.6626617E-02
   7150.80  3.6226893E-02
   7151.00  3.5842829E-02
   7151.20  3.5473355E-02
   7151.40  3.5129452E-02
   7151.60  3.4810003E-02
   7151.80  3.4517098E-02
   7152.00  3.4252606E-02
   7152.20  3.4018315E-02
   7152.40  3.3815615E-02
   7152.60  3.3646218E-02
   7152.80  3.3511162E-02
   7153.00  3.3411338E-02
   7153.20  3.3347607E-02
   7153.40  3.3320645E-02
   7153.60  3.3331241E-02
   7153.80  3.3379356E-02
   7154.00  3.3465028E-02
   7154.20  3.3588003E-02
   7154.40  3.3747613E-02
   7154.60  3.3944916E-02
   7154.80  3.4177605E-02
   7155.00  3.4442742E-02
   7155.20  3.4737287E-02
   7155.40  3.5057442E-02
   7155.60  3.5398553E-02
   7155.80  3.5755219E-02
   7156.00  3.6121034E-02
   7156.20  3.6489051E-02
   7156.40  3.6852092E-02
   7156.60  3.7203028E-02
   7156.80  3.7535253E-02
   7157.00  3.7843009E-02
   7157.20  3.8121726E-02
   7157.40  3.8368203E-02
   7157.60  3.8580576E-02
   7157.80  3.8758408E-02
   7158.00  3.8902425E-02
   7158.20  3.9014182E-02
   7158.40  3.9095960E-02
   7158.60  3.9150422E-02
   7158.80  3.9180520E-02
   7159.00  3.9189028E-02
   7159.20  3.9178328E-02
   7159.40  3.9150671E-02
   7159.60  3.9107945E-02
   7159.80  3.9051667E-02
   7160.00  3.8982981E-02
   7160.20  3.8902674E-02
   7160.40  3.8811220E-02
   7160.60  3.8708929E-02
   7160.80  3.8598622E-02
   7161.00  3.8477599E-02
   7161.20  3.8342101E-02
   7161.40  3.8194699E-02
   7161.60  3.8033499E-02
   7161.80  3.7861094E-02
   7162.00  3.7675582E-02
   7162.20  3.7479168E-02
   7162.40  3.7266793E-02
   7162.60  3.7041029E-02
   7162.80  3.6802588E-02
   7163.00  3.6551570E-02
   7163.20  3.6288028E-02
   7163.40  3.6013477E-02
   7163.60  3.5728908E-02
   7163.80  3.5435419E-02
   7164.00  3.5134156E-02
   7164.20  3.4826280E-02
   7164.40  3.4513114E-02
   7164.60  3.4195871E-02
   7164.80  3.3875472E-02
   7165.00  3.3552961E-02
   7165.20  3.3229355E-02
   7165.40  3.2905315E-02
   7165.60  3.2581122E-02
   7165.80  3.2257373E-02
   7166.00  3.1934715E-02
   7166.20  3.1614287E-02
   7166.40  3.1295788E-02
   7166.60  3.0979807E-02
   7166.80  3.0666808E-02
   7167.00  3.0357029E-02
   7167.20  3.0051727E-02
   7167.40  2.9750834E-02
   7167.60  2.9454186E-02
   7167.80  2.9162131E-02
   7168.00  2.8874964E-02
   7168.20  2.8593115E-02
   7168.40  2.8316680E-02
   7168.60  2.8045724E-02
   7168.80  2.7777407E-02
   7169.00  2.7521178E-02
   7169.20  2.7271465E-02
   7169.40  2.7029341E-02
   7169.60  2.6794577E-02
   7169.80  2.6568006E-02
   7170.00  2.6349633E-02
   7170.20  2.6139803E-02
   7170.40  2.5938693E-02
   7170.60  2.5746788E-02
   7170.80  2.5564618E-02
   7171.00  2.5392548E-02
   7171.20  2.5231202E-02
   7171.40  2.5081252E-02
   7171.60  2.4942877E-02
   7171.80  2.4816537E-02
   7172.00  2.4702581E-02
