  7112.000   26  1  1  1.9043921E-02 -2.6189908E+00 -2.2613116E+00  1  1  7.2664155E+03  0.0000000E+00  0.0000000E+00  2.3744369E+00  1.0000000E+00  0.0000000E+00 = E_edge, Z, n_edge, j_edge, Abs_before_edge, VO_interstitial, E_cut, ninitl, ninit1, Epsii, UnitCell_Volume, Surface_ref, f0_forward, natomsym_f, abs_u_i
    Energy    <xanes>    
   7097.00  2.9370111E-05
   7097.20  2.6057901E-05
   7097.40  2.4454339E-05
   7097.60  2.3631738E-05
   7097.80  2.3235457E-05
   7098.00  2.3112590E-05
   7098.20  2.3197016E-05
   7098.40  2.3469018E-05
   7098.60  2.3942941E-05
   7098.80  2.4670297E-05
   7099.00  2.5761604E-05
   7099.20  2.7448417E-05
   7099.40  3.0278038E-05
   7099.60  3.5952274E-05
   7099.80  5.4704836E-05
   7100.00  5.2759723E-03
   7100.20  1.2440595E-04
   7100.40  1.8240003E-03
   7100.60  2.6879798E-04
   7100.80  3.4268746E-04
   7101.00  6.7135850E-03
   7101.20  1.8429393E-04
   7101.40  7.4608183E-05
   7101.60  5.2337630E-05
   7101.80  5.0567827E-05
   7102.00  2.2020999E-03
   7102.20  5.1755938E-05
   7102.40  5.2752365E-05
   7102.60  8.2384121E-05
   7102.80  4.3599267E-04
   7103.00  3.0764407E-03
   7103.20  1.9355271E-04
   7103.40  9.8570455E-04
   7103.60  1.2805545E-04
   7103.80  1.0116861E-04
   7104.00  5.6534472E-05
   7104.20  5.7416630E-05
   7104.40  6.6018536E-05
   7104.60  8.5052431E-05
   7104.80  1.3883368E-04
   7105.00  3.0975908E-03
   7105.20  1.5624345E-03
   7105.40  1.2862132E-03
   7105.60  5.7626573E-03
   7105.80  2.0648686E-03
   7106.00  6.8292445E-04
   7106.20  2.0569854E-03
   7106.40  2.2059209E-04
   7106.60  4.2108950E-04
   7106.80  6.4308479E-04
   7107.00  6.7568510E-04
   7107.20  6.2720001E-04
   7107.40  3.7032851E-04
   7107.60  6.6822262E-04
   7107.80  9.8339071E-03
   7108.00  4.6905534E-03
   7108.20  8.1532902E-03
   7108.40  1.0539542E-02
   7108.60  1.6500719E-03
   7108.80  4.5464762E-03
   7109.00  1.7896886E-03
   7109.20  1.2180928E-02
   7109.40  2.2116333E-02
   7109.60  5.8457849E-03
   7109.80  3.6135775E-03
   7110.00  1.3437092E-02
   7110.20  9.6680148E-03
   7110.40  1.2013832E-02
   7110.60  2.3755952E-02
   7110.80  1.8868940E-02
   7111.00  2.2337626E-02
   7111.20  1.6692366E-02
   7111.40  1.6156463E-02
   7111.60  1.2829905E-02
   7111.80  2.2738850E-02
   7112.00  2.1642853E-02
   7112.20  2.5929770E-02
   7112.40  5.6178701E-02
   7112.60  5.8020095E-02
   7112.80  2.6001236E-02
   7113.00  1.9618447E-02
   7113.20  1.9167255E-02
   7113.40  1.8724867E-02
   7113.60  1.3650937E-02
   7113.80  8.6571404E-03
   7114.00  6.2757370E-03
   7114.20  5.4897519E-03
   7114.40  5.3718138E-03
   7114.60  6.1360236E-03
   7114.80  9.5120569E-03
   7115.00  2.1447821E-02
   7115.20  3.9953334E-02
   7115.40  1.9440673E-02
   7115.60  1.2655484E-02
   7115.80  1.8276038E-02
   7116.00  1.6775192E-02
   7116.20  9.5779733E-03
   7116.40  6.0704815E-03
   7116.60  4.5908201E-03
   7116.80  3.7951926E-03
   7117.00  3.3230430E-03
   7117.20  3.0232792E-03
   7117.40  2.8236118E-03
   7117.60  2.6885230E-03
   7117.80  2.6056431E-03
   7118.00  2.5814304E-03
   7118.20  2.6419774E-03
   7118.40  2.8428132E-03
   7118.60  3.3075651E-03
   7118.80  4.3194802E-03
   7119.00  6.0032221E-03
   7119.20  6.5657038E-03
   7119.40  5.6742148E-03
   7119.60  5.0133340E-03
   7119.80  4.7240429E-03
   7120.00  4.5557549E-03
   7120.20  4.3049421E-03
   7120.40  3.8926083E-03
   7120.60  3.5608897E-03
   7120.80  3.4372948E-03
   7121.00  3.4590879E-03
   7121.20  3.5388712E-03
   7121.40  3.6158450E-03
   7121.60  3.7106202E-03
   7121.80  3.8618512E-03
   7122.00  4.0770042E-03
   7122.20  4.3548710E-03
   7122.40  4.7060974E-03
   7122.60  5.1405686E-03
   7122.80  5.6722444E-03
   7123.00  6.3143393E-03
   7123.20  7.0828961E-03
   7123.40  7.9972699E-03
   7123.60  9.0851762E-03
   7123.80  1.0377927E-02
   7124.00  1.1920721E-02
   7124.20  1.3725043E-02
   7124.40  1.5808039E-02
   7124.60  1.8155916E-02
   7124.80  2.0697741E-02
   7125.00  2.3289636E-02
   7125.20  2.5724387E-02
   7125.40  2.7785888E-02
   7125.60  2.9484055E-02
   7125.80  3.0986172E-02
   7126.00  3.2051569E-02
   7126.20  3.2532478E-02
   7126.40  3.2402976E-02
   7126.60  3.1886402E-02
   7126.80  3.1203474E-02
   7127.00  3.0484273E-02
   7127.20  2.9745667E-02
   7127.40  2.9004295E-02
   7127.60  2.8404668E-02
   7127.80  2.8186332E-02
   7128.00  2.8503891E-02
   7128.20  2.9352135E-02
   7128.40  3.0425590E-02
   7128.60  3.1425289E-02
   7128.80  3.2162781E-02
   7129.00  3.2660549E-02
   7129.20  3.2928141E-02
   7129.40  3.2952289E-02
   7129.60  3.2767276E-02
   7129.80  3.2463238E-02
   7130.00  3.2078415E-02
   7130.20  3.1865150E-02
   7130.40  3.1834433E-02
   7130.60  3.2054523E-02
   7130.80  3.2582991E-02
   7131.00  3.3470282E-02
   7131.20  3.4766887E-02
   7131.40  3.6488340E-02
   7131.60  3.8632228E-02
   7131.80  4.1164430E-02
   7132.00  4.4019321E-02
   7132.20  4.7111639E-02
   7132.40  5.0355646E-02
   7132.60  5.3674143E-02
   7132.80  5.6978373E-02
   7133.00  6.0134895E-02
   7133.20  6.2970530E-02
   7133.40  6.5331038E-02
   7133.60  6.7157371E-02
   7133.80  6.8551719E-02
   7134.00  6.9788869E-02
   7134.20  7.1154637E-02
   7134.40  7.2511813E-02
   7134.60  7.2817738E-02
   7134.80  7.0783051E-02
   7135.00  6.6650806E-02
   7135.20  6.1764045E-02
   7135.40  5.7042647E-02
   7135.60  5.2852916E-02
   7135.80  4.9297239E-02
   7136.00  4.6358146E-02
   7136.20  4.3967307E-02
   7136.40  4.2041599E-02
   7136.60  4.0501805E-02
   7136.80  3.9289445E-02
   7137.00  3.8339387E-02
   7137.20  3.7585078E-02
   7137.40  3.6985363E-02
   7137.60  3.6507032E-02
   7137.80  3.6124917E-02
   7138.00  3.5821373E-02
   7138.20  3.5584996E-02
   7138.40  3.5409253E-02
   7138.60  3.5290567E-02
   7138.80  3.5226941E-02
   7139.00  3.5216068E-02
   7139.20  3.5255983E-02
   7139.40  3.5344682E-02
   7139.60  3.5480162E-02
   7139.80  3.5660753E-02
   7140.00  3.5885017E-02
   7140.20  3.6152280E-02
   7140.40  3.6462218E-02
   7140.60  3.6814705E-02
   7140.80  3.7209614E-02
   7141.00  3.7645994E-02
   7141.20  3.8121740E-02
   7141.40  3.8632962E-02
   7141.60  3.9173850E-02
   7141.80  3.9736828E-02
   7142.00  4.0312857E-02
   7142.20  4.0892196E-02
   7142.40  4.1465119E-02
   7142.60  4.2022337E-02
   7142.80  4.2555763E-02
   7143.00  4.3058837E-02
   7143.20  4.3526611E-02
   7143.40  4.3956081E-02
   7143.60  4.4345405E-02
   7143.80  4.4694053E-02
   7144.00  4.5002088E-02
   7144.20  4.5270679E-02
   7144.40  4.5501583E-02
   7144.60  4.5696958E-02
   7144.80  4.5858983E-02
   7145.00  4.5989609E-02
   7145.20  4.6090475E-02
   7145.40  4.6162144E-02
   7145.60  4.6204548E-02
   7145.80  4.6216829E-02
   7146.00  4.6197493E-02
   7146.20  4.6144572E-02
   7146.40  4.6055807E-02
   7146.60  4.5929215E-02
   7146.80  4.5763403E-02
   7147.00  4.5557606E-02
   7147.20  4.5312166E-02
   7147.40  4.5028692E-02
   7147.60  4.4710189E-02
   7147.80  4.4352868E-02
   7148.00  4.3979051E-02
   7148.20  4.3586651E-02
   7148.40  4.3182752E-02
   7148.60  4.2775123E-02
   7148.80  4.2370133E-02
   7149.00  4.1970859E-02
   7149.20  4.1589207E-02
   7149.40  4.1225917E-02
   7149.60  4.0883790E-02
   7149.80  4.0564703E-02
   7150.00  4.0269612E-02
   7150.20  3.9997785E-02
   7150.40  3.9747128E-02
   7150.60  3.9517528E-02
   7150.80  3.9307377E-02
   7151.00  3.9116568E-02
   7151.20  3.8938475E-02
   7151.40  3.8772638E-02
   7151.60  3.8616776E-02
   7151.80  3.8469171E-02
   7152.00  3.8327500E-02
   7152.20  3.8189975E-02
   7152.40  3.8054950E-02
   7152.60  3.7920945E-02
   7152.80  3.7786701E-02
   7153.00  3.7651162E-02
   7153.20  3.7512831E-02
   7153.40  3.7370640E-02
   7153.60  3.7223450E-02
   7153.80  3.7070024E-02
   7154.00  3.6909329E-02
   7154.20  3.6739914E-02
   7154.40  3.6558500E-02
   7154.60  3.6365092E-02
   7154.80  3.6156235E-02
   7155.00  3.5928942E-02
   7155.20  3.5680182E-02
   7155.40  3.5406832E-02
   7155.60  3.5106112E-02
   7155.80  3.4775330E-02
   7156.00  3.4412451E-02
   7156.20  3.4016624E-02
   7156.40  3.3588215E-02
   7156.60  3.3128985E-02
   7156.80  3.2642124E-02
   7157.00  3.2132198E-02
   7157.20  3.1605104E-02
   7157.40  3.1067444E-02
   7157.60  3.0526001E-02
   7157.80  2.9987870E-02
   7158.00  2.9457800E-02
   7158.20  2.8944373E-02
   7158.40  2.8454118E-02
   7158.60  2.7992019E-02
   7158.80  2.7562022E-02
   7159.00  2.7167150E-02
   7159.20  2.6809485E-02
   7159.40  2.6490295E-02
   7159.60  2.6207838E-02
   7159.80  2.5964625E-02
   7160.00  2.5758927E-02
   7160.20  2.5590070E-02
   7160.40  2.5457258E-02
   7160.60  2.5359736E-02
   7160.80  2.5296769E-02
   7161.00  2.5267633E-02
   7161.20  2.5271701E-02
   7161.40  2.5307741E-02
   7161.60  2.5374535E-02
   7161.80  2.5470483E-02
   7162.00  2.5601618E-02
   7162.20  2.5762598E-02
   7162.40  2.5941769E-02
   7162.60  2.6130997E-02
   7162.80  2.6335328E-02
   7163.00  2.6550539E-02
   7163.20  2.6778402E-02
   7163.40  2.7003250E-02
   7163.60  2.7226723E-02
   7163.80  2.7445107E-02
   7164.00  2.7654126E-02
   7164.20  2.7850132E-02
   7164.40  2.8029852E-02
   7164.60  2.8190428E-02
   7164.80  2.8329724E-02
   7165.00  2.8445813E-02
   7165.20  2.8537314E-02
   7165.40  2.8603391E-02
   7165.60  2.8643907E-02
   7165.80  2.8659228E-02
   7166.00  2.8650174E-02
   7166.20  2.8617871E-02
   7166.40  2.8563367E-02
   7166.60  2.8488114E-02
   7166.80  2.8393517E-02
   7167.00  2.8281357E-02
   7167.20  2.8153313E-02
   7167.40  2.8002148E-02
   7167.60  2.7848137E-02
   7167.80  2.7686536E-02
   7168.00  2.7513537E-02
   7168.20  2.7333953E-02
   7168.40  2.7149681E-02
   7168.60  2.6962713E-02
   7168.80  2.6774940E-02
   7169.00  2.6588116E-02
   7169.20  2.6404419E-02
   7169.40  2.6225084E-02
   7169.60  2.6051609E-02
   7169.80  2.5885439E-02
   7170.00  2.5727790E-02
   7170.20  2.5579704E-02
   7170.40  2.5442092E-02
   7170.60  2.5315801E-02
   7170.80  2.5201438E-02
   7171.00  2.5099674E-02
   7171.20  2.5010704E-02
   7171.40  2.4934563E-02
   7171.60  2.4871448E-02
   7171.80  2.4821391E-02
   7172.00  2.4784188E-02
