  7112.000   26  1  1  7.4302605E-03 -2.2328467E+00 -1.7071600E+00  1  1  7.2656972E+03  0.0000000E+00  0.0000000E+00  1.4906030E+00  1.0000000E+00  0.0000000E+00 = E_edge, Z, n_edge, j_edge, Abs_before_edge, VO_interstitial, E_cut, ninitl, ninit1, Epsii, UnitCell_Volume, Surface_ref, f0_forward, natomsym_f, abs_u_i
    Energy    <xanes>    
   7097.00  6.1163338E-05
   7097.20  1.4670239E-03
   7097.40  1.0520407E-04
   7097.60  3.7183810E-05
   7097.80  2.7075087E-05
   7098.00  2.3783941E-05
   7098.20  2.2338346E-05
   7098.40  2.1608866E-05
   7098.60  2.1225264E-05
   7098.80  2.1038213E-05
   7099.00  2.0979803E-05
   7099.20  2.1017988E-05
   7099.40  2.1139173E-05
   7099.60  2.1341492E-05
   7099.80  2.1632534E-05
   7100.00  2.2030117E-05
   7100.20  2.2565924E-05
   7100.40  2.3293511E-05
   7100.60  2.4304914E-05
   7100.80  2.5765878E-05
   7101.00  2.7997438E-05
   7101.20  3.1688425E-05
   7101.40  3.8552534E-05
   7101.60  5.3898801E-05
   7101.80  1.0178899E-04
   7102.00  4.4881807E-04
   7102.20  4.2547207E-03
   7102.40  1.8663460E-04
   7102.60  7.6914230E-05
   7102.80  7.3672705E-05
   7103.00  1.3603032E-04
   7103.20  4.0887916E-05
   7103.40  3.5351469E-05
   7103.60  3.4598965E-05
   7103.80  3.6061652E-05
   7104.00  4.0109879E-05
   7104.20  4.9406033E-05
   7104.40  7.5348491E-05
   7104.60  2.1885063E-04
   7104.80  5.2796195E-03
   7105.00  3.0940232E-02
   7105.20  1.6828268E-04
   7105.40  7.3571132E-05
   7105.60  5.3759743E-05
   7105.80  4.7682397E-05
   7106.00  4.6625531E-05
   7106.20  4.8613625E-05
   7106.40  5.3704701E-05
   7106.60  6.3778008E-05
   7106.80  8.5845888E-05
   7107.00  1.7046536E-04
   7107.20  6.0467977E-04
   7107.40  1.1093346E-02
   7107.60  2.7638529E-03
   7107.80  4.7554090E-02
   7108.00  7.7542884E-04
   7108.20  6.9910185E-04
   7108.40  1.7393890E-04
   7108.60  1.4752185E-04
   7108.80  1.9398426E-04
   7109.00  4.8107014E-04
   7109.20  7.5194171E-02
   7109.40  7.4524325E-02
   7109.60  9.1325134E-04
   7109.80  3.5566068E-03
   7110.00  4.8056441E-02
   7110.20  7.8603009E-03
   7110.40  1.6042695E-03
   7110.60  8.0820668E-03
   7110.80  8.7665066E-03
   7111.00  4.8864297E-03
   7111.20  9.5118984E-03
   7111.40  1.7147123E-02
   7111.60  1.8313499E-02
   7111.80  1.8433167E-02
   7112.00  1.5680415E-02
   7112.20  1.7091974E-02
   7112.40  1.2284433E-02
   7112.60  7.6816597E-03
   7112.80  1.0495774E-02
   7113.00  2.3587132E-02
   7113.20  4.0851284E-02
   7113.40  3.0462233E-02
   7113.60  2.4250981E-02
   7113.80  3.0716531E-02
   7114.00  4.3096370E-02
   7114.20  3.9201902E-02
   7114.40  3.0775270E-02
   7114.60  2.4001915E-02
   7114.80  1.7784414E-02
   7115.00  1.4805506E-02
   7115.20  1.3689071E-02
   7115.40  1.3692056E-02
   7115.60  1.3915641E-02
   7115.80  1.3541766E-02
   7116.00  1.2842583E-02
   7116.20  1.2450803E-02
   7116.40  1.2719011E-02
   7116.60  1.3714113E-02
   7116.80  1.5098054E-02
   7117.00  1.5531174E-02
   7117.20  1.3983857E-02
   7117.40  1.1751786E-02
   7117.60  1.0125455E-02
   7117.80  9.2520415E-03
   7118.00  8.9228420E-03
   7118.20  8.9397230E-03
   7118.40  9.1606490E-03
   7118.60  9.5038759E-03
   7118.80  9.9366310E-03
   7119.00  1.0391347E-02
   7119.20  1.0655289E-02
   7119.40  1.0509036E-02
   7119.60  1.0039527E-02
   7119.80  9.5138131E-03
   7120.00  9.0972634E-03
   7120.20  8.8373090E-03
   7120.40  8.7351315E-03
   7120.60  8.7781128E-03
   7120.80  8.9335770E-03
   7121.00  9.1312424E-03
   7121.20  9.2924266E-03
   7121.40  9.4306746E-03
   7121.60  9.6875485E-03
   7121.80  1.0206230E-02
   7122.00  1.1009527E-02
   7122.20  1.1935706E-02
   7122.40  1.2814047E-02
   7122.60  1.3508058E-02
   7122.80  1.3972658E-02
   7123.00  1.4242341E-02
   7123.20  1.4381516E-02
   7123.40  1.4452731E-02
   7123.60  1.4506554E-02
   7123.80  1.4585304E-02
   7124.00  1.4729002E-02
   7124.20  1.4974243E-02
   7124.40  1.5343241E-02
   7124.60  1.5831089E-02
   7124.80  1.6403974E-02
   7125.00  1.7011706E-02
   7125.20  1.7601483E-02
   7125.40  1.8124899E-02
   7125.60  1.8540080E-02
   7125.80  1.8808922E-02
   7126.00  1.8894894E-02
   7126.20  1.8782569E-02
   7126.40  1.8500937E-02
   7126.60  1.8109601E-02
   7126.80  1.7761708E-02
   7127.00  1.7734233E-02
   7127.20  1.8162904E-02
   7127.40  1.9015291E-02
   7127.60  2.0215451E-02
   7127.80  2.1667801E-02
   7128.00  2.3294457E-02
   7128.20  2.5061056E-02
   7128.40  2.6988579E-02
   7128.60  2.9149636E-02
   7128.80  3.1660708E-02
   7129.00  3.4809351E-02
   7129.20  3.8894139E-02
   7129.40  4.3633042E-02
   7129.60  4.9484686E-02
   7129.80  5.6502964E-02
   7130.00  6.4356106E-02
   7130.20  7.2000800E-02
   7130.40  7.7662934E-02
   7130.60  7.9711240E-02
   7130.80  7.7981500E-02
   7131.00  7.3897815E-02
   7131.20  6.9234528E-02
   7131.40  6.5134971E-02
   7131.60  6.2024624E-02
   7131.80  5.9904364E-02
   7132.00  5.8604093E-02
   7132.20  5.7907308E-02
   7132.40  5.7630170E-02
   7132.60  5.7614348E-02
   7132.80  5.7730635E-02
   7133.00  5.7882807E-02
   7133.20  5.8004361E-02
   7133.40  5.8053906E-02
   7133.60  5.8009675E-02
   7133.80  5.7864466E-02
   7134.00  5.7620581E-02
   7134.20  5.7284798E-02
   7134.40  5.6865509E-02
   7134.60  5.6370391E-02
   7134.80  5.5805067E-02
   7135.00  5.5172726E-02
   7135.20  5.4474249E-02
   7135.40  5.3708576E-02
   7135.60  5.2873171E-02
   7135.80  5.1964960E-02
   7136.00  5.0980922E-02
   7136.20  4.9918772E-02
   7136.40  4.8776986E-02
   7136.60  4.7556565E-02
   7136.80  4.6260999E-02
   7137.00  4.4898031E-02
   7137.20  4.3480761E-02
   7137.40  4.2028667E-02
   7137.60  4.0569376E-02
   7137.80  3.9136943E-02
   7138.00  3.7769220E-02
   7138.20  3.6521010E-02
   7138.40  3.5395883E-02
   7138.60  3.4409427E-02
   7138.80  3.3565738E-02
   7139.00  3.2859671E-02
   7139.20  3.2280336E-02
   7139.40  3.1814403E-02
   7139.60  3.1448061E-02
   7139.80  3.1167881E-02
   7140.00  3.0961034E-02
   7140.20  3.0815616E-02
   7140.40  3.0720692E-02
   7140.60  3.0666319E-02
   7140.80  3.0643593E-02
   7141.00  3.0644560E-02
   7141.20  3.0662044E-02
   7141.40  3.0689512E-02
   7141.60  3.0721042E-02
   7141.80  3.0751101E-02
   7142.00  3.0774573E-02
   7142.20  3.0787182E-02
   7142.40  3.0785491E-02
   7142.60  3.0767230E-02
   7142.80  3.0731392E-02
   7143.00  3.0678232E-02
   7143.20  3.0608760E-02
   7143.40  3.0524798E-02
   7143.60  3.0428638E-02
   7143.80  3.0322802E-02
   7144.00  3.0209858E-02
   7144.20  3.0092262E-02
   7144.40  2.9972248E-02
   7144.60  2.9851693E-02
   7144.80  2.9745659E-02
   7145.00  2.9643048E-02
   7145.20  2.9543127E-02
   7145.40  2.9447071E-02
   7145.60  2.9355769E-02
   7145.80  2.9269973E-02
   7146.00  2.9190117E-02
   7146.20  2.9117423E-02
   7146.40  2.9052153E-02
   7146.60  2.8994858E-02
   7146.80  2.8945874E-02
   7147.00  2.8905645E-02
   7147.20  2.8874563E-02
   7147.40  2.8852732E-02
   7147.60  2.8840594E-02
   7147.80  2.8837564E-02
   7148.00  2.8845002E-02
   7148.20  2.8862625E-02
   7148.40  2.8890339E-02
   7148.60  2.8935424E-02
   7148.80  2.8983512E-02
   7149.00  2.9042042E-02
   7149.20  2.9110897E-02
   7149.40  2.9189972E-02
   7149.60  2.9279314E-02
   7149.80  2.9378744E-02
   7150.00  2.9487987E-02
   7150.20  2.9606784E-02
   7150.40  2.9734803E-02
   7150.60  2.9871634E-02
   7150.80  3.0016638E-02
   7151.00  3.0169078E-02
   7151.20  3.0327928E-02
   7151.40  3.0492108E-02
   7151.60  3.0660378E-02
   7151.80  3.0831192E-02
   7152.00  3.1003091E-02
   7152.20  3.1174671E-02
   7152.40  3.1342925E-02
   7152.60  3.1505518E-02
   7152.80  3.1660106E-02
   7153.00  3.1804251E-02
   7153.20  3.1935591E-02
   7153.40  3.2051802E-02
   7153.60  3.2150962E-02
   7153.80  3.2231257E-02
   7154.00  3.2291591E-02
   7154.20  3.2331336E-02
   7154.40  3.2350484E-02
   7154.60  3.2349800E-02
   7154.80  3.2330620E-02
   7155.00  3.2294943E-02
   7155.20  3.2245390E-02
   7155.40  3.2185137E-02
   7155.60  3.2117812E-02
   7155.80  3.2046906E-02
   7156.00  3.1976238E-02
   7156.20  3.1909588E-02
   7156.40  3.1850663E-02
   7156.60  3.1802845E-02
   7156.80  3.1769146E-02
   7157.00  3.1752201E-02
   7157.20  3.1754322E-02
   7157.40  3.1777104E-02
   7157.60  3.1821803E-02
   7157.80  3.1889139E-02
   7158.00  3.1979418E-02
   7158.20  3.2092614E-02
   7158.40  3.2228082E-02
   7158.60  3.2384914E-02
   7158.80  3.2561879E-02
   7159.00  3.2757476E-02
   7159.20  3.2969918E-02
   7159.40  3.3197210E-02
   7159.60  3.3437188E-02
   7159.80  3.3687590E-02
   7160.00  3.3946558E-02
   7160.20  3.4213393E-02
   7160.40  3.4483826E-02
   7160.60  3.4755277E-02
   7160.80  3.5025540E-02
   7161.00  3.5292806E-02
   7161.20  3.5554988E-02
   7161.40  3.5809898E-02
   7161.60  3.6055829E-02
   7161.80  3.6310108E-02
   7162.00  3.6539673E-02
   7162.20  3.6749585E-02
   7162.40  3.6945113E-02
   7162.60  3.7125271E-02
   7162.80  3.7289236E-02
   7163.00  3.7435554E-02
   7163.20  3.7573718E-02
   7163.40  3.7685243E-02
   7163.60  3.7778572E-02
   7163.80  3.7853469E-02
   7164.00  3.7909983E-02
   7164.20  3.7948626E-02
   7164.40  3.7968859E-02
   7164.60  3.7970847E-02
   7164.80  3.7954827E-02
   7165.00  3.7921123E-02
   7165.20  3.7870140E-02
   7165.40  3.7802745E-02
   7165.60  3.7719462E-02
   7165.80  3.7620652E-02
   7166.00  3.7507116E-02
   7166.20  3.7379437E-02
   7166.40  3.7238404E-02
   7166.60  3.7084860E-02
   7166.80  3.6919632E-02
   7167.00  3.6744071E-02
   7167.20  3.6558402E-02
   7167.40  3.6363485E-02
   7167.60  3.6160084E-02
   7167.80  3.5949050E-02
   7168.00  3.5731134E-02
   7168.20  3.5507143E-02
   7168.40  3.5277905E-02
   7168.60  3.5044595E-02
   7168.80  3.4807998E-02
   7169.00  3.4568495E-02
   7169.20  3.4326990E-02
   7169.40  3.4084198E-02
   7169.60  3.3840892E-02
   7169.80  3.3596289E-02
   7170.00  3.3351108E-02
   7170.20  3.3111692E-02
   7170.40  3.2874777E-02
   7170.60  3.2641573E-02
   7170.80  3.2412215E-02
   7171.00  3.2187241E-02
   7171.20  3.1967163E-02
   7171.40  3.1752434E-02
   7171.60  3.1543549E-02
   7171.80  3.1341068E-02
   7172.00  3.1145031E-02
