  7112.000   26  1  1  5.0951567E-02 -2.5845065E+00 -2.4728649E+00  1  1  7.2670350E+03  0.0000000E+00  0.0000000E+00  2.8290715E+00  1.0000000E+00  0.0000000E+00 = E_edge, Z, n_edge, j_edge, Abs_before_edge, VO_interstitial, E_cut, ninitl, ninit1, Epsii, UnitCell_Volume, Surface_ref, f0_forward, natomsym_f, abs_u_i
    Energy    <xanes>    
   7097.00  1.9509615E-05
   7097.20  1.9700368E-05
   7097.40  1.9940177E-05
   7097.60  2.0246618E-05
   7097.80  2.0647841E-05
   7098.00  2.1194675E-05
   7098.20  2.1984116E-05
   7098.40  2.3230963E-05
   7098.60  2.5522399E-05
   7098.80  3.1055197E-05
   7099.00  5.5353755E-05
   7099.20  2.5439729E-03
   7099.40  7.7536025E-05
   7099.60  4.0220902E-05
   7099.80  3.8657113E-05
   7100.00  4.6668445E-05
   7100.20  7.5942142E-05
   7100.40  1.1748913E-03
   7100.60  6.6434292E-04
   7100.80  2.2662629E-03
   7101.00  2.4415620E-04
   7101.20  8.1291367E-05
   7101.40  5.7034309E-05
   7101.60  6.3777332E-05
   7101.80  2.9303453E-04
   7102.00  2.2263733E-04
   7102.20  5.4313883E-05
   7102.40  4.0858920E-05
   7102.60  4.8574766E-05
   7102.80  2.6276362E-04
   7103.00  5.8775023E-04
   7103.20  4.5600051E-05
   7103.40  6.1368301E-05
   7103.60  1.2353213E-04
   7103.80  4.7046817E-05
   7104.00  4.8434408E-05
   7104.20  5.6055421E-05
   7104.40  7.0879065E-05
   7104.60  1.0379940E-04
   7104.80  2.8036438E-04
   7105.00  4.5448708E-04
   7105.20  1.7549915E-03
   7105.40  1.3076878E-01
   7105.60  1.0741621E-03
   7105.80  2.8008723E-04
   7106.00  1.5023241E-04
   7106.20  1.1206554E-04
   7106.40  1.0684471E-04
   7106.60  1.4200272E-04
   7106.80  6.7522310E-04
   7107.00  5.2048555E-04
   7107.20  3.8423554E-04
   7107.40  1.4938194E-02
   7107.60  7.1302020E-04
   7107.80  1.5513428E-03
   7108.00  5.2459985E-03
   7108.20  5.5503348E-03
   7108.40  8.0828024E-03
   7108.60  4.4258877E-04
   7108.80  9.8420736E-04
   7109.00  1.4476339E-03
   7109.20  3.1831451E-03
   7109.40  2.9112970E-03
   7109.60  2.3034404E-03
   7109.80  3.7219637E-04
   7110.00  8.6735637E-03
   7110.20  3.9734200E-03
   7110.40  7.7914438E-03
   7110.60  2.9186849E-02
   7110.80  1.6511080E-02
   7111.00  2.0469314E-02
   7111.20  1.6838460E-02
   7111.40  1.6506578E-02
   7111.60  1.3998985E-02
   7111.80  2.1731301E-02
   7112.00  4.1349471E-02
   7112.20  7.0542666E-02
   7112.40  6.5435014E-02
   7112.60  4.4476714E-02
   7112.80  3.2211093E-02
   7113.00  2.3659634E-02
   7113.20  1.5938741E-02
   7113.40  1.0916439E-02
   7113.60  8.0155145E-03
   7113.80  6.3791667E-03
   7114.00  5.5656474E-03
   7114.20  5.4366302E-03
   7114.40  6.1929135E-03
   7114.60  7.2267008E-03
   7114.80  5.7396710E-03
   7115.00  4.0950089E-03
   7115.20  3.3131362E-03
   7115.40  2.7451387E-03
   7115.60  2.2937702E-03
   7115.80  2.0931130E-03
   7116.00  1.9737542E-03
   7116.20  1.9053584E-03
   7116.40  1.8709793E-03
   7116.60  1.8619302E-03
   7116.80  1.8738910E-03
   7117.00  1.9054740E-03
   7117.20  1.9578359E-03
   7117.40  2.0351644E-03
   7117.60  2.1458945E-03
   7117.80  2.3048873E-03
   7118.00  2.5509671E-03
   7118.20  2.8917857E-03
   7118.40  3.2847408E-03
   7118.60  3.6266476E-03
   7118.80  3.9300251E-03
   7119.00  4.2536156E-03
   7119.20  4.5017133E-03
   7119.40  4.6328663E-03
   7119.60  4.7569796E-03
   7119.80  4.8629889E-03
   7120.00  5.0954843E-03
   7120.20  5.4431214E-03
   7120.40  5.7223435E-03
   7120.60  5.7652100E-03
   7120.80  5.5427416E-03
   7121.00  5.3071551E-03
   7121.20  5.2204176E-03
   7121.40  5.2850808E-03
   7121.60  5.4639308E-03
   7121.80  5.7269326E-03
   7122.00  6.0598662E-03
   7122.20  6.4663794E-03
   7122.40  6.9756893E-03
   7122.60  7.6311637E-03
   7122.80  8.5184125E-03
   7123.00  9.7407170E-03
   7123.20  1.1388166E-02
   7123.40  1.3472029E-02
   7123.60  1.5884682E-02
   7123.80  1.8475291E-02
   7124.00  2.1177610E-02
   7124.20  2.4023782E-02
   7124.40  2.7067501E-02
   7124.60  3.0315439E-02
   7124.80  3.3686645E-02
   7125.00  3.6995198E-02
   7125.20  3.9966908E-02
   7125.40  4.2287547E-02
   7125.60  4.3695803E-02
   7125.80  4.4117645E-02
   7126.00  4.3515263E-02
   7126.20  4.2236678E-02
   7126.40  4.0582259E-02
   7126.60  3.8801905E-02
   7126.80  3.7074183E-02
   7127.00  3.5462752E-02
   7127.20  3.3977805E-02
   7127.40  3.2598341E-02
   7127.60  3.1298742E-02
   7127.80  2.9990353E-02
   7128.00  2.8819738E-02
   7128.20  2.7715154E-02
   7128.40  2.6685002E-02
   7128.60  2.5732991E-02
   7128.80  2.4860209E-02
   7129.00  2.4065568E-02
   7129.20  2.3346277E-02
   7129.40  2.2704263E-02
   7129.60  2.2151344E-02
   7129.80  2.1696274E-02
   7130.00  2.1348549E-02
   7130.20  2.1117200E-02
   7130.40  2.1009814E-02
   7130.60  2.1032038E-02
   7130.80  2.1186175E-02
   7131.00  2.1468834E-02
   7131.20  2.1868601E-02
   7131.40  2.2365535E-02
   7131.60  2.2932926E-02
   7131.80  2.3540655E-02
   7132.00  2.4157214E-02
   7132.20  2.4749916E-02
   7132.40  2.5285869E-02
   7132.60  2.5736104E-02
   7132.80  2.6082279E-02
   7133.00  2.6322829E-02
   7133.20  2.6472713E-02
   7133.40  2.6557245E-02
   7133.60  2.6604072E-02
   7133.80  2.6637434E-02
   7134.00  2.6675136E-02
   7134.20  2.6728673E-02
   7134.40  2.6804827E-02
   7134.60  2.6905764E-02
   7134.80  2.7037716E-02
   7135.00  2.7200472E-02
   7135.20  2.7390337E-02
   7135.40  2.7598849E-02
   7135.60  2.7814653E-02
   7135.80  2.8029637E-02
   7136.00  2.8245340E-02
   7136.20  2.8475364E-02
   7136.40  2.8742165E-02
   7136.60  2.9071936E-02
   7136.80  2.9490881E-02
   7137.00  3.0023011E-02
   7137.20  3.0688851E-02
   7137.40  3.1504309E-02
   7137.60  3.2480316E-02
   7137.80  3.3622475E-02
   7138.00  3.4928891E-02
   7138.20  3.6391131E-02
   7138.40  3.7990718E-02
   7138.60  3.9698441E-02
   7138.80  4.1476001E-02
   7139.00  4.3274992E-02
   7139.20  4.5040298E-02
   7139.40  4.6713803E-02
   7139.60  4.8239373E-02
   7139.80  4.9568741E-02
   7140.00  5.0664698E-02
   7140.20  5.1505660E-02
   7140.40  5.2140550E-02
   7140.60  5.2552845E-02
   7140.80  5.2755706E-02
   7141.00  5.2779248E-02
   7141.20  5.2658950E-02
   7141.40  5.2432221E-02
   7141.60  5.2134592E-02
   7141.80  5.1796555E-02
   7142.00  5.1441967E-02
   7142.20  5.1087699E-02
   7142.40  5.0744328E-02
   7142.60  5.0416444E-02
   7142.80  5.0104746E-02
   7143.00  4.9807442E-02
   7143.20  4.9521058E-02
   7143.40  4.9242038E-02
   7143.60  4.8967423E-02
   7143.80  4.8695459E-02
   7144.00  4.8425806E-02
   7144.20  4.8159219E-02
   7144.40  4.7897783E-02
   7144.60  4.7644358E-02
   7144.80  4.7402208E-02
   7145.00  4.7174716E-02
   7145.20  4.6964958E-02
   7145.40  4.6775609E-02
   7145.60  4.6608776E-02
   7145.80  4.6465566E-02
   7146.00  4.6346688E-02
   7146.20  4.6252213E-02
   7146.40  4.6181758E-02
   7146.60  4.6134523E-02
   7146.80  4.6108714E-02
   7147.00  4.6103523E-02
   7147.20  4.6118461E-02
   7147.40  4.6152413E-02
   7147.60  4.6204115E-02
   7147.80  4.6272598E-02
   7148.00  4.6356895E-02
   7148.20  4.6456238E-02
   7148.40  4.6570022E-02
   7148.60  4.6697800E-02
   7148.80  4.6839141E-02
   7149.00  4.6993399E-02
   7149.20  4.7160904E-02
   7149.40  4.7341381E-02
   7149.60  4.7534540E-02
   7149.80  4.7739889E-02
   7150.00  4.7956920E-02
   7150.20  4.8184857E-02
   7150.40  4.8422617E-02
   7150.60  4.8668565E-02
   7150.80  4.8920550E-02
   7151.00  4.9175935E-02
   7151.20  4.9431397E-02
   7151.40  4.9683244E-02
   7151.60  4.9927464E-02
   7151.80  5.0159640E-02
   7152.00  5.0374905E-02
   7152.20  5.0568550E-02
   7152.40  5.0735613E-02
   7152.60  5.0871093E-02
   7152.80  5.0970344E-02
   7153.00  5.1028902E-02
   7153.20  5.1042927E-02
   7153.40  5.1008861E-02
   7153.60  5.0923726E-02
   7153.80  5.0785474E-02
   7154.00  5.0590378E-02
   7154.20  5.0338660E-02
   7154.40  5.0029868E-02
   7154.60  4.9664507E-02
   7154.80  4.9243722E-02
   7155.00  4.8769385E-02
   7155.20  4.8243896E-02
   7155.40  4.7670426E-02
   7155.60  4.7053072E-02
   7155.80  4.6395364E-02
   7156.00  4.5701839E-02
   7156.20  4.4977311E-02
   7156.40  4.4226901E-02
   7156.60  4.3455635E-02
   7156.80  4.2668596E-02
   7157.00  4.1870919E-02
   7157.20  4.1067296E-02
   7157.40  4.0262508E-02
   7157.60  3.9460540E-02
   7157.80  3.8664668E-02
   7158.00  3.7878005E-02
   7158.20  3.7103237E-02
   7158.40  3.6342574E-02
   7158.60  3.5597822E-02
   7158.80  3.4870390E-02
   7159.00  3.4161363E-02
   7159.20  3.3471577E-02
   7159.40  3.2801651E-02
   7159.60  3.2153583E-02
   7159.80  3.1522380E-02
   7160.00  3.0915421E-02
   7160.20  3.0329764E-02
   7160.40  2.9765710E-02
   7160.60  2.9223559E-02
   7160.80  2.8703608E-02
   7161.00  2.8206152E-02
   7161.20  2.7731430E-02
   7161.40  2.7279640E-02
   7161.60  2.6850586E-02
   7161.80  2.6441880E-02
   7162.00  2.6059186E-02
   7162.20  2.5699361E-02
   7162.40  2.5362419E-02
   7162.60  2.5049889E-02
   7162.80  2.4756793E-02
   7163.00  2.4485073E-02
   7163.20  2.4234236E-02
   7163.40  2.4003851E-02
   7163.60  2.3793497E-02
   7163.80  2.3602796E-02
   7164.00  2.3431440E-02
   7164.20  2.3279164E-02
   7164.40  2.3145864E-02
   7164.60  2.3031343E-02
   7164.80  2.2935107E-02
   7165.00  2.2856964E-02
   7165.20  2.2796621E-02
   7165.40  2.2753656E-02
   7165.60  2.2727688E-02
   7165.80  2.2718269E-02
   7166.00  2.2724831E-02
   7166.20  2.2746879E-02
   7166.40  2.2783747E-02
   7166.60  2.2834842E-02
   7166.80  2.2899476E-02
   7167.00  2.2977065E-02
   7167.20  2.3067064E-02
   7167.40  2.3168984E-02
   7167.60  2.3282225E-02
   7167.80  2.3406273E-02
   7168.00  2.3540697E-02
   7168.20  2.3685072E-02
   7168.40  2.3838960E-02
   7168.60  2.4002079E-02
   7168.80  2.4173986E-02
   7169.00  2.4354141E-02
   7169.20  2.4542144E-02
   7169.40  2.4737528E-02
   7169.60  2.4939781E-02
   7169.80  2.5148545E-02
   7170.00  2.5363796E-02
   7170.20  2.5584435E-02
   7170.40  2.5809837E-02
   7170.60  2.6039549E-02
   7170.80  2.6273030E-02
   7171.00  2.6509764E-02
   7171.20  2.6749107E-02
   7171.40  2.6990473E-02
   7171.60  2.7233423E-02
   7171.80  2.7477428E-02
   7172.00  2.7721885E-02
