  7112.000   26  1  1  2.6359444E-02  3.2032224E-02 -7.9572280E-01  1  1  7.2646342E+03  0.0000000E+00  0.0000000E+00  2.2996316E+00  1.0000000E+00  0.0000000E+00 = E_edge, Z, n_edge, j_edge, Abs_before_edge, VO_interstitial, E_cut, ninitl, ninit1, Epsii, UnitCell_Volume, Surface_ref, f0_forward, natomsym_f, abs_u_i
    Energy    <xanes>    
   7097.00  1.9899814E-05
   7097.20  1.9684354E-05
   7097.40  1.9594952E-05
   7097.60  1.9558821E-05
   7097.80  1.9552132E-05
   7098.00  1.9565291E-05
   7098.20  1.9594482E-05
   7098.40  1.9638168E-05
   7098.60  1.9695949E-05
   7098.80  1.9768312E-05
   7099.00  1.9856263E-05
   7099.20  1.9961287E-05
   7099.40  2.0085484E-05
   7099.60  2.0231593E-05
   7099.80  2.0403194E-05
   7100.00  2.0604881E-05
   7100.20  2.0842732E-05
   7100.40  2.1124908E-05
   7100.60  2.1462573E-05
   7100.80  2.1871293E-05
   7101.00  2.2373584E-05
   7101.20  2.3002853E-05
   7101.40  2.3810827E-05
   7101.60  2.4882217E-05
   7101.80  2.6363449E-05
   7102.00  2.8528437E-05
   7102.20  3.1944715E-05
   7102.40  3.7966161E-05
   7102.60  5.0573936E-05
   7102.80  8.6376262E-05
   7103.00  2.9610938E-04
   7103.20  2.4776103E-02
   7103.40  2.2604574E-04
   7103.60  1.0099039E-04
   7103.80  1.2212296E-04
   7104.00  9.7690503E-04
   7104.20  3.8927211E-04
   7104.40  1.1414058E-04
   7104.60  1.4437690E-04
   7104.80  3.9107641E-03
   7105.00  2.1801715E-04
   7105.20  1.0482064E-04
   7105.40  1.8143849E-03
   7105.60  5.3675645E-05
   7105.80  4.4333053E-05
   7106.00  4.3095596E-05
   7106.20  4.4531060E-05
   7106.40  4.8075765E-05
   7106.60  5.4321799E-05
   7106.80  6.5192303E-05
   7107.00  8.6224985E-05
   7107.20  1.4119995E-04
   7107.40  1.0106478E-03
   7107.60  5.9801080E-04
   7107.80  8.5989205E-03
   7108.00  1.6156954E-03
   7108.20  3.3464678E-04
   7108.40  1.9941290E-04
   7108.60  2.3503983E-04
   7108.80  1.4877127E-03
   7109.00  1.6396243E-02
   7109.20  3.4467508E-04
   7109.40  2.3489379E-04
   7109.60  4.3236834E-04
   7109.80  1.7326911E-04
   7110.00  2.6627763E-04
   7110.20  2.1090893E-03
   7110.40  1.3206174E-01
   7110.60  2.0393315E-03
   7110.80  1.5784769E-03
   7111.00  3.4441092E-03
   7111.20  3.5265966E-03
   7111.40  8.8380004E-04
   7111.60  3.8143191E-03
   7111.80  6.9998870E-03
   7112.00  4.9483344E-04
   7112.20  4.0616138E-04
   7112.40  8.1005316E-03
   7112.60  3.7674803E-02
   7112.80  4.3991661E-03
   7113.00  2.7241090E-03
   7113.20  4.2025988E-03
   7113.40  1.1732595E-02
   7113.60  1.8224295E-02
   7113.80  2.2400410E-02
   7114.00  2.6909932E-02
   7114.20  2.7626881E-02
   7114.40  3.8527941E-02
   7114.60  4.3401776E-02
   7114.80  3.1053597E-02
   7115.00  2.5653590E-02
   7115.20  3.6079424E-02
   7115.40  1.0270322E-01
   7115.60  2.1226182E-01
   7115.80  6.8354274E-02
   7116.00  2.4449709E-02
   7116.20  1.2972826E-02
   7116.40  8.3953168E-03
   7116.60  6.0952808E-03
   7116.80  4.7732242E-03
   7117.00  3.9543670E-03
   7117.20  3.4334120E-03
   7117.40  3.1233981E-03
   7117.60  3.0040963E-03
   7117.80  3.1171663E-03
   7118.00  3.6100202E-03
   7118.20  4.6997437E-03
   7118.40  6.7978121E-03
   7118.60  7.5186616E-03
   7118.80  6.1397658E-03
   7119.00  4.8877551E-03
   7119.20  4.1976758E-03
   7119.40  4.0623929E-03
   7119.60  4.4142586E-03
   7119.80  5.8512362E-03
   7120.00  7.5862454E-03
   7120.20  7.4359178E-03
   7120.40  7.7266966E-03
   7120.60  7.8179494E-03
   7120.80  7.7727611E-03
   7121.00  8.0451601E-03
   7121.20  8.4911543E-03
   7121.40  7.6602206E-03
   7121.60  6.5875608E-03
   7121.80  6.3814843E-03
   7122.00  6.4713915E-03
   7122.20  6.5656400E-03
   7122.40  6.7259485E-03
   7122.60  7.1792575E-03
   7122.80  7.8987666E-03
   7123.00  7.9519654E-03
   7123.20  6.8348227E-03
   7123.40  5.8556296E-03
   7123.60  5.3837353E-03
   7123.80  5.2547985E-03
   7124.00  5.3502277E-03
   7124.20  5.5905794E-03
   7124.40  5.9085906E-03
   7124.60  6.2919766E-03
   7124.80  6.7679989E-03
   7125.00  7.3522557E-03
   7125.20  8.0422423E-03
   7125.40  8.8363152E-03
   7125.60  9.7479819E-03
   7125.80  1.0801618E-02
   7126.00  1.2034128E-02
   7126.20  1.3504829E-02
   7126.40  1.5295033E-02
   7126.60  1.7488966E-02
   7126.80  2.0137531E-02
   7127.00  2.3205495E-02
   7127.20  2.6507743E-02
   7127.40  2.9685304E-02
   7127.60  3.2287511E-02
   7127.80  3.4024359E-02
   7128.00  3.4707231E-02
   7128.20  3.4595516E-02
   7128.40  3.3942868E-02
   7128.60  3.3139757E-02
   7128.80  3.2342982E-02
   7129.00  3.1643523E-02
   7129.20  3.1070622E-02
   7129.40  3.0624046E-02
   7129.60  3.0322973E-02
   7129.80  3.0103896E-02
   7130.00  2.9992194E-02
   7130.20  2.9986897E-02
   7130.40  3.0155240E-02
   7130.60  3.0442925E-02
   7130.80  3.0742599E-02
   7131.00  3.1115538E-02
   7131.20  3.1546981E-02
   7131.40  3.2029649E-02
   7131.60  3.2566452E-02
   7131.80  3.3171512E-02
   7132.00  3.3881681E-02
   7132.20  3.4750983E-02
   7132.40  3.5832798E-02
   7132.60  3.7188959E-02
   7132.80  3.8857204E-02
   7133.00  4.0840575E-02
   7133.20  4.3092217E-02
   7133.40  4.5505764E-02
   7133.60  4.7926913E-02
   7133.80  5.0191032E-02
   7134.00  5.2173784E-02
   7134.20  5.3822182E-02
   7134.40  5.5148180E-02
   7134.60  5.6195630E-02
   7134.80  5.7005283E-02
   7135.00  5.7594847E-02
   7135.20  5.7953087E-02
   7135.40  5.8045766E-02
   7135.60  5.7825665E-02
   7135.80  5.7246364E-02
   7136.00  5.6273443E-02
   7136.20  5.4891238E-02
   7136.40  5.3107448E-02
   7136.60  5.0991337E-02
   7136.80  4.8603172E-02
   7137.00  4.6058592E-02
   7137.20  4.3510025E-02
   7137.40  4.1098964E-02
   7137.60  3.8922224E-02
   7137.80  3.7022464E-02
   7138.00  3.5400649E-02
   7138.20  3.4035103E-02
   7138.40  3.2895811E-02
   7138.60  3.1951068E-02
   7138.80  3.1170579E-02
   7139.00  3.0526266E-02
   7139.20  2.9992139E-02
   7139.40  2.9544779E-02
   7139.60  2.9164210E-02
   7139.80  2.8835435E-02
   7140.00  2.8549867E-02
   7140.20  2.8306515E-02
   7140.40  2.8112294E-02
   7140.60  2.7980548E-02
   7140.80  2.7928593E-02
   7141.00  2.7974157E-02
   7141.20  2.8132763E-02
   7141.40  2.8415064E-02
   7141.60  2.8824924E-02
   7141.80  2.9358816E-02
   7142.00  3.0006177E-02
   7142.20  3.0749400E-02
   7142.40  3.1559510E-02
   7142.60  3.2423868E-02
   7142.80  3.3326093E-02
   7143.00  3.4253333E-02
   7143.20  3.5196822E-02
   7143.40  3.6151642E-02
   7143.60  3.7114462E-02
   7143.80  3.8082293E-02
   7144.00  3.9051056E-02
   7144.20  4.0014704E-02
   7144.40  4.0965429E-02
   7144.60  4.1894254E-02
   7144.80  4.2790462E-02
   7145.00  4.3643476E-02
   7145.20  4.4442975E-02
   7145.40  4.5178916E-02
   7145.60  4.5842020E-02
   7145.80  4.6423987E-02
   7146.00  4.6916871E-02
   7146.20  4.7314055E-02
   7146.40  4.7610885E-02
   7146.60  4.7804809E-02
   7146.80  4.7896086E-02
   7147.00  4.7888074E-02
   7147.20  4.7787398E-02
   7147.40  4.7603650E-02
   7147.60  4.7348729E-02
   7147.80  4.7036416E-02
   7148.00  4.6681530E-02
   7148.20  4.6298657E-02
   7148.40  4.5901474E-02
   7148.60  4.5500176E-02
   7148.80  4.5105371E-02
   7149.00  4.4727306E-02
   7149.20  4.4371581E-02
   7149.40  4.4041745E-02
   7149.60  4.3739624E-02
   7149.80  4.3465509E-02
   7150.00  4.3218584E-02
   7150.20  4.2997294E-02
   7150.40  4.2799767E-02
   7150.60  4.2623900E-02
   7150.80  4.2467759E-02
   7151.00  4.2329444E-02
   7151.20  4.2206806E-02
   7151.40  4.2098334E-02
   7151.60  4.2002999E-02
   7151.80  4.1919435E-02
   7152.00  4.1846536E-02
   7152.20  4.1783361E-02
   7152.40  4.1728908E-02
   7152.60  4.1681950E-02
   7152.80  4.1641437E-02
   7153.00  4.1606129E-02
   7153.20  4.1570637E-02
   7153.40  4.1543723E-02
   7153.60  4.1518497E-02
   7153.80  4.1493808E-02
   7154.00  4.1468723E-02
   7154.20  4.1442835E-02
   7154.40  4.1415116E-02
   7154.60  4.1385154E-02
   7154.80  4.1352738E-02
   7155.00  4.1318132E-02
   7155.20  4.1281898E-02
   7155.40  4.1244921E-02
   7155.60  4.1209596E-02
   7155.80  4.1176028E-02
   7156.00  4.1145197E-02
   7156.20  4.1118155E-02
   7156.40  4.1095824E-02
   7156.60  4.1079052E-02
   7156.80  4.1067021E-02
   7157.00  4.1058162E-02
   7157.20  4.1050450E-02
   7157.40  4.1041100E-02
   7157.60  4.1026320E-02
   7157.80  4.1001930E-02
   7158.00  4.0963746E-02
   7158.20  4.0906974E-02
   7158.40  4.0827201E-02
   7158.60  4.0720567E-02
   7158.80  4.0583948E-02
   7159.00  4.0415208E-02
   7159.20  4.0213117E-02
   7159.40  3.9977777E-02
   7159.60  3.9710708E-02
   7159.80  3.9413667E-02
   7160.00  3.9089480E-02
   7160.20  3.8741876E-02
   7160.40  3.8375138E-02
   7160.60  3.7993855E-02
   7160.80  3.7615314E-02
   7161.00  3.7218524E-02
   7161.20  3.6820474E-02
   7161.40  3.6425130E-02
   7161.60  3.6035529E-02
   7161.80  3.5653930E-02
   7162.00  3.5274880E-02
   7162.20  3.4914137E-02
   7162.40  3.4564990E-02
   7162.60  3.4228769E-02
   7162.80  3.3904464E-02
   7163.00  3.3591505E-02
   7163.20  3.3288982E-02
   7163.40  3.2996230E-02
   7163.60  3.2712142E-02
   7163.80  3.2435192E-02
   7164.00  3.2164087E-02
   7164.20  3.1897557E-02
   7164.40  3.1634379E-02
   7164.60  3.1373417E-02
   7164.80  3.1113645E-02
   7165.00  3.0854191E-02
   7165.20  3.0594440E-02
   7165.40  3.0334543E-02
   7165.60  3.0073285E-02
   7165.80  2.9810601E-02
   7166.00  2.9545931E-02
   7166.20  2.9279416E-02
   7166.40  2.9011594E-02
   7166.60  2.8742136E-02
   7166.80  2.8471350E-02
   7167.00  2.8199759E-02
   7167.20  2.7927940E-02
   7167.40  2.7656945E-02
   7167.60  2.7387467E-02
   7167.80  2.7120112E-02
   7168.00  2.6855703E-02
   7168.20  2.6595546E-02
   7168.40  2.6340543E-02
   7168.60  2.6091865E-02
   7168.80  2.5850762E-02
   7169.00  2.5617931E-02
   7169.20  2.5394458E-02
   7169.40  2.5181177E-02
   7169.60  2.4977361E-02
   7169.80  2.4792149E-02
   7170.00  2.4614685E-02
   7170.20  2.4450333E-02
   7170.40  2.4298813E-02
   7170.60  2.4160177E-02
   7170.80  2.4034384E-02
   7171.00  2.3921361E-02
   7171.20  2.3820568E-02
   7171.40  2.3731573E-02
   7171.60  2.3653792E-02
   7171.80  2.3586928E-02
   7172.00  2.3529964E-02
