  7112.000   26  1  1  2.0916402E-02 -3.6794499E+00 -2.1646527E+00  1  1  7.2660682E+03  0.0000000E+00  0.0000000E+00  3.5785286E+00  1.0000000E+00  0.0000000E+00 = E_edge, Z, n_edge, j_edge, Abs_before_edge, VO_interstitial, E_cut, ninitl, ninit1, Epsii, UnitCell_Volume, Surface_ref, f0_forward, natomsym_f, abs_u_i
    Energy    <xanes>    
   7097.00  2.2119488E-05
   7097.20  2.2026566E-05
   7097.40  2.2034008E-05
   7097.60  2.2129128E-05
   7097.80  2.2309578E-05
   7098.00  2.2581925E-05
   7098.20  2.2963164E-05
   7098.40  2.3484214E-05
   7098.60  2.4198458E-05
   7098.80  2.5200150E-05
   7099.00  2.6664609E-05
   7099.20  2.8947550E-05
   7099.40  3.2866599E-05
   7099.60  4.0690254E-05
   7099.80  6.1006698E-05
   7100.00  1.5726907E-04
   7100.20  1.9574478E-02
   7100.40  7.6034585E-04
   7100.60  2.0270030E-04
   7100.80  9.0461268E-05
   7101.00  5.7311165E-05
   7101.20  5.4436125E-05
   7101.40  2.0261429E-04
   7101.60  7.1113286E-05
   7101.80  1.9451008E-04
   7102.00  1.1252169E-03
   7102.20  4.3914130E-04
   7102.40  1.4961678E-04
   7102.60  1.5936941E-03
   7102.80  5.7833883E-04
   7103.00  4.4293129E-04
   7103.20  1.1919943E-04
   7103.40  1.8077796E-04
   7103.60  6.1620277E-04
   7103.80  9.0646736E-05
   7104.00  1.0590173E-04
   7104.20  1.0158430E-03
   7104.40  3.3548613E-03
   7104.60  5.9198365E-04
   7104.80  2.0359227E-04
   7105.00  6.8868020E-03
   7105.20  6.3924883E-04
   7105.40  1.8615222E-04
   7105.60  2.6417470E-03
   7105.80  1.8242088E-03
   7106.00  4.2745694E-03
   7106.20  4.7242566E-04
   7106.40  1.0040038E-03
   7106.60  2.6103593E-02
   7106.80  2.9077888E-03
   7107.00  7.0265956E-04
   7107.20  4.6270545E-03
   7107.40  3.3917221E-04
   7107.60  2.4710138E-04
   7107.80  6.6069630E-03
   7108.00  1.3763865E-03
   7108.20  5.0215106E-03
   7108.40  1.2389134E-03
   7108.60  2.1616473E-03
   7108.80  4.1797644E-03
   7109.00  5.5043351E-03
   7109.20  1.1308252E-02
   7109.40  1.7441945E-02
   7109.60  1.1771830E-02
   7109.80  1.4184717E-02
   7110.00  2.3345384E-02
   7110.20  1.4326121E-02
   7110.40  1.4294066E-02
   7110.60  1.6936082E-02
   7110.80  4.2691132E-02
   7111.00  5.9363800E-02
   7111.20  5.4732185E-02
   7111.40  7.0143326E-02
   7111.60  2.0563444E-02
   7111.80  1.6011716E-02
   7112.00  1.7062695E-02
   7112.20  2.5174221E-02
   7112.40  3.4254270E-02
   7112.60  3.7583784E-02
   7112.80  4.4311254E-02
   7113.00  5.2811568E-02
   7113.20  4.2322799E-02
   7113.40  3.2333406E-02
   7113.60  2.4048116E-02
   7113.80  1.6750386E-02
   7114.00  1.1804304E-02
   7114.20  8.7767877E-03
   7114.40  6.8699936E-03
   7114.60  5.7016365E-03
   7114.80  4.8994395E-03
   7115.00  4.4918179E-03
   7115.20  4.6197536E-03
   7115.40  6.0324226E-03
   7115.60  1.0505718E-02
   7115.80  1.8037656E-02
   7116.00  1.5983191E-02
   7116.20  1.3189057E-02
   7116.40  9.9643624E-03
   7116.60  6.9383665E-03
   7116.80  5.3848945E-03
   7117.00  4.5958740E-03
   7117.20  4.1973848E-03
   7117.40  4.0191659E-03
   7117.60  3.9676885E-03
   7117.80  3.9993510E-03
   7118.00  4.1403496E-03
   7118.20  4.5421770E-03
   7118.40  5.3919001E-03
   7118.60  5.6024235E-03
   7118.80  5.0779819E-03
   7119.00  4.7272524E-03
   7119.20  4.5688886E-03
   7119.40  4.5483894E-03
   7119.60  4.7057136E-03
   7119.80  5.0700315E-03
   7120.00  5.6549129E-03
   7120.20  6.4818166E-03
   7120.40  7.5283735E-03
   7120.60  8.4986976E-03
   7120.80  8.9796278E-03
   7121.00  9.0593212E-03
   7121.20  8.9426471E-03
   7121.40  8.6539368E-03
   7121.60  8.1847458E-03
   7121.80  7.6015236E-03
   7122.00  7.0426788E-03
   7122.20  6.6538664E-03
   7122.40  6.5629168E-03
   7122.60  6.8021443E-03
   7122.80  7.3226920E-03
   7123.00  8.0849442E-03
   7123.20  9.0329750E-03
   7123.40  1.0064790E-02
   7123.60  1.1029644E-02
   7123.80  1.1825158E-02
   7124.00  1.2491839E-02
   7124.20  1.3168881E-02
   7124.40  1.3990257E-02
   7124.60  1.5042094E-02
   7124.80  1.6413350E-02
   7125.00  1.8033091E-02
   7125.20  1.9833777E-02
   7125.40  2.1550084E-02
   7125.60  2.2811560E-02
   7125.80  2.3431054E-02
   7126.00  2.3638716E-02
   7126.20  2.3857851E-02
   7126.40  2.4172682E-02
   7126.60  2.4515788E-02
   7126.80  2.4816421E-02
   7127.00  2.5106503E-02
   7127.20  2.5399456E-02
   7127.40  2.5649437E-02
   7127.60  2.5651873E-02
   7127.80  2.5426380E-02
   7128.00  2.5089398E-02
   7128.20  2.4845213E-02
   7128.40  2.4860189E-02
   7128.60  2.5202175E-02
   7128.80  2.5858117E-02
   7129.00  2.6813441E-02
   7129.20  2.8014498E-02
   7129.40  2.9409865E-02
   7129.60  3.0947607E-02
   7129.80  3.2583638E-02
   7130.00  3.4282528E-02
   7130.20  3.6005262E-02
   7130.40  3.7694099E-02
   7130.60  3.9261121E-02
   7130.80  4.0590317E-02
   7131.00  4.1577019E-02
   7131.20  4.2207090E-02
   7131.40  4.2602761E-02
   7131.60  4.2967302E-02
   7131.80  4.3480654E-02
   7132.00  4.4226887E-02
   7132.20  4.5178951E-02
   7132.40  4.6219950E-02
   7132.60  4.7186404E-02
   7132.80  4.7925157E-02
   7133.00  4.8348665E-02
   7133.20  4.8466210E-02
   7133.40  4.8379882E-02
   7133.60  4.8246905E-02
   7133.80  4.8220523E-02
   7134.00  4.8391557E-02
   7134.20  4.8756713E-02
   7134.40  4.9234061E-02
   7134.60  4.9698125E-02
   7134.80  5.0026626E-02
   7135.00  5.0133151E-02
   7135.20  4.9978631E-02
   7135.40  4.9565350E-02
   7135.60  4.8922811E-02
   7135.80  4.8093698E-02
   7136.00  4.7123203E-02
   7136.20  4.6052753E-02
   7136.40  4.4917442E-02
   7136.60  4.3745844E-02
   7136.80  4.2562356E-02
   7137.00  4.1390264E-02
   7137.20  4.0254605E-02
   7137.40  3.9184996E-02
   7137.60  3.8215022E-02
   7137.80  3.7380860E-02
   7138.00  3.6717307E-02
   7138.20  3.6253739E-02
   7138.40  3.6009988E-02
   7138.60  3.5993500E-02
   7138.80  3.6197760E-02
   7139.00  3.6602452E-02
   7139.20  3.7174086E-02
   7139.40  3.7868645E-02
   7139.60  3.8636938E-02
   7139.80  3.9428201E-02
   7140.00  4.0195947E-02
   7140.20  4.0902456E-02
   7140.40  4.1521762E-02
   7140.60  4.2040604E-02
   7140.80  4.2458334E-02
   7141.00  4.2794707E-02
   7141.20  4.3062624E-02
   7141.40  4.3272162E-02
   7141.60  4.3440314E-02
   7141.80  4.3582909E-02
   7142.00  4.3713156E-02
   7142.20  4.3841102E-02
   7142.40  4.3972927E-02
   7142.60  4.4111883E-02
   7142.80  4.4259103E-02
   7143.00  4.4414201E-02
   7143.20  4.4575677E-02
   7143.40  4.4740772E-02
   7143.60  4.4904915E-02
   7143.80  4.5061959E-02
   7144.00  4.5204331E-02
   7144.20  4.5323578E-02
   7144.40  4.5411557E-02
   7144.60  4.5461032E-02
   7144.80  4.5466819E-02
   7145.00  4.5426408E-02
   7145.20  4.5340075E-02
   7145.40  4.5210633E-02
   7145.60  4.5042975E-02
   7145.80  4.4843566E-02
   7146.00  4.4619994E-02
   7146.20  4.4379985E-02
   7146.40  4.4131776E-02
   7146.60  4.3883332E-02
   7146.80  4.3641952E-02
   7147.00  4.3413928E-02
   7147.20  4.3204206E-02
   7147.40  4.3015948E-02
   7147.60  4.2850320E-02
   7147.80  4.2706336E-02
   7148.00  4.2581060E-02
   7148.20  4.2470000E-02
   7148.40  4.2367493E-02
   7148.60  4.2267029E-02
   7148.80  4.2161329E-02
   7149.00  4.2046674E-02
   7149.20  4.1913082E-02
   7149.40  4.1762223E-02
   7149.60  4.1595060E-02
   7149.80  4.1405602E-02
   7150.00  4.1193103E-02
   7150.20  4.0957908E-02
   7150.40  4.0700286E-02
   7150.60  4.0421687E-02
   7150.80  4.0124190E-02
   7151.00  3.9809810E-02
   7151.20  3.9481240E-02
   7151.40  3.9141708E-02
   7151.60  3.8793996E-02
   7151.80  3.8441042E-02
   7152.00  3.8085746E-02
   7152.20  3.7731216E-02
   7152.40  3.7379940E-02
   7152.60  3.7034260E-02
   7152.80  3.6696488E-02
   7153.00  3.6368630E-02
   7153.20  3.6053056E-02
   7153.40  3.5751086E-02
   7153.60  3.5464257E-02
   7153.80  3.5193890E-02
   7154.00  3.4941201E-02
   7154.20  3.4707358E-02
   7154.40  3.4493117E-02
   7154.60  3.4299000E-02
   7154.80  3.4125431E-02
   7155.00  3.3972743E-02
   7155.20  3.3841059E-02
   7155.40  3.3730501E-02
   7155.60  3.3641091E-02
   7155.80  3.3572328E-02
   7156.00  3.3523733E-02
   7156.20  3.3494595E-02
   7156.40  3.3483997E-02
   7156.60  3.3490818E-02
   7156.80  3.3513749E-02
   7157.00  3.3551583E-02
   7157.20  3.3603123E-02
   7157.40  3.3665359E-02
   7157.60  3.3735986E-02
   7157.80  3.3812339E-02
   7158.00  3.3891638E-02
   7158.20  3.3971265E-02
   7158.40  3.4047806E-02
   7158.60  3.4117898E-02
   7158.80  3.4178527E-02
   7159.00  3.4227746E-02
   7159.20  3.4262049E-02
   7159.40  3.4277745E-02
   7159.60  3.4273947E-02
   7159.80  3.4249833E-02
   7160.00  3.4202991E-02
   7160.20  3.4132731E-02
   7160.40  3.4039081E-02
   7160.60  3.3926045E-02
   7160.80  3.3786710E-02
   7161.00  3.3626966E-02
   7161.20  3.3447887E-02
   7161.40  3.3252258E-02
   7161.60  3.3042453E-02
   7161.80  3.2822751E-02
   7162.00  3.2592109E-02
   7162.20  3.2354608E-02
   7162.40  3.2112481E-02
   7162.60  3.1867012E-02
   7162.80  3.1619377E-02
   7163.00  3.1370283E-02
   7163.20  3.1119994E-02
   7163.40  3.0868369E-02
   7163.60  3.0614940E-02
   7163.80  3.0358892E-02
   7164.00  3.0099309E-02
   7164.20  2.9835343E-02
   7164.40  2.9566129E-02
   7164.60  2.9291393E-02
   7164.80  2.9011198E-02
   7165.00  2.8724715E-02
   7165.20  2.8432416E-02
   7165.40  2.8135196E-02
   7165.60  2.7834790E-02
   7165.80  2.7533017E-02
   7166.00  2.7231472E-02
   7166.20  2.6932468E-02
   7166.40  2.6637926E-02
   7166.60  2.6341024E-02
   7166.80  2.6064952E-02
   7167.00  2.5801612E-02
   7167.20  2.5552377E-02
   7167.40  2.5318899E-02
   7167.60  2.5102589E-02
   7167.80  2.4904823E-02
   7168.00  2.4726874E-02
   7168.20  2.4568725E-02
   7168.40  2.4430655E-02
   7168.60  2.4312749E-02
   7168.80  2.4214851E-02
   7169.00  2.4136477E-02
   7169.20  2.4077056E-02
   7169.40  2.4036036E-02
   7169.60  2.4012119E-02
   7169.80  2.4004338E-02
   7170.00  2.4011407E-02
   7170.20  2.4032082E-02
   7170.40  2.4065262E-02
   7170.60  2.4109880E-02
   7170.80  2.4164938E-02
   7171.00  2.4229594E-02
   7171.20  2.4302794E-02
   7171.40  2.4383878E-02
   7171.60  2.4472099E-02
   7171.80  2.4566868E-02
   7172.00  2.4667620E-02
