  7112.000   26  1  1  5.9923131E-02 -3.0081511E+00 -1.6385711E+00  1  1  7.2662970E+03  0.0000000E+00  0.0000000E+00  4.2015738E+00  1.0000000E+00  0.0000000E+00 = E_edge, Z, n_edge, j_edge, Abs_before_edge, VO_interstitial, E_cut, ninitl, ninit1, Epsii, UnitCell_Volume, Surface_ref, f0_forward, natomsym_f, abs_u_i
    Energy    <xanes>    
   7097.00  5.2826270E-05
   7097.20  4.2490225E-05
   7097.40  3.7950574E-05
   7097.60  3.6192951E-05
   7097.80  3.6256093E-05
   7098.00  3.8008631E-05
   7098.20  4.1951414E-05
   7098.40  4.9642425E-05
   7098.60  6.5337986E-05
   7098.80  1.0312022E-04
   7099.00  2.3373246E-04
   7099.20  2.0982866E-03
   7099.40  3.5692105E-03
   7099.60  3.0462328E-04
   7099.80  1.2398609E-04
   7100.00  1.1418895E-04
   7100.20  2.6532539E-04
   7100.40  5.5296992E-05
   7100.60  6.5617114E-05
   7100.80  6.4412114E-05
   7101.00  4.9382254E-03
   7101.20  1.6237855E-04
   7101.40  8.1153018E-03
   7101.60  2.2864584E-04
   7101.80  8.4619029E-05
   7102.00  4.4858569E-04
   7102.20  5.3175633E-05
   7102.40  4.5222680E-05
   7102.60  7.7536826E-04
   7102.80  7.7584161E-04
   7103.00  4.5718981E-05
   7103.20  4.5787067E-05
   7103.40  1.4927514E-04
   7103.60  6.3197826E-05
   7103.80  1.3227451E-04
   7104.00  2.9946912E-04
   7104.20  1.2289798E-04
   7104.40  2.5866522E-04
   7104.60  2.6758176E-02
   7104.80  5.9124091E-02
   7105.00  4.5254275E-04
   7105.20  1.6653357E-04
   7105.40  1.1702782E-04
   7105.60  1.1820911E-04
   7105.80  2.0289053E-04
   7106.00  2.8738677E-03
   7106.20  3.9051405E-04
   7106.40  2.1845596E-03
   7106.60  1.5918944E-03
   7106.80  4.1024901E-04
   7107.00  1.6008220E-03
   7107.20  1.3245601E-03
   7107.40  1.6921181E-02
   7107.60  8.1004040E-04
   7107.80  7.3386335E-03
   7108.00  2.7991527E-03
   7108.20  3.7674555E-03
   7108.40  4.7539143E-02
   7108.60  4.9814510E-03
   7108.80  4.5212267E-03
   7109.00  2.8606649E-03
   7109.20  7.0196829E-02
   7109.40  5.7101277E-03
   7109.60  1.2558086E-02
   7109.80  7.4908710E-03
   7110.00  2.4628551E-02
   7110.20  1.5101757E-02
   7110.40  1.1730395E-02
   7110.60  1.2290806E-02
   7110.80  2.1148643E-02
   7111.00  1.4014237E-02
   7111.20  9.8569500E-03
   7111.40  6.0514260E-03
   7111.60  6.3844036E-03
   7111.80  7.6058733E-03
   7112.00  7.1861081E-03
   7112.20  9.0105435E-03
   7112.40  1.6000818E-02
   7112.60  6.1245484E-02
   7112.80  2.1858620E-02
   7113.00  1.0092656E-02
   7113.20  6.5680500E-03
   7113.40  4.7680213E-03
   7113.60  3.7365291E-03
   7113.80  3.1372299E-03
   7114.00  2.7715025E-03
   7114.20  2.5402344E-03
   7114.40  2.3939854E-03
   7114.60  2.3062882E-03
   7114.80  2.2633481E-03
   7115.00  2.2325949E-03
   7115.20  2.2700849E-03
   7115.40  2.3480910E-03
   7115.60  2.4733851E-03
   7115.80  2.6350380E-03
   7116.00  2.7530124E-03
   7116.20  2.7278388E-03
   7116.40  2.6419223E-03
   7116.60  2.6512015E-03
   7116.80  2.7919714E-03
   7117.00  3.0537953E-03
   7117.20  3.4411692E-03
   7117.40  3.9870407E-03
   7117.60  4.7706120E-03
   7117.80  5.9034270E-03
   7118.00  7.5732705E-03
   7118.20  9.9610397E-03
   7118.40  1.2924145E-02
   7118.60  1.5396997E-02
   7118.80  1.5941682E-02
   7119.00  1.4875720E-02
   7119.20  1.3580807E-02
   7119.40  1.2582066E-02
   7119.60  1.1802417E-02
   7119.80  1.1213171E-02
   7120.00  1.0842169E-02
   7120.20  1.0658743E-02
   7120.40  1.0606119E-02
   7120.60  1.0643297E-02
   7120.80  1.0770583E-02
   7121.00  1.0964213E-02
   7121.20  1.1056395E-02
   7121.40  1.1122554E-02
   7121.60  1.1389047E-02
   7121.80  1.1891808E-02
   7122.00  1.2697848E-02
   7122.20  1.3871977E-02
   7122.40  1.5375621E-02
   7122.60  1.7169787E-02
   7122.80  1.9261338E-02
   7123.00  2.1666527E-02
   7123.20  2.4205744E-02
   7123.40  2.6743332E-02
   7123.60  2.9198251E-02
   7123.80  3.1604643E-02
   7124.00  3.4033348E-02
   7124.20  3.6467791E-02
   7124.40  3.8729302E-02
   7124.60  4.0505455E-02
   7124.80  4.1508536E-02
   7125.00  4.1621995E-02
   7125.20  4.0950846E-02
   7125.40  3.9942323E-02
   7125.60  3.9279026E-02
   7125.80  3.9362600E-02
   7126.00  4.0030488E-02
   7126.20  4.0799308E-02
   7126.40  4.1224202E-02
   7126.60  4.1134758E-02
   7126.80  4.0728124E-02
   7127.00  4.0193947E-02
   7127.20  3.9761506E-02
   7127.40  3.9523066E-02
   7127.60  3.9502643E-02
   7127.80  3.9679720E-02
   7128.00  4.0008517E-02
   7128.20  4.0436235E-02
   7128.40  4.0915839E-02
   7128.60  4.1411551E-02
   7128.80  4.1900769E-02
   7129.00  4.2362914E-02
   7129.20  4.2802214E-02
   7129.40  4.3226901E-02
   7129.60  4.3656080E-02
   7129.80  4.4119889E-02
   7130.00  4.4658894E-02
   7130.20  4.5308766E-02
   7130.40  4.6080040E-02
   7130.60  4.6954849E-02
   7130.80  4.7895717E-02
   7131.00  4.8855208E-02
   7131.20  4.9770622E-02
   7131.40  5.0555679E-02
   7131.60  5.1111052E-02
   7131.80  5.1358853E-02
   7132.00  5.1272502E-02
   7132.20  5.0871452E-02
   7132.40  5.0213188E-02
   7132.60  4.9313124E-02
   7132.80  4.8217132E-02
   7133.00  4.7074044E-02
   7133.20  4.6075938E-02
   7133.40  4.5405010E-02
   7133.60  4.5113318E-02
   7133.80  4.5088553E-02
   7134.00  4.5149236E-02
   7134.20  4.5130081E-02
   7134.40  4.5006387E-02
   7134.60  4.4747271E-02
   7134.80  4.4372194E-02
   7135.00  4.3909317E-02
   7135.20  4.3385682E-02
   7135.40  4.2824132E-02
   7135.60  4.2243193E-02
   7135.80  4.1657576E-02
   7136.00  4.1079328E-02
   7136.20  4.0527949E-02
   7136.40  4.0001850E-02
   7136.60  3.9505992E-02
   7136.80  3.9046658E-02
   7137.00  3.8629357E-02
   7137.20  3.8258837E-02
   7137.40  3.7938848E-02
   7137.60  3.7671593E-02
   7137.80  3.7457392E-02
   7138.00  3.7294507E-02
   7138.20  3.7178885E-02
   7138.40  3.7104421E-02
   7138.60  3.7063077E-02
   7138.80  3.7045845E-02
   7139.00  3.7043458E-02
   7139.20  3.7047122E-02
   7139.40  3.7049411E-02
   7139.60  3.7044307E-02
   7139.80  3.7027947E-02
   7140.00  3.6998113E-02
   7140.20  3.6953732E-02
   7140.40  3.6894719E-02
   7140.60  3.6821586E-02
   7140.80  3.6735226E-02
   7141.00  3.6636899E-02
   7141.20  3.6528432E-02
   7141.40  3.6412179E-02
   7141.60  3.6291153E-02
   7141.80  3.6169159E-02
   7142.00  3.6050430E-02
   7142.20  3.5939257E-02
   7142.40  3.5840502E-02
   7142.60  3.5762938E-02
   7142.80  3.5697328E-02
   7143.00  3.5643205E-02
   7143.20  3.5599156E-02
   7143.40  3.5563175E-02
   7143.60  3.5532890E-02
   7143.80  3.5506132E-02
   7144.00  3.5480853E-02
   7144.20  3.5455241E-02
   7144.40  3.5428140E-02
   7144.60  3.5397109E-02
   7144.80  3.5364929E-02
   7145.00  3.5335503E-02
   7145.20  3.5305794E-02
   7145.40  3.5262432E-02
   7145.60  3.5215800E-02
   7145.80  3.5165873E-02
   7146.00  3.5112770E-02
   7146.20  3.5056652E-02
   7146.40  3.4997566E-02
   7146.60  3.4935913E-02
   7146.80  3.4871925E-02
   7147.00  3.4805591E-02
   7147.20  3.4737144E-02
   7147.40  3.4666911E-02
   7147.60  3.4595317E-02
   7147.80  3.4522372E-02
   7148.00  3.4448318E-02
   7148.20  3.4373447E-02
   7148.40  3.4300129E-02
   7148.60  3.4223859E-02
   7148.80  3.4147105E-02
   7149.00  3.4068202E-02
   7149.20  3.3986612E-02
   7149.40  3.3907327E-02
   7149.60  3.3828471E-02
   7149.80  3.3748819E-02
   7150.00  3.3667836E-02
   7150.20  3.3584707E-02
   7150.40  3.3498318E-02
   7150.60  3.3407329E-02
   7150.80  3.3309980E-02
   7151.00  3.3203958E-02
   7151.20  3.3086784E-02
   7151.40  3.2955865E-02
   7151.60  3.2812849E-02
   7151.80  3.2647199E-02
   7152.00  3.2461064E-02
   7152.20  3.2253138E-02
   7152.40  3.2023034E-02
   7152.60  3.1771511E-02
   7152.80  3.1500115E-02
   7153.00  3.1211348E-02
   7153.20  3.0908417E-02
   7153.40  3.0594805E-02
   7153.60  3.0274531E-02
   7153.80  2.9950986E-02
   7154.00  2.9627582E-02
   7154.20  2.9307572E-02
   7154.40  2.8993775E-02
   7154.60  2.8688580E-02
   7154.80  2.8394276E-02
   7155.00  2.8112963E-02
   7155.20  2.7846618E-02
   7155.40  2.7597076E-02
   7155.60  2.7365965E-02
   7155.80  2.7155063E-02
   7156.00  2.6966040E-02
   7156.20  2.6800546E-02
   7156.40  2.6659855E-02
   7156.60  2.6545403E-02
   7156.80  2.6457755E-02
   7157.00  2.6397146E-02
   7157.20  2.6364109E-02
   7157.40  2.6357035E-02
   7157.60  2.6374195E-02
   7157.80  2.6413252E-02
   7158.00  2.6471046E-02
   7158.20  2.6544013E-02
   7158.40  2.6628556E-02
   7158.60  2.6719787E-02
   7158.80  2.6812981E-02
   7159.00  2.6904105E-02
   7159.20  2.6987088E-02
   7159.40  2.7059545E-02
   7159.60  2.7117147E-02
   7159.80  2.7157164E-02
   7160.00  2.7177705E-02
   7160.20  2.7178223E-02
   7160.40  2.7158831E-02
   7160.60  2.7120848E-02
   7160.80  2.7066553E-02
   7161.00  2.6999172E-02
   7161.20  2.6922467E-02
   7161.40  2.6840923E-02
   7161.60  2.6757476E-02
   7161.80  2.6675961E-02
   7162.00  2.6606016E-02
   7162.20  2.6542933E-02
   7162.40  2.6491453E-02
   7162.60  2.6453542E-02
   7162.80  2.6430686E-02
   7163.00  2.6422972E-02
   7163.20  2.6430194E-02
   7163.40  2.6451672E-02
   7163.60  2.6486151E-02
   7163.80  2.6531930E-02
   7164.00  2.6586916E-02
   7164.20  2.6648892E-02
   7164.40  2.6715291E-02
   7164.60  2.6783081E-02
   7164.80  2.6849497E-02
   7165.00  2.6911977E-02
   7165.20  2.6968414E-02
   7165.40  2.7017012E-02
   7165.60  2.7056550E-02
   7165.80  2.7086141E-02
   7166.00  2.7105796E-02
   7166.20  2.7115783E-02
   7166.40  2.7116698E-02
   7166.60  2.7109642E-02
   7166.80  2.7096092E-02
   7167.00  2.7077695E-02
   7167.20  2.7056260E-02
   7167.40  2.7033708E-02
   7167.60  2.7011929E-02
   7167.80  2.6992752E-02
   7168.00  2.6978083E-02
   7168.20  2.6969288E-02
   7168.40  2.6967662E-02
   7168.60  2.6974295E-02
   7168.80  2.6990040E-02
   7169.00  2.7015513E-02
   7169.20  2.7051068E-02
   7169.40  2.7096936E-02
   7169.60  2.7153185E-02
   7169.80  2.7219843E-02
   7170.00  2.7296773E-02
   7170.20  2.7383882E-02
   7170.40  2.7480725E-02
   7170.60  2.7587009E-02
   7170.80  2.7702553E-02
   7171.00  2.7827096E-02
   7171.20  2.7960272E-02
   7171.40  2.8101852E-02
   7171.60  2.8251651E-02
   7171.80  2.8409538E-02
   7172.00  2.8575119E-02
