  7112.000   26  1  1  2.6413437E-02 -3.0449429E+00 -1.1179348E+00  1  1  7.2658336E+03  0.0000000E+00  0.0000000E+00  3.1250341E+00  1.0000000E+00  0.0000000E+00 = E_edge, Z, n_edge, j_edge, Abs_before_edge, VO_interstitial, E_cut, ninitl, ninit1, Epsii, UnitCell_Volume, Surface_ref, f0_forward, natomsym_f, abs_u_i
    Energy    <xanes>    
   7097.00  6.9818225E-05
   7097.20  7.4497158E-05
   7097.40  1.0649196E-04
   7097.60  3.8225790E-04
   7097.80  5.3876032E-04
   7098.00  7.6383451E-04
   7098.20  6.0305837E-03
   7098.40  2.9946585E-03
   7098.60  3.2683493E-04
   7098.80  1.5289831E-04
   7099.00  1.6391858E-04
   7099.20  8.5800995E-03
   7099.40  1.1402774E-04
   7099.60  7.6088507E-05
   7099.80  3.4194873E-04
   7100.00  1.1245901E-04
   7100.20  4.8788634E-05
   7100.40  4.1498451E-05
   7100.60  1.5264979E-04
   7100.80  4.9195287E-05
   7101.00  1.1834052E-04
   7101.20  6.0543804E-05
   7101.40  1.2324759E-04
   7101.60  2.7662457E-03
   7101.80  3.5294396E-04
   7102.00  9.8628401E-05
   7102.20  6.7011043E-05
   7102.40  5.8122676E-04
   7102.60  1.0183789E-04
   7102.80  2.5671147E-04
   7103.00  7.0552261E-05
   7103.20  3.9588398E-03
   7103.40  6.6178849E-05
   7103.60  5.7236983E-05
   7103.80  5.7406050E-05
   7104.00  9.4733798E-05
   7104.20  1.3234126E-03
   7104.40  4.5846062E-04
   7104.60  5.2678937E-04
   7104.80  4.3736875E-04
   7105.00  4.2905473E-02
   7105.20  5.7500935E-04
   7105.40  9.4133475E-03
   7105.60  6.2155717E-02
   7105.80  3.1207788E-04
   7106.00  1.6915112E-04
   7106.20  2.9649095E-04
   7106.40  1.5585215E-03
   7106.60  4.0982321E-04
   7106.80  1.9737449E-03
   7107.00  1.6150699E-03
   7107.20  3.1749382E-04
   7107.40  1.1120299E-03
   7107.60  2.3873485E-03
   7107.80  1.3349888E-03
   7108.00  5.3097436E-03
   7108.20  2.3783555E-02
   7108.40  1.8155095E-02
   7108.60  2.8081697E-02
   7108.80  1.3536891E-02
   7109.00  4.2780205E-03
   7109.20  1.6101709E-03
   7109.40  7.6587756E-03
   7109.60  2.0631833E-02
   7109.80  3.5189810E-03
   7110.00  2.8435112E-03
   7110.20  7.0115872E-03
   7110.40  2.5412691E-02
   7110.60  1.4187066E-02
   7110.80  1.6020339E-02
   7111.00  1.2463349E-02
   7111.20  1.5951073E-02
   7111.40  1.3330276E-02
   7111.60  1.6695296E-02
   7111.80  1.3599319E-02
   7112.00  1.3654657E-02
   7112.20  1.8377810E-02
   7112.40  1.4120412E-02
   7112.60  1.3957912E-02
   7112.80  1.8328971E-02
   7113.00  2.0984533E-02
   7113.20  1.7559021E-02
   7113.40  1.2695435E-02
   7113.60  8.4530370E-03
   7113.80  6.0300268E-03
   7114.00  4.8991325E-03
   7114.20  4.4979887E-03
   7114.40  4.4494872E-03
   7114.60  3.9874531E-03
   7114.80  3.3562841E-03
   7115.00  2.9630746E-03
   7115.20  2.8637729E-03
   7115.40  2.8786472E-03
   7115.60  2.9130570E-03
   7115.80  2.8821650E-03
   7116.00  2.7951852E-03
   7116.20  2.7225670E-03
   7116.40  2.7096578E-03
   7116.60  2.7690649E-03
   7116.80  2.9033475E-03
   7117.00  3.1215857E-03
   7117.20  3.4587095E-03
   7117.40  3.9751677E-03
   7117.60  4.6067146E-03
   7117.80  5.0110134E-03
   7118.00  5.1369732E-03
   7118.20  5.3252180E-03
   7118.40  5.6947767E-03
   7118.60  6.1846610E-03
   7118.80  6.7018753E-03
   7119.00  7.1780344E-03
   7119.20  7.6006061E-03
   7119.40  8.0067945E-03
   7119.60  8.4439565E-03
   7119.80  8.9375344E-03
   7120.00  9.4894864E-03
   7120.20  1.0096223E-02
   7120.40  1.0765065E-02
   7120.60  1.1518151E-02
   7120.80  1.2386696E-02
   7121.00  1.3400018E-02
   7121.20  1.4567908E-02
   7121.40  1.5861260E-02
   7121.60  1.7212909E-02
   7121.80  1.8543983E-02
   7122.00  1.9838823E-02
   7122.20  2.0977675E-02
   7122.40  2.2028831E-02
   7122.60  2.3040905E-02
   7122.80  2.4049769E-02
   7123.00  2.4980185E-02
   7123.20  2.5644905E-02
   7123.40  2.5897619E-02
   7123.60  2.5771203E-02
   7123.80  2.5512455E-02
   7124.00  2.5420078E-02
   7124.20  2.5699034E-02
   7124.40  2.6393788E-02
   7124.60  2.7428826E-02
   7124.80  2.8630566E-02
   7125.00  2.9774757E-02
   7125.20  3.0724084E-02
   7125.40  3.1484386E-02
   7125.60  3.2150933E-02
   7125.80  3.2693177E-02
   7126.00  3.3090825E-02
   7126.20  3.3302796E-02
   7126.40  3.3448149E-02
   7126.60  3.3767896E-02
   7126.80  3.4333625E-02
   7127.00  3.4907776E-02
   7127.20  3.5193195E-02
   7127.40  3.5052857E-02
   7127.60  3.4583303E-02
   7127.80  3.4040633E-02
   7128.00  3.3644194E-02
   7128.20  3.3468193E-02
   7128.40  3.3458737E-02
   7128.60  3.3530875E-02
   7128.80  3.3641789E-02
   7129.00  3.3792853E-02
   7129.20  3.3992685E-02
   7129.40  3.4238797E-02
   7129.60  3.4525318E-02
   7129.80  3.4849076E-02
   7130.00  3.5207103E-02
   7130.20  3.5594333E-02
   7130.40  3.6010620E-02
   7130.60  3.6474824E-02
   7130.80  3.7037361E-02
   7131.00  3.7778389E-02
   7131.20  3.8790641E-02
   7131.40  4.0150636E-02
   7131.60  4.1883454E-02
   7131.80  4.3934558E-02
   7132.00  4.6168313E-02
   7132.20  4.8401973E-02
   7132.40  5.0451093E-02
   7132.60  5.2196689E-02
   7132.80  5.3579936E-02
   7133.00  5.4580618E-02
   7133.20  5.5203313E-02
   7133.40  5.5481089E-02
   7133.60  5.5479099E-02
   7133.80  5.5240010E-02
   7134.00  5.4702210E-02
   7134.20  5.3765822E-02
   7134.40  5.2451544E-02
   7134.60  5.0906369E-02
   7134.80  4.9292068E-02
   7135.00  4.7719053E-02
   7135.20  4.6246388E-02
   7135.40  4.4902989E-02
   7135.60  4.3704666E-02
   7135.80  4.2659832E-02
   7136.00  4.1772657E-02
   7136.20  4.1043464E-02
   7136.40  4.0469200E-02
   7136.60  4.0043599E-02
   7136.80  3.9757748E-02
   7137.00  3.9600622E-02
   7137.20  3.9559710E-02
   7137.40  3.9620992E-02
   7137.60  3.9768931E-02
   7137.80  3.9985993E-02
   7138.00  4.0251811E-02
   7138.20  4.0541720E-02
   7138.40  4.0828437E-02
   7138.60  4.1080426E-02
   7138.80  4.1261862E-02
   7139.00  4.1335772E-02
   7139.20  4.1269698E-02
   7139.40  4.1043432E-02
   7139.60  4.0655916E-02
   7139.80  4.0128035E-02
   7140.00  3.9498783E-02
   7140.20  3.8815905E-02
   7140.40  3.8125588E-02
   7140.60  3.7464709E-02
   7140.80  3.6857790E-02
   7141.00  3.6317794E-02
   7141.20  3.5849027E-02
   7141.40  3.5450352E-02
   7141.60  3.5117875E-02
   7141.80  3.4846793E-02
   7142.00  3.4632382E-02
   7142.20  3.4470341E-02
   7142.40  3.4357010E-02
   7142.60  3.4289351E-02
   7142.80  3.4264786E-02
   7143.00  3.4281131E-02
   7143.20  3.4336618E-02
   7143.40  3.4429968E-02
   7143.60  3.4560167E-02
   7143.80  3.4726685E-02
   7144.00  3.4929374E-02
   7144.20  3.5168191E-02
   7144.40  3.5443123E-02
   7144.60  3.5751965E-02
   7144.80  3.6098358E-02
   7145.00  3.6466615E-02
   7145.20  3.6853545E-02
   7145.40  3.7262800E-02
   7145.60  3.7689308E-02
   7145.80  3.8126706E-02
   7146.00  3.8567548E-02
   7146.20  3.9003642E-02
   7146.40  3.9426589E-02
   7146.60  3.9828223E-02
   7146.80  4.0200741E-02
   7147.00  4.0537882E-02
   7147.20  4.0834901E-02
   7147.40  4.1089035E-02
   7147.60  4.1299152E-02
   7147.80  4.1466241E-02
   7148.00  4.1597434E-02
   7148.20  4.1688983E-02
   7148.40  4.1743032E-02
   7148.60  4.1767285E-02
   7148.80  4.1765632E-02
   7149.00  4.1742341E-02
   7149.20  4.1703967E-02
   7149.40  4.1649694E-02
   7149.60  4.1582949E-02
   7149.80  4.1504904E-02
   7150.00  4.1415581E-02
   7150.20  4.1313627E-02
   7150.40  4.1195454E-02
   7150.60  4.1060566E-02
   7150.80  4.0904066E-02
   7151.00  4.0721984E-02
   7151.20  4.0510196E-02
   7151.40  4.0265358E-02
   7151.60  3.9984914E-02
   7151.80  3.9670537E-02
   7152.00  3.9316389E-02
   7152.20  3.8927092E-02
   7152.40  3.8505123E-02
   7152.60  3.8052237E-02
   7152.80  3.7574425E-02
   7153.00  3.7077246E-02
   7153.20  3.6566220E-02
   7153.40  3.6046745E-02
   7153.60  3.5523245E-02
   7153.80  3.4999897E-02
   7154.00  3.4480262E-02
   7154.20  3.3966993E-02
   7154.40  3.3462143E-02
   7154.60  3.2967120E-02
   7154.80  3.2481610E-02
   7155.00  3.2009271E-02
   7155.20  3.1548383E-02
   7155.40  3.1098873E-02
   7155.60  3.0660477E-02
   7155.80  3.0232934E-02
   7156.00  2.9815547E-02
   7156.20  2.9407611E-02
   7156.40  2.9008780E-02
   7156.60  2.8618317E-02
   7156.80  2.8235481E-02
   7157.00  2.7859854E-02
   7157.20  2.7491126E-02
   7157.40  2.7129186E-02
   7157.60  2.6774056E-02
   7157.80  2.6426083E-02
   7158.00  2.6085371E-02
   7158.20  2.5752441E-02
   7158.40  2.5427914E-02
   7158.60  2.5112151E-02
   7158.80  2.4805792E-02
   7159.00  2.4509393E-02
   7159.20  2.4223882E-02
   7159.40  2.3950031E-02
   7159.60  2.3688193E-02
   7159.80  2.3437060E-02
   7160.00  2.3203050E-02
   7160.20  2.2980312E-02
   7160.40  2.2771732E-02
   7160.60  2.2577313E-02
   7160.80  2.2397878E-02
   7161.00  2.2234598E-02
   7161.20  2.2084981E-02
   7161.40  2.1950710E-02
   7161.60  2.1831267E-02
   7161.80  2.1725710E-02
   7162.00  2.1639666E-02
   7162.20  2.1563609E-02
   7162.40  2.1501448E-02
   7162.60  2.1456443E-02
   7162.80  2.1421594E-02
   7163.00  2.1399920E-02
   7163.20  2.1391474E-02
   7163.40  2.1395904E-02
   7163.60  2.1412496E-02
   7163.80  2.1440637E-02
   7164.00  2.1479670E-02
   7164.20  2.1528701E-02
   7164.40  2.1586768E-02
   7164.60  2.1653166E-02
   7164.80  2.1726480E-02
   7165.00  2.1805699E-02
   7165.20  2.1889881E-02
   7165.40  2.1978156E-02
   7165.60  2.2070778E-02
   7165.80  2.2165321E-02
   7166.00  2.2262644E-02
   7166.20  2.2362319E-02
   7166.40  2.2464194E-02
   7166.60  2.2568264E-02
   7166.80  2.2674592E-02
   7167.00  2.2783371E-02
   7167.20  2.2894628E-02
   7167.40  2.3008466E-02
   7167.60  2.3125146E-02
   7167.80  2.3244612E-02
   7168.00  2.3366730E-02
   7168.20  2.3491460E-02
   7168.40  2.3618753E-02
   7168.60  2.3748490E-02
   7168.80  2.3880541E-02
   7169.00  2.4014833E-02
   7169.20  2.4151211E-02
   7169.40  2.4289561E-02
   7169.60  2.4429893E-02
   7169.80  2.4572272E-02
   7170.00  2.4716340E-02
   7170.20  2.4861658E-02
   7170.40  2.5008018E-02
   7170.60  2.5155368E-02
   7170.80  2.5303408E-02
   7171.00  2.5451839E-02
   7171.20  2.5600538E-02
   7171.40  2.5749442E-02
   7171.60  2.5898438E-02
   7171.80  2.6047344E-02
   7172.00  2.6195936E-02
