  7112.000   26  1  1  1.5095330E-02 -3.4605667E+00 -6.8973158E-01  1  1  7.2651050E+03  0.0000000E+00  0.0000000E+00  3.5551708E+00  1.0000000E+00  0.0000000E+00 = E_edge, Z, n_edge, j_edge, Abs_before_edge, VO_interstitial, E_cut, ninitl, ninit1, Epsii, UnitCell_Volume, Surface_ref, f0_forward, natomsym_f, abs_u_i
    Energy    <xanes>    
   7097.00  3.1024127E-05
   7097.20  2.8153892E-05
   7097.40  2.6392440E-05
   7097.60  2.5280490E-05
   7097.80  2.4600390E-05
   7098.00  2.4256415E-05
   7098.20  2.4241606E-05
   7098.40  2.4679134E-05
   7098.60  2.6080511E-05
   7098.80  3.1170150E-05
   7099.00  9.1297439E-05
   7099.20  9.1001362E-05
   7099.40  7.1241416E-05
   7099.60  4.3895202E-05
   7099.80  3.9016950E-05
   7100.00  6.1868092E-05
   7100.20  3.6157245E-04
   7100.40  3.6251858E-04
   7100.60  6.7924081E-05
   7100.80  7.7443362E-04
   7101.00  3.7555073E-05
   7101.20  3.3162710E-05
   7101.40  3.6680960E-05
   7101.60  7.3648420E-05
   7101.80  1.1760243E-03
   7102.00  9.9696292E-05
   7102.20  9.3085949E-05
   7102.40  1.6155748E-04
   7102.60  9.5453319E-05
   7102.80  3.1459093E-04
   7103.00  2.4221395E-04
   7103.20  1.1856112E-03
   7103.40  7.6864329E-04
   7103.60  1.9676634E-04
   7103.80  4.1898512E-03
   7104.00  5.0959636E-04
   7104.20  1.3746220E-04
   7104.40  6.0322633E-04
   7104.60  4.2470513E-04
   7104.80  5.6705775E-03
   7105.00  1.5811035E-04
   7105.20  1.7278625E-04
   7105.40  2.1909850E-04
   7105.60  7.0716367E-04
   7105.80  1.2946426E-02
   7106.00  2.4356555E-04
   7106.20  3.7040988E-04
   7106.40  2.6300608E-02
   7106.60  8.8920592E-02
   7106.80  1.0879848E-03
   7107.00  2.1011052E-03
   7107.20  1.2799552E-03
   7107.40  3.5396710E-01
   7107.60  2.4015077E-03
   7107.80  2.0252436E-02
   7108.00  1.9371994E-03
   7108.20  1.5220268E-03
   7108.40  1.2310929E-03
   7108.60  4.2004713E-03
   7108.80  6.0542097E-04
   7109.00  5.6697270E-03
   7109.20  4.2504405E-03
   7109.40  1.6342118E-02
   7109.60  2.8178441E-03
   7109.80  4.7194662E-03
   7110.00  6.3513944E-03
   7110.20  6.0950063E-03
   7110.40  7.1533761E-03
   7110.60  6.7472100E-03
   7110.80  8.3288350E-03
   7111.00  1.0141587E-02
   7111.20  1.0072734E-02
   7111.40  6.9586003E-03
   7111.60  7.5663679E-03
   7111.80  1.0840203E-02
   7112.00  1.6973610E-02
   7112.20  1.6622369E-02
   7112.40  1.1592079E-02
   7112.60  7.4752059E-03
   7112.80  7.7466599E-03
   7113.00  7.4497249E-03
   7113.20  7.0455465E-03
   7113.40  6.9419992E-03
   7113.60  6.3473361E-03
   7113.80  5.0980912E-03
   7114.00  3.6758207E-03
   7114.20  2.6724315E-03
   7114.40  2.0559696E-03
   7114.60  1.8155935E-03
   7114.80  1.7033500E-03
   7115.00  1.6720385E-03
   7115.20  1.7032441E-03
   7115.40  1.7936094E-03
   7115.60  1.9486908E-03
   7115.80  2.1843283E-03
   7116.00  2.5321388E-03
   7116.20  3.0511639E-03
   7116.40  3.8523969E-03
   7116.60  5.1526878E-03
   7116.80  7.3955064E-03
   7117.00  1.1581407E-02
   7117.20  1.9100192E-02
   7117.40  2.8938085E-02
   7117.60  3.1151445E-02
   7117.80  2.6499705E-02
   7118.00  2.4302005E-02
   7118.20  2.5297581E-02
   7118.40  2.7196588E-02
   7118.60  2.7752587E-02
   7118.80  2.7206000E-02
   7119.00  2.5800983E-02
   7119.20  2.3710471E-02
   7119.40  2.1455811E-02
   7119.60  1.9534437E-02
   7119.80  1.8201374E-02
   7120.00  1.7500280E-02
   7120.20  1.7327245E-02
   7120.40  1.7477490E-02
   7120.60  1.7722129E-02
   7120.80  1.7921422E-02
   7121.00  1.8091577E-02
   7121.20  1.8538513E-02
   7121.40  1.9520253E-02
   7121.60  2.0779268E-02
   7121.80  2.1922224E-02
   7122.00  2.2920812E-02
   7122.20  2.3796125E-02
   7122.40  2.4520067E-02
   7122.60  2.5021831E-02
   7122.80  2.5151477E-02
   7123.00  2.5072660E-02
   7123.20  2.4957240E-02
   7123.40  2.4908993E-02
   7123.60  2.4942747E-02
   7123.80  2.5043988E-02
   7124.00  2.5221050E-02
   7124.20  2.5494552E-02
   7124.40  2.5865623E-02
   7124.60  2.6301697E-02
   7124.80  2.6771046E-02
   7125.00  2.7351286E-02
   7125.20  2.8278463E-02
   7125.40  2.9846713E-02
   7125.60  3.2085983E-02
   7125.80  3.4720854E-02
   7126.00  3.7121344E-02
   7126.20  3.8678465E-02
   7126.40  3.9161850E-02
   7126.60  3.8810095E-02
   7126.80  3.8045183E-02
   7127.00  3.7152221E-02
   7127.20  3.6320652E-02
   7127.40  3.5626042E-02
   7127.60  3.5040663E-02
   7127.80  3.4537267E-02
   7128.00  3.4135634E-02
   7128.20  3.3858354E-02
   7128.40  3.3680588E-02
   7128.60  3.3523336E-02
   7128.80  3.3329333E-02
   7129.00  3.3147559E-02
   7129.20  3.3119276E-02
   7129.40  3.3380556E-02
   7129.60  3.3978560E-02
   7129.80  3.4849447E-02
   7130.00  3.5847762E-02
   7130.20  3.6814829E-02
   7130.40  3.7644444E-02
   7130.60  3.8297135E-02
   7130.80  3.8769841E-02
   7131.00  3.9060240E-02
   7131.20  3.9153997E-02
   7131.40  3.9040108E-02
   7131.60  3.8736855E-02
   7131.80  3.8305173E-02
   7132.00  3.7835548E-02
   7132.20  3.7421271E-02
   7132.40  3.7135562E-02
   7132.60  3.7020909E-02
   7132.80  3.7088853E-02
   7133.00  3.7328341E-02
   7133.20  3.7714712E-02
   7133.40  3.8227263E-02
   7133.60  3.8841227E-02
   7133.80  3.9532016E-02
   7134.00  4.0261847E-02
   7134.20  4.0967865E-02
   7134.40  4.1557240E-02
   7134.60  4.1932984E-02
   7134.80  4.2038261E-02
   7135.00  4.1887817E-02
   7135.20  4.1554118E-02
   7135.40  4.1123022E-02
   7135.60  4.0659471E-02
   7135.80  4.0198367E-02
   7136.00  3.9751379E-02
   7136.20  3.9316479E-02
   7136.40  3.8884473E-02
   7136.60  3.8442669E-02
   7136.80  3.7978013E-02
   7137.00  3.7479866E-02
   7137.20  3.6943480E-02
   7137.40  3.6373062E-02
   7137.60  3.5783865E-02
   7137.80  3.5200742E-02
   7138.00  3.4654136E-02
   7138.20  3.4174468E-02
   7138.40  3.3786738E-02
   7138.60  3.3506859E-02
   7138.80  3.3340808E-02
   7139.00  3.3285377E-02
   7139.20  3.3329791E-02
   7139.40  3.3457341E-02
   7139.60  3.3647249E-02
   7139.80  3.3875572E-02
   7140.00  3.4116973E-02
   7140.20  3.4346542E-02
   7140.40  3.4542052E-02
   7140.60  3.4686693E-02
   7140.80  3.4770669E-02
   7141.00  3.4791465E-02
   7141.20  3.4754103E-02
   7141.40  3.4664585E-02
   7141.60  3.4530673E-02
   7141.80  3.4361575E-02
   7142.00  3.4167603E-02
   7142.20  3.3960063E-02
   7142.40  3.3750860E-02
   7142.60  3.3552488E-02
   7142.80  3.3376725E-02
   7143.00  3.3234709E-02
   7143.20  3.3134206E-02
   7143.40  3.3085427E-02
   7143.60  3.3091149E-02
   7143.80  3.3152527E-02
   7144.00  3.3268036E-02
   7144.20  3.3433779E-02
   7144.40  3.3643914E-02
   7144.60  3.3890985E-02
   7144.80  3.4164749E-02
   7145.00  3.4462108E-02
   7145.20  3.4773156E-02
   7145.40  3.5088848E-02
   7145.60  3.5404872E-02
   7145.80  3.5712961E-02
   7146.00  3.6006096E-02
   7146.20  3.6277632E-02
   7146.40  3.6521052E-02
   7146.60  3.6730976E-02
   7146.80  3.6903100E-02
   7147.00  3.7040726E-02
   7147.20  3.7129292E-02
   7147.40  3.7175550E-02
   7147.60  3.7180136E-02
   7147.80  3.7148323E-02
   7148.00  3.7081813E-02
   7148.20  3.6981877E-02
   7148.40  3.6854883E-02
   7148.60  3.6710029E-02
   7148.80  3.6544809E-02
   7149.00  3.6361182E-02
   7149.20  3.6161010E-02
   7149.40  3.5945834E-02
   7149.60  3.5719039E-02
   7149.80  3.5478025E-02
   7150.00  3.5226531E-02
   7150.20  3.4972232E-02
   7150.40  3.4704817E-02
   7150.60  3.4431927E-02
   7150.80  3.4155488E-02
   7151.00  3.3877529E-02
   7151.20  3.3600082E-02
   7151.40  3.3325199E-02
   7151.60  3.3054923E-02
   7151.80  3.2791108E-02
   7152.00  3.2535253E-02
   7152.20  3.2288800E-02
   7152.40  3.2053093E-02
   7152.60  3.1829048E-02
   7152.80  3.1617545E-02
   7153.00  3.1419230E-02
   7153.20  3.1234549E-02
   7153.40  3.1063666E-02
   7153.60  3.0907061E-02
   7153.80  3.0764095E-02
   7154.00  3.0633891E-02
   7154.20  3.0515908E-02
   7154.40  3.0410200E-02
   7154.60  3.0315847E-02
   7154.80  3.0232557E-02
   7155.00  3.0160166E-02
   7155.20  3.0099090E-02
   7155.40  3.0049269E-02
   7155.60  3.0010616E-02
   7155.80  2.9983336E-02
   7156.00  2.9967506E-02
   7156.20  2.9963537E-02
   7156.40  2.9970561E-02
   7156.60  2.9987814E-02
   7156.80  3.0014367E-02
   7157.00  3.0050051E-02
   7157.20  3.0092118E-02
   7157.40  3.0138224E-02
   7157.60  3.0185667E-02
   7157.80  3.0231778E-02
   7158.00  3.0273828E-02
   7158.20  3.0309324E-02
   7158.40  3.0336251E-02
   7158.60  3.0354489E-02
   7158.80  3.0362273E-02
   7159.00  3.0353905E-02
   7159.20  3.0333745E-02
   7159.40  3.0297155E-02
   7159.60  3.0249941E-02
   7159.80  3.0196057E-02
   7160.00  3.0132179E-02
   7160.20  3.0062877E-02
   7160.40  2.9990152E-02
   7160.60  2.9916319E-02
   7160.80  2.9843533E-02
   7161.00  2.9773919E-02
   7161.20  2.9708876E-02
   7161.40  2.9651790E-02
   7161.60  2.9601702E-02
   7161.80  2.9560153E-02
   7162.00  2.9527767E-02
   7162.20  2.9504980E-02
   7162.40  2.9491979E-02
   7162.60  2.9488792E-02
   7162.80  2.9494952E-02
   7163.00  2.9510975E-02
   7163.20  2.9536109E-02
   7163.40  2.9569483E-02
   7163.60  2.9611140E-02
   7163.80  2.9658840E-02
   7164.00  2.9712293E-02
   7164.20  2.9770509E-02
   7164.40  2.9832599E-02
   7164.60  2.9897533E-02
   7164.80  2.9964409E-02
   7165.00  3.0032754E-02
   7165.20  3.0101831E-02
   7165.40  3.0171063E-02
   7165.60  3.0240161E-02
   7165.80  3.0309019E-02
   7166.00  3.0378203E-02
   7166.20  3.0448265E-02
   7166.40  3.0518382E-02
   7166.60  3.0588733E-02
   7166.80  3.0659430E-02
   7167.00  3.0730888E-02
   7167.20  3.0803079E-02
   7167.40  3.0875417E-02
   7167.60  3.0947638E-02
   7167.80  3.1019335E-02
   7168.00  3.1090096E-02
   7168.20  3.1159462E-02
   7168.40  3.1226896E-02
   7168.60  3.1291648E-02
   7168.80  3.1353143E-02
   7169.00  3.1410826E-02
   7169.20  3.1464088E-02
   7169.40  3.1512661E-02
   7169.60  3.1556173E-02
   7169.80  3.1593990E-02
   7170.00  3.1625753E-02
   7170.20  3.1651218E-02
   7170.40  3.1670221E-02
   7170.60  3.1682797E-02
   7170.80  3.1688938E-02
   7171.00  3.1688801E-02
   7171.20  3.1682479E-02
   7171.40  3.1670011E-02
   7171.60  3.1651603E-02
   7171.80  3.1627524E-02
   7172.00  3.1598241E-02
