  7112.000   26  1  1  2.9363891E-02 -2.9993590E+00 -5.3268040E-01  1  1  7.2653452E+03  0.0000000E+00  0.0000000E+00  2.4871624E+00  1.0000000E+00  0.0000000E+00 = E_edge, Z, n_edge, j_edge, Abs_before_edge, VO_interstitial, E_cut, ninitl, ninit1, Epsii, UnitCell_Volume, Surface_ref, f0_forward, natomsym_f, abs_u_i
    Energy    <xanes>    
   7097.00  1.1472522E-04
   7097.20  7.2140799E-05
   7097.40  5.5201237E-05
   7097.60  4.7385734E-05
   7097.80  4.3963429E-05
   7098.00  4.3377314E-05
   7098.20  4.5406598E-05
   7098.40  5.0983694E-05
   7098.60  6.3288313E-05
   7098.80  9.3259405E-05
   7099.00  1.9972579E-04
   7099.20  2.4300346E-03
   7099.40  1.9263637E-03
   7099.60  1.5315279E-03
   7099.80  2.1699010E-04
   7100.00  1.0040498E-04
   7100.20  6.6874617E-05
   7100.40  5.3319861E-05
   7100.60  4.7462467E-05
   7100.80  4.6201283E-05
   7101.00  5.2257203E-05
   7101.20  4.0260584E-04
   7101.40  7.1914614E-05
   7101.60  8.0442142E-05
   7101.80  1.7552012E-04
   7102.00  1.3037723E-02
   7102.20  2.0974796E-02
   7102.40  1.2857176E-03
   7102.60  1.4954700E-04
   7102.80  4.2565723E-04
   7103.00  6.6946019E-05
   7103.20  5.1117613E-05
   7103.40  4.6780011E-05
   7103.60  4.5646703E-05
   7103.80  4.6453783E-05
   7104.00  4.9463363E-05
   7104.20  6.3904646E-05
   7104.40  7.6885788E-05
   7104.60  7.4422667E-05
   7104.80  1.1510167E-04
   7105.00  7.4247959E-04
   7105.20  6.7502284E-04
   7105.40  4.2760979E-04
   7105.60  2.7862018E-02
   7105.80  4.6770989E-04
   7106.00  3.0522647E-03
   7106.20  2.0026877E-04
   7106.40  1.7336644E-04
   7106.60  2.3396759E-04
   7106.80  5.7119569E-04
   7107.00  1.3516139E-02
   7107.20  1.5603793E-03
   7107.40  6.1764383E-04
   7107.60  8.4140763E-04
   7107.80  3.9740545E-03
   7108.00  2.8127355E-01
   7108.20  2.6103624E-03
   7108.40  9.5132952E-03
   7108.60  7.2007990E-03
   7108.80  3.8805479E-02
   7109.00  3.1025563E-02
   7109.20  6.2827933E-03
   7109.40  6.7542151E-02
   7109.60  3.9442974E-02
   7109.80  5.5082115E-02
   7110.00  2.9288246E-02
   7110.20  1.4762805E-02
   7110.40  3.7570796E-02
   7110.60  3.8379549E-02
   7110.80  1.6156171E-02
   7111.00  1.1480635E-02
   7111.20  8.9242647E-03
   7111.40  9.2033305E-03
   7111.60  1.1392564E-02
   7111.80  1.8493652E-02
   7112.00  3.2766844E-02
   7112.20  1.1790778E-02
   7112.40  7.4601063E-03
   7112.60  1.1598124E-02
   7112.80  5.3559298E-03
   7113.00  4.6058114E-03
   7113.20  3.9408391E-03
   7113.40  2.9747402E-03
   7113.60  2.1888497E-03
   7113.80  1.6655027E-03
   7114.00  1.3402155E-03
   7114.20  1.1787360E-03
   7114.40  1.2362956E-03
   7114.60  2.2177527E-03
   7114.80  8.4900347E-03
   7115.00  1.0477049E-03
   7115.20  5.8219018E-04
   7115.40  5.1154458E-04
   7115.60  5.0302255E-04
   7115.80  5.1623156E-04
   7116.00  5.4144643E-04
   7116.20  5.7518378E-04
   7116.40  6.1554023E-04
   7116.60  6.6133125E-04
   7116.80  7.1031541E-04
   7117.00  7.6088612E-04
   7117.20  8.1298801E-04
   7117.40  8.6965098E-04
   7117.60  9.3700111E-04
   7117.80  1.0215682E-03
   7118.00  1.1265742E-03
   7118.20  1.2508445E-03
   7118.40  1.3916408E-03
   7118.60  1.5480980E-03
   7118.80  1.7215074E-03
   7119.00  1.9127017E-03
   7119.20  2.1206096E-03
   7119.40  2.3419820E-03
   7119.60  2.5738376E-03
   7119.80  2.8130132E-03
   7120.00  3.0490684E-03
   7120.20  3.2579429E-03
   7120.40  3.4081092E-03
   7120.60  3.4767299E-03
   7120.80  3.4622153E-03
   7121.00  3.3839521E-03
   7121.20  3.2715482E-03
   7121.40  3.1529310E-03
   7121.60  3.0483712E-03
   7121.80  2.9709279E-03
   7122.00  2.9303186E-03
   7122.20  2.9379862E-03
   7122.40  3.0059589E-03
   7122.60  3.1511727E-03
   7122.80  3.3976175E-03
   7123.00  3.6455005E-03
   7123.20  3.7101884E-03
   7123.40  3.5895924E-03
   7123.60  3.4910611E-03
   7123.80  3.5124070E-03
   7124.00  3.6642713E-03
   7124.20  3.9465462E-03
   7124.40  4.3720625E-03
   7124.60  4.9663317E-03
   7124.80  5.7596447E-03
   7125.00  6.7832251E-03
   7125.20  8.1057331E-03
   7125.40  9.8807834E-03
   7125.60  1.2432599E-02
   7125.80  1.5784388E-02
   7126.00  1.9987180E-02
   7126.20  2.4592426E-02
   7126.40  2.8672855E-02
   7126.60  3.1059044E-02
   7126.80  3.1105673E-02
   7127.00  2.9495818E-02
   7127.20  2.7545086E-02
   7127.40  2.6038087E-02
   7127.60  2.5122347E-02
   7127.80  2.4769208E-02
   7128.00  2.4876743E-02
   7128.20  2.5357130E-02
   7128.40  2.6092556E-02
   7128.60  2.6998910E-02
   7128.80  2.8045880E-02
   7129.00  2.9284223E-02
   7129.20  3.0797344E-02
   7129.40  3.2695904E-02
   7129.60  3.5102869E-02
   7129.80  3.8157401E-02
   7130.00  4.2030372E-02
   7130.20  4.6940205E-02
   7130.40  5.3163179E-02
   7130.60  6.1012647E-02
   7130.80  7.0841481E-02
   7131.00  8.2815965E-02
   7131.20  9.6671391E-02
   7131.40  1.1121593E-01
   7131.60  1.2402047E-01
   7131.80  1.3200329E-01
   7132.00  1.3312574E-01
   7132.20  1.2774905E-01
   7132.40  1.1814604E-01
   7132.60  1.0689364E-01
   7132.80  9.5775265E-02
   7133.00  8.5648980E-02
   7133.20  7.6759871E-02
   7133.40  6.9070344E-02
   7133.60  6.2478652E-02
   7133.80  5.6946076E-02
   7134.00  5.2530061E-02
   7134.20  4.9277510E-02
   7134.40  4.7099937E-02
   7134.60  4.5714502E-02
   7134.80  4.4788699E-02
   7135.00  4.4069830E-02
   7135.20  4.3407790E-02
   7135.40  4.2727306E-02
   7135.60  4.1997816E-02
   7135.80  4.1214066E-02
   7136.00  4.0384104E-02
   7136.20  3.9523388E-02
   7136.40  3.8650523E-02
   7136.60  3.7785007E-02
   7136.80  3.6945515E-02
   7137.00  3.6149070E-02
   7137.20  3.5410166E-02
   7137.40  3.4739426E-02
   7137.60  3.4144569E-02
   7137.80  3.3631625E-02
   7138.00  3.3203164E-02
   7138.20  3.2859287E-02
   7138.40  3.2598198E-02
   7138.60  3.2416384E-02
   7138.80  3.2309702E-02
   7139.00  3.2273223E-02
   7139.20  3.2301813E-02
   7139.40  3.2390294E-02
   7139.60  3.2533610E-02
   7139.80  3.2726962E-02
   7140.00  3.2965804E-02
   7140.20  3.3245969E-02
   7140.40  3.3563783E-02
   7140.60  3.3916029E-02
   7140.80  3.4295056E-02
   7141.00  3.4695700E-02
   7141.20  3.5123009E-02
   7141.40  3.5575797E-02
   7141.60  3.6053332E-02
   7141.80  3.6560414E-02
   7142.00  3.7086818E-02
   7142.20  3.7637482E-02
   7142.40  3.8212237E-02
   7142.60  3.8811020E-02
   7142.80  3.9433500E-02
   7143.00  4.0079197E-02
   7143.20  4.0747473E-02
   7143.40  4.1437452E-02
   7143.60  4.2147461E-02
   7143.80  4.2875567E-02
   7144.00  4.3619319E-02
   7144.20  4.4375242E-02
   7144.40  4.5138826E-02
   7144.60  4.5904407E-02
   7144.80  4.6664126E-02
   7145.00  4.7407951E-02
   7145.20  4.8123673E-02
   7145.40  4.8796737E-02
   7145.60  4.9410561E-02
   7145.80  4.9947050E-02
   7146.00  5.0388070E-02
   7146.20  5.0716801E-02
   7146.40  5.0919694E-02
   7146.60  5.0988180E-02
   7146.80  5.0919387E-02
   7147.00  5.0716530E-02
   7147.20  5.0387954E-02
   7147.40  4.9945944E-02
   7147.60  4.9404794E-02
   7147.80  4.8779394E-02
   7148.00  4.8075463E-02
   7148.20  4.7326070E-02
   7148.40  4.6544681E-02
   7148.60  4.5728316E-02
   7148.80  4.4883837E-02
   7149.00  4.4016849E-02
   7149.20  4.3132130E-02
   7149.40  4.2233680E-02
   7149.60  4.1326820E-02
   7149.80  4.0414076E-02
   7150.00  3.9498105E-02
   7150.20  3.8581960E-02
   7150.40  3.7661318E-02
   7150.60  3.6748771E-02
   7150.80  3.5848082E-02
   7151.00  3.4958250E-02
   7151.20  3.4082308E-02
   7151.40  3.3222543E-02
   7151.60  3.2381305E-02
   7151.80  3.1560811E-02
   7152.00  3.0763628E-02
   7152.20  2.9962480E-02
   7152.40  2.9204293E-02
   7152.60  2.8487483E-02
   7152.80  2.7799590E-02
   7153.00  2.7141378E-02
   7153.20  2.6513352E-02
   7153.40  2.5915986E-02
   7153.60  2.5349686E-02
   7153.80  2.4814963E-02
   7154.00  2.4312213E-02
   7154.20  2.3841462E-02
   7154.40  2.3402967E-02
   7154.60  2.2997002E-02
   7154.80  2.2623854E-02
   7155.00  2.2283947E-02
   7155.20  2.1977490E-02
   7155.40  2.1704254E-02
   7155.60  2.1463996E-02
   7155.80  2.1256092E-02
   7156.00  2.1079464E-02
   7156.20  2.0932519E-02
   7156.40  2.0813241E-02
   7156.60  2.0720064E-02
   7156.80  2.0648907E-02
   7157.00  2.0595914E-02
   7157.20  2.0556869E-02
   7157.40  2.0527328E-02
   7157.60  2.0502793E-02
   7157.80  2.0478902E-02
   7158.00  2.0451719E-02
   7158.20  2.0417558E-02
   7158.40  2.0373191E-02
   7158.60  2.0316146E-02
   7158.80  2.0244547E-02
   7159.00  2.0157225E-02
   7159.20  2.0053633E-02
   7159.40  1.9933771E-02
   7159.60  1.9798084E-02
   7159.80  1.9647532E-02
   7160.00  1.9483063E-02
   7160.20  1.9305575E-02
   7160.40  1.9116122E-02
   7160.60  1.8915774E-02
   7160.80  1.8705673E-02
   7161.00  1.8487175E-02
   7161.20  1.8262185E-02
   7161.40  1.8033176E-02
   7161.60  1.7803591E-02
   7161.80  1.7582114E-02
   7162.00  1.7370094E-02
   7162.20  1.7168826E-02
   7162.40  1.6988235E-02
   7162.60  1.6831428E-02
   7162.80  1.6708971E-02
   7163.00  1.6620135E-02
   7163.20  1.6567745E-02
   7163.40  1.6551603E-02
   7163.60  1.6570098E-02
   7163.80  1.6624717E-02
   7164.00  1.6705423E-02
   7164.20  1.6812827E-02
   7164.40  1.6943975E-02
   7164.60  1.7095431E-02
   7164.80  1.7263578E-02
   7165.00  1.7445046E-02
   7165.20  1.7636707E-02
   7165.40  1.7835045E-02
   7165.60  1.8038444E-02
   7165.80  1.8241860E-02
   7166.00  1.8442460E-02
   7166.20  1.8637753E-02
   7166.40  1.8825626E-02
   7166.60  1.9004650E-02
   7166.80  1.9186876E-02
   7167.00  1.9347586E-02
   7167.20  1.9499483E-02
   7167.40  1.9643516E-02
   7167.60  1.9781177E-02
   7167.80  1.9914381E-02
   7168.00  2.0045031E-02
   7168.20  2.0175116E-02
   7168.40  2.0306483E-02
   7168.60  2.0440934E-02
   7168.80  2.0579966E-02
   7169.00  2.0724933E-02
   7169.20  2.0876923E-02
   7169.40  2.1036758E-02
   7169.60  2.1205256E-02
   7169.80  2.1382818E-02
   7170.00  2.1569974E-02
   7170.20  2.1766774E-02
   7170.40  2.1973199E-02
   7170.60  2.2189114E-02
   7170.80  2.2414311E-02
   7171.00  2.2648475E-02
   7171.20  2.2891223E-02
   7171.40  2.3142231E-02
   7171.60  2.3400840E-02
   7171.80  2.3666486E-02
   7172.00  2.3938562E-02
