  7112.000   26  1  1  3.0139035E-02 -3.2410884E+00 -8.8280229E-01  1  1  7.2654116E+03  0.0000000E+00  0.0000000E+00  3.3273485E+00  1.0000000E+00  0.0000000E+00 = E_edge, Z, n_edge, j_edge, Abs_before_edge, VO_interstitial, E_cut, ninitl, ninit1, Epsii, UnitCell_Volume, Surface_ref, f0_forward, natomsym_f, abs_u_i
    Energy    <xanes>    
   7097.00  5.5098353E-04
   7097.20  2.0053384E-04
   7097.40  1.0994014E-04
   7097.60  7.3639625E-05
   7097.80  5.5548318E-05
   7098.00  4.5261171E-05
   7098.20  3.8876565E-05
   7098.40  3.4663613E-05
   7098.60  3.1759505E-05
   7098.80  2.9695065E-05
   7099.00  2.8199873E-05
   7099.20  2.7110257E-05
   7099.40  2.6326167E-05
   7099.60  2.5788701E-05
   7099.80  2.5472147E-05
   7100.00  2.5392667E-05
   7100.20  2.5657068E-05
   7100.40  2.6733890E-05
   7100.60  3.2106797E-05
   7100.80  9.2931631E-04
   7101.00  3.6054833E-05
   7101.20  3.0222323E-05
   7101.40  2.6143281E-04
   7101.60  3.4499000E-05
   7101.80  4.5546978E-05
   7102.00  1.7259622E-04
   7102.20  2.6654882E-04
   7102.40  2.8871992E-03
   7102.60  1.4142848E-04
   7102.80  1.0023864E-04
   7103.00  3.1380716E-04
   7103.20  1.0213428E-03
   7103.40  6.8725582E-05
   7103.60  5.4385750E-05
   7103.80  8.5157112E-05
   7104.00  4.0684461E-05
   7104.20  5.8367723E-05
   7104.40  4.8513770E-05
   7104.60  4.4702857E-05
   7104.80  1.8705158E-04
   7105.00  6.5251454E-05
   7105.20  1.1125128E-03
   7105.40  1.0009717E-04
   7105.60  1.2585848E-04
   7105.80  1.1382911E-03
   7106.00  3.1251660E-03
   7106.20  2.7150545E-03
   7106.40  3.0389480E-04
   7106.60  8.7474382E-04
   7106.80  3.0743781E-04
   7107.00  7.0480221E-03
   7107.20  4.2539347E-04
   7107.40  7.8731766E-04
   7107.60  7.1287865E-03
   7107.80  1.3671450E-01
   7108.00  5.4689111E-03
   7108.20  1.4027236E-02
   7108.40  3.0284688E-02
   7108.60  1.1601963E-03
   7108.80  9.1346026E-04
   7109.00  3.0953608E-02
   7109.20  7.3274344E-03
   7109.40  1.2143450E-02
   7109.60  9.1637776E-03
   7109.80  1.3422536E-02
   7110.00  3.9277721E-02
   7110.20  4.4383448E-03
   7110.40  3.3201317E-03
   7110.60  1.1953444E-02
   7110.80  3.0776467E-03
   7111.00  2.0765161E-03
   7111.20  6.6103932E-03
   7111.40  1.8678395E-02
   7111.60  9.7165570E-03
   7111.80  4.2072580E-03
   7112.00  3.6213430E-03
   7112.20  3.6258679E-03
   7112.40  4.6406411E-03
   7112.60  6.2055353E-03
   7112.80  6.9025950E-03
   7113.00  6.3431056E-03
   7113.20  6.1867757E-03
   7113.40  5.3604241E-03
   7113.60  4.4902818E-03
   7113.80  3.5903194E-03
   7114.00  2.7901676E-03
   7114.20  2.2061050E-03
   7114.40  1.7762310E-03
   7114.60  1.5266063E-03
   7114.80  1.3715650E-03
   7115.00  1.2685682E-03
   7115.20  1.2099427E-03
   7115.40  1.1960364E-03
   7115.60  1.2329289E-03
   7115.80  1.3306167E-03
   7116.00  1.4974817E-03
   7116.20  1.7740088E-03
   7116.40  2.2372454E-03
   7116.60  3.0623375E-03
   7116.80  4.6736940E-03
   7117.00  8.0276663E-03
   7117.20  1.3415618E-02
   7117.40  1.4604760E-02
   7117.60  1.1908808E-02
   7117.80  1.1468258E-02
   7118.00  1.2022362E-02
   7118.20  1.1094271E-02
   7118.40  1.1333552E-02
   7118.60  1.3717764E-02
   7118.80  1.7613079E-02
   7119.00  2.2190533E-02
   7119.20  2.8060529E-02
   7119.40  3.4984605E-02
   7119.60  4.0602261E-02
   7119.80  4.3596640E-02
   7120.00  4.4110725E-02
   7120.20  4.4683319E-02
   7120.40  4.5058875E-02
   7120.60  4.2675596E-02
   7120.80  3.8040748E-02
   7121.00  3.4106336E-02
   7121.20  3.1351250E-02
   7121.40  2.9226033E-02
   7121.60  2.7422056E-02
   7121.80  2.5866371E-02
   7122.00  2.4620581E-02
   7122.20  2.3863607E-02
   7122.40  2.3812042E-02
   7122.60  2.4313385E-02
   7122.80  2.4647057E-02
   7123.00  2.4241169E-02
   7123.20  2.3368234E-02
   7123.40  2.2561970E-02
   7123.60  2.2030234E-02
   7123.80  2.1753838E-02
   7124.00  2.1677427E-02
   7124.20  2.1764523E-02
   7124.40  2.1986617E-02
   7124.60  2.2296929E-02
   7124.80  2.2616938E-02
   7125.00  2.2856874E-02
   7125.20  2.2963652E-02
   7125.40  2.2946369E-02
   7125.60  2.2872384E-02
   7125.80  2.2836598E-02
   7126.00  2.2926316E-02
   7126.20  2.3211641E-02
   7126.40  2.3696046E-02
   7126.60  2.4380815E-02
   7126.80  2.5234048E-02
   7127.00  2.6183836E-02
   7127.20  2.7116088E-02
   7127.40  2.7940510E-02
   7127.60  2.8653628E-02
   7127.80  2.9324132E-02
   7128.00  3.0032774E-02
   7128.20  3.0828914E-02
   7128.40  3.1716253E-02
   7128.60  3.2660519E-02
   7128.80  3.3614270E-02
   7129.00  3.4544990E-02
   7129.20  3.5514295E-02
   7129.40  3.6428601E-02
   7129.60  3.7380428E-02
   7129.80  3.8397200E-02
   7130.00  3.9475019E-02
   7130.20  4.0583962E-02
   7130.40  4.1672228E-02
   7130.60  4.2670425E-02
   7130.80  4.3496958E-02
   7131.00  4.4073650E-02
   7131.20  4.4352565E-02
   7131.40  4.4338945E-02
   7131.60  4.4089560E-02
   7131.80  4.3684237E-02
   7132.00  4.3194166E-02
   7132.20  4.2666632E-02
   7132.40  4.2117887E-02
   7132.60  4.1559630E-02
   7132.80  4.0993240E-02
   7133.00  4.0412011E-02
   7133.20  3.9811757E-02
   7133.40  3.9200176E-02
   7133.60  3.8602423E-02
   7133.80  3.8055772E-02
   7134.00  3.7595927E-02
   7134.20  3.7244793E-02
   7134.40  3.7008831E-02
   7134.60  3.6884014E-02
   7134.80  3.6862087E-02
   7135.00  3.6933992E-02
   7135.20  3.7089674E-02
   7135.40  3.7317109E-02
   7135.60  3.7600567E-02
   7135.80  3.7920595E-02
   7136.00  3.8257351E-02
   7136.20  3.8595224E-02
   7136.40  3.8926824E-02
   7136.60  3.9255058E-02
   7136.80  3.9591604E-02
   7137.00  3.9952350E-02
   7137.20  4.0350634E-02
   7137.40  4.0792186E-02
   7137.60  4.1271745E-02
   7137.80  4.1772515E-02
   7138.00  4.2267115E-02
   7138.20  4.2719855E-02
   7138.40  4.3090999E-02
   7138.60  4.3344715E-02
   7138.80  4.3459576E-02
   7139.00  4.3426669E-02
   7139.20  4.3254092E-02
   7139.40  4.2965039E-02
   7139.60  4.2592882E-02
   7139.80  4.2174965E-02
   7140.00  4.1745841E-02
   7140.20  4.1339842E-02
   7140.40  4.0957354E-02
   7140.60  4.0604139E-02
   7140.80  4.0272656E-02
   7141.00  3.9951299E-02
   7141.20  3.9629357E-02
   7141.40  3.9300702E-02
   7141.60  3.8965590E-02
   7141.80  3.8629827E-02
   7142.00  3.8302274E-02
   7142.20  3.7991536E-02
   7142.40  3.7703467E-02
   7142.60  3.7440250E-02
   7142.80  3.7199807E-02
   7143.00  3.6976753E-02
   7143.20  3.6764755E-02
   7143.40  3.6551875E-02
   7143.60  3.6330746E-02
   7143.80  3.6094119E-02
   7144.00  3.5836618E-02
   7144.20  3.5556466E-02
   7144.40  3.5255343E-02
   7144.60  3.4938146E-02
   7144.80  3.4612731E-02
   7145.00  3.4288949E-02
   7145.20  3.3976760E-02
   7145.40  3.3686002E-02
   7145.60  3.3429270E-02
   7145.80  3.3209072E-02
   7146.00  3.3025287E-02
   7146.20  3.2880047E-02
   7146.40  3.2773789E-02
   7146.60  3.2705353E-02
   7146.80  3.2672067E-02
   7147.00  3.2670276E-02
   7147.20  3.2695833E-02
   7147.40  3.2744106E-02
   7147.60  3.2810375E-02
   7147.80  3.2889818E-02
   7148.00  3.2977473E-02
   7148.20  3.3068727E-02
   7148.40  3.3159264E-02
   7148.60  3.3245139E-02
   7148.80  3.3323082E-02
   7149.00  3.3390137E-02
   7149.20  3.3444008E-02
   7149.40  3.3483286E-02
   7149.60  3.3507296E-02
   7149.80  3.3516071E-02
   7150.00  3.3510234E-02
   7150.20  3.3490739E-02
   7150.40  3.3458629E-02
   7150.60  3.3415055E-02
   7150.80  3.3361126E-02
   7151.00  3.3297590E-02
   7151.20  3.3224993E-02
   7151.40  3.3143622E-02
   7151.60  3.3053709E-02
   7151.80  3.2955014E-02
   7152.00  3.2847576E-02
   7152.20  3.2731467E-02
   7152.40  3.2606907E-02
   7152.60  3.2474457E-02
   7152.80  3.2335010E-02
   7153.00  3.2189843E-02
   7153.20  3.2040748E-02
   7153.40  3.1889100E-02
   7153.60  3.1737725E-02
   7153.80  3.1589064E-02
   7154.00  3.1445534E-02
   7154.20  3.1310386E-02
   7154.40  3.1185498E-02
   7154.60  3.1073156E-02
   7154.80  3.0975909E-02
   7155.00  3.0894640E-02
   7155.20  3.0830234E-02
   7155.40  3.0783337E-02
   7155.60  3.0754281E-02
   7155.80  3.0741863E-02
   7156.00  3.0744812E-02
   7156.20  3.0761232E-02
   7156.40  3.0789180E-02
   7156.60  3.0825095E-02
   7156.80  3.0865433E-02
   7157.00  3.0906432E-02
   7157.20  3.0944122E-02
   7157.40  3.0975162E-02
   7157.60  3.0995481E-02
   7157.80  3.1001856E-02
   7158.00  3.0991903E-02
   7158.20  3.0964213E-02
   7158.40  3.0919462E-02
   7158.60  3.0855575E-02
   7158.80  3.0778634E-02
   7159.00  3.0684033E-02
   7159.20  3.0576748E-02
   7159.40  3.0459171E-02
   7159.60  3.0331854E-02
   7159.80  3.0201688E-02
   7160.00  3.0068788E-02
   7160.20  2.9933786E-02
   7160.40  2.9799584E-02
   7160.60  2.9668290E-02
   7160.80  2.9543035E-02
   7161.00  2.9423029E-02
   7161.20  2.9309022E-02
   7161.40  2.9202102E-02
   7161.60  2.9101891E-02
   7161.80  2.9008371E-02
   7162.00  2.8921135E-02
   7162.20  2.8839503E-02
   7162.40  2.8762612E-02
   7162.60  2.8689456E-02
   7162.80  2.8618963E-02
   7163.00  2.8550256E-02
   7163.20  2.8482090E-02
   7163.40  2.8413248E-02
   7163.60  2.8342684E-02
   7163.80  2.8269540E-02
   7164.00  2.8193235E-02
   7164.20  2.8113488E-02
   7164.40  2.8029997E-02
   7164.60  2.7942829E-02
   7164.80  2.7852430E-02
   7165.00  2.7759640E-02
   7165.20  2.7664810E-02
   7165.40  2.7568843E-02
   7165.60  2.7472792E-02
   7165.80  2.7377839E-02
   7166.00  2.7285174E-02
   7166.20  2.7195963E-02
   7166.40  2.7111322E-02
   7166.60  2.7032384E-02
   7166.80  2.6960366E-02
   7167.00  2.6896177E-02
   7167.20  2.6840219E-02
   7167.40  2.6792988E-02
   7167.60  2.6755013E-02
   7167.80  2.6726575E-02
   7168.00  2.6707638E-02
   7168.20  2.6698133E-02
   7168.40  2.6697890E-02
   7168.60  2.6706675E-02
   7168.80  2.6724229E-02
   7169.00  2.6749902E-02
   7169.20  2.6783199E-02
   7169.40  2.6823548E-02
   7169.60  2.6870041E-02
   7169.80  2.6921930E-02
   7170.00  2.6978480E-02
   7170.20  2.7038554E-02
   7170.40  2.7101299E-02
   7170.60  2.7165717E-02
   7170.80  2.7230843E-02
   7171.00  2.7296084E-02
   7171.20  2.7360310E-02
   7171.40  2.7422740E-02
   7171.60  2.7482514E-02
   7171.80  2.7539082E-02
   7172.00  2.7591959E-02
