  7112.000   26  1  1  1.2464426E-02  1.2384588E+00 -9.6531347E-04  1  1  7.2646670E+03  0.0000000E+00  0.0000000E+00  1.7425909E+00  1.0000000E+00  0.0000000E+00 = E_edge, Z, n_edge, j_edge, Abs_before_edge, VO_interstitial, E_cut, ninitl, ninit1, Epsii, UnitCell_Volume, Surface_ref, f0_forward, natomsym_f, abs_u_i
    Energy    <xanes>    
   7097.00  8.9384718E-05
   7097.20  5.0920913E-05
   7097.40  3.7514964E-05
   7097.60  3.1173948E-05
   7097.80  2.7634030E-05
   7098.00  2.5439495E-05
   7098.20  2.3977244E-05
   7098.40  2.2951119E-05
   7098.60  2.2202608E-05
   7098.80  2.1640708E-05
   7099.00  2.1209991E-05
   7099.20  2.0875135E-05
   7099.40  2.0612655E-05
   7099.60  2.0406531E-05
   7099.80  2.0245716E-05
   7100.00  2.0122189E-05
   7100.20  2.0030210E-05
   7100.40  1.9965836E-05
   7100.60  1.9926073E-05
   7100.80  1.9908895E-05
   7101.00  1.9913134E-05
   7101.20  1.9938101E-05
   7101.40  1.9983698E-05
   7101.60  2.0050592E-05
   7101.80  2.0139933E-05
   7102.00  2.0253851E-05
   7102.20  2.0396015E-05
   7102.40  2.0572165E-05
   7102.60  2.0792856E-05
   7102.80  2.1079220E-05
   7103.00  2.1482262E-05
   7103.20  2.2162239E-05
   7103.40  2.3919679E-05
   7103.60  4.0271096E-05
   7103.80  5.6227486E-05
   7104.00  2.5704534E-05
   7104.20  2.4459717E-05
   7104.40  2.4693235E-05
   7104.60  2.5376016E-05
   7104.80  2.6377499E-05
   7105.00  2.7738918E-05
   7105.20  2.9603436E-05
   7105.40  3.2266510E-05
   7105.60  3.6374585E-05
   7105.80  4.3721536E-05
   7106.00  6.4327672E-05
   7106.20  9.8219879E-04
   7106.40  1.5099672E-04
   7106.60  1.0006613E-03
   7106.80  5.6244400E-03
   7107.00  2.5859769E-04
   7107.20  1.3927364E-04
   7107.40  3.3798653E-04
   7107.60  5.8942985E-04
   7107.80  1.4876259E-04
   7108.00  2.9178809E-04
   7108.20  5.7147101E-02
   7108.40  2.7359868E-03
   7108.60  2.1733812E-04
   7108.80  4.7991253E-04
   7109.00  1.2827016E-02
   7109.20  3.4884302E-03
   7109.40  2.5568660E-04
   7109.60  1.6946999E-04
   7109.80  2.1805062E-04
   7110.00  6.7425360E-04
   7110.20  2.8460133E-03
   7110.40  3.4733469E-02
   7110.60  1.3661254E-03
   7110.80  1.8789629E-03
   7111.00  4.7509150E-03
   7111.20  3.6620753E-02
   7111.40  1.0755892E-03
   7111.60  2.0943449E-03
   7111.80  1.7867765E-02
   7112.00  1.4113895E-03
   7112.20  5.9471676E-03
   7112.40  1.0986727E-01
   7112.60  2.3145721E-02
   7112.80  1.6817298E-03
   7113.00  3.6497767E-01
   7113.20  1.7010337E-03
   7113.40  4.6451764E-04
   7113.60  2.6484252E-04
   7113.80  5.4791952E-04
   7114.00  6.2933757E-04
   7114.20  3.1414607E-03
   7114.40  7.2373336E-04
   7114.60  7.2946630E-04
   7114.80  9.5739769E-04
   7115.00  2.4603972E-03
   7115.20  1.4469452E-02
   7115.40  1.7310437E-03
   7115.60  8.7159351E-04
   7115.80  6.8994429E-04
   7116.00  6.2777690E-04
   7116.20  6.0387008E-04
   7116.40  5.9709893E-04
   7116.60  6.0007121E-04
   7116.80  6.0973868E-04
   7117.00  6.2475186E-04
   7117.20  6.4453905E-04
   7117.40  6.6867582E-04
   7117.60  6.9755107E-04
   7117.80  7.2465327E-04
   7118.00  7.6616957E-04
   7118.20  8.1410159E-04
   7118.40  8.6928562E-04
   7118.60  9.3273319E-04
   7118.80  1.0056729E-03
   7119.00  1.0895872E-03
   7119.20  1.1862836E-03
   7119.40  1.2979942E-03
   7119.60  1.4273512E-03
   7119.80  1.5780766E-03
   7120.00  1.7549818E-03
   7120.20  1.9647036E-03
   7120.40  2.2168335E-03
   7120.60  2.5258087E-03
   7120.80  2.9137249E-03
   7121.00  3.4123312E-03
   7121.20  4.0535293E-03
   7121.40  4.8180023E-03
   7121.60  5.5568129E-03
   7121.80  6.1122437E-03
   7122.00  6.5634862E-03
   7122.20  7.0889124E-03
   7122.40  7.7845569E-03
   7122.60  8.6798714E-03
   7122.80  9.7929156E-03
   7123.00  1.1146259E-02
   7123.20  1.2770028E-02
   7123.40  1.4702008E-02
   7123.60  1.6987115E-02
   7123.80  1.9675947E-02
   7124.00  2.2821652E-02
   7124.20  2.6475061E-02
   7124.40  3.0681444E-02
   7124.60  3.5463346E-02
   7124.80  4.0805714E-02
   7125.00  4.6644688E-02
   7125.20  5.2856774E-02
   7125.40  5.9253329E-02
   7125.60  6.5596726E-02
   7125.80  7.1639758E-02
   7126.00  7.7170187E-02
   7126.20  8.1869533E-02
   7126.40  8.5572220E-02
   7126.60  8.8121512E-02
   7126.80  8.9639792E-02
   7127.00  9.0304188E-02
   7127.20  9.0267899E-02
   7127.40  8.9524194E-02
   7127.60  8.7761237E-02
   7127.80  8.4958118E-02
   7128.00  8.1773166E-02
   7128.20  7.8380170E-02
   7128.40  7.4901007E-02
   7128.60  7.1732626E-02
   7128.80  6.9595692E-02
   7129.00  6.8928467E-02
   7129.20  6.8702212E-02
   7129.40  6.7376836E-02
   7129.60  6.5016862E-02
   7129.80  6.2354146E-02
   7130.00  5.9806022E-02
   7130.20  5.7505892E-02
   7130.40  5.5467012E-02
   7130.60  5.3661026E-02
   7130.80  5.2044748E-02
   7131.00  5.0565346E-02
   7131.20  4.9325850E-02
   7131.40  4.7886310E-02
   7131.60  4.6346179E-02
   7131.80  4.4717914E-02
   7132.00  4.3150990E-02
   7132.20  4.1836944E-02
   7132.40  4.0823405E-02
   7132.60  4.0050608E-02
   7132.80  3.9417512E-02
   7133.00  3.8852819E-02
   7133.20  3.8318992E-02
   7133.40  3.7796691E-02
   7133.60  3.7273989E-02
   7133.80  3.6743400E-02
   7134.00  3.6199310E-02
   7134.20  3.5638325E-02
   7134.40  3.5061896E-02
   7134.60  3.4482757E-02
   7134.80  3.3940694E-02
   7135.00  3.3528721E-02
   7135.20  3.3412846E-02
   7135.40  3.3756984E-02
   7135.60  3.4494865E-02
   7135.80  3.5296528E-02
   7136.00  3.5890667E-02
   7136.20  3.6207230E-02
   7136.40  3.6295176E-02
   7136.60  3.6232875E-02
   7136.80  3.6084757E-02
   7137.00  3.5893089E-02
   7137.20  3.5682730E-02
   7137.40  3.5467513E-02
   7137.60  3.5254740E-02
   7137.80  3.5048065E-02
   7138.00  3.4845642E-02
   7138.20  3.4639601E-02
   7138.40  3.4441200E-02
   7138.60  3.4250172E-02
   7138.80  3.4065921E-02
   7139.00  3.3887826E-02
   7139.20  3.3715118E-02
   7139.40  3.3546947E-02
   7139.60  3.3370333E-02
   7139.80  3.3208650E-02
   7140.00  3.3048550E-02
   7140.20  3.2889052E-02
   7140.40  3.2729264E-02
   7140.60  3.2568244E-02
   7140.80  3.2405243E-02
   7141.00  3.2239896E-02
   7141.20  3.2072241E-02
   7141.40  3.1901907E-02
   7141.60  3.1728903E-02
   7141.80  3.1553583E-02
   7142.00  3.1376192E-02
   7142.20  3.1197477E-02
   7142.40  3.1017924E-02
   7142.60  3.0838163E-02
   7142.80  3.0658793E-02
   7143.00  3.0480150E-02
   7143.20  3.0302723E-02
   7143.40  3.0126833E-02
   7143.60  2.9952289E-02
   7143.80  2.9778997E-02
   7144.00  2.9606888E-02
   7144.20  2.9435376E-02
   7144.40  2.9263850E-02
   7144.60  2.9091582E-02
   7144.80  2.8917777E-02
   7145.00  2.8741277E-02
   7145.20  2.8560845E-02
   7145.40  2.8375203E-02
   7145.60  2.8183003E-02
   7145.80  2.7983052E-02
   7146.00  2.7773745E-02
   7146.20  2.7553718E-02
   7146.40  2.7321683E-02
   7146.60  2.7076488E-02
   7146.80  2.6817313E-02
   7147.00  2.6543246E-02
   7147.20  2.6253607E-02
   7147.40  2.5948039E-02
   7147.60  2.5626475E-02
   7147.80  2.5289135E-02
   7148.00  2.4936686E-02
   7148.20  2.4569861E-02
   7148.40  2.4189711E-02
   7148.60  2.3797658E-02
   7148.80  2.3395424E-02
   7149.00  2.2983216E-02
   7149.20  2.2564674E-02
   7149.40  2.2142864E-02
   7149.60  2.1720248E-02
   7149.80  2.1299662E-02
   7150.00  2.0884043E-02
   7150.20  2.0476341E-02
   7150.40  2.0079443E-02
   7150.60  1.9696106E-02
   7150.80  1.9328976E-02
   7151.00  1.8982302E-02
   7151.20  1.8657333E-02
   7151.40  1.8355570E-02
   7151.60  1.8077040E-02
   7151.80  1.7823417E-02
   7152.00  1.7594259E-02
   7152.20  1.7389805E-02
   7152.40  1.7210289E-02
   7152.60  1.7054823E-02
   7152.80  1.6922800E-02
   7153.00  1.6814036E-02
   7153.20  1.6726992E-02
   7153.40  1.6660709E-02
   7153.60  1.6614199E-02
   7153.80  1.6586932E-02
   7154.00  1.6577344E-02
   7154.20  1.6584405E-02
   7154.40  1.6607118E-02
   7154.60  1.6644558E-02
   7154.80  1.6695853E-02
   7155.00  1.6759706E-02
   7155.20  1.6835259E-02
   7155.40  1.6921443E-02
   7155.60  1.7017355E-02
   7155.80  1.7122446E-02
   7156.00  1.7235648E-02
   7156.20  1.7356249E-02
   7156.40  1.7483581E-02
   7156.60  1.7617106E-02
   7156.80  1.7756354E-02
   7157.00  1.7901111E-02
   7157.20  1.8050912E-02
   7157.40  1.8205569E-02
   7157.60  1.8364846E-02
   7157.80  1.8528611E-02
   7158.00  1.8696891E-02
   7158.20  1.8869632E-02
   7158.40  1.9047028E-02
   7158.60  1.9229007E-02
   7158.80  1.9415764E-02
   7159.00  1.9607584E-02
   7159.20  1.9804742E-02
   7159.40  2.0007577E-02
   7159.60  2.0216060E-02
   7159.80  2.0431170E-02
   7160.00  2.0653640E-02
   7160.20  2.0883688E-02
   7160.40  2.1122069E-02
   7160.60  2.1369283E-02
   7160.80  2.1626030E-02
   7161.00  2.1894124E-02
   7161.20  2.2172742E-02
   7161.40  2.2462758E-02
   7161.60  2.2765420E-02
   7161.80  2.3082259E-02
   7162.00  2.3413723E-02
   7162.20  2.3759985E-02
   7162.40  2.4121522E-02
   7162.60  2.4498883E-02
   7162.80  2.4892173E-02
   7163.00  2.5301487E-02
   7163.20  2.5726600E-02
   7163.40  2.6167060E-02
   7163.60  2.6622001E-02
   7163.80  2.7089548E-02
   7164.00  2.7568567E-02
   7164.20  2.8057135E-02
   7164.40  2.8552812E-02
   7164.60  2.9052979E-02
   7164.80  2.9554644E-02
   7165.00  3.0054691E-02
   7165.20  3.0549761E-02
   7165.40  3.1036383E-02
   7165.60  3.1511144E-02
   7165.80  3.1970728E-02
   7166.00  3.2412098E-02
   7166.20  3.2832653E-02
   7166.40  3.3229658E-02
   7166.60  3.3600854E-02
   7166.80  3.3944445E-02
   7167.00  3.4259677E-02
   7167.20  3.4545506E-02
   7167.40  3.4801786E-02
   7167.60  3.5028610E-02
   7167.80  3.5226358E-02
   7168.00  3.5395904E-02
   7168.20  3.5538625E-02
   7168.40  3.5655855E-02
   7168.60  3.5749165E-02
   7168.80  3.5820341E-02
   7169.00  3.5871528E-02
   7169.20  3.5904262E-02
   7169.40  3.5920352E-02
   7169.60  3.5921002E-02
   7169.80  3.5908678E-02
   7170.00  3.5885069E-02
   7170.20  3.5851869E-02
   7170.40  3.5810528E-02
   7170.60  3.5762724E-02
   7170.80  3.5709586E-02
   7171.00  3.5651906E-02
   7171.20  3.5590559E-02
   7171.40  3.5526353E-02
   7171.60  3.5459980E-02
   7171.80  3.5392023E-02
   7172.00  3.5323034E-02
