  7112.000   26  1  1  1.3009181E-02 -2.0829215E+00 -2.5530119E+00  1  1  7.2665643E+03  0.0000000E+00  0.0000000E+00  1.7204896E+00  1.0000000E+00  0.0000000E+00 = E_edge, Z, n_edge, j_edge, Abs_before_edge, VO_interstitial, E_cut, ninitl, ninit1, Epsii, UnitCell_Volume, Surface_ref, f0_forward, natomsym_f, abs_u_i
    Energy    <xanes>    
   7097.00  1.9648601E-05
   7097.20  1.9674348E-05
   7097.40  1.9718693E-05
   7097.60  1.9782643E-05
   7097.80  1.9867970E-05
   7098.00  1.9977375E-05
   7098.20  2.0114799E-05
   7098.40  2.0285960E-05
   7098.60  2.0499357E-05
   7098.80  2.0767860E-05
   7099.00  2.1112043E-05
   7099.20  2.1567041E-05
   7099.40  2.2198683E-05
   7099.60  2.3148765E-05
   7099.80  2.4796172E-05
   7100.00  2.8621342E-05
   7100.20  4.8364550E-05
   7100.40  5.2017183E-04
   7100.60  4.7621169E-05
   7100.80  6.4364735E-05
   7101.00  3.4146928E-04
   7101.20  4.2186482E-04
   7101.40  6.8508837E-05
   7101.60  4.4764656E-05
   7101.80  4.3199664E-05
   7102.00  5.5015247E-05
   7102.20  1.2534078E-04
   7102.40  2.4060963E-02
   7102.60  1.5547909E-04
   7102.80  1.5413951E-04
   7103.00  3.6666191E-04
   7103.20  1.1126928E-04
   7103.40  9.7203101E-05
   7103.60  1.6447612E-02
   7103.80  1.4963636E-04
   7104.00  2.5284320E-03
   7104.20  2.0572686E-04
   7104.40  7.6036331E-05
   7104.60  6.2673538E-05
   7104.80  6.9655882E-05
   7105.00  1.0549191E-04
   7105.20  4.2427958E-04
   7105.40  7.9300614E-04
   7105.60  1.5640480E-03
   7105.80  7.9637468E-04
   7106.00  4.9709912E-04
   7106.20  1.2011109E-04
   7106.40  1.4296549E-04
   7106.60  1.9571698E-04
   7106.80  1.8894546E-03
   7107.00  1.2516733E-03
   7107.20  1.2691592E-03
   7107.40  2.0779485E-04
   7107.60  2.0712459E-04
   7107.80  3.6002865E-03
   7108.00  7.1943050E-03
   7108.20  3.4817010E-04
   7108.40  4.2275030E-03
   7108.60  4.7378107E-03
   7108.80  4.8852057E-02
   7109.00  3.5015227E-03
   7109.20  1.8932001E-03
   7109.40  2.4231457E-03
   7109.60  1.0792657E-02
   7109.80  2.9020031E-03
   7110.00  1.7295664E-03
   7110.20  6.1344491E-04
   7110.40  6.4181493E-03
   7110.60  4.2193859E-03
   7110.80  1.5762545E-02
   7111.00  4.6018479E-02
   7111.20  1.8610673E-02
   7111.40  2.1353047E-02
   7111.60  1.2145815E-02
   7111.80  6.3769144E-03
   7112.00  5.1967754E-03
   7112.20  6.6567369E-03
   7112.40  1.0619795E-02
   7112.60  1.6807915E-02
   7112.80  2.4002498E-02
   7113.00  2.0787540E-02
   7113.20  2.6672870E-02
   7113.40  5.4712039E-02
   7113.60  4.8122440E-02
   7113.80  3.3056152E-02
   7114.00  3.5432813E-02
   7114.20  3.3112204E-02
   7114.40  2.2940452E-02
   7114.60  1.6503435E-02
   7114.80  1.3724493E-02
   7115.00  1.3456345E-02
   7115.20  1.5853269E-02
   7115.40  2.2209420E-02
   7115.60  3.1251870E-02
   7115.80  3.1446651E-02
   7116.00  2.3015161E-02
   7116.20  1.5998241E-02
   7116.40  1.1936907E-02
   7116.60  9.5304338E-03
   7116.80  7.9344575E-03
   7117.00  7.2143643E-03
   7117.20  6.9018548E-03
   7117.40  6.7618213E-03
   7117.60  6.7268540E-03
   7117.80  6.8056567E-03
   7118.00  6.9803627E-03
   7118.20  7.1755452E-03
   7118.40  7.2725148E-03
   7118.60  7.1826834E-03
   7118.80  6.9124046E-03
   7119.00  6.5546951E-03
   7119.20  6.2198067E-03
   7119.40  5.9701334E-03
   7119.60  5.8335365E-03
   7119.80  5.8252708E-03
   7120.00  5.9270984E-03
   7120.20  6.0597073E-03
   7120.40  6.1347122E-03
   7120.60  6.1249212E-03
   7120.80  6.0699279E-03
   7121.00  6.0246564E-03
   7121.20  6.0136083E-03
   7121.40  6.0203522E-03
   7121.60  6.0089268E-03
   7121.80  5.9595739E-03
   7122.00  5.9122285E-03
   7122.20  5.9461535E-03
   7122.40  6.0824396E-03
   7122.60  6.2913858E-03
   7122.80  6.5609042E-03
   7123.00  6.9086983E-03
   7123.20  7.3640462E-03
   7123.40  7.9683261E-03
   7123.60  8.7459088E-03
   7123.80  9.7177981E-03
   7124.00  1.0895665E-02
   7124.20  1.2278570E-02
   7124.40  1.3847005E-02
   7124.60  1.5556605E-02
   7124.80  1.7325066E-02
   7125.00  1.9044792E-02
   7125.20  2.0595680E-02
   7125.40  2.1882068E-02
   7125.60  2.2864674E-02
   7125.80  2.3548642E-02
   7126.00  2.3981508E-02
   7126.20  2.4004382E-02
   7126.40  2.3852306E-02
   7126.60  2.3616019E-02
   7126.80  2.3439565E-02
   7127.00  2.3419603E-02
   7127.20  2.3599083E-02
   7127.40  2.4049759E-02
   7127.60  2.4819783E-02
   7127.80  2.5946800E-02
   7128.00  2.7441833E-02
   7128.20  2.9309028E-02
   7128.40  3.1334235E-02
   7128.60  3.3396575E-02
   7128.80  3.5400544E-02
   7129.00  3.7290070E-02
   7129.20  3.8928947E-02
   7129.40  4.0445175E-02
   7129.60  4.1878804E-02
   7129.80  4.3255732E-02
   7130.00  4.4579322E-02
   7130.20  4.5782325E-02
   7130.40  4.6880914E-02
   7130.60  4.7801116E-02
   7130.80  4.8537085E-02
   7131.00  4.9119055E-02
   7131.20  4.9601362E-02
   7131.40  5.0047632E-02
   7131.60  5.0522364E-02
   7131.80  5.1083508E-02
   7132.00  5.1776541E-02
   7132.20  5.2629989E-02
   7132.40  5.3653159E-02
   7132.60  5.4836261E-02
   7132.80  5.6150987E-02
   7133.00  5.7552160E-02
   7133.20  5.8978713E-02
   7133.40  6.0355636E-02
   7133.60  6.1597209E-02
   7133.80  6.2618854E-02
   7134.00  6.3355915E-02
   7134.20  6.3773142E-02
   7134.40  6.3846839E-02
   7134.60  6.3537316E-02
   7134.80  6.2782150E-02
   7135.00  6.1523527E-02
   7135.20  5.9757144E-02
   7135.40  5.7598835E-02
   7135.60  5.5157050E-02
   7135.80  5.2579456E-02
   7136.00  5.0004380E-02
   7136.20  4.7534846E-02
   7136.40  4.5238069E-02
   7136.60  4.3150956E-02
   7136.80  4.1291126E-02
   7137.00  3.9664014E-02
   7137.20  3.8270180E-02
   7137.40  3.7107361E-02
   7137.60  3.6172662E-02
   7137.80  3.5461508E-02
   7138.00  3.4966331E-02
   7138.20  3.4674936E-02
   7138.40  3.4568819E-02
   7138.60  3.4622443E-02
   7138.80  3.4803541E-02
   7139.00  3.5076083E-02
   7139.20  3.5403196E-02
   7139.40  3.5750762E-02
   7139.60  3.6090237E-02
   7139.80  3.6400524E-02
   7140.00  3.6668726E-02
   7140.20  3.6889670E-02
   7140.40  3.7064438E-02
   7140.60  3.7198432E-02
   7140.80  3.7299811E-02
   7141.00  3.7377512E-02
   7141.20  3.7444556E-02
   7141.40  3.7526505E-02
   7141.60  3.7606497E-02
   7141.80  3.7688644E-02
   7142.00  3.7776022E-02
   7142.20  3.7870573E-02
   7142.40  3.7973385E-02
   7142.60  3.8084751E-02
   7142.80  3.8204170E-02
   7143.00  3.8330616E-02
   7143.20  3.8462567E-02
   7143.40  3.8598014E-02
   7143.60  3.8734558E-02
   7143.80  3.8869775E-02
   7144.00  3.9000691E-02
   7144.20  3.9124518E-02
   7144.40  3.9238599E-02
   7144.60  3.9340460E-02
   7144.80  3.9427883E-02
   7145.00  3.9499140E-02
   7145.20  3.9553035E-02
   7145.40  3.9588764E-02
   7145.60  3.9606126E-02
   7145.80  3.9605390E-02
   7146.00  3.9587409E-02
   7146.20  3.9553322E-02
   7146.40  3.9504627E-02
   7146.60  3.9443096E-02
   7146.80  3.9370739E-02
   7147.00  3.9289423E-02
   7147.20  3.9201055E-02
   7147.40  3.9107450E-02
   7147.60  3.9010229E-02
   7147.80  3.8910562E-02
   7148.00  3.8809490E-02
   7148.20  3.8708444E-02
   7148.40  3.8608076E-02
   7148.60  3.8508790E-02
   7148.80  3.8410835E-02
   7149.00  3.8314196E-02
   7149.20  3.8218350E-02
   7149.40  3.8123067E-02
   7149.60  3.8028144E-02
   7149.80  3.7935702E-02
   7150.00  3.7839588E-02
   7150.20  3.7742535E-02
   7150.40  3.7644108E-02
   7150.60  3.7544071E-02
   7150.80  3.7442299E-02
   7151.00  3.7339124E-02
   7151.20  3.7234850E-02
   7151.40  3.7122497E-02
   7151.60  3.7016983E-02
   7151.80  3.6911883E-02
   7152.00  3.6808297E-02
   7152.20  3.6707077E-02
   7152.40  3.6609142E-02
   7152.60  3.6515547E-02
   7152.80  3.6427455E-02
   7153.00  3.6345842E-02
   7153.20  3.6271915E-02
   7153.40  3.6206171E-02
   7153.60  3.6149250E-02
   7153.80  3.6101593E-02
   7154.00  3.6063468E-02
   7154.20  3.6034720E-02
   7154.40  3.6015223E-02
   7154.60  3.6003861E-02
   7154.80  3.6000410E-02
   7155.00  3.6003425E-02
   7155.20  3.6011657E-02
   7155.40  3.6022873E-02
   7155.60  3.6035117E-02
   7155.80  3.6046433E-02
   7156.00  3.6054654E-02
   7156.20  3.6057557E-02
   7156.40  3.6053110E-02
   7156.60  3.6039410E-02
   7156.80  3.6014742E-02
   7157.00  3.5977687E-02
   7157.20  3.5926896E-02
   7157.40  3.5861499E-02
   7157.60  3.5780759E-02
   7157.80  3.5684095E-02
   7158.00  3.5571142E-02
   7158.20  3.5441839E-02
   7158.40  3.5296341E-02
   7158.60  3.5135003E-02
   7158.80  3.4958366E-02
   7159.00  3.4767157E-02
   7159.20  3.4562400E-02
   7159.40  3.4350006E-02
   7159.60  3.4121512E-02
   7159.80  3.3882906E-02
   7160.00  3.3635624E-02
   7160.20  3.3377626E-02
   7160.40  3.3117784E-02
   7160.60  3.2853958E-02
   7160.80  3.2587758E-02
   7161.00  3.2320814E-02
   7161.20  3.2054527E-02
   7161.40  3.1791312E-02
   7161.60  3.1533778E-02
   7161.80  3.1279911E-02
   7162.00  3.1032742E-02
   7162.20  3.0793471E-02
   7162.40  3.0563148E-02
   7162.60  3.0342657E-02
   7162.80  3.0136446E-02
   7163.00  2.9938906E-02
   7163.20  2.9751783E-02
   7163.40  2.9576461E-02
   7163.60  2.9412855E-02
   7163.80  2.9260318E-02
   7164.00  2.9118388E-02
   7164.20  2.8987010E-02
   7164.40  2.8865126E-02
   7164.60  2.8751891E-02
   7164.80  2.8646533E-02
   7165.00  2.8548311E-02
   7165.20  2.8456697E-02
   7165.40  2.8371100E-02
   7165.60  2.8290540E-02
   7165.80  2.8214389E-02
   7166.00  2.8142150E-02
   7166.20  2.8073281E-02
   7166.40  2.8007325E-02
   7166.60  2.7944117E-02
   7166.80  2.7882908E-02
   7167.00  2.7823381E-02
   7167.20  2.7765248E-02
   7167.40  2.7708193E-02
   7167.60  2.7651941E-02
   7167.80  2.7596325E-02
   7168.00  2.7541529E-02
   7168.20  2.7487023E-02
   7168.40  2.7430313E-02
   7168.60  2.7376119E-02
   7168.80  2.7322073E-02
   7169.00  2.7268478E-02
   7169.20  2.7214858E-02
   7169.40  2.7161311E-02
   7169.60  2.7108367E-02
   7169.80  2.7055778E-02
   7170.00  2.7003678E-02
   7170.20  2.6952325E-02
   7170.40  2.6901985E-02
   7170.60  2.6853028E-02
   7170.80  2.6805794E-02
   7171.00  2.6760639E-02
   7171.20  2.6717931E-02
   7171.40  2.6678579E-02
   7171.60  2.6642537E-02
   7171.80  2.6610240E-02
   7172.00  2.6581989E-02
