  7112.000   26  1  1  8.8200988E-03 -2.2827948E+00 -5.9811595E-01  1  1  7.2652880E+03  0.0000000E+00  0.0000000E+00  2.3295996E+00  1.0000000E+00  0.0000000E+00 = E_edge, Z, n_edge, j_edge, Abs_before_edge, VO_interstitial, E_cut, ninitl, ninit1, Epsii, UnitCell_Volume, Surface_ref, f0_forward, natomsym_f, abs_u_i
    Energy    <xanes>    
   7097.00  5.0160185E-04
   7097.20  2.8977783E-04
   7097.40  5.5384725E-04
   7097.60  6.8641947E-02
   7097.80  4.1318995E-04
   7098.00  1.4064196E-04
   7098.20  8.2854041E-05
   7098.40  6.0329643E-05
   7098.60  4.8902365E-05
   7098.80  4.2217384E-05
   7099.00  3.7962784E-05
   7099.20  3.5116793E-05
   7099.40  3.3164344E-05
   7099.60  3.1823982E-05
   7099.80  3.0934253E-05
   7100.00  3.0402147E-05
   7100.20  3.0180424E-05
   7100.40  3.0257882E-05
   7100.60  3.0660928E-05
   7100.80  3.1469753E-05
   7101.00  3.2862270E-05
   7101.20  3.5236693E-05
   7101.40  3.9607949E-05
   7101.60  4.9305435E-05
   7101.80  8.2276699E-05
   7102.00  6.1688815E-04
   7102.20  3.6567509E-04
   7102.40  3.8481383E-04
   7102.60  2.4978963E-04
   7102.80  6.0157895E-03
   7103.00  3.8478449E-04
   7103.20  1.2410088E-04
   7103.40  7.1560070E-05
   7103.60  6.2946770E-05
   7103.80  6.5930533E-05
   7104.00  8.3905365E-05
   7104.20  2.3535766E-04
   7104.40  5.2265125E-04
   7104.60  2.0617796E-04
   7104.80  6.6217616E-04
   7105.00  2.0263663E-02
   7105.20  4.3723794E-04
   7105.40  9.4585674E-04
   7105.60  4.2917215E-04
   7105.80  2.8905059E-04
   7106.00  5.3273786E-04
   7106.20  6.8657433E-03
   7106.40  2.6063113E-03
   7106.60  4.3487788E-04
   7106.80  2.4544418E-04
   7107.00  2.3190498E-04
   7107.20  1.1268035E-03
   7107.40  1.5643938E-03
   7107.60  1.8629898E-03
   7107.80  4.3739168E-02
   7108.00  1.1288156E-03
   7108.20  1.8259292E-03
   7108.40  1.4658936E-02
   7108.60  2.1806238E-03
   7108.80  1.0384494E-02
   7109.00  7.9196022E-04
   7109.20  2.5594843E-02
   7109.40  1.1770535E-02
   7109.60  5.9513831E-02
   7109.80  1.9910262E-02
   7110.00  1.0201128E-03
   7110.20  3.1720589E-02
   7110.40  7.6723871E-02
   7110.60  1.5990291E-02
   7110.80  2.1244557E-02
   7111.00  7.6875578E-03
   7111.20  7.8380179E-03
   7111.40  1.2481864E-02
   7111.60  4.2162617E-02
   7111.80  9.3664440E-03
   7112.00  5.8005143E-03
   7112.20  1.0942045E-02
   7112.40  2.2895732E-02
   7112.60  2.4900792E-02
   7112.80  3.4450232E-02
   7113.00  5.4065660E-02
   7113.20  1.3201895E-02
   7113.40  5.4543638E-03
   7113.60  3.3210575E-03
   7113.80  2.3557951E-03
   7114.00  1.7474073E-03
   7114.20  1.3327223E-03
   7114.40  1.1058100E-03
   7114.60  1.0814118E-03
   7114.80  1.5754521E-03
   7115.00  6.4047895E-03
   7115.20  1.9585256E-03
   7115.40  7.9094454E-04
   7115.60  5.9002029E-04
   7115.80  5.1887815E-04
   7116.00  4.8831620E-04
   7116.20  4.7684733E-04
   7116.40  4.7741990E-04
   7116.60  4.8744605E-04
   7116.80  5.0592906E-04
   7117.00  5.3201202E-04
   7117.20  5.6352329E-04
   7117.40  5.9549673E-04
   7117.60  6.2033583E-04
   7117.80  6.3177549E-04
   7118.00  6.2988783E-04
   7118.20  6.2091963E-04
   7118.40  6.1240260E-04
   7118.60  6.0927694E-04
   7118.80  6.1322605E-04
   7119.00  6.2382257E-04
   7119.20  6.3993017E-04
   7119.40  6.6070421E-04
   7119.60  6.8599871E-04
   7119.80  7.1626678E-04
   7120.00  7.5238759E-04
   7120.20  7.9561078E-04
   7120.40  8.4758022E-04
   7120.60  9.1036142E-04
   7120.80  9.8647673E-04
   7121.00  1.0789718E-03
   7121.20  1.1914684E-03
   7121.40  1.3281246E-03
   7121.60  1.4933125E-03
   7121.80  1.6908649E-03
   7122.00  1.9229276E-03
   7122.20  2.1893160E-03
   7122.40  2.4931470E-03
   7122.60  2.8283898E-03
   7122.80  3.2093649E-03
   7123.00  3.6467802E-03
   7123.20  4.1574537E-03
   7123.40  4.7619817E-03
   7123.60  5.5048774E-03
   7123.80  6.3908010E-03
   7124.00  7.4970331E-03
   7124.20  8.9472272E-03
   7124.40  1.0903922E-02
   7124.60  1.3676317E-02
   7124.80  1.7768152E-02
   7125.00  2.3466004E-02
   7125.20  2.8950849E-02
   7125.40  3.0393250E-02
   7125.60  2.9007785E-02
   7125.80  2.8091183E-02
   7126.00  2.8242215E-02
   7126.20  2.8818425E-02
   7126.40  2.9124271E-02
   7126.60  2.8943881E-02
   7126.80  2.8213929E-02
   7127.00  2.6902254E-02
   7127.20  2.5087105E-02
   7127.40  2.3264379E-02
   7127.60  2.2018342E-02
   7127.80  2.1446364E-02
   7128.00  2.1459452E-02
   7128.20  2.1955847E-02
   7128.40  2.2777264E-02
   7128.60  2.3774933E-02
   7128.80  2.4888647E-02
   7129.00  2.6143502E-02
   7129.20  2.7579255E-02
   7129.40  2.9191323E-02
   7129.60  3.0939008E-02
   7129.80  3.2827164E-02
   7130.00  3.5002396E-02
   7130.20  3.7773604E-02
   7130.40  4.1532818E-02
   7130.60  4.6630552E-02
   7130.80  5.3242297E-02
   7131.00  6.1204466E-02
   7131.20  6.9853908E-02
   7131.40  7.8033261E-02
   7131.60  8.4477543E-02
   7131.80  8.8443837E-02
   7132.00  9.0057118E-02
   7132.20  9.0083544E-02
   7132.40  8.9420395E-02
   7132.60  8.8703420E-02
   7132.80  8.8078380E-02
   7133.00  8.7154684E-02
   7133.20  8.5060703E-02
   7133.40  8.1014093E-02
   7133.60  7.5148629E-02
   7133.80  6.8650416E-02
   7134.00  6.2944680E-02
   7134.20  5.8907781E-02
   7134.40  5.6696036E-02
   7134.60  5.5993060E-02
   7134.80  5.6339328E-02
   7135.00  5.7277493E-02
   7135.20  5.8377389E-02
   7135.40  5.9279668E-02
   7135.60  5.9750265E-02
   7135.80  5.9701697E-02
   7136.00  5.9165586E-02
   7136.20  5.8242047E-02
   7136.40  5.7051543E-02
   7136.60  5.5704058E-02
   7136.80  5.4286215E-02
   7137.00  5.2859992E-02
   7137.20  5.1466582E-02
   7137.40  5.0129477E-02
   7137.60  4.8863694E-02
   7137.80  4.7678155E-02
   7138.00  4.6576965E-02
   7138.20  4.5560930E-02
   7138.40  4.4629360E-02
   7138.60  4.3780211E-02
   7138.80  4.3014400E-02
   7139.00  4.2329917E-02
   7139.20  4.1716941E-02
   7139.40  4.1172508E-02
   7139.60  4.0693109E-02
   7139.80  4.0275341E-02
   7140.00  3.9915545E-02
   7140.20  3.9609642E-02
   7140.40  3.9353281E-02
   7140.60  3.9142210E-02
   7140.80  3.8971848E-02
   7141.00  3.8837319E-02
   7141.20  3.8733552E-02
   7141.40  3.8655341E-02
   7141.60  3.8597232E-02
   7141.80  3.8553494E-02
   7142.00  3.8518301E-02
   7142.20  3.8485844E-02
   7142.40  3.8450771E-02
   7142.60  3.8387565E-02
   7142.80  3.8333396E-02
   7143.00  3.8265213E-02
   7143.20  3.8181587E-02
   7143.40  3.8082402E-02
   7143.60  3.7968922E-02
   7143.80  3.7843559E-02
   7144.00  3.7709782E-02
   7144.20  3.7571988E-02
   7144.40  3.7435414E-02
   7144.60  3.7306009E-02
   7144.80  3.7190530E-02
   7145.00  3.7096183E-02
   7145.20  3.7030825E-02
   7145.40  3.7002716E-02
   7145.60  3.7015899E-02
   7145.80  3.7068078E-02
   7146.00  3.7173112E-02
   7146.20  3.7334894E-02
   7146.40  3.7554223E-02
   7146.60  3.7827762E-02
   7146.80  3.8147201E-02
   7147.00  3.8499260E-02
   7147.20  3.8880792E-02
   7147.40  3.9244435E-02
   7147.60  3.9583929E-02
   7147.80  3.9882617E-02
   7148.00  4.0128064E-02
   7148.20  4.0312646E-02
   7148.40  4.0433201E-02
   7148.60  4.0490164E-02
   7148.80  4.0486432E-02
   7149.00  4.0426327E-02
   7149.20  4.0314769E-02
   7149.40  4.0157267E-02
   7149.60  3.9959177E-02
   7149.80  3.9724136E-02
   7150.00  3.9455241E-02
   7150.20  3.9155863E-02
   7150.40  3.8828381E-02
   7150.60  3.8475554E-02
   7150.80  3.8099078E-02
   7151.00  3.7700745E-02
   7151.20  3.7282569E-02
   7151.40  3.6831504E-02
   7151.60  3.6370951E-02
   7151.80  3.5899137E-02
   7152.00  3.5412807E-02
   7152.20  3.4912740E-02
   7152.40  3.4399851E-02
   7152.60  3.3875025E-02
   7152.80  3.3339347E-02
   7153.00  3.2793190E-02
   7153.20  3.2235120E-02
   7153.40  3.1666317E-02
   7153.60  3.1089583E-02
   7153.80  3.0501698E-02
   7154.00  2.9903786E-02
   7154.20  2.9297176E-02
   7154.40  2.8681241E-02
   7154.60  2.8056192E-02
   7154.80  2.7422419E-02
   7155.00  2.6780831E-02
   7155.20  2.6132436E-02
   7155.40  2.5478144E-02
   7155.60  2.4819584E-02
   7155.80  2.4158729E-02
   7156.00  2.3497690E-02
   7156.20  2.2838882E-02
   7156.40  2.2184972E-02
   7156.60  2.1538371E-02
   7156.80  2.0900973E-02
   7157.00  2.0274860E-02
   7157.20  1.9661879E-02
   7157.40  1.9063612E-02
   7157.60  1.8481375E-02
   7157.80  1.7916260E-02
   7158.00  1.7369410E-02
   7158.20  1.6841542E-02
   7158.40  1.6333071E-02
   7158.60  1.5844553E-02
   7158.80  1.5376668E-02
   7159.00  1.4930080E-02
   7159.20  1.4505565E-02
   7159.40  1.4104041E-02
   7159.60  1.3726577E-02
   7159.80  1.3374608E-02
   7160.00  1.3049466E-02
   7160.20  1.2752575E-02
   7160.40  1.2485643E-02
   7160.60  1.2250491E-02
   7160.80  1.2055966E-02
   7161.00  1.1890458E-02
   7161.20  1.1762437E-02
   7161.40  1.1674083E-02
   7161.60  1.1627426E-02
   7161.80  1.1623763E-02
   7162.00  1.1664191E-02
   7162.20  1.1749400E-02
   7162.40  1.1879682E-02
   7162.60  1.2063943E-02
   7162.80  1.2292782E-02
   7163.00  1.2554910E-02
   7163.20  1.2857010E-02
   7163.40  1.3223339E-02
   7163.60  1.3596814E-02
   7163.80  1.3998995E-02
   7164.00  1.4425057E-02
   7164.20  1.4869955E-02
   7164.40  1.5328644E-02
   7164.60  1.5796054E-02
   7164.80  1.6266989E-02
   7165.00  1.6736634E-02
   7165.20  1.7200582E-02
   7165.40  1.7654929E-02
   7165.60  1.8096304E-02
   7165.80  1.8522118E-02
   7166.00  1.8930285E-02
   7166.20  1.9319302E-02
   7166.40  1.9688257E-02
   7166.60  2.0036564E-02
   7166.80  2.0364565E-02
   7167.00  2.0672826E-02
   7167.20  2.0962117E-02
   7167.40  2.1233413E-02
   7167.60  2.1487911E-02
   7167.80  2.1727037E-02
   7168.00  2.1952174E-02
   7168.20  2.2164801E-02
   7168.40  2.2366337E-02
   7168.60  2.2558156E-02
   7168.80  2.2741565E-02
   7169.00  2.2917859E-02
   7169.20  2.3088241E-02
   7169.40  2.3253758E-02
   7169.60  2.3415649E-02
   7169.80  2.3574850E-02
   7170.00  2.3732382E-02
   7170.20  2.3888934E-02
   7170.40  2.4045593E-02
   7170.60  2.4202744E-02
   7170.80  2.4360783E-02
   7171.00  2.4520151E-02
   7171.20  2.4681221E-02
   7171.40  2.4844384E-02
   7171.60  2.5009789E-02
   7171.80  2.5177597E-02
   7172.00  2.5347805E-02
