  7112.000   26  1  1  2.3615183E-02 -3.2396998E+00 -2.9212957E+00  1  1  7.2674432E+03  0.0000000E+00  0.0000000E+00  2.4551940E+00  1.0000000E+00  0.0000000E+00 = E_edge, Z, n_edge, j_edge, Abs_before_edge, VO_interstitial, E_cut, ninitl, ninit1, Epsii, UnitCell_Volume, Surface_ref, f0_forward, natomsym_f, abs_u_i
    Energy    <xanes>    
   7097.00  8.3372614E-05
   7097.20  6.2516197E-04
   7097.40  5.0399133E-04
   7097.60  8.0494605E-05
   7097.80  4.4634241E-05
   7098.00  3.5801504E-05
   7098.20  3.3993296E-05
   7098.40  3.6583517E-05
   7098.60  4.7407575E-05
   7098.80  1.0280276E-04
   7099.00  9.7176482E-03
   7099.20  1.3631485E-04
   7099.40  6.2955383E-05
   7099.60  6.3035588E-05
   7099.80  9.9345977E-05
   7100.00  4.8587873E-03
   7100.20  3.1065037E-02
   7100.40  2.3168622E-03
   7100.60  1.3591423E-04
   7100.80  6.6956372E-05
   7101.00  4.8488912E-05
   7101.20  4.2257699E-05
   7101.40  4.2607841E-05
   7101.60  6.6285908E-05
   7101.80  1.0331650E-04
   7102.00  2.4734779E-02
   7102.20  1.5719331E-04
   7102.40  1.0049764E-04
   7102.60  6.1411183E-05
   7102.80  4.1160890E-05
   7103.00  4.0740577E-05
   7103.20  4.3094438E-05
   7103.40  4.7876746E-05
   7103.60  5.7006356E-05
   7103.80  1.0376240E-04
   7104.00  3.2242292E-04
   7104.20  1.4332602E-04
   7104.40  2.5110274E-04
   7104.60  8.7740535E-04
   7104.80  5.2483635E-02
   7105.00  4.0005224E-03
   7105.20  5.0241977E-04
   7105.40  4.8435643E-04
   7105.60  4.4550585E-04
   7105.80  1.3658668E-04
   7106.00  1.2044206E-04
   7106.20  3.9870973E-04
   7106.40  2.2011244E-04
   7106.60  1.7773249E-04
   7106.80  1.5727614E-03
   7107.00  6.6057424E-04
   7107.20  1.4187577E-03
   7107.40  4.0911183E-02
   7107.60  7.1613584E-04
   7107.80  1.2263896E-02
   7108.00  3.4393889E-03
   7108.20  4.9353122E-04
   7108.40  4.3568380E-03
   7108.60  1.2176195E-02
   7108.80  2.0581729E-02
   7109.00  3.5569553E-03
   7109.20  3.2080497E-03
   7109.40  1.1008497E-02
   7109.60  6.7383065E-03
   7109.80  6.3152048E-03
   7110.00  2.4142631E-02
   7110.20  3.1960980E-02
   7110.40  2.6105385E-02
   7110.60  2.6793834E-02
   7110.80  2.9460494E-02
   7111.00  2.6721315E-02
   7111.20  3.6835205E-02
   7111.40  2.9851028E-02
   7111.60  2.4433069E-02
   7111.80  2.8899006E-02
   7112.00  5.1724482E-02
   7112.20  7.6026342E-02
   7112.40  4.6586637E-02
   7112.60  2.4585820E-02
   7112.80  1.8505328E-02
   7113.00  1.7251928E-02
   7113.20  1.3201505E-02
   7113.40  9.2665599E-03
   7113.60  7.1101319E-03
   7113.80  5.9049916E-03
   7114.00  5.0945266E-03
   7114.20  4.3712906E-03
   7114.40  3.6051762E-03
   7114.60  2.9299188E-03
   7114.80  2.6237692E-03
   7115.00  3.1275492E-03
   7115.20  2.9053078E-03
   7115.40  2.0549019E-03
   7115.60  1.8877438E-03
   7115.80  1.9124447E-03
   7116.00  1.9684840E-03
   7116.20  2.0208124E-03
   7116.40  2.0805055E-03
   7116.60  2.1566306E-03
   7116.80  2.2536742E-03
   7117.00  2.3781429E-03
   7117.20  2.5185714E-03
   7117.40  2.6990039E-03
   7117.60  2.8920919E-03
   7117.80  3.0988416E-03
   7118.00  3.2682013E-03
   7118.20  3.3211077E-03
   7118.40  3.3224255E-03
   7118.60  3.3553966E-03
   7118.80  3.3752703E-03
   7119.00  3.3364653E-03
   7119.20  3.2744559E-03
   7119.40  3.2179764E-03
   7119.60  3.1732458E-03
   7119.80  3.1492501E-03
   7120.00  3.1607868E-03
   7120.20  3.2123481E-03
   7120.40  3.2989901E-03
   7120.60  3.4166673E-03
   7120.80  3.5625213E-03
   7121.00  3.7377624E-03
   7121.20  3.9452589E-03
   7121.40  4.1901199E-03
   7121.60  4.4797814E-03
   7121.80  4.8329624E-03
   7122.00  5.2630122E-03
   7122.20  5.7808280E-03
   7122.40  6.3985960E-03
   7122.60  7.1271049E-03
   7122.80  7.9815415E-03
   7123.00  8.9853724E-03
   7123.20  1.0169326E-02
   7123.40  1.1564900E-02
   7123.60  1.3196861E-02
   7123.80  1.5077405E-02
   7124.00  1.7201467E-02
   7124.20  1.9548731E-02
   7124.40  2.2070382E-02
   7124.60  2.4649051E-02
   7124.80  2.7039948E-02
   7125.00  2.8981654E-02
   7125.20  3.0260379E-02
   7125.40  3.0900398E-02
   7125.60  3.1127491E-02
   7125.80  3.1030683E-02
   7126.00  3.0711998E-02
   7126.20  3.0242223E-02
   7126.40  2.9724114E-02
   7126.60  2.9240913E-02
   7126.80  2.8842542E-02
   7127.00  2.8517086E-02
   7127.20  2.8227374E-02
   7127.40  2.7907431E-02
   7127.60  2.7514595E-02
   7127.80  2.7018676E-02
   7128.00  2.6402299E-02
   7128.20  2.5679253E-02
   7128.40  2.4894137E-02
   7128.60  2.4102525E-02
   7128.80  2.3352754E-02
   7129.00  2.2678542E-02
   7129.20  2.2099788E-02
   7129.40  2.1625980E-02
   7129.60  2.1259442E-02
   7129.80  2.1002107E-02
   7130.00  2.0847536E-02
   7130.20  2.0786862E-02
   7130.40  2.0811913E-02
   7130.60  2.0919420E-02
   7130.80  2.1112407E-02
   7131.00  2.1398284E-02
   7131.20  2.1784929E-02
   7131.40  2.2276437E-02
   7131.60  2.2870978E-02
   7131.80  2.3560134E-02
   7132.00  2.4328700E-02
   7132.20  2.5153937E-02
   7132.40  2.6004779E-02
   7132.60  2.6842565E-02
   7132.80  2.7633049E-02
   7133.00  2.8381233E-02
   7133.20  2.9170142E-02
   7133.40  3.0139180E-02
   7133.60  3.1380463E-02
   7133.80  3.2891281E-02
   7134.00  3.4375547E-02
   7134.20  3.5654379E-02
   7134.40  3.6592561E-02
   7134.60  3.7185624E-02
   7134.80  3.7516018E-02
   7135.00  3.7689970E-02
   7135.20  3.7801249E-02
   7135.40  3.7916607E-02
   7135.60  3.8078820E-02
   7135.80  3.8312020E-02
   7136.00  3.8624836E-02
   7136.20  3.9013668E-02
   7136.40  3.9465668E-02
   7136.60  3.9961714E-02
   7136.80  4.0479738E-02
   7137.00  4.0998529E-02
   7137.20  4.1500365E-02
   7137.40  4.1974312E-02
   7137.60  4.2417390E-02
   7137.80  4.2834233E-02
   7138.00  4.3235104E-02
   7138.20  4.3632901E-02
   7138.40  4.4041743E-02
   7138.60  4.4474545E-02
   7138.80  4.4941838E-02
   7139.00  4.5449739E-02
   7139.20  4.6000083E-02
   7139.40  4.6588551E-02
   7139.60  4.7206246E-02
   7139.80  4.7840005E-02
   7140.00  4.8473867E-02
   7140.20  4.9091330E-02
   7140.40  4.9676119E-02
   7140.60  5.0214988E-02
   7140.80  5.0698533E-02
   7141.00  5.1122401E-02
   7141.20  5.1509584E-02
   7141.40  5.1839831E-02
   7141.60  5.2115524E-02
   7141.80  5.2340417E-02
   7142.00  5.2518534E-02
   7142.20  5.2653685E-02
   7142.40  5.2749083E-02
   7142.60  5.2807301E-02
   7142.80  5.2830313E-02
   7143.00  5.2819039E-02
   7143.20  5.2774412E-02
   7143.40  5.2697558E-02
   7143.60  5.2589980E-02
   7143.80  5.2453850E-02
   7144.00  5.2292163E-02
   7144.20  5.2108965E-02
   7144.40  5.1908534E-02
   7144.60  5.1695964E-02
   7144.80  5.1476576E-02
   7145.00  5.1255693E-02
   7145.20  5.1038315E-02
   7145.40  5.0828720E-02
   7145.60  5.0630607E-02
   7145.80  5.0447066E-02
   7146.00  5.0280005E-02
   7146.20  5.0130667E-02
   7146.40  4.9999614E-02
   7146.60  4.9886735E-02
   7146.80  4.9791354E-02
   7147.00  4.9712291E-02
   7147.20  4.9647981E-02
   7147.40  4.9596546E-02
   7147.60  4.9564872E-02
   7147.80  4.9532809E-02
   7148.00  4.9505824E-02
   7148.20  4.9482852E-02
   7148.40  4.9461541E-02
   7148.60  4.9436736E-02
   7148.80  4.9410237E-02
   7149.00  4.9381509E-02
   7149.20  4.9347295E-02
   7149.40  4.9306497E-02
   7149.60  4.9258386E-02
   7149.80  4.9202336E-02
   7150.00  4.9137925E-02
   7150.20  4.9065025E-02
   7150.40  4.8983647E-02
   7150.60  4.8893835E-02
   7150.80  4.8795507E-02
   7151.00  4.8688569E-02
   7151.20  4.8572838E-02
   7151.40  4.8447759E-02
   7151.60  4.8312472E-02
   7151.80  4.8165578E-02
   7152.00  4.8005095E-02
   7152.20  4.7828835E-02
   7152.40  4.7634133E-02
   7152.60  4.7418334E-02
   7152.80  4.7178809E-02
   7153.00  4.6913388E-02
   7153.20  4.6620755E-02
   7153.40  4.6299216E-02
   7153.60  4.5948602E-02
   7153.80  4.5569763E-02
   7154.00  4.5164174E-02
   7154.20  4.4734038E-02
   7154.40  4.4282314E-02
   7154.60  4.3807077E-02
   7154.80  4.3322925E-02
   7155.00  4.2827745E-02
   7155.20  4.2324439E-02
   7155.40  4.1813238E-02
   7155.60  4.1300665E-02
   7155.80  4.0789324E-02
   7156.00  4.0281465E-02
   7156.20  3.9779265E-02
   7156.40  3.9284262E-02
   7156.60  3.8797483E-02
   7156.80  3.8320021E-02
   7157.00  3.7852802E-02
   7157.20  3.7396691E-02
   7157.40  3.6952450E-02
   7157.60  3.6520797E-02
   7157.80  3.6102372E-02
   7158.00  3.5697877E-02
   7158.20  3.5308109E-02
   7158.40  3.4932987E-02
   7158.60  3.4572736E-02
   7158.80  3.4227364E-02
   7159.00  3.3892480E-02
   7159.20  3.3576323E-02
   7159.40  3.3273705E-02
   7159.60  3.2983548E-02
   7159.80  3.2704521E-02
   7160.00  3.2435050E-02
   7160.20  3.2173832E-02
   7160.40  3.1918483E-02
   7160.60  3.1664280E-02
   7160.80  3.1414394E-02
   7161.00  3.1164663E-02
   7161.20  3.0913567E-02
   7161.40  3.0659957E-02
   7161.60  3.0410607E-02
   7161.80  3.0152768E-02
   7162.00  2.9888029E-02
   7162.20  2.9620114E-02
   7162.40  2.9350080E-02
   7162.60  2.9078843E-02
   7162.80  2.8807399E-02
   7163.00  2.8537003E-02
   7163.20  2.8268979E-02
   7163.40  2.8004435E-02
   7163.60  2.7744793E-02
   7163.80  2.7491343E-02
   7164.00  2.7245137E-02
   7164.20  2.7007201E-02
   7164.40  2.6778322E-02
   7164.60  2.6559198E-02
   7164.80  2.6350431E-02
   7165.00  2.6152769E-02
   7165.20  2.5966200E-02
   7165.40  2.5790898E-02
   7165.60  2.5633522E-02
   7165.80  2.5481099E-02
   7166.00  2.5339984E-02
   7166.20  2.5210060E-02
   7166.40  2.5091134E-02
   7166.60  2.4982986E-02
   7166.80  2.4885379E-02
   7167.00  2.4798113E-02
   7167.20  2.4720980E-02
   7167.40  2.4653780E-02
   7167.60  2.4596399E-02
   7167.80  2.4548792E-02
   7168.00  2.4510666E-02
   7168.20  2.4481879E-02
   7168.40  2.4462334E-02
   7168.60  2.4451888E-02
   7168.80  2.4450401E-02
   7169.00  2.4457744E-02
   7169.20  2.4473691E-02
   7169.40  2.4498042E-02
   7169.60  2.4530634E-02
   7169.80  2.4571213E-02
   7170.00  2.4619791E-02
   7170.20  2.4675834E-02
   7170.40  2.4738881E-02
   7170.60  2.4808607E-02
   7170.80  2.4884681E-02
   7171.00  2.4966687E-02
   7171.20  2.5054331E-02
   7171.40  2.5147289E-02
   7171.60  2.5245178E-02
   7171.80  2.5347702E-02
   7172.00  2.5454697E-02
