  7112.000   26  1  1  1.7987229E-02 -2.0469490E+00 -1.9796434E+00  1  1  7.2657977E+03  0.0000000E+00  0.0000000E+00  2.2942517E+00  1.0000000E+00  0.0000000E+00 = E_edge, Z, n_edge, j_edge, Abs_before_edge, VO_interstitial, E_cut, ninitl, ninit1, Epsii, UnitCell_Volume, Surface_ref, f0_forward, natomsym_f, abs_u_i
    Energy    <xanes>    
   7097.00  2.2686356E-05
   7097.20  2.3029409E-05
   7097.40  2.3431536E-05
   7097.60  2.3906507E-05
   7097.80  2.4471057E-05
   7098.00  2.5150392E-05
   7098.20  2.5978316E-05
   7098.40  2.7003615E-05
   7098.60  2.8302477E-05
   7098.80  2.9991707E-05
   7099.00  3.2265365E-05
   7099.20  3.5468671E-05
   7099.40  4.0269583E-05
   7099.60  4.8130843E-05
   7099.80  6.2864517E-05
   7100.00  9.7519994E-05
   7100.20  2.2670543E-04
   7100.40  2.6511269E-03
   7100.60  9.0280796E-04
   7100.80  2.4732548E-04
   7101.00  4.7960861E-04
   7101.20  1.1103774E-02
   7101.40  3.6299969E-04
   7101.60  1.5290797E-02
   7101.80  2.3082054E-04
   7102.00  1.7452490E-04
   7102.20  3.7430069E-04
   7102.40  7.0421138E-02
   7102.60  1.0235146E-01
   7102.80  1.1296740E-03
   7103.00  2.1653932E-04
   7103.20  2.1958998E-04
   7103.40  2.3414263E-03
   7103.60  1.4714390E-03
   7103.80  3.1502516E-02
   7104.00  1.3011936E-02
   7104.20  3.2621305E-04
   7104.40  3.6885877E-04
   7104.60  7.7496329E-02
   7104.80  4.1298340E-04
   7105.00  7.5379717E-04
   7105.20  9.6806303E-04
   7105.40  2.8826424E-02
   7105.60  2.9600874E-04
   7105.80  1.6050015E-04
   7106.00  4.8106056E-04
   7106.20  3.6378521E-04
   7106.40  3.0533870E-04
   7106.60  2.0144913E-04
   7106.80  5.2826944E-04
   7107.00  5.5490678E-03
   7107.20  2.5108456E-02
   7107.40  1.0815720E-03
   7107.60  2.3191867E-03
   7107.80  3.6495176E-04
   7108.00  3.1231808E-03
   7108.20  5.3959787E-04
   7108.40  5.2293871E-03
   7108.60  1.3868454E-02
   7108.80  2.4703711E-02
   7109.00  3.7130151E-03
   7109.20  4.2622858E-03
   7109.40  1.0951554E-03
   7109.60  8.4044739E-03
   7109.80  2.6822942E-03
   7110.00  1.3031449E-03
   7110.20  7.4491197E-05
   7110.40  1.3128088E-03
   7110.60  1.7245773E-02
   7110.80  7.3526157E-03
   7111.00  1.3882102E-02
   7111.20  1.6646312E-02
   7111.40  4.1592928E-02
   7111.60  2.6254749E-02
   7111.80  2.8817918E-02
   7112.00  3.6567959E-02
   7112.20  3.1782654E-02
   7112.40  1.8048066E-02
   7112.60  1.1979640E-02
   7112.80  1.4786304E-02
   7113.00  2.9827386E-02
   7113.20  4.7779093E-02
   7113.40  5.1227746E-02
   7113.60  5.5125341E-02
   7113.80  9.0085785E-02
   7114.00  6.0641876E-02
   7114.20  3.8649619E-02
   7114.40  2.1622163E-02
   7114.60  1.4005282E-02
   7114.80  1.0213339E-02
   7115.00  7.7811373E-03
   7115.20  6.4901383E-03
   7115.40  5.6266702E-03
   7115.60  5.0383134E-03
   7115.80  4.6476858E-03
   7116.00  4.4320866E-03
   7116.20  4.4189598E-03
   7116.40  4.4180989E-03
   7116.60  4.2805840E-03
   7116.80  4.2267631E-03
   7117.00  4.4547637E-03
   7117.20  5.0391312E-03
   7117.40  5.7741806E-03
   7117.60  6.0918558E-03
   7117.80  6.1313700E-03
   7118.00  6.6972105E-03
   7118.20  8.3719100E-03
   7118.40  1.0010978E-02
   7118.60  8.6927063E-03
   7118.80  6.6671003E-03
   7119.00  5.4810603E-03
   7119.20  4.9263251E-03
   7119.40  4.8188476E-03
   7119.60  5.0460321E-03
   7119.80  5.5469188E-03
   7120.00  6.3709328E-03
   7120.20  7.5444103E-03
   7120.40  8.7116142E-03
   7120.60  8.9686832E-03
   7120.80  8.0293647E-03
   7121.00  7.0504500E-03
   7121.20  6.5502498E-03
   7121.40  6.5318383E-03
   7121.60  6.8618666E-03
   7121.80  7.4187481E-03
   7122.00  8.1353021E-03
   7122.20  8.9958336E-03
   7122.40  1.0004509E-02
   7122.60  1.1169983E-02
   7122.80  1.2475253E-02
   7123.00  1.3872606E-02
   7123.20  1.5318682E-02
   7123.40  1.6769102E-02
   7123.60  1.8180311E-02
   7123.80  1.9508698E-02
   7124.00  2.0756349E-02
   7124.20  2.1945997E-02
   7124.40  2.3085442E-02
   7124.60  2.4156963E-02
   7124.80  2.5148704E-02
   7125.00  2.6088452E-02
   7125.20  2.7017502E-02
   7125.40  2.7895524E-02
   7125.60  2.8611330E-02
   7125.80  2.9012793E-02
   7126.00  2.8992320E-02
   7126.20  2.8570906E-02
   7126.40  2.7838609E-02
   7126.60  2.7196705E-02
   7126.80  2.6886353E-02
   7127.00  2.6990545E-02
   7127.20  2.7605888E-02
   7127.40  2.8630717E-02
   7127.60  3.0044350E-02
   7127.80  3.1642905E-02
   7128.00  3.3375109E-02
   7128.20  3.5205922E-02
   7128.40  3.7131254E-02
   7128.60  3.9132941E-02
   7128.80  4.1168244E-02
   7129.00  4.3198668E-02
   7129.20  4.5212364E-02
   7129.40  4.7211432E-02
   7129.60  4.9179044E-02
   7129.80  5.1047387E-02
   7130.00  5.2692645E-02
   7130.20  5.3966275E-02
   7130.40  5.4750178E-02
   7130.60  5.5010067E-02
   7130.80  5.4821582E-02
   7131.00  5.4345471E-02
   7131.20  5.3772564E-02
   7131.40  5.3273092E-02
   7131.60  5.2969153E-02
   7131.80  5.2932537E-02
   7132.00  5.3169220E-02
   7132.20  5.3622795E-02
   7132.40  5.4188603E-02
   7132.60  5.4739969E-02
   7132.80  5.5162313E-02
   7133.00  5.5382747E-02
   7133.20  5.5381995E-02
   7133.40  5.5181999E-02
   7133.60  5.4820468E-02
   7133.80  5.4332898E-02
   7134.00  5.3751803E-02
   7134.20  5.3116215E-02
   7134.40  5.2477587E-02
   7134.60  5.1894304E-02
   7134.80  5.1418781E-02
   7135.00  5.1085705E-02
   7135.20  5.0905639E-02
   7135.40  5.0863365E-02
   7135.60  5.0919064E-02
   7135.80  5.1014639E-02
   7136.00  5.1086569E-02
   7136.20  5.1076282E-02
   7136.40  5.0945142E-02
   7136.60  5.0681475E-02
   7136.80  5.0300057E-02
   7137.00  4.9834012E-02
   7137.20  4.9324156E-02
   7137.40  4.8821736E-02
   7137.60  4.8342535E-02
   7137.80  4.7908290E-02
   7138.00  4.7531465E-02
   7138.20  4.7216172E-02
   7138.40  4.6959952E-02
   7138.60  4.6756872E-02
   7138.80  4.6598616E-02
   7139.00  4.6476454E-02
   7139.20  4.6381762E-02
   7139.40  4.6304451E-02
   7139.60  4.6223440E-02
   7139.80  4.6147553E-02
   7140.00  4.6052877E-02
   7140.20  4.5924235E-02
   7140.40  4.5745343E-02
   7140.60  4.5499701E-02
   7140.80  4.5172506E-02
   7141.00  4.4752857E-02
   7141.20  4.4235634E-02
   7141.40  4.3623483E-02
   7141.60  4.2927758E-02
   7141.80  4.2167910E-02
   7142.00  4.1369656E-02
   7142.20  4.0561224E-02
   7142.40  3.9769548E-02
   7142.60  3.9017137E-02
   7142.80  3.8320089E-02
   7143.00  3.7687616E-02
   7143.20  3.7122723E-02
   7143.40  3.6623207E-02
   7143.60  3.6182807E-02
   7143.80  3.5789486E-02
   7144.00  3.5435250E-02
   7144.20  3.5111572E-02
   7144.40  3.4810384E-02
   7144.60  3.4524062E-02
   7144.80  3.4245864E-02
   7145.00  3.3970099E-02
   7145.20  3.3692243E-02
   7145.40  3.3408917E-02
   7145.60  3.3117869E-02
   7145.80  3.2817957E-02
   7146.00  3.2509066E-02
   7146.20  3.2191814E-02
   7146.40  3.1867374E-02
   7146.60  3.1537274E-02
   7146.80  3.1203157E-02
   7147.00  3.0866546E-02
   7147.20  3.0530028E-02
   7147.40  3.0193861E-02
   7147.60  2.9858575E-02
   7147.80  2.9524539E-02
   7148.00  2.9192326E-02
   7148.20  2.8861838E-02
   7148.40  2.8533691E-02
   7148.60  2.8207929E-02
   7148.80  2.7885060E-02
   7149.00  2.7565778E-02
   7149.20  2.7250499E-02
   7149.40  2.6939986E-02
   7149.60  2.6635234E-02
   7149.80  2.6336722E-02
   7150.00  2.6045202E-02
   7150.20  2.5761537E-02
   7150.40  2.5486379E-02
   7150.60  2.5214475E-02
   7150.80  2.4957736E-02
   7151.00  2.4710878E-02
   7151.20  2.4474416E-02
   7151.40  2.4248316E-02
   7151.60  2.4032750E-02
   7151.80  2.3827858E-02
   7152.00  2.3633693E-02
   7152.20  2.3450406E-02
   7152.40  2.3277710E-02
   7152.60  2.3115515E-02
   7152.80  2.2963702E-02
   7153.00  2.2822141E-02
   7153.20  2.2690786E-02
   7153.40  2.2569533E-02
   7153.60  2.2458022E-02
   7153.80  2.2356040E-02
   7154.00  2.2263329E-02
   7154.20  2.2179569E-02
   7154.40  2.2104329E-02
   7154.60  2.2037324E-02
   7154.80  2.1977656E-02
   7155.00  2.1924458E-02
   7155.20  2.1876541E-02
   7155.40  2.1832664E-02
   7155.60  2.1791456E-02
   7155.80  2.1751453E-02
   7156.00  2.1711218E-02
   7156.20  2.1669211E-02
   7156.40  2.1623926E-02
   7156.60  2.1574136E-02
   7156.80  2.1518796E-02
   7157.00  2.1457053E-02
   7157.20  2.1388229E-02
   7157.40  2.1311809E-02
   7157.60  2.1227511E-02
   7157.80  2.1135183E-02
   7158.00  2.1034620E-02
   7158.20  2.0925843E-02
   7158.40  2.0809252E-02
   7158.60  2.0685977E-02
   7158.80  2.0555732E-02
   7159.00  2.0419476E-02
   7159.20  2.0278458E-02
   7159.40  2.0134220E-02
   7159.60  1.9988711E-02
   7159.80  1.9843693E-02
   7160.00  1.9701309E-02
   7160.20  1.9564602E-02
   7160.40  1.9435025E-02
   7160.60  1.9312964E-02
   7160.80  1.9203888E-02
   7161.00  1.9104948E-02
   7161.20  1.9021182E-02
   7161.40  1.8951700E-02
   7161.60  1.8898076E-02
   7161.80  1.8858706E-02
   7162.00  1.8834189E-02
   7162.20  1.8822656E-02
   7162.40  1.8826068E-02
   7162.60  1.8843972E-02
   7162.80  1.8875960E-02
   7163.00  1.8921769E-02
   7163.20  1.8982256E-02
   7163.40  1.9053503E-02
   7163.60  1.9136436E-02
   7163.80  1.9230307E-02
   7164.00  1.9334626E-02
   7164.20  1.9448451E-02
   7164.40  1.9571048E-02
   7164.60  1.9701645E-02
   7164.80  1.9839551E-02
   7165.00  1.9984274E-02
   7165.20  2.0135287E-02
   7165.40  2.0291933E-02
   7165.60  2.0453814E-02
   7165.80  2.0620519E-02
   7166.00  2.0791703E-02
   7166.20  2.0967087E-02
   7166.40  2.1146471E-02
   7166.60  2.1329457E-02
   7166.80  2.1515883E-02
   7167.00  2.1705900E-02
   7167.20  2.1898793E-02
   7167.40  2.2094242E-02
   7167.60  2.2292109E-02
   7167.80  2.2492147E-02
   7168.00  2.2693930E-02
   7168.20  2.2897067E-02
   7168.40  2.3101271E-02
   7168.60  2.3306163E-02
   7168.80  2.3511406E-02
   7169.00  2.3716723E-02
   7169.20  2.3921627E-02
   7169.40  2.4125994E-02
   7169.60  2.4329611E-02
   7169.80  2.4532159E-02
   7170.00  2.4733350E-02
   7170.20  2.4932895E-02
   7170.40  2.5130599E-02
   7170.60  2.5326228E-02
   7170.80  2.5519529E-02
   7171.00  2.5710328E-02
   7171.20  2.5898508E-02
   7171.40  2.6083920E-02
   7171.60  2.6266327E-02
   7171.80  2.6445533E-02
   7172.00  2.6621320E-02
