  7112.000   26  1  1  2.6823800E-02 -3.0653191E-01  0.0000000E+00  1  1  7.2637198E+03  0.0000000E+00  0.0000000E+00  4.1536765E+00  1.0000000E+00  0.0000000E+00 = E_edge, Z, n_edge, j_edge, Abs_before_edge, VO_interstitial, E_cut, ninitl, ninit1, Epsii, UnitCell_Volume, Surface_ref, f0_forward, natomsym_f, abs_u_i
    Energy    <xanes>    
   7097.00  6.5840617E-05
   7097.20  4.5276732E-05
   7097.40  3.6124817E-05
   7097.60  3.1361249E-05
   7097.80  2.8732215E-05
   7098.00  2.7540282E-05
   7098.20  2.8885365E-05
   7098.40  2.2482300E-04
   7098.60  5.9296710E-05
   7098.80  5.9503461E-05
   7099.00  2.7907302E-05
   7099.20  2.5524444E-05
   7099.40  2.7804702E-05
   7099.60  9.9463447E-05
   7099.80  3.8838144E-05
   7100.00  2.7196476E-05
   7100.20  2.8233159E-05
   7100.40  4.8233064E-05
   7100.60  8.4542999E-05
   7100.80  3.7552350E-05
   7101.00  2.6660940E-04
   7101.20  1.3722752E-04
   7101.40  8.2268867E-04
   7101.60  6.1066215E-05
   7101.80  3.6984611E-05
   7102.00  3.2182381E-05
   7102.20  3.1466255E-05
   7102.40  3.2675981E-05
   7102.60  3.5763980E-05
   7102.80  4.2051919E-05
   7103.00  5.6394620E-05
   7103.20  1.0289151E-04
   7103.40  5.4764053E-04
   7103.60  1.0543298E-03
   7103.80  2.9110248E-04
   7104.00  5.2354993E-03
   7104.20  1.3631621E-04
   7104.40  2.7247906E-04
   7104.60  2.8477668E-04
   7104.80  1.2963200E-04
   7105.00  5.0732479E-04
   7105.20  3.6853953E-04
   7105.40  1.4163611E-03
   7105.60  1.9996006E-03
   7105.80  1.1040319E-03
   7106.00  1.2828074E-03
   7106.20  5.1574346E-03
   7106.40  2.2203091E-04
   7106.60  3.3426676E-04
   7106.80  2.9019276E-02
   7107.00  2.8046077E-04
   7107.20  7.8784373E-04
   7107.40  1.0030052E-03
   7107.60  3.8129122E-04
   7107.80  1.1664262E-03
   7108.00  7.3015914E-02
   7108.20  1.2679131E-03
   7108.40  3.2362223E-04
   7108.60  1.6665973E-04
   7108.80  1.1890282E-04
   7109.00  1.1850082E-04
   7109.20  1.9887771E-03
   7109.40  2.1047517E-04
   7109.60  1.7278338E-03
   7109.80  1.1586245E-03
   7110.00  1.0614015E-03
   7110.20  1.2645609E-03
   7110.40  7.2418075E-04
   7110.60  6.4761687E-03
   7110.80  2.4655960E-03
   7111.00  1.2093698E-03
   7111.20  1.6288665E-03
   7111.40  1.8327852E-04
   7111.60  3.7374633E-04
   7111.80  2.0638965E-03
   7112.00  1.2116581E-04
   7112.20  4.8108403E-04
   7112.40  8.3025054E-04
   7112.60  3.4665812E-03
   7112.80  2.1955423E-03
   7113.00  1.1512350E-01
   7113.20  3.9791658E-03
   7113.40  1.0042308E-02
   7113.60  1.6082860E-01
   7113.80  9.1593894E-03
   7114.00  3.4804890E-03
   7114.20  2.1014706E-03
   7114.40  1.5807420E-03
   7114.60  1.4082344E-03
   7114.80  1.5569836E-03
   7115.00  2.6727250E-03
   7115.20  1.3195900E-02
   7115.40  1.6058206E-02
   7115.60  7.5639368E-03
   7115.80  7.6722424E-03
   7116.00  4.9740322E-03
   7116.20  6.6788928E-03
   7116.40  2.0114697E-02
   7116.60  8.3907606E-02
   7116.80  4.1324051E-02
   7117.00  8.8353693E-03
   7117.20  3.9712198E-03
   7117.40  2.4822300E-03
   7117.60  1.8396489E-03
   7117.80  1.5130379E-03
   7118.00  1.3378850E-03
   7118.20  1.2527603E-03
   7118.40  1.2360932E-03
   7118.60  1.2893758E-03
   7118.80  1.4185830E-03
   7119.00  1.7406771E-03
   7119.20  2.4305370E-03
   7119.40  3.9836944E-03
   7119.60  5.2727180E-03
   7119.80  4.7522159E-03
   7120.00  5.1379640E-03
   7120.20  6.1700165E-03
   7120.40  5.5410663E-03
   7120.60  5.2295311E-03
   7120.80  5.3394906E-03
   7121.00  5.4348185E-03
   7121.20  5.6359076E-03
   7121.40  6.1035093E-03
   7121.60  6.8404567E-03
   7121.80  7.3087830E-03
   7122.00  7.6985367E-03
   7122.20  7.9823760E-03
   7122.40  8.4833213E-03
   7122.60  9.4212594E-03
   7122.80  1.0335021E-02
   7123.00  1.1234673E-02
   7123.20  1.2445679E-02
   7123.40  1.3737326E-02
   7123.60  1.4320113E-02
   7123.80  1.4109097E-02
   7124.00  1.3579303E-02
   7124.20  1.3046328E-02
   7124.40  1.2901650E-02
   7124.60  1.3130162E-02
   7124.80  1.3579195E-02
   7125.00  1.4007945E-02
   7125.20  1.4052926E-02
   7125.40  1.3714611E-02
   7125.60  1.3336431E-02
   7125.80  1.3255636E-02
   7126.00  1.3658347E-02
   7126.20  1.4642868E-02
   7126.40  1.6243810E-02
   7126.60  1.8382370E-02
   7126.80  2.0820889E-02
   7127.00  2.3268519E-02
   7127.20  2.5414020E-02
   7127.40  2.6934015E-02
   7127.60  2.7692633E-02
   7127.80  2.7767473E-02
   7128.00  2.7360309E-02
   7128.20  2.6738171E-02
   7128.40  2.6158833E-02
   7128.60  2.5806437E-02
   7128.80  2.5775523E-02
   7129.00  2.6085050E-02
   7129.20  2.6706323E-02
   7129.40  2.7609496E-02
   7129.60  2.8798999E-02
   7129.80  3.0314139E-02
   7130.00  3.2198973E-02
   7130.20  3.4455081E-02
   7130.40  3.6977465E-02
   7130.60  3.9482542E-02
   7130.80  4.1493954E-02
   7131.00  4.2502834E-02
   7131.20  4.2293202E-02
   7131.40  4.1123232E-02
   7131.60  3.9530255E-02
   7131.80  3.7844176E-02
   7132.00  3.6008053E-02
   7132.20  3.4248477E-02
   7132.40  3.3029172E-02
   7132.60  3.2424637E-02
   7132.80  3.2147305E-02
   7133.00  3.1899529E-02
   7133.20  3.1694995E-02
   7133.40  3.1558990E-02
   7133.60  3.1530377E-02
   7133.80  3.1635205E-02
   7134.00  3.1880868E-02
   7134.20  3.2270346E-02
   7134.40  3.2767293E-02
   7134.60  3.3350388E-02
   7134.80  3.3983372E-02
   7135.00  3.4620125E-02
   7135.20  3.5203397E-02
   7135.40  3.5668610E-02
   7135.60  3.5955772E-02
   7135.80  3.6026226E-02
   7136.00  3.5875605E-02
   7136.20  3.5535903E-02
   7136.40  3.5064566E-02
   7136.60  3.4528076E-02
   7136.80  3.3987689E-02
   7137.00  3.3491922E-02
   7137.20  3.3074475E-02
   7137.40  3.2708135E-02
   7137.60  3.2325818E-02
   7137.80  3.2253765E-02
   7138.00  3.2246413E-02
   7138.20  3.2386274E-02
   7138.40  3.2661325E-02
   7138.60  3.2974785E-02
   7138.80  3.3358143E-02
   7139.00  3.3801717E-02
   7139.20  3.4297392E-02
   7139.40  3.4838137E-02
   7139.60  3.5416577E-02
   7139.80  3.6024200E-02
   7140.00  3.6646560E-02
   7140.20  3.7271120E-02
   7140.40  3.7880971E-02
   7140.60  3.8430865E-02
   7140.80  3.8937788E-02
   7141.00  3.9358074E-02
   7141.20  3.9680099E-02
   7141.40  3.9905833E-02
   7141.60  4.0048045E-02
   7141.80  4.0127990E-02
   7142.00  4.0169602E-02
   7142.20  4.0195370E-02
   7142.40  4.0224580E-02
   7142.60  4.0272664E-02
   7142.80  4.0352556E-02
   7143.00  4.0474829E-02
   7143.20  4.0648119E-02
   7143.40  4.0879660E-02
   7143.60  4.1174788E-02
   7143.80  4.1537712E-02
   7144.00  4.1970865E-02
   7144.20  4.2473963E-02
   7144.40  4.3041761E-02
   7144.60  4.3662386E-02
   7144.80  4.4313819E-02
   7145.00  4.4963512E-02
   7145.20  4.5569570E-02
   7145.40  4.6085444E-02
   7145.60  4.6467590E-02
   7145.80  4.6683954E-02
   7146.00  4.6719803E-02
   7146.20  4.6578669E-02
   7146.40  4.6279856E-02
   7146.60  4.5881782E-02
   7146.80  4.5413167E-02
   7147.00  4.4878973E-02
   7147.20  4.4305874E-02
   7147.40  4.3717144E-02
   7147.60  4.3132207E-02
   7147.80  4.2567286E-02
   7148.00  4.2035770E-02
   7148.20  4.1548659E-02
   7148.40  4.1114785E-02
   7148.60  4.0741140E-02
   7148.80  4.0432702E-02
   7149.00  4.0192783E-02
   7149.20  4.0022826E-02
   7149.40  3.9922554E-02
   7149.60  3.9890149E-02
   7149.80  3.9922250E-02
   7150.00  4.0014166E-02
   7150.20  4.0160156E-02
   7150.40  4.0353447E-02
   7150.60  4.0586651E-02
   7150.80  4.0852162E-02
   7151.00  4.1142158E-02
   7151.20  4.1449189E-02
   7151.40  4.1766543E-02
   7151.60  4.2088871E-02
   7151.80  4.2412338E-02
   7152.00  4.2734660E-02
   7152.20  4.3055095E-02
   7152.40  4.3374234E-02
   7152.60  4.3693236E-02
   7152.80  4.4013432E-02
   7153.00  4.4335887E-02
   7153.20  4.4661031E-02
   7153.40  4.4988740E-02
   7153.60  4.5318180E-02
   7153.80  4.5647772E-02
   7154.00  4.5977369E-02
   7154.20  4.6302311E-02
   7154.40  4.6619909E-02
   7154.60  4.6927589E-02
   7154.80  4.7222838E-02
   7155.00  4.7503191E-02
   7155.20  4.7766108E-02
   7155.40  4.8008909E-02
   7155.60  4.8228724E-02
   7155.80  4.8422222E-02
   7156.00  4.8585698E-02
   7156.20  4.8714600E-02
   7156.40  4.8804127E-02
   7156.60  4.8849386E-02
   7156.80  4.8845332E-02
   7157.00  4.8787375E-02
   7157.20  4.8671640E-02
   7157.40  4.8495378E-02
   7157.60  4.8256707E-02
   7157.80  4.7954825E-02
   7158.00  4.7586894E-02
   7158.20  4.7163607E-02
   7158.40  4.6684751E-02
   7158.60  4.6155544E-02
   7158.80  4.5582247E-02
   7159.00  4.4971875E-02
   7159.20  4.4332564E-02
   7159.40  4.3671365E-02
   7159.60  4.2995793E-02
   7159.80  4.2312953E-02
   7160.00  4.1629403E-02
   7160.20  4.0950981E-02
   7160.40  4.0282495E-02
   7160.60  3.9627939E-02
   7160.80  3.8990380E-02
   7161.00  3.8372442E-02
   7161.20  3.7775381E-02
   7161.40  3.7199694E-02
   7161.60  3.6645529E-02
   7161.80  3.6112618E-02
   7162.00  3.5597945E-02
   7162.20  3.5103202E-02
   7162.40  3.4627269E-02
   7162.60  3.4169026E-02
   7162.80  3.3727315E-02
   7163.00  3.3300936E-02
   7163.20  3.2888964E-02
   7163.40  3.2489834E-02
   7163.60  3.2102446E-02
   7163.80  3.1725731E-02
   7164.00  3.1358676E-02
   7164.20  3.1000342E-02
   7164.40  3.0649911E-02
   7164.60  3.0306627E-02
   7164.80  2.9969848E-02
   7165.00  2.9639026E-02
   7165.20  2.9313801E-02
   7165.40  2.8994298E-02
   7165.60  2.8680243E-02
   7165.80  2.8371660E-02
   7166.00  2.8068695E-02
   7166.20  2.7771816E-02
   7166.40  2.7481538E-02
   7166.60  2.7198487E-02
   7166.80  2.6923375E-02
   7167.00  2.6656963E-02
   7167.20  2.6400041E-02
   7167.40  2.6154045E-02
   7167.60  2.5919268E-02
   7167.80  2.5696046E-02
   7168.00  2.5485165E-02
   7168.20  2.5286666E-02
   7168.40  2.5100792E-02
   7168.60  2.4927669E-02
   7168.80  2.4767419E-02
   7169.00  2.4620351E-02
   7169.20  2.4485933E-02
   7169.40  2.4364044E-02
   7169.60  2.4254454E-02
   7169.80  2.4156960E-02
   7170.00  2.4071407E-02
   7170.20  2.3997681E-02
   7170.40  2.3935660E-02
   7170.60  2.3885688E-02
   7170.80  2.3847611E-02
   7171.00  2.3821058E-02
   7171.20  2.3806028E-02
   7171.40  2.3802487E-02
   7171.60  2.3810277E-02
   7171.80  2.3829352E-02
   7172.00  2.3859580E-02
