  7112.000   26  1  1  8.9673754E-03 -2.6237937E+00 -1.9271345E+00  1  1  7.2657916E+03  0.0000000E+00  0.0000000E+00  1.8767262E+00  1.0000000E+00  0.0000000E+00 = E_edge, Z, n_edge, j_edge, Abs_before_edge, VO_interstitial, E_cut, ninitl, ninit1, Epsii, UnitCell_Volume, Surface_ref, f0_forward, natomsym_f, abs_u_i
    Energy    <xanes>    
   7097.00  1.9636095E-05
   7097.20  1.9698908E-05
   7097.40  1.9781538E-05
   7097.60  1.9887060E-05
   7097.80  2.0020027E-05
   7098.00  2.0187142E-05
   7098.20  2.0398353E-05
   7098.40  2.0668787E-05
   7098.60  2.1022490E-05
   7098.80  2.1499862E-05
   7099.00  2.2173646E-05
   7099.20  2.3187626E-05
   7099.40  2.4863981E-05
   7099.60  2.8067884E-05
   7099.80  3.5895984E-05
   7100.00  6.7557552E-05
   7100.20  9.9452328E-04
   7100.40  1.6103092E-04
   7100.60  5.7188246E-05
   7100.80  1.5332525E-03
   7101.00  4.9401261E-05
   7101.20  5.7792330E-05
   7101.40  1.3667210E-04
   7101.60  8.5403250E-03
   7101.80  2.0375251E-04
   7102.00  6.3753586E-05
   7102.20  4.1568063E-05
   7102.40  3.4895642E-05
   7102.60  3.3077562E-05
   7102.80  3.4586876E-05
   7103.00  4.4024798E-05
   7103.20  1.8037672E-04
   7103.40  1.2833981E-04
   7103.60  8.9407853E-05
   7103.80  1.8877290E-04
   7104.00  5.0875085E-04
   7104.20  8.7784247E-05
   7104.40  1.5141400E-04
   7104.60  2.5363033E-03
   7104.80  8.2454160E-05
   7105.00  5.5848664E-05
   7105.20  6.9454109E-05
   7105.40  8.3274179E-04
   7105.60  1.1469894E-04
   7105.80  8.6283554E-05
   7106.00  2.2641085E-03
   7106.20  1.0710578E-04
   7106.40  7.7294260E-05
   7106.60  9.9220663E-05
   7106.80  4.3536721E-04
   7107.00  3.5080564E-03
   7107.20  5.8214949E-02
   7107.40  2.2252819E-02
   7107.60  7.0604072E-04
   7107.80  2.7471102E-03
   7108.00  3.1840911E-04
   7108.20  2.2725075E-04
   7108.40  3.2610795E-04
   7108.60  2.5405977E-04
   7108.80  1.5850276E-03
   7109.00  8.2171898E-03
   7109.20  3.2201678E-03
   7109.40  3.0142520E-03
   7109.60  1.0785033E-02
   7109.80  3.5789775E-02
   7110.00  1.3170973E-02
   7110.20  8.4886324E-03
   7110.40  1.2206356E-02
   7110.60  7.7183202E-03
   7110.80  1.0539371E-02
   7111.00  2.6832152E-03
   7111.20  3.2350016E-03
   7111.40  4.0750346E-03
   7111.60  3.7543433E-03
   7111.80  2.4253892E-03
   7112.00  3.0602675E-03
   7112.20  3.1490601E-03
   7112.40  5.0731168E-03
   7112.60  1.3244483E-02
   7112.80  5.3647840E-02
   7113.00  3.9721901E-02
   7113.20  3.0125853E-02
   7113.40  5.4368902E-02
   7113.60  9.0116786E-02
   7113.80  8.9639522E-02
   7114.00  6.4236983E-02
   7114.20  4.2520702E-02
   7114.40  3.0141139E-02
   7114.60  2.2230967E-02
   7114.80  1.7331858E-02
   7115.00  1.4102359E-02
   7115.20  1.1904290E-02
   7115.40  1.0392135E-02
   7115.60  9.3760393E-03
   7115.80  8.7700698E-03
   7116.00  8.5589081E-03
   7116.20  9.0982641E-03
   7116.40  1.0678401E-02
   7116.60  1.3197045E-02
   7116.80  1.4999414E-02
   7117.00  1.5546199E-02
   7117.20  1.5960909E-02
   7117.40  1.4870457E-02
   7117.60  1.2820218E-02
   7117.80  1.1177500E-02
   7118.00  1.0070658E-02
   7118.20  9.3549882E-03
   7118.40  8.9150481E-03
   7118.60  8.6631081E-03
   7118.80  8.5269707E-03
   7119.00  8.4578869E-03
   7119.20  8.4317354E-03
   7119.40  8.4374718E-03
   7119.60  8.4627626E-03
   7119.80  8.4637687E-03
   7120.00  8.3204594E-03
   7120.20  7.9549118E-03
   7120.40  7.5348416E-03
   7120.60  7.1808024E-03
   7120.80  6.8934939E-03
   7121.00  6.7281570E-03
   7121.20  6.6979153E-03
   7121.40  6.7506978E-03
   7121.60  6.8452534E-03
   7121.80  6.9724173E-03
   7122.00  7.1255316E-03
   7122.20  7.2940242E-03
   7122.40  7.4640690E-03
   7122.60  7.6227016E-03
   7122.80  7.7650444E-03
   7123.00  7.9092080E-03
   7123.20  8.0504930E-03
   7123.40  8.2151865E-03
   7123.60  8.4220506E-03
   7123.80  8.6668212E-03
   7124.00  8.9591834E-03
   7124.20  9.2938172E-03
   7124.40  9.6665833E-03
   7124.60  1.0103182E-02
   7124.80  1.0649733E-02
   7125.00  1.1325414E-02
   7125.20  1.2122363E-02
   7125.40  1.3052599E-02
   7125.60  1.4174075E-02
   7125.80  1.5564499E-02
   7126.00  1.7260608E-02
   7126.20  1.9245260E-02
   7126.40  2.1418330E-02
   7126.60  2.3492441E-02
   7126.80  2.5101540E-02
   7127.00  2.6044476E-02
   7127.20  2.6360641E-02
   7127.40  2.6289053E-02
   7127.60  2.6059535E-02
   7127.80  2.5868781E-02
   7128.00  2.5757875E-02
   7128.20  2.5750642E-02
   7128.40  2.5885531E-02
   7128.60  2.6264099E-02
   7128.80  2.6788530E-02
   7129.00  2.7562812E-02
   7129.20  2.8624041E-02
   7129.40  3.0012208E-02
   7129.60  3.1718244E-02
   7129.80  3.3742720E-02
   7130.00  3.6074300E-02
   7130.20  3.8687908E-02
   7130.40  4.1551015E-02
   7130.60  4.4626569E-02
   7130.80  4.7820723E-02
   7131.00  5.1018478E-02
   7131.20  5.4123060E-02
   7131.40  5.7044839E-02
   7131.60  5.9708174E-02
   7131.80  6.2066065E-02
   7132.00  6.4114426E-02
   7132.20  6.5902918E-02
   7132.40  6.7538584E-02
   7132.60  6.9175325E-02
   7132.80  7.0985638E-02
   7133.00  7.3106009E-02
   7133.20  7.5548901E-02
   7133.40  7.8100392E-02
   7133.60  8.0261481E-02
   7133.80  8.1339282E-02
   7134.00  8.0780060E-02
   7134.20  7.8480256E-02
   7134.40  7.4811703E-02
   7134.60  7.0367606E-02
   7134.80  6.5686953E-02
   7135.00  6.1131136E-02
   7135.20  5.6890366E-02
   7135.40  5.3037693E-02
   7135.60  4.9579105E-02
   7135.80  4.6487550E-02
   7136.00  4.3722554E-02
   7136.20  4.1241110E-02
   7136.40  3.9003373E-02
   7136.60  3.6975140E-02
   7136.80  3.5129712E-02
   7137.00  3.3446912E-02
   7137.20  3.1912755E-02
   7137.40  3.0518789E-02
   7137.60  2.9260862E-02
   7137.80  2.8138511E-02
   7138.00  2.7153760E-02
   7138.20  2.6309487E-02
   7138.40  2.5608342E-02
   7138.60  2.5050904E-02
   7138.80  2.4634836E-02
   7139.00  2.4354327E-02
   7139.20  2.4199936E-02
   7139.40  2.4159101E-02
   7139.60  2.4217277E-02
   7139.80  2.4358967E-02
   7140.00  2.4567642E-02
   7140.20  2.4830643E-02
   7140.40  2.5136784E-02
   7140.60  2.5476629E-02
   7140.80  2.5843002E-02
   7141.00  2.6230938E-02
   7141.20  2.6637259E-02
   7141.40  2.7060245E-02
   7141.60  2.7499391E-02
   7141.80  2.7954573E-02
   7142.00  2.8425905E-02
   7142.20  2.8913171E-02
   7142.40  2.9415573E-02
   7142.60  2.9931243E-02
   7142.80  3.0457319E-02
   7143.00  3.0989618E-02
   7143.20  3.1522722E-02
   7143.40  3.2049725E-02
   7143.60  3.2562868E-02
   7143.80  3.3053706E-02
   7144.00  3.3513469E-02
   7144.20  3.3933511E-02
   7144.40  3.4305662E-02
   7144.60  3.4622832E-02
   7144.80  3.4878594E-02
   7145.00  3.5071209E-02
   7145.20  3.5196899E-02
   7145.40  3.5257122E-02
   7145.60  3.5254873E-02
   7145.80  3.5195504E-02
   7146.00  3.5086394E-02
   7146.20  3.4936236E-02
   7146.40  3.4754885E-02
   7146.60  3.4552610E-02
   7146.80  3.4339805E-02
   7147.00  3.4127806E-02
   7147.20  3.3934665E-02
   7147.40  3.3754991E-02
   7147.60  3.3595033E-02
   7147.80  3.3459864E-02
   7148.00  3.3353683E-02
   7148.20  3.3279793E-02
   7148.40  3.3240635E-02
   7148.60  3.3237953E-02
   7148.80  3.3272766E-02
   7149.00  3.3352006E-02
   7149.20  3.3463741E-02
   7149.40  3.3612366E-02
   7149.60  3.3796459E-02
   7149.80  3.4013856E-02
   7150.00  3.4262161E-02
   7150.20  3.4543153E-02
   7150.40  3.4845141E-02
   7150.60  3.5168786E-02
   7150.80  3.5510737E-02
   7151.00  3.5867618E-02
   7151.20  3.6236080E-02
   7151.40  3.6613042E-02
   7151.60  3.6995256E-02
   7151.80  3.7379870E-02
   7152.00  3.7764039E-02
   7152.20  3.8149654E-02
   7152.40  3.8524960E-02
   7152.60  3.8892712E-02
   7152.80  3.9248910E-02
   7153.00  3.9591803E-02
   7153.20  3.9919053E-02
   7153.40  4.0228483E-02
   7153.60  4.0518185E-02
   7153.80  4.0786384E-02
   7154.00  4.1031767E-02
   7154.20  4.1253459E-02
   7154.40  4.1451074E-02
   7154.60  4.1624718E-02
   7154.80  4.1774943E-02
   7155.00  4.1903100E-02
   7155.20  4.2009948E-02
   7155.40  4.2096411E-02
   7155.60  4.2163919E-02
   7155.80  4.2214044E-02
   7156.00  4.2248218E-02
   7156.20  4.2267671E-02
   7156.40  4.2273681E-02
   7156.60  4.2267507E-02
   7156.80  4.2249895E-02
   7157.00  4.2221625E-02
   7157.20  4.2183394E-02
   7157.40  4.2135778E-02
   7157.60  4.2079276E-02
   7157.80  4.2014343E-02
   7158.00  4.1941235E-02
   7158.20  4.1860514E-02
   7158.40  4.1772285E-02
   7158.60  4.1676596E-02
   7158.80  4.1573605E-02
   7159.00  4.1463436E-02
   7159.20  4.1346188E-02
   7159.40  4.1221923E-02
   7159.60  4.1090664E-02
   7159.80  4.0952407E-02
   7160.00  4.0807419E-02
   7160.20  4.0657023E-02
   7160.40  4.0495908E-02
   7160.60  4.0328426E-02
   7160.80  4.0155730E-02
   7161.00  3.9973987E-02
   7161.20  3.9784412E-02
   7161.40  3.9586896E-02
   7161.60  3.9381202E-02
   7161.80  3.9167073E-02
   7162.00  3.8947259E-02
   7162.20  3.8716574E-02
   7162.40  3.8477396E-02
   7162.60  3.8229763E-02
   7162.80  3.7973766E-02
   7163.00  3.7709937E-02
   7163.20  3.7438538E-02
   7163.40  3.7159441E-02
   7163.60  3.6872695E-02
   7163.80  3.6578868E-02
   7164.00  3.6278977E-02
   7164.20  3.5973261E-02
   7164.40  3.5662291E-02
   7164.60  3.5346311E-02
   7164.80  3.5026469E-02
   7165.00  3.4702873E-02
   7165.20  3.4375824E-02
   7165.40  3.4045818E-02
   7165.60  3.3715265E-02
   7165.80  3.3381159E-02
   7166.00  3.3045984E-02
   7166.20  3.2709589E-02
   7166.40  3.2372387E-02
   7166.60  3.2034877E-02
   7166.80  3.1697739E-02
   7167.00  3.1360909E-02
   7167.20  3.1025378E-02
   7167.40  3.0690741E-02
   7167.60  3.0357425E-02
   7167.80  3.0025830E-02
   7168.00  2.9696502E-02
   7168.20  2.9371257E-02
   7168.40  2.9048184E-02
   7168.60  2.8727754E-02
   7168.80  2.8413658E-02
   7169.00  2.8106711E-02
   7169.20  2.7806079E-02
   7169.40  2.7514921E-02
   7169.60  2.7230030E-02
   7169.80  2.6953884E-02
   7170.00  2.6687176E-02
   7170.20  2.6431109E-02
   7170.40  2.6185878E-02
   7170.60  2.5952042E-02
   7170.80  2.5730022E-02
   7171.00  2.5520170E-02
   7171.20  2.5322779E-02
   7171.40  2.5138074E-02
   7171.60  2.4966182E-02
   7171.80  2.4807063E-02
   7172.00  2.4660894E-02
