  7112.000   26  1  1  2.0795951E-02 -2.8100907E+00 -1.5857498E+00  1  1  7.2657385E+03  0.0000000E+00  0.0000000E+00  3.7362168E+00  1.0000000E+00  0.0000000E+00 = E_edge, Z, n_edge, j_edge, Abs_before_edge, VO_interstitial, E_cut, ninitl, ninit1, Epsii, UnitCell_Volume, Surface_ref, f0_forward, natomsym_f, abs_u_i
    Energy    <xanes>    
   7097.00  2.7039234E-02
   7097.20  3.8293002E-04
   7097.40  1.2316377E-04
   7097.60  6.9360589E-05
   7097.80  5.0085340E-05
   7098.00  4.1414755E-05
   7098.20  3.7185871E-05
   7098.40  3.5305007E-05
   7098.60  3.5010535E-05
   7098.80  3.6163361E-05
   7099.00  3.9149962E-05
   7099.20  4.5265772E-05
   7099.40  5.8451333E-05
   7099.60  9.5039703E-05
   7099.80  3.3668149E-04
   7100.00  1.0886890E-03
   7100.20  1.8871759E-03
   7100.40  4.4409307E-03
   7100.60  1.8626901E-04
   7100.80  9.2567716E-05
   7101.00  8.9407427E-05
   7101.20  5.5596389E-05
   7101.40  5.5875735E-05
   7101.60  7.2644596E-05
   7101.80  1.9657325E-04
   7102.00  2.5104793E-03
   7102.20  1.3513660E-04
   7102.40  1.4083115E-04
   7102.60  9.6405519E-04
   7102.80  7.7689350E-03
   7103.00  2.3822801E-04
   7103.20  1.7530557E-04
   7103.40  1.7390690E-02
   7103.60  2.7036252E-04
   7103.80  5.4554339E-04
   7104.00  1.7597389E-03
   7104.20  8.0901195E-04
   7104.40  5.7315906E-03
   7104.60  2.0508608E-04
   7104.80  6.3332144E-04
   7105.00  1.7462114E-03
   7105.20  1.7074837E-04
   7105.40  1.1792846E-04
   7105.60  1.8528840E-04
   7105.80  2.4207459E-02
   7106.00  3.8249943E-04
   7106.20  1.9030996E-02
   7106.40  2.6065550E-04
   7106.60  5.4037744E-03
   7106.80  2.1955494E-04
   7107.00  1.2062051E-03
   7107.20  1.1592338E-02
   7107.40  1.9961871E-03
   7107.60  4.7287317E-04
   7107.80  6.5051442E-03
   7108.00  7.2986123E-03
   7108.20  1.3377178E-03
   7108.40  2.0678305E-03
   7108.60  3.1579001E-03
   7108.80  1.9160573E-03
   7109.00  5.0419525E-03
   7109.20  5.4848892E-02
   7109.40  1.0762594E-03
   7109.60  4.0234108E-03
   7109.80  7.1172738E-03
   7110.00  8.2464688E-03
   7110.20  1.0513387E-02
   7110.40  1.8116363E-02
   7110.60  1.5960941E-02
   7110.80  2.4460244E-02
   7111.00  1.9741563E-02
   7111.20  2.5167765E-02
   7111.40  2.9426648E-02
   7111.60  2.5268624E-02
   7111.80  1.7671795E-02
   7112.00  2.5298924E-02
   7112.20  4.5045054E-02
   7112.40  4.5332216E-02
   7112.60  3.6462159E-02
   7112.80  7.9437244E-02
   7113.00  4.4960610E-02
   7113.20  1.8133000E-02
   7113.40  1.0621213E-02
   7113.60  6.9623271E-03
   7113.80  4.9179770E-03
   7114.00  3.8034609E-03
   7114.20  3.1907597E-03
   7114.40  2.8945516E-03
   7114.60  2.8857684E-03
   7114.80  3.3735500E-03
   7115.00  5.0830359E-03
   7115.20  9.8155344E-03
   7115.40  2.2735683E-02
   7115.60  2.3265805E-02
   7115.80  1.0972966E-02
   7116.00  6.3692449E-03
   7116.20  4.3682834E-03
   7116.40  3.3318140E-03
   7116.60  2.7554633E-03
   7116.80  2.4437014E-03
   7117.00  2.3119319E-03
   7117.20  2.3271230E-03
   7117.40  2.4825612E-03
   7117.60  2.7722596E-03
   7117.80  3.1434280E-03
   7118.00  3.4390535E-03
   7118.20  3.4962612E-03
   7118.40  3.3933419E-03
   7118.60  3.3816044E-03
   7118.80  3.6087981E-03
   7119.00  4.0517610E-03
   7119.20  4.5610744E-03
   7119.40  4.9908074E-03
   7119.60  5.4580722E-03
   7119.80  5.7143634E-03
   7120.00  5.5047578E-03
   7120.20  5.0311997E-03
   7120.40  4.6036027E-03
   7120.60  4.4244061E-03
   7120.80  4.5225564E-03
   7121.00  4.8883186E-03
   7121.20  5.4985848E-03
   7121.40  6.1988032E-03
   7121.60  6.7869447E-03
   7121.80  7.3975095E-03
   7122.00  8.0861422E-03
   7122.20  8.9798796E-03
   7122.40  1.0207063E-02
   7122.60  1.1814646E-02
   7122.80  1.3653193E-02
   7123.00  1.5196971E-02
   7123.20  1.6057606E-02
   7123.40  1.6755884E-02
   7123.60  1.8030906E-02
   7123.80  1.9927031E-02
   7124.00  2.2056908E-02
   7124.20  2.4117667E-02
   7124.40  2.6075767E-02
   7124.60  2.7816063E-02
   7124.80  2.8890007E-02
   7125.00  2.9038069E-02
   7125.20  2.8571246E-02
   7125.40  2.7855720E-02
   7125.60  2.7041779E-02
   7125.80  2.6194621E-02
   7126.00  2.5597556E-02
   7126.20  2.5376011E-02
   7126.40  2.5542622E-02
   7126.60  2.6128742E-02
   7126.80  2.7085796E-02
   7127.00  2.8390339E-02
   7127.20  2.9869490E-02
   7127.40  3.1434709E-02
   7127.60  3.2937571E-02
   7127.80  3.4466475E-02
   7128.00  3.6152322E-02
   7128.20  3.8095120E-02
   7128.40  4.0225727E-02
   7128.60  4.2176432E-02
   7128.80  4.3356829E-02
   7129.00  4.3536994E-02
   7129.20  4.3388914E-02
   7129.40  4.3932559E-02
   7129.60  4.5626077E-02
   7129.80  4.8249478E-02
   7130.00  5.1239661E-02
   7130.20  5.3992452E-02
   7130.40  5.6080364E-02
   7130.60  5.7364319E-02
   7130.80  5.7953119E-02
   7131.00  5.8042516E-02
   7131.20  5.7756948E-02
   7131.40  5.7089860E-02
   7131.60  5.5982570E-02
   7131.80  5.4489500E-02
   7132.00  5.2827494E-02
   7132.20  5.1232764E-02
   7132.40  4.9840456E-02
   7132.60  4.8689325E-02
   7132.80  4.7773759E-02
   7133.00  4.7082232E-02
   7133.20  4.6600451E-02
   7133.40  4.6304485E-02
   7133.60  4.6203328E-02
   7133.80  4.6325360E-02
   7134.00  4.6672849E-02
   7134.20  4.7192115E-02
   7134.40  4.7790844E-02
   7134.60  4.8341907E-02
   7134.80  4.8710557E-02
   7135.00  4.8843678E-02
   7135.20  4.8803948E-02
   7135.40  4.8699085E-02
   7135.60  4.8606415E-02
   7135.80  4.8557350E-02
   7136.00  4.8555560E-02
   7136.20  4.8592547E-02
   7136.40  4.8653670E-02
   7136.60  4.8720599E-02
   7136.80  4.8773512E-02
   7137.00  4.8790668E-02
   7137.20  4.8747082E-02
   7137.40  4.8621271E-02
   7137.60  4.8408451E-02
   7137.80  4.8126754E-02
   7138.00  4.7808446E-02
   7138.20  4.7484445E-02
   7138.40  4.7174267E-02
   7138.60  4.6885870E-02
   7138.80  4.6619003E-02
   7139.00  4.6369290E-02
   7139.20  4.6129078E-02
   7139.40  4.5884990E-02
   7139.60  4.5613156E-02
   7139.80  4.5301442E-02
   7140.00  4.4886373E-02
   7140.20  4.4325778E-02
   7140.40  4.3593277E-02
   7140.60  4.2690260E-02
   7140.80  4.1651962E-02
   7141.00  4.0543097E-02
   7141.20  3.9443956E-02
   7141.40  3.8433397E-02
   7141.60  3.7575034E-02
   7141.80  3.6909967E-02
   7142.00  3.6456096E-02
   7142.20  3.6211061E-02
   7142.40  3.6156803E-02
   7142.60  3.6263512E-02
   7142.80  3.6493317E-02
   7143.00  3.6802631E-02
   7143.20  3.7143816E-02
   7143.40  3.7467007E-02
   7143.60  3.7721913E-02
   7143.80  3.7861151E-02
   7144.00  3.7845308E-02
   7144.20  3.7648274E-02
   7144.40  3.7262384E-02
   7144.60  3.6701040E-02
   7144.80  3.5996352E-02
   7145.00  3.5193709E-02
   7145.20  3.4305308E-02
   7145.40  3.3449841E-02
   7145.60  3.2635366E-02
   7145.80  3.1890147E-02
   7146.00  3.1210055E-02
   7146.20  3.0651340E-02
   7146.40  3.0191238E-02
   7146.60  2.9814830E-02
   7146.80  2.9527336E-02
   7147.00  2.9333747E-02
   7147.20  2.9208657E-02
   7147.40  2.9144528E-02
   7147.60  2.9134122E-02
   7147.80  2.9170348E-02
   7148.00  2.9242314E-02
   7148.20  2.9351646E-02
   7148.40  2.9488811E-02
   7148.60  2.9649786E-02
   7148.80  2.9829072E-02
   7149.00  3.0022868E-02
   7149.20  3.0227616E-02
   7149.40  3.0440254E-02
   7149.60  3.0658339E-02
   7149.80  3.0879338E-02
   7150.00  3.1100709E-02
   7150.20  3.1319594E-02
   7150.40  3.1532601E-02
   7150.60  3.1735027E-02
   7150.80  3.1921425E-02
   7151.00  3.2085756E-02
   7151.20  3.2222314E-02
   7151.40  3.2326837E-02
   7151.60  3.2397822E-02
   7151.80  3.2438103E-02
   7152.00  3.2454552E-02
   7152.20  3.2457748E-02
   7152.40  3.2459577E-02
   7152.60  3.2471893E-02
   7152.80  3.2504495E-02
   7153.00  3.2564208E-02
   7153.20  3.2654248E-02
   7153.40  3.2774453E-02
   7153.60  3.2920948E-02
   7153.80  3.3087305E-02
   7154.00  3.3265133E-02
   7154.20  3.3444996E-02
   7154.40  3.3617424E-02
   7154.60  3.3773596E-02
   7154.80  3.3908025E-02
   7155.00  3.4013944E-02
   7155.20  3.4088805E-02
   7155.40  3.4132674E-02
   7155.60  3.4147381E-02
   7155.80  3.4136063E-02
   7156.00  3.4102368E-02
   7156.20  3.4050393E-02
   7156.40  3.3983329E-02
   7156.60  3.3903916E-02
   7156.80  3.3813974E-02
   7157.00  3.3714481E-02
   7157.20  3.3605485E-02
   7157.40  3.3486254E-02
   7157.60  3.3355449E-02
   7157.80  3.3211578E-02
   7158.00  3.3052435E-02
   7158.20  3.2875920E-02
   7158.40  3.2680216E-02
   7158.60  3.2463718E-02
   7158.80  3.2225388E-02
   7159.00  3.1964823E-02
   7159.20  3.1682322E-02
   7159.40  3.1377424E-02
   7159.60  3.1054478E-02
   7159.80  3.0715519E-02
   7160.00  3.0362956E-02
   7160.20  2.9999445E-02
   7160.40  2.9630457E-02
   7160.60  2.9258861E-02
   7160.80  2.8888469E-02
   7161.00  2.8523140E-02
   7161.20  2.8166235E-02
   7161.40  2.7820318E-02
   7161.60  2.7486493E-02
   7161.80  2.7167317E-02
   7162.00  2.6865381E-02
   7162.20  2.6578098E-02
   7162.40  2.6306553E-02
   7162.60  2.6049697E-02
   7162.80  2.5806692E-02
   7163.00  2.5576621E-02
   7163.20  2.5358626E-02
   7163.40  2.5150822E-02
   7163.60  2.4953664E-02
   7163.80  2.4762906E-02
   7164.00  2.4579517E-02
   7164.20  2.4402483E-02
   7164.40  2.4230834E-02
   7164.60  2.4064005E-02
   7164.80  2.3901711E-02
   7165.00  2.3743911E-02
   7165.20  2.3591062E-02
   7165.40  2.3442940E-02
   7165.60  2.3299787E-02
   7165.80  2.3161997E-02
   7166.00  2.3030048E-02
   7166.20  2.2904523E-02
   7166.40  2.2786261E-02
   7166.60  2.2675995E-02
   7166.80  2.2573922E-02
   7167.00  2.2480610E-02
   7167.20  2.2396564E-02
   7167.40  2.2322129E-02
   7167.60  2.2257611E-02
   7167.80  2.2203285E-02
   7168.00  2.2159457E-02
   7168.20  2.2125669E-02
   7168.40  2.2101825E-02
   7168.60  2.2087712E-02
   7168.80  2.2083060E-02
   7169.00  2.2087551E-02
   7169.20  2.2100940E-02
   7169.40  2.2122842E-02
   7169.60  2.2153115E-02
   7169.80  2.2191301E-02
   7170.00  2.2237054E-02
   7170.20  2.2290118E-02
   7170.40  2.2350287E-02
   7170.60  2.2417332E-02
   7170.80  2.2491058E-02
   7171.00  2.2571356E-02
   7171.20  2.2658059E-02
   7171.40  2.2751072E-02
   7171.60  2.2850212E-02
   7171.80  2.2955201E-02
   7172.00  2.3065734E-02
