  7112.000   26  1  1  6.5629914E-02 -5.9938026E+00 -3.4274991E+00  1  1  7.2678657E+03  0.0000000E+00  0.0000000E+00  1.9971119E+00  1.0000000E+00  0.0000000E+00 = E_edge, Z, n_edge, j_edge, Abs_before_edge, VO_interstitial, E_cut, ninitl, ninit1, Epsii, UnitCell_Volume, Surface_ref, f0_forward, natomsym_f, abs_u_i
    Energy    <xanes>    
   7097.00  1.8495415E-04
   7097.20  1.0113098E-04
   7097.40  2.8142883E-05
   7097.60  2.5584555E-05
   7097.80  2.5820506E-05
   7098.00  2.6934177E-05
   7098.20  2.8849302E-05
   7098.40  3.1945813E-05
   7098.60  3.7219631E-05
   7098.80  4.7303051E-05
   7099.00  7.0876398E-05
   7099.20  1.5202298E-04
   7099.40  1.0047896E-03
   7099.60  1.6489477E-03
   7099.80  1.7927991E-04
   7100.00  8.2463336E-05
   7100.20  5.9320768E-05
   7100.40  5.3552196E-05
   7100.60  5.6578004E-05
   7100.80  7.0172888E-05
   7101.00  1.1044927E-04
   7101.20  2.8317992E-04
   7101.40  5.2447462E-03
   7101.60  8.9782864E-04
   7101.80  1.7672445E-04
   7102.00  8.9077522E-05
   7102.20  6.3091813E-05
   7102.40  5.2894569E-05
   7102.60  4.8804931E-05
   7102.80  4.7886093E-05
   7103.00  4.9173649E-05
   7103.20  5.2566196E-05
   7103.40  5.8676901E-05
   7103.60  6.9432724E-05
   7103.80  9.1722948E-05
   7104.00  2.2173281E-04
   7104.20  2.7582519E-04
   7104.40  6.3649433E-04
   7104.60  8.6075157E-02
   7104.80  6.1392806E-04
   7105.00  5.1873082E-04
   7105.20  1.1874088E-02
   7105.40  2.6866578E-03
   7105.60  2.4284527E-03
   7105.80  7.4550356E-03
   7106.00  1.0373968E-03
   7106.20  2.4956745E-03
   7106.40  3.2248888E-04
   7106.60  1.0265912E-03
   7106.80  3.9381942E-03
   7107.00  4.1788506E-03
   7107.20  6.1367237E-03
   7107.40  7.3743462E-03
   7107.60  8.3443932E-03
   7107.80  9.4228543E-03
   7108.00  1.2750188E-02
   7108.20  1.9513548E-02
   7108.40  2.3898204E-02
   7108.60  1.7865239E-02
   7108.80  1.5030690E-02
   7109.00  1.4025887E-02
   7109.20  1.3967600E-02
   7109.40  1.5645016E-02
   7109.60  1.6534855E-02
   7109.80  1.8891841E-02
   7110.00  2.2734046E-02
   7110.20  2.8457464E-02
   7110.40  2.6455715E-02
   7110.60  2.0342423E-02
   7110.80  1.6625885E-02
   7111.00  1.5024744E-02
   7111.20  1.4873061E-02
   7111.40  1.5666736E-02
   7111.60  1.6654582E-02
   7111.80  1.6815773E-02
   7112.00  1.5831158E-02
   7112.20  1.4235450E-02
   7112.40  1.2644321E-02
   7112.60  1.1329129E-02
   7112.80  1.0326267E-02
   7113.00  9.5939034E-03
   7113.20  9.0778603E-03
   7113.40  8.7662248E-03
   7113.60  8.6386013E-03
   7113.80  8.7039495E-03
   7114.00  8.9784663E-03
   7114.20  9.4606904E-03
   7114.40  1.0068220E-02
   7114.60  1.0550859E-02
   7114.80  1.0556311E-02
   7115.00  9.9592249E-03
   7115.20  9.0911553E-03
   7115.40  8.2567438E-03
   7115.60  7.5981665E-03
   7115.80  7.1258502E-03
   7116.00  6.8076326E-03
   7116.20  6.6092993E-03
   7116.40  6.5045954E-03
   7116.60  6.4752027E-03
   7116.80  6.5085106E-03
   7117.00  6.5949383E-03
   7117.20  6.7259005E-03
   7117.40  6.8931649E-03
   7117.60  7.0892537E-03
   7117.80  7.3086194E-03
   7118.00  7.5474017E-03
   7118.20  7.8014848E-03
   7118.40  8.0639698E-03
   7118.60  8.3232960E-03
   7118.80  8.5630088E-03
   7119.00  8.7644450E-03
   7119.20  8.9114353E-03
   7119.40  8.9948006E-03
   7119.60  9.0144873E-03
   7119.80  8.9793285E-03
   7120.00  8.9056396E-03
   7120.20  8.8150910E-03
   7120.40  8.7313602E-03
   7120.60  8.6757839E-03
   7120.80  8.6637217E-03
   7121.00  8.7032520E-03
   7121.20  8.7962830E-03
   7121.40  8.9408770E-03
   7121.60  9.1335008E-03
   7121.80  9.3721754E-03
   7122.00  9.6551896E-03
   7122.20  9.9798245E-03
   7122.40  1.0352899E-02
   7122.60  1.0764606E-02
   7122.80  1.1224448E-02
   7123.00  1.1731477E-02
   7123.20  1.2288324E-02
   7123.40  1.2903478E-02
   7123.60  1.3563562E-02
   7123.80  1.4254407E-02
   7124.00  1.4971770E-02
   7124.20  1.5700468E-02
   7124.40  1.6422177E-02
   7124.60  1.7117001E-02
   7124.80  1.7765893E-02
   7125.00  1.8353369E-02
   7125.20  1.8869843E-02
   7125.40  1.9312980E-02
   7125.60  1.9687744E-02
   7125.80  2.0005454E-02
   7126.00  2.0281760E-02
   7126.20  2.0535001E-02
   7126.40  2.0784141E-02
   7126.60  2.1047344E-02
   7126.80  2.1340852E-02
   7127.00  2.1677268E-02
   7127.20  2.2065087E-02
   7127.40  2.2505324E-02
   7127.60  2.2997632E-02
   7127.80  2.3528801E-02
   7128.00  2.4084181E-02
   7128.20  2.4647893E-02
   7128.40  2.5205624E-02
   7128.60  2.5747714E-02
   7128.80  2.6270927E-02
   7129.00  2.6778364E-02
   7129.20  2.7278022E-02
   7129.40  2.7780428E-02
   7129.60  2.8296785E-02
   7129.80  2.8837038E-02
   7130.00  2.9408941E-02
   7130.20  3.0017285E-02
   7130.40  3.0663905E-02
   7130.60  3.1348632E-02
   7130.80  3.2069747E-02
   7131.00  3.2824696E-02
   7131.20  3.3610902E-02
   7131.40  3.4424977E-02
   7131.60  3.5263457E-02
   7131.80  3.6122229E-02
   7132.00  3.6996234E-02
   7132.20  3.7879381E-02
   7132.40  3.8764918E-02
   7132.60  3.9660700E-02
   7132.80  4.0526764E-02
   7133.00  4.1372891E-02
   7133.20  4.2193455E-02
   7133.40  4.2983839E-02
   7133.60  4.3740299E-02
   7133.80  4.4459819E-02
   7134.00  4.5139622E-02
   7134.20  4.5776696E-02
   7134.40  4.6367490E-02
   7134.60  4.6909150E-02
   7134.80  4.7399075E-02
   7135.00  4.7835264E-02
   7135.20  4.8216948E-02
   7135.40  4.8544412E-02
   7135.60  4.8819782E-02
   7135.80  4.9047121E-02
   7136.00  4.9232125E-02
   7136.20  4.9381776E-02
   7136.40  4.9503653E-02
   7136.60  4.9605269E-02
   7136.80  4.9693499E-02
   7137.00  4.9773865E-02
   7137.20  4.9850327E-02
   7137.40  4.9925469E-02
   7137.60  5.0000534E-02
   7137.80  5.0075561E-02
   7138.00  5.0149633E-02
   7138.20  5.0220981E-02
   7138.40  5.0287100E-02
   7138.60  5.0345053E-02
   7138.80  5.0391214E-02
   7139.00  5.0421561E-02
   7139.20  5.0431929E-02
   7139.40  5.0418512E-02
   7139.60  5.0377823E-02
   7139.80  5.0306897E-02
   7140.00  5.0203483E-02
   7140.20  5.0066399E-02
   7140.40  4.9895243E-02
   7140.60  4.9690582E-02
   7140.80  4.9453320E-02
   7141.00  4.9185102E-02
   7141.20  4.8888050E-02
   7141.40  4.8573147E-02
   7141.60  4.8254583E-02
   7141.80  4.7915175E-02
   7142.00  4.7557216E-02
   7142.20  4.7182912E-02
   7142.40  4.6794410E-02
   7142.60  4.6393994E-02
   7142.80  4.5983821E-02
   7143.00  4.5565950E-02
   7143.20  4.5142192E-02
   7143.40  4.4714366E-02
   7143.60  4.4284179E-02
   7143.80  4.3853187E-02
   7144.00  4.3423069E-02
   7144.20  4.2995289E-02
   7144.40  4.2571229E-02
   7144.60  4.2152080E-02
   7144.80  4.1738931E-02
   7145.00  4.1332937E-02
   7145.20  4.0934883E-02
   7145.40  4.0545452E-02
   7145.60  4.0165286E-02
   7145.80  3.9794899E-02
   7146.00  3.9434655E-02
   7146.20  3.9084753E-02
   7146.40  3.8745217E-02
   7146.60  3.8415984E-02
   7146.80  3.8096894E-02
   7147.00  3.7787766E-02
   7147.20  3.7488295E-02
   7147.40  3.7198167E-02
   7147.60  3.6916975E-02
   7147.80  3.6644375E-02
   7148.00  3.6380055E-02
   7148.20  3.6123740E-02
   7148.40  3.5875200E-02
   7148.60  3.5634372E-02
   7148.80  3.5401265E-02
   7149.00  3.5175934E-02
   7149.20  3.4958588E-02
   7149.40  3.4749549E-02
   7149.60  3.4549167E-02
   7149.80  3.4367238E-02
   7150.00  3.4195120E-02
   7150.20  3.4031802E-02
   7150.40  3.3877690E-02
   7150.60  3.3733251E-02
   7150.80  3.3598875E-02
   7151.00  3.3474946E-02
   7151.20  3.3361776E-02
   7151.40  3.3259590E-02
   7151.60  3.3168557E-02
   7151.80  3.3088743E-02
   7152.00  3.3020164E-02
   7152.20  3.2962641E-02
   7152.40  3.2915960E-02
   7152.60  3.2879860E-02
   7152.80  3.2854044E-02
   7153.00  3.2838104E-02
   7153.20  3.2831516E-02
   7153.40  3.2833749E-02
   7153.60  3.2844234E-02
   7153.80  3.2862373E-02
   7154.00  3.2887634E-02
   7154.20  3.2919403E-02
   7154.40  3.2957276E-02
   7154.60  3.3000519E-02
   7154.80  3.3048663E-02
   7155.00  3.3101135E-02
   7155.20  3.3157484E-02
   7155.40  3.3217358E-02
   7155.60  3.3280209E-02
   7155.80  3.3345557E-02
   7156.00  3.3412841E-02
   7156.20  3.3481351E-02
   7156.40  3.3550200E-02
   7156.60  3.3618334E-02
   7156.80  3.3684366E-02
   7157.00  3.3747054E-02
   7157.20  3.3804226E-02
   7157.40  3.3853852E-02
   7157.60  3.3893966E-02
   7157.80  3.3922521E-02
   7158.00  3.3937727E-02
   7158.20  3.3937702E-02
   7158.40  3.3921113E-02
   7158.60  3.3886967E-02
   7158.80  3.3834871E-02
   7159.00  3.3759305E-02
   7159.20  3.3669696E-02
   7159.40  3.3562891E-02
   7159.60  3.3440197E-02
   7159.80  3.3303121E-02
   7160.00  3.3153211E-02
   7160.20  3.2992215E-02
   7160.40  3.2814754E-02
   7160.60  3.2636977E-02
   7160.80  3.2454211E-02
   7161.00  3.2268477E-02
   7161.20  3.2081698E-02
   7161.40  3.1895865E-02
   7161.60  3.1712874E-02
   7161.80  3.1534529E-02
   7162.00  3.1362520E-02
   7162.20  3.1198398E-02
   7162.40  3.1043486E-02
   7162.60  3.0898980E-02
   7162.80  3.0765871E-02
   7163.00  3.0645193E-02
   7163.20  3.0537386E-02
   7163.40  3.0442708E-02
   7163.60  3.0361402E-02
   7163.80  3.0293547E-02
   7164.00  3.0239121E-02
   7164.20  3.0197802E-02
   7164.40  3.0169234E-02
   7164.60  3.0153011E-02
   7164.80  3.0148624E-02
   7165.00  3.0155500E-02
   7165.20  3.0172972E-02
   7165.40  3.0200385E-02
   7165.60  3.0237134E-02
   7165.80  3.0282322E-02
   7166.00  3.0335277E-02
   7166.20  3.0395431E-02
   7166.40  3.0461893E-02
   7166.60  3.0533828E-02
   7166.80  3.0610578E-02
   7167.00  3.0691418E-02
   7167.20  3.0775683E-02
   7167.40  3.0862726E-02
   7167.60  3.0951948E-02
   7167.80  3.1042734E-02
   7168.00  3.1134494E-02
   7168.20  3.1226666E-02
   7168.40  3.1318809E-02
   7168.60  3.1410432E-02
   7168.80  3.1501105E-02
   7169.00  3.1590829E-02
   7169.20  3.1678783E-02
   7169.40  3.1764597E-02
   7169.60  3.1847976E-02
   7169.80  3.1928770E-02
   7170.00  3.2006621E-02
   7170.20  3.2081322E-02
   7170.40  3.2152671E-02
   7170.60  3.2220515E-02
   7170.80  3.2284745E-02
   7171.00  3.2345281E-02
   7171.20  3.2402074E-02
   7171.40  3.2455084E-02
   7171.60  3.2504322E-02
   7171.80  3.2549832E-02
   7172.00  3.2591684E-02
