  7112.000   26  1  1  1.2280419E-02 -1.4365337E+00 -1.6856127E+00  1  1  7.2655790E+03  0.0000000E+00  0.0000000E+00  2.0577099E+00  1.0000000E+00  0.0000000E+00 = E_edge, Z, n_edge, j_edge, Abs_before_edge, VO_interstitial, E_cut, ninitl, ninit1, Epsii, UnitCell_Volume, Surface_ref, f0_forward, natomsym_f, abs_u_i
    Energy    <xanes>    
   7097.00  1.9785641E-05
   7097.20  1.9879246E-05
   7097.40  2.0007192E-05
   7097.60  2.0175543E-05
   7097.80  2.0394171E-05
   7098.00  2.0678185E-05
   7098.20  2.1050727E-05
   7098.40  2.1548063E-05
   7098.60  2.2229434E-05
   7098.80  2.3196846E-05
   7099.00  2.4637889E-05
   7099.20  2.6929889E-05
   7099.40  3.0927157E-05
   7099.60  3.8922884E-05
   7099.80  5.8973200E-05
   7100.00  1.3792719E-04
   7100.20  1.6500656E-03
   7100.40  5.6165427E-04
   7100.60  1.0263510E-04
   7100.80  5.2333626E-05
   7101.00  3.7624278E-05
   7101.20  3.1633930E-05
   7101.40  2.8883408E-05
   7101.60  2.7750840E-05
   7101.80  2.7774900E-05
   7102.00  2.9225643E-05
   7102.20  3.4174120E-05
   7102.40  6.2603618E-05
   7102.60  3.5739934E-04
   7102.80  1.0986774E-02
   7103.00  5.9237380E-04
   7103.20  4.8943294E-05
   7103.40  6.9607869E-05
   7103.60  1.8458147E-04
   7103.80  5.6932385E-05
   7104.00  1.2885421E-04
   7104.20  1.0540402E-03
   7104.40  1.1260097E-04
   7104.60  2.5858478E-03
   7104.80  1.2265245E-04
   7105.00  5.6121266E-05
   7105.20  6.2028114E-05
   7105.40  6.5514686E-04
   7105.60  1.7428710E-04
   7105.80  1.1083664E-04
   7106.00  6.0533255E-05
   7106.20  7.9704349E-05
   7106.40  1.9700208E-03
   7106.60  1.2170291E-04
   7106.80  2.4354525E-04
   7107.00  1.1404230E-04
   7107.20  6.4237017E-04
   7107.40  2.1701463E-04
   7107.60  4.2397357E-04
   7107.80  4.1654915E-02
   7108.00  1.4328277E-02
   7108.20  1.2182356E-03
   7108.40  2.2811270E-03
   7108.60  5.1951888E-04
   7108.80  6.3172333E-04
   7109.00  2.8214683E-04
   7109.20  8.0644542E-04
   7109.40  4.6223447E-03
   7109.60  7.9548889E-04
   7109.80  4.9119559E-03
   7110.00  1.0641227E-02
   7110.20  1.2524000E-02
   7110.40  1.2344159E-02
   7110.60  2.1531331E-03
   7110.80  1.5934078E-03
   7111.00  3.5026283E-02
   7111.20  4.2808580E-03
   7111.40  2.6173271E-03
   7111.60  1.2246806E-03
   7111.80  1.5825035E-03
   7112.00  2.1418648E-02
   7112.20  3.8328360E-03
   7112.40  3.1828952E-02
   7112.60  8.5955435E-03
   7112.80  6.7661274E-03
   7113.00  1.0620412E-02
   7113.20  3.5309728E-02
   7113.40  3.7305387E-02
   7113.60  5.4539433E-02
   7113.80  1.7056680E-02
   7114.00  2.0875349E-02
   7114.20  5.0672103E-02
   7114.40  5.6082948E-02
   7114.60  9.3277782E-02
   7114.80  7.9400280E-02
   7115.00  3.4020653E-02
   7115.20  1.9504729E-02
   7115.40  1.3626895E-02
   7115.60  1.0746020E-02
   7115.80  9.3069824E-03
   7116.00  8.9263703E-03
   7116.20  9.9047264E-03
   7116.40  1.3424197E-02
   7116.60  2.0553156E-02
   7116.80  2.4688937E-02
   7117.00  2.0650985E-02
   7117.20  1.5843625E-02
   7117.40  1.2474531E-02
   7117.60  1.0639392E-02
   7117.80  9.7783344E-03
   7118.00  1.0209626E-02
   7118.20  1.0341156E-02
   7118.40  9.4624299E-03
   7118.60  8.8364999E-03
   7118.80  8.4367814E-03
   7119.00  8.1088913E-03
   7119.20  7.7844532E-03
   7119.40  7.4815925E-03
   7119.60  7.2510295E-03
   7119.80  7.1014851E-03
   7120.00  6.9893597E-03
   7120.20  6.8452104E-03
   7120.40  6.6068595E-03
   7120.60  6.3133432E-03
   7120.80  6.1159217E-03
   7121.00  6.0394464E-03
   7121.20  5.9777144E-03
   7121.40  5.8605175E-03
   7121.60  5.6821620E-03
   7121.80  5.4881742E-03
   7122.00  5.3457046E-03
   7122.20  5.3097142E-03
   7122.40  5.3773966E-03
   7122.60  5.5147010E-03
   7122.80  5.6877793E-03
   7123.00  5.8773341E-03
   7123.20  6.0879978E-03
   7123.40  6.3396867E-03
   7123.60  6.6564860E-03
   7123.80  7.0729978E-03
   7124.00  7.5910285E-03
   7124.20  8.1385893E-03
   7124.40  8.7003068E-03
   7124.60  9.6104293E-03
   7124.80  1.0900101E-02
   7125.00  1.2555209E-02
   7125.20  1.4133123E-02
   7125.40  1.5278390E-02
   7125.60  1.6039010E-02
   7125.80  1.6713723E-02
   7126.00  1.7472812E-02
   7126.20  1.8405374E-02
   7126.40  1.9419652E-02
   7126.60  2.0447686E-02
   7126.80  2.1518159E-02
   7127.00  2.2444485E-02
   7127.20  2.2947248E-02
   7127.40  2.3048512E-02
   7127.60  2.2924357E-02
   7127.80  2.2643184E-02
   7128.00  2.2362031E-02
   7128.20  2.2276193E-02
   7128.40  2.2558473E-02
   7128.60  2.3281246E-02
   7128.80  2.4401160E-02
   7129.00  2.5679819E-02
   7129.20  2.6874838E-02
   7129.40  2.7983034E-02
   7129.60  2.9129172E-02
   7129.80  3.0308801E-02
   7130.00  3.1406238E-02
   7130.20  3.2483810E-02
   7130.40  3.3562722E-02
   7130.60  3.4693050E-02
   7130.80  3.5912880E-02
   7131.00  3.7257017E-02
   7131.20  3.8742838E-02
   7131.40  4.0367797E-02
   7131.60  4.2115133E-02
   7131.80  4.3961125E-02
   7132.00  4.5881679E-02
   7132.20  4.7856311E-02
   7132.40  4.9869490E-02
   7132.60  5.1912739E-02
   7132.80  5.3987019E-02
   7133.00  5.6115876E-02
   7133.20  5.8325272E-02
   7133.40  6.0661633E-02
   7133.60  6.3172212E-02
   7133.80  6.5883147E-02
   7134.00  6.8783398E-02
   7134.20  7.1815399E-02
   7134.40  7.4866079E-02
   7134.60  7.7752071E-02
   7134.80  8.0212535E-02
   7135.00  8.1926887E-02
   7135.20  8.2577349E-02
   7135.40  8.1946525E-02
   7135.60  8.0002248E-02
   7135.80  7.6914760E-02
   7136.00  7.2994744E-02
   7136.20  6.8595333E-02
   7136.40  6.4029346E-02
   7136.60  5.9529169E-02
   7136.80  5.5242930E-02
   7137.00  5.1252160E-02
   7137.20  4.7591270E-02
   7137.40  4.4265991E-02
   7137.60  4.1267344E-02
   7137.80  3.8578859E-02
   7138.00  3.6183298E-02
   7138.20  3.4064508E-02
   7138.40  3.2208518E-02
   7138.60  3.0603972E-02
   7138.80  2.9248027E-02
   7139.00  2.8131261E-02
   7139.20  2.7229427E-02
   7139.40  2.6529733E-02
   7139.60  2.6015688E-02
   7139.80  2.5667246E-02
   7140.00  2.5461018E-02
   7140.20  2.5371959E-02
   7140.40  2.5375321E-02
   7140.60  2.5448607E-02
   7140.80  2.5572698E-02
   7141.00  2.5732722E-02
   7141.20  2.5918136E-02
   7141.40  2.6122178E-02
   7141.60  2.6341210E-02
   7141.80  2.6574036E-02
   7142.00  2.6821007E-02
   7142.20  2.7083560E-02
   7142.40  2.7363706E-02
   7142.60  2.7663664E-02
   7142.80  2.7985360E-02
   7143.00  2.8330343E-02
   7143.20  2.8699415E-02
   7143.40  2.9092436E-02
   7143.60  2.9507959E-02
   7143.80  2.9944554E-02
   7144.00  3.0396268E-02
   7144.20  3.0859173E-02
   7144.40  3.1327256E-02
   7144.60  3.1793619E-02
   7144.80  3.2250884E-02
   7145.00  3.2691409E-02
   7145.20  3.3108323E-02
   7145.40  3.3494609E-02
   7145.60  3.3845407E-02
   7145.80  3.4161403E-02
   7146.00  3.4443169E-02
   7146.20  3.4693636E-02
   7146.40  3.4917450E-02
   7146.60  3.5120987E-02
   7146.80  3.5311546E-02
   7147.00  3.5496751E-02
   7147.20  3.5683655E-02
   7147.40  3.5878442E-02
   7147.60  3.6085968E-02
   7147.80  3.6309709E-02
   7148.00  3.6551213E-02
   7148.20  3.6811992E-02
   7148.40  3.7089130E-02
   7148.60  3.7381920E-02
   7148.80  3.7690432E-02
   7149.00  3.8009346E-02
   7149.20  3.8335117E-02
   7149.40  3.8667978E-02
   7149.60  3.9002714E-02
   7149.80  3.9337959E-02
   7150.00  3.9670988E-02
   7150.20  3.9999271E-02
   7150.40  4.0320315E-02
   7150.60  4.0631221E-02
   7150.80  4.0936107E-02
   7151.00  4.1218035E-02
   7151.20  4.1481339E-02
   7151.40  4.1723241E-02
   7151.60  4.1941316E-02
   7151.80  4.2133240E-02
   7152.00  4.2297345E-02
   7152.20  4.2432218E-02
   7152.40  4.2537073E-02
   7152.60  4.2611823E-02
   7152.80  4.2656675E-02
   7153.00  4.2673474E-02
   7153.20  4.2659882E-02
   7153.40  4.2624343E-02
   7153.60  4.2566724E-02
   7153.80  4.2490019E-02
   7154.00  4.2397528E-02
   7154.20  4.2291340E-02
   7154.40  4.2176061E-02
   7154.60  4.2053793E-02
   7154.80  4.1927127E-02
   7155.00  4.1798297E-02
   7155.20  4.1669130E-02
   7155.40  4.1540928E-02
   7155.60  4.1414336E-02
   7155.80  4.1289684E-02
   7156.00  4.1166934E-02
   7156.20  4.1045665E-02
   7156.40  4.0925069E-02
   7156.60  4.0804354E-02
   7156.80  4.0682705E-02
   7157.00  4.0558872E-02
   7157.20  4.0431920E-02
   7157.40  4.0301021E-02
   7157.60  4.0165506E-02
   7157.80  4.0025182E-02
   7158.00  3.9878225E-02
   7158.20  3.9726924E-02
   7158.40  3.9570439E-02
   7158.60  3.9408691E-02
   7158.80  3.9242022E-02
   7159.00  3.9070804E-02
   7159.20  3.8895539E-02
   7159.40  3.8716796E-02
   7159.60  3.8535174E-02
   7159.80  3.8351290E-02
   7160.00  3.8165793E-02
   7160.20  3.7979630E-02
   7160.40  3.7793026E-02
   7160.60  3.7606513E-02
   7160.80  3.7419940E-02
   7161.00  3.7234357E-02
   7161.20  3.7050269E-02
   7161.40  3.6867857E-02
   7161.60  3.6686708E-02
   7161.80  3.6507614E-02
   7162.00  3.6330889E-02
   7162.20  3.6156205E-02
   7162.40  3.5983056E-02
   7162.60  3.5811253E-02
   7162.80  3.5640132E-02
   7163.00  3.5469281E-02
   7163.20  3.5298611E-02
   7163.40  3.5127292E-02
   7163.60  3.4952543E-02
   7163.80  3.4777713E-02
   7164.00  3.4600823E-02
   7164.20  3.4421015E-02
   7164.40  3.4237733E-02
   7164.60  3.4050454E-02
   7164.80  3.3858466E-02
   7165.00  3.3662042E-02
   7165.20  3.3460066E-02
   7165.40  3.3252189E-02
   7165.60  3.3038138E-02
   7165.80  3.2817698E-02
   7166.00  3.2591147E-02
   7166.20  3.2358249E-02
   7166.40  3.2118626E-02
   7166.60  3.1872342E-02
   7166.80  3.1619668E-02
   7167.00  3.1360947E-02
   7167.20  3.1096236E-02
   7167.40  3.0826065E-02
   7167.60  3.0550249E-02
   7167.80  3.0269178E-02
   7168.00  2.9983325E-02
   7168.20  2.9693297E-02
   7168.40  2.9399723E-02
   7168.60  2.9103445E-02
   7168.80  2.8805637E-02
   7169.00  2.8506672E-02
   7169.20  2.8207590E-02
   7169.40  2.7911801E-02
   7169.60  2.7612370E-02
   7169.80  2.7319563E-02
   7170.00  2.7032007E-02
   7170.20  2.6749865E-02
   7170.40  2.6474680E-02
   7170.60  2.6207049E-02
   7170.80  2.5948202E-02
   7171.00  2.5700417E-02
   7171.20  2.5462092E-02
   7171.40  2.5234999E-02
   7171.60  2.5019774E-02
   7171.80  2.4816911E-02
   7172.00  2.4626746E-02
