  7112.000   26  1  1  1.2320770E-02 -2.5679788E+00 -2.0061544E+00  1  1  7.2658809E+03  0.0000000E+00  0.0000000E+00  2.0064452E+00  1.0000000E+00  0.0000000E+00 = E_edge, Z, n_edge, j_edge, Abs_before_edge, VO_interstitial, E_cut, ninitl, ninit1, Epsii, UnitCell_Volume, Surface_ref, f0_forward, natomsym_f, abs_u_i
    Energy    <xanes>    
   7097.00  1.9389098E-05
   7097.20  1.9430802E-05
   7097.40  1.9485366E-05
   7097.60  1.9553845E-05
   7097.80  1.9637948E-05
   7098.00  1.9740524E-05
   7098.20  1.9867705E-05
   7098.40  2.0046066E-05
   7098.60  2.1373398E-05
   7098.80  2.0520513E-05
   7099.00  2.0631633E-05
   7099.20  2.0916715E-05
   7099.40  2.1310940E-05
   7099.60  2.1944561E-05
   7099.80  2.4335015E-05
   7100.00  3.5645666E-05
   7100.20  2.4168173E-05
   7100.40  2.4789796E-05
   7100.60  2.6202257E-05
   7100.80  2.8412921E-05
   7101.00  3.1978073E-05
   7101.20  3.8290921E-05
   7101.40  5.1306173E-05
   7101.60  8.6123628E-05
   7101.80  2.4862476E-04
   7102.00  1.3403402E-02
   7102.20  4.2040637E-04
   7102.40  1.1141809E-04
   7102.60  7.0586024E-05
   7102.80  1.5977120E-03
   7103.00  5.8009588E-05
   7103.20  2.0346190E-04
   7103.40  1.7937053E-03
   7103.60  5.1837446E-05
   7103.80  4.4496708E-05
   7104.00  5.8939980E-05
   7104.20  5.9221153E-05
   7104.40  9.6145906E-05
   7104.60  3.2577263E-04
   7104.80  2.9834916E-02
   7105.00  2.9523558E-04
   7105.20  9.6511413E-05
   7105.40  6.5294240E-05
   7105.60  5.9156866E-05
   7105.80  9.1961667E-05
   7106.00  9.0372723E-05
   7106.20  3.8259950E-04
   7106.40  5.5263392E-04
   7106.60  1.2534359E-04
   7106.80  1.4545759E-04
   7107.00  4.1200745E-04
   7107.20  1.0710238E-02
   7107.40  1.7781487E-02
   7107.60  2.3508312E-03
   7107.80  1.7964526E-03
   7108.00  6.6297267E-04
   7108.20  1.9136227E-04
   7108.40  2.2124900E-04
   7108.60  1.3497564E-03
   7108.80  3.8713545E-02
   7109.00  2.4766383E-03
   7109.20  5.2080393E-03
   7109.40  1.5643711E-02
   7109.60  1.0188900E-03
   7109.80  1.5934814E-02
   7110.00  6.3091933E-04
   7110.20  3.6662741E-03
   7110.40  9.3700648E-03
   7110.60  1.0945748E-02
   7110.80  1.2826731E-02
   7111.00  8.0583108E-03
   7111.20  8.4920742E-03
   7111.40  2.0079530E-02
   7111.60  2.3042029E-02
   7111.80  1.3666521E-02
   7112.00  1.2254869E-02
   7112.20  2.1063896E-02
   7112.40  3.0508265E-02
   7112.60  3.1623206E-02
   7112.80  3.1518734E-02
   7113.00  2.3720062E-02
   7113.20  2.0771887E-02
   7113.40  2.3655363E-02
   7113.60  3.2607773E-02
   7113.80  4.1992311E-02
   7114.00  4.1676187E-02
   7114.20  3.7815831E-02
   7114.40  3.5441266E-02
   7114.60  3.2186261E-02
   7114.80  2.7463611E-02
   7115.00  2.2946712E-02
   7115.20  1.9488183E-02
   7115.40  1.7079891E-02
   7115.60  1.5495429E-02
   7115.80  1.4557620E-02
   7116.00  1.4190193E-02
   7116.20  1.4410521E-02
   7116.40  1.5309525E-02
   7116.60  1.7099159E-02
   7116.80  1.9542410E-02
   7117.00  2.1287982E-02
   7117.20  2.0330425E-02
   7117.40  1.7255299E-02
   7117.60  1.4194841E-02
   7117.80  1.1907127E-02
   7118.00  1.0237050E-02
   7118.20  8.9731888E-03
   7118.40  8.0231861E-03
   7118.60  7.3289636E-03
   7118.80  6.8166133E-03
   7119.00  6.4181389E-03
   7119.20  6.1139063E-03
   7119.40  5.9339982E-03
   7119.60  5.9082884E-03
   7119.80  6.0304401E-03
   7120.00  6.2582982E-03
   7120.20  6.4965890E-03
   7120.40  6.6012940E-03
   7120.60  6.5195254E-03
   7120.80  6.3570705E-03
   7121.00  6.2152938E-03
   7121.20  6.1143428E-03
   7121.40  6.0317515E-03
   7121.60  5.9435446E-03
   7121.80  5.8474854E-03
   7122.00  5.7675943E-03
   7122.20  5.7430709E-03
   7122.40  5.8229785E-03
   7122.60  6.0364568E-03
   7122.80  6.3851354E-03
   7123.00  6.7967964E-03
   7123.20  7.2125358E-03
   7123.40  7.6252189E-03
   7123.60  8.0496571E-03
   7123.80  8.5032914E-03
   7124.00  9.0033340E-03
   7124.20  9.5671186E-03
   7124.40  1.0210889E-02
   7124.60  1.0947705E-02
   7124.80  1.1786086E-02
   7125.00  1.2730946E-02
   7125.20  1.3783415E-02
   7125.40  1.4931817E-02
   7125.60  1.6138539E-02
   7125.80  1.7356400E-02
   7126.00  1.8520993E-02
   7126.20  1.9629609E-02
   7126.40  2.0713547E-02
   7126.60  2.1817445E-02
   7126.80  2.3100733E-02
   7127.00  2.4384237E-02
   7127.20  2.5776696E-02
   7127.40  2.7238055E-02
   7127.60  2.8700999E-02
   7127.80  3.0084091E-02
   7128.00  3.1350310E-02
   7128.20  3.2512338E-02
   7128.40  3.3657083E-02
   7128.60  3.4710799E-02
   7128.80  3.5759862E-02
   7129.00  3.6759989E-02
   7129.20  3.7759947E-02
   7129.40  3.8766251E-02
   7129.60  3.9805334E-02
   7129.80  4.0828153E-02
   7130.00  4.1818108E-02
   7130.20  4.2863306E-02
   7130.40  4.3939073E-02
   7130.60  4.5060681E-02
   7130.80  4.6240696E-02
   7131.00  4.7482917E-02
   7131.20  4.8775361E-02
   7131.40  5.0085842E-02
   7131.60  5.1360849E-02
   7131.80  5.2532456E-02
   7132.00  5.3533757E-02
   7132.20  5.4318348E-02
   7132.40  5.4873788E-02
   7132.60  5.5222178E-02
   7132.80  5.5409579E-02
   7133.00  5.5487859E-02
   7133.20  5.5507562E-02
   7133.40  5.5512846E-02
   7133.60  5.5525803E-02
   7133.80  5.5551592E-02
   7134.00  5.5586341E-02
   7134.20  5.5632559E-02
   7134.40  5.5712897E-02
   7134.60  5.5865943E-02
   7134.80  5.6114523E-02
   7135.00  5.6433740E-02
   7135.20  5.6743712E-02
   7135.40  5.6924687E-02
   7135.60  5.6841574E-02
   7135.80  5.6373867E-02
   7136.00  5.5447742E-02
   7136.20  5.4058276E-02
   7136.40  5.2271230E-02
   7136.60  5.0202605E-02
   7136.80  4.7986662E-02
   7137.00  4.5747831E-02
   7137.20  4.3583458E-02
   7137.40  4.1560230E-02
   7137.60  3.9716900E-02
   7137.80  3.8071816E-02
   7138.00  3.6629789E-02
   7138.20  3.5387352E-02
   7138.40  3.4337202E-02
   7138.60  3.3469643E-02
   7138.80  3.2773796E-02
   7139.00  3.2238179E-02
   7139.20  3.1853563E-02
   7139.40  3.1609265E-02
   7139.60  3.1482964E-02
   7139.80  3.1461767E-02
   7140.00  3.1533166E-02
   7140.20  3.1685484E-02
   7140.40  3.1907709E-02
   7140.60  3.2190106E-02
   7140.80  3.2523979E-02
   7141.00  3.2901805E-02
   7141.20  3.3316819E-02
   7141.40  3.3763216E-02
   7141.60  3.4235655E-02
   7141.80  3.4728758E-02
   7142.00  3.5236787E-02
   7142.20  3.5753109E-02
   7142.40  3.6269552E-02
   7142.60  3.6776585E-02
   7142.80  3.7264337E-02
   7143.00  3.7723042E-02
   7143.20  3.8144136E-02
   7143.40  3.8520988E-02
   7143.60  3.8849606E-02
   7143.80  3.9128846E-02
   7144.00  3.9360181E-02
   7144.20  3.9546725E-02
   7144.40  3.9692533E-02
   7144.60  3.9801840E-02
   7144.80  3.9877960E-02
   7145.00  3.9923307E-02
   7145.20  3.9939049E-02
   7145.40  3.9924869E-02
   7145.60  3.9879134E-02
   7145.80  3.9799335E-02
   7146.00  3.9682550E-02
   7146.20  3.9533990E-02
   7146.40  3.9354077E-02
   7146.60  3.9131958E-02
   7146.80  3.8868541E-02
   7147.00  3.8565962E-02
   7147.20  3.8228026E-02
   7147.40  3.7859827E-02
   7147.60  3.7467409E-02
   7147.80  3.7052516E-02
   7148.00  3.6631459E-02
   7148.20  3.6206330E-02
   7148.40  3.5781727E-02
   7148.60  3.5366241E-02
   7148.80  3.4963165E-02
   7149.00  3.4576426E-02
   7149.20  3.4210791E-02
   7149.40  3.3865741E-02
   7149.60  3.3544709E-02
   7149.80  3.3248527E-02
   7150.00  3.2978045E-02
   7150.20  3.2734030E-02
   7150.40  3.2516520E-02
   7150.60  3.2325498E-02
   7150.80  3.2158299E-02
   7151.00  3.2021185E-02
   7151.20  3.1910069E-02
   7151.40  3.1824667E-02
   7151.60  3.1764551E-02
   7151.80  3.1729516E-02
   7152.00  3.1718866E-02
   7152.20  3.1731838E-02
   7152.40  3.1767670E-02
   7152.60  3.1825504E-02
   7152.80  3.1904478E-02
   7153.00  3.2003305E-02
   7153.20  3.2120614E-02
   7153.40  3.2254961E-02
   7153.60  3.2404857E-02
   7153.80  3.2568484E-02
   7154.00  3.2745747E-02
   7154.20  3.2932558E-02
   7154.40  3.3126503E-02
   7154.60  3.3325338E-02
   7154.80  3.3526800E-02
   7155.00  3.3728640E-02
   7155.20  3.3928860E-02
   7155.40  3.4125516E-02
   7155.60  3.4316879E-02
   7155.80  3.4501489E-02
   7156.00  3.4678187E-02
   7156.20  3.4845745E-02
   7156.40  3.5003277E-02
   7156.60  3.5150163E-02
   7156.80  3.5285916E-02
   7157.00  3.5410123E-02
   7157.20  3.5522577E-02
   7157.40  3.5623243E-02
   7157.60  3.5712284E-02
   7157.80  3.5789905E-02
   7158.00  3.5856345E-02
   7158.20  3.5912060E-02
   7158.40  3.5957622E-02
   7158.60  3.5993615E-02
   7158.80  3.6020524E-02
   7159.00  3.6038950E-02
   7159.20  3.6047967E-02
   7159.40  3.6051173E-02
   7159.60  3.6047643E-02
   7159.80  3.6037695E-02
   7160.00  3.6021626E-02
   7160.20  3.5999765E-02
   7160.40  3.5972060E-02
   7160.60  3.5938488E-02
   7160.80  3.5898948E-02
   7161.00  3.5852947E-02
   7161.20  3.5802750E-02
   7161.40  3.5743968E-02
   7161.60  3.5678535E-02
   7161.80  3.5605429E-02
   7162.00  3.5524950E-02
   7162.20  3.5437857E-02
   7162.40  3.5342061E-02
   7162.60  3.5240089E-02
   7162.80  3.5133985E-02
   7163.00  3.5027535E-02
   7163.20  3.4905690E-02
   7163.40  3.4778582E-02
   7163.60  3.4647693E-02
   7163.80  3.4512077E-02
   7164.00  3.4373931E-02
   7164.20  3.4233460E-02
   7164.40  3.4091517E-02
   7164.60  3.3948421E-02
   7164.80  3.3804557E-02
   7165.00  3.3661026E-02
   7165.20  3.3517449E-02
   7165.40  3.3373980E-02
   7165.60  3.3230721E-02
   7165.80  3.3087756E-02
   7166.00  3.2945368E-02
   7166.20  3.2803677E-02
   7166.40  3.2662164E-02
   7166.60  3.2520796E-02
   7166.80  3.2379593E-02
   7167.00  3.2238433E-02
   7167.20  3.2097089E-02
   7167.40  3.1956083E-02
   7167.60  3.1811020E-02
   7167.80  3.1670561E-02
   7168.00  3.1528831E-02
   7168.20  3.1386726E-02
   7168.40  3.1244277E-02
   7168.60  3.1099238E-02
   7168.80  3.0957270E-02
   7169.00  3.0816267E-02
   7169.20  3.0674820E-02
   7169.40  3.0533693E-02
   7169.60  3.0393303E-02
   7169.80  3.0253750E-02
   7170.00  3.0115218E-02
   7170.20  2.9977840E-02
   7170.40  2.9842261E-02
   7170.60  2.9708528E-02
   7170.80  2.9576720E-02
   7171.00  2.9447035E-02
   7171.20  2.9319691E-02
   7171.40  2.9195029E-02
   7171.60  2.9073338E-02
   7171.80  2.8954856E-02
   7172.00  2.8839755E-02
