  7112.000   26  1  1  2.5758179E-02 -1.8620625E+00 -5.6357449E-01  1  1  7.2651546E+03  0.0000000E+00  0.0000000E+00  3.9948125E+00  1.0000000E+00  0.0000000E+00 = E_edge, Z, n_edge, j_edge, Abs_before_edge, VO_interstitial, E_cut, ninitl, ninit1, Epsii, UnitCell_Volume, Surface_ref, f0_forward, natomsym_f, abs_u_i
    Energy    <xanes>    
   7097.00  2.8299386E-05
   7097.20  2.7775283E-05
   7097.40  2.7854839E-05
   7097.60  3.0071627E-05
   7097.80  7.8508333E-04
   7098.00  3.1032268E-05
   7098.20  2.8574439E-05
   7098.40  2.8725968E-05
   7098.60  2.9468344E-05
   7098.80  3.0623939E-05
   7099.00  3.2237302E-05
   7099.20  3.4450695E-05
   7099.40  3.7521949E-05
   7099.60  4.1901762E-05
   7099.80  4.8420717E-05
   7100.00  5.8720552E-05
   7100.20  7.6444720E-05
   7100.40  1.1121362E-04
   7100.60  1.9460076E-04
   7100.80  5.0209571E-04
   7101.00  7.7252818E-03
   7101.20  3.5647523E-02
   7101.40  6.5955059E-04
   7101.60  2.2935352E-04
   7101.80  1.2966322E-04
   7102.00  9.3942039E-05
   7102.20  8.2628855E-05
   7102.40  9.4748721E-05
   7102.60  2.3333506E-04
   7102.80  3.4110438E-03
   7103.00  1.5157942E-04
   7103.20  1.3123771E-04
   7103.40  5.6743962E-04
   7103.60  7.8551023E-04
   7103.80  8.8492803E-04
   7104.00  9.3508758E-05
   7104.20  6.5096788E-05
   7104.40  5.8960212E-05
   7104.60  6.0135105E-05
   7104.80  6.8998366E-05
   7105.00  1.0500574E-04
   7105.20  9.4895676E-04
   7105.40  2.5277749E-04
   7105.60  1.1099086E-04
   7105.80  1.1512836E-04
   7106.00  3.7970070E-04
   7106.20  3.7385791E-04
   7106.40  5.0843677E-02
   7106.60  1.9881029E-03
   7106.80  2.4896917E-02
   7107.00  2.3286551E-03
   7107.20  1.6070590E-02
   7107.40  3.3939303E-03
   7107.60  9.8101011E-03
   7107.80  1.7018545E-02
   7108.00  1.3334839E-03
   7108.20  4.5724708E-04
   7108.40  2.8630070E-04
   7108.60  1.4328788E-03
   7108.80  3.3719555E-04
   7109.00  6.3561583E-03
   7109.20  1.2348755E-03
   7109.40  4.3269237E-03
   7109.60  3.4920728E-02
   7109.80  1.2092731E-03
   7110.00  8.1634209E-03
   7110.20  1.5430272E-03
   7110.40  2.9886256E-03
   7110.60  2.7758711E-02
   7110.80  7.0976060E-03
   7111.00  1.0812153E-01
   7111.20  5.0442019E-02
   7111.40  6.6628016E-02
   7111.60  3.6266748E-02
   7111.80  1.5198401E-02
   7112.00  8.4393548E-03
   7112.20  7.4288964E-03
   7112.40  8.6572105E-03
   7112.60  1.6713163E-02
   7112.80  2.2677030E-02
   7113.00  3.5370871E-03
   7113.20  1.9000706E-03
   7113.40  1.4588458E-03
   7113.60  1.3526482E-03
   7113.80  1.4899385E-03
   7114.00  7.9921211E-04
   7114.20  5.8198094E-04
   7114.40  5.1904336E-04
   7114.60  5.2018510E-04
   7114.80  7.0358390E-04
   7115.00  4.0019417E-03
   7115.20  1.2035497E-03
   7115.40  4.6699731E-04
   7115.60  3.7147037E-04
   7115.80  3.3490470E-04
   7116.00  3.1805086E-04
   7116.20  3.0995057E-04
   7116.40  3.0709703E-04
   7116.60  3.0821370E-04
   7116.80  3.1292685E-04
   7117.00  3.2136018E-04
   7117.20  3.3400858E-04
   7117.40  3.5174470E-04
   7117.60  3.7589548E-04
   7117.80  4.0839481E-04
   7118.00  4.5197559E-04
   7118.20  5.1026965E-04
   7118.40  5.8732086E-04
   7118.60  6.8517225E-04
   7118.80  7.9771974E-04
   7119.00  9.0280764E-04
   7119.20  9.6690038E-04
   7119.40  9.7143581E-04
   7119.60  9.3080895E-04
   7119.80  8.7450032E-04
   7120.00  8.2421855E-04
   7120.20  7.8965376E-04
   7120.40  7.7356278E-04
   7120.60  7.7627101E-04
   7120.80  7.9780734E-04
   7121.00  8.3844931E-04
   7121.20  8.9853092E-04
   7121.40  9.7861086E-04
   7121.60  1.0812660E-03
   7121.80  1.2134170E-03
   7122.00  1.3864513E-03
   7122.20  1.6154179E-03
   7122.40  1.9199797E-03
   7122.60  2.3271946E-03
   7122.80  2.8778454E-03
   7123.00  3.6262138E-03
   7123.20  4.6432695E-03
   7123.40  6.0142693E-03
   7123.60  7.8138542E-03
   7123.80  1.0066057E-02
   7124.00  1.2675240E-02
   7124.20  1.5544019E-02
   7124.40  1.8587788E-02
   7124.60  2.1231358E-02
   7124.80  2.3297237E-02
   7125.00  2.4410846E-02
   7125.20  2.4665105E-02
   7125.40  2.3497253E-02
   7125.60  2.1271827E-02
   7125.80  1.8941954E-02
   7126.00  1.7067459E-02
   7126.20  1.5722855E-02
   7126.40  1.4858762E-02
   7126.60  1.4412118E-02
   7126.80  1.4336918E-02
   7127.00  1.4598187E-02
   7127.20  1.5172054E-02
   7127.40  1.5974812E-02
   7127.60  1.6978971E-02
   7127.80  1.8229163E-02
   7128.00  1.9909307E-02
   7128.20  2.2003773E-02
   7128.40  2.4867682E-02
   7128.60  2.8736900E-02
   7128.80  3.3678382E-02
   7129.00  3.9396070E-02
   7129.20  4.5252040E-02
   7129.40  5.0680777E-02
   7129.60  5.5529225E-02
   7129.80  5.9921176E-02
   7130.00  6.3997368E-02
   7130.20  6.7835065E-02
   7130.40  7.1473758E-02
   7130.60  7.4905040E-02
   7130.80  7.7950273E-02
   7131.00  8.0119271E-02
   7131.20  8.0780001E-02
   7131.40  7.9666661E-02
   7131.60  7.7208811E-02
   7131.80  7.4315689E-02
   7132.00  7.1950041E-02
   7132.20  7.0860431E-02
   7132.40  7.1376902E-02
   7132.60  7.3127370E-02
   7132.80  7.4989859E-02
   7133.00  7.5795114E-02
   7133.20  7.5187772E-02
   7133.40  7.3584440E-02
   7133.60  7.1564470E-02
   7133.80  6.9519563E-02
   7134.00  6.7635847E-02
   7134.20  6.5972909E-02
   7134.40  6.4527081E-02
   7134.60  6.3265693E-02
   7134.80  6.2142858E-02
   7135.00  6.1106144E-02
   7135.20  6.0098996E-02
   7135.40  5.9062365E-02
   7135.60  5.7937677E-02
   7135.80  5.6673686E-02
   7136.00  5.5236831E-02
   7136.20  5.3621361E-02
   7136.40  5.1855350E-02
   7136.60  4.9997603E-02
   7136.80  4.8125635E-02
   7137.00  4.6316982E-02
   7137.20  4.4641667E-02
   7137.40  4.3150335E-02
   7137.60  4.1871448E-02
   7137.80  4.0815239E-02
   7138.00  3.9977177E-02
   7138.20  3.9343067E-02
   7138.40  3.8893107E-02
   7138.60  3.8601702E-02
   7138.80  3.8447791E-02
   7139.00  3.8412891E-02
   7139.20  3.8480094E-02
   7139.40  3.8634718E-02
   7139.60  3.8864410E-02
   7139.80  3.9158885E-02
   7140.00  3.9509742E-02
   7140.20  3.9910081E-02
   7140.40  4.0354318E-02
   7140.60  4.0837980E-02
   7140.80  4.1357369E-02
   7141.00  4.1908920E-02
   7141.20  4.2497952E-02
   7141.40  4.3102488E-02
   7141.60  4.3727623E-02
   7141.80  4.4367699E-02
   7142.00  4.5015212E-02
   7142.20  4.5660077E-02
   7142.40  4.6289162E-02
   7142.60  4.6886467E-02
   7142.80  4.7432570E-02
   7143.00  4.7904840E-02
   7143.20  4.8278712E-02
   7143.40  4.8528989E-02
   7143.60  4.8631727E-02
   7143.80  4.8566648E-02
   7144.00  4.8319520E-02
   7144.20  4.7884428E-02
   7144.40  4.7264494E-02
   7144.60  4.6472328E-02
   7144.80  4.5529195E-02
   7145.00  4.4468530E-02
   7145.20  4.3344505E-02
   7145.40  4.2166331E-02
   7145.60  4.0961493E-02
   7145.80  3.9754513E-02
   7146.00  3.8566537E-02
   7146.20  3.7415110E-02
   7146.40  3.6313636E-02
   7146.60  3.5271725E-02
   7146.80  3.4295747E-02
   7147.00  3.3389305E-02
   7147.20  3.2553859E-02
   7147.40  3.1788963E-02
   7147.60  3.1092888E-02
   7147.80  3.0463147E-02
   7148.00  2.9896568E-02
   7148.20  2.9389553E-02
   7148.40  2.8938412E-02
   7148.60  2.8539466E-02
   7148.80  2.8189817E-02
   7149.00  2.7885153E-02
   7149.20  2.7621863E-02
   7149.40  2.7396115E-02
   7149.60  2.7204845E-02
   7149.80  2.7044619E-02
   7150.00  2.6912679E-02
   7150.20  2.6806073E-02
   7150.40  2.6721993E-02
   7150.60  2.6657920E-02
   7150.80  2.6611243E-02
   7151.00  2.6579292E-02
   7151.20  2.6559470E-02
   7151.40  2.6550510E-02
   7151.60  2.6547039E-02
   7151.80  2.6547434E-02
   7152.00  2.6548725E-02
   7152.20  2.6547854E-02
   7152.40  2.6542973E-02
   7152.60  2.6529975E-02
   7152.80  2.6504958E-02
   7153.00  2.6464949E-02
   7153.20  2.6407383E-02
   7153.40  2.6330409E-02
   7153.60  2.6232615E-02
   7153.80  2.6106363E-02
   7154.00  2.5964548E-02
   7154.20  2.5802200E-02
   7154.40  2.5620715E-02
   7154.60  2.5422001E-02
   7154.80  2.5208109E-02
   7155.00  2.4980934E-02
   7155.20  2.4742313E-02
   7155.40  2.4489362E-02
   7155.60  2.4232366E-02
   7155.80  2.3968816E-02
   7156.00  2.3698040E-02
   7156.20  2.3421389E-02
   7156.40  2.3138831E-02
   7156.60  2.2850342E-02
   7156.80  2.2555730E-02
   7157.00  2.2254693E-02
   7157.20  2.1946900E-02
   7157.40  2.1634506E-02
   7157.60  2.1312580E-02
   7157.80  2.0981889E-02
   7158.00  2.0645813E-02
   7158.20  2.0303001E-02
   7158.40  1.9954181E-02
   7158.60  1.9600466E-02
   7158.80  1.9243409E-02
   7159.00  1.8885057E-02
   7159.20  1.8527895E-02
   7159.40  1.8174967E-02
   7159.60  1.7829977E-02
   7159.80  1.7496524E-02
   7160.00  1.7178836E-02
   7160.20  1.6881261E-02
   7160.40  1.6607804E-02
   7160.60  1.6362304E-02
   7160.80  1.6147054E-02
   7161.00  1.5961901E-02
   7161.20  1.5803520E-02
   7161.40  1.5664797E-02
   7161.60  1.5535309E-02
   7161.80  1.5402316E-02
   7162.00  1.5255348E-02
   7162.20  1.5085832E-02
   7162.40  1.4891239E-02
   7162.60  1.4674871E-02
   7162.80  1.4443687E-02
   7163.00  1.4206497E-02
   7163.20  1.3971738E-02
   7163.40  1.3746943E-02
   7163.60  1.3537481E-02
   7163.80  1.3346866E-02
   7164.00  1.3177288E-02
   7164.20  1.3030077E-02
   7164.40  1.2906449E-02
   7164.60  1.2806476E-02
   7164.80  1.2727952E-02
   7165.00  1.2673651E-02
   7165.20  1.2648110E-02
   7165.40  1.2648417E-02
   7165.60  1.2675375E-02
   7165.80  1.2729992E-02
   7166.00  1.2813319E-02
   7166.20  1.2926444E-02
   7166.40  1.3070425E-02
   7166.60  1.3246321E-02
   7166.80  1.3455126E-02
   7167.00  1.3697648E-02
   7167.20  1.3974473E-02
   7167.40  1.4285983E-02
   7167.60  1.4632284E-02
   7167.80  1.5013170E-02
   7168.00  1.5428209E-02
   7168.20  1.5876480E-02
   7168.40  1.6356833E-02
   7168.60  1.6867769E-02
   7168.80  1.7407522E-02
   7169.00  1.7974056E-02
   7169.20  1.8566370E-02
   7169.40  1.9180839E-02
   7169.60  1.9815119E-02
   7169.80  2.0466608E-02
   7170.00  2.1132682E-02
   7170.20  2.1810758E-02
   7170.40  2.2498117E-02
   7170.60  2.3192196E-02
   7170.80  2.3890500E-02
   7171.00  2.4590588E-02
   7171.20  2.5290174E-02
   7171.40  2.5987321E-02
   7171.60  2.6679835E-02
   7171.80  2.7365675E-02
   7172.00  2.8042861E-02
