  7112.000   26  1  1  1.2010158E-02 -4.2869024E+00 -2.9238647E-01  1  1  7.2655142E+03  0.0000000E+00  0.0000000E+00  3.8112297E+00  1.0000000E+00  0.0000000E+00 = E_edge, Z, n_edge, j_edge, Abs_before_edge, VO_interstitial, E_cut, ninitl, ninit1, Epsii, UnitCell_Volume, Surface_ref, f0_forward, natomsym_f, abs_u_i
    Energy    <xanes>    
   7097.00  2.6918010E-05
   7097.20  2.7105699E-05
   7097.40  2.7573744E-05
   7097.60  2.8498748E-05
   7097.80  3.0299839E-05
   7098.00  3.4168506E-05
   7098.20  4.4771847E-05
   7098.40  9.9241697E-05
   7098.60  7.1605037E-03
   7098.80  3.6776127E-04
   7099.00  1.3620987E-04
   7099.20  4.7776766E-05
   7099.40  3.6556186E-05
   7099.60  3.3444572E-05
   7099.80  3.3052511E-05
   7100.00  3.5008323E-05
   7100.20  4.4138019E-05
   7100.40  2.7130248E-04
   7100.60  1.7885229E-04
   7100.80  4.6690393E-05
   7101.00  4.2107259E-05
   7101.20  4.5977939E-05
   7101.40  6.0582730E-05
   7101.60  1.5392420E-04
   7101.80  2.4070099E-03
   7102.00  1.1594253E-04
   7102.20  9.3627807E-05
   7102.40  3.9767431E-04
   7102.60  7.6088285E-04
   7102.80  9.1594771E-04
   7103.00  7.0569731E-04
   7103.20  3.1344113E-04
   7103.40  1.4346204E-04
   7103.60  1.6934070E-04
   7103.80  4.8204851E-04
   7104.00  6.1278604E-04
   7104.20  8.3263963E-03
   7104.40  6.9488528E-02
   7104.60  1.5738390E-03
   7104.80  7.9058499E-04
   7105.00  9.5519419E-04
   7105.20  4.0703310E-03
   7105.40  2.9651003E-03
   7105.60  3.3209273E-04
   7105.80  4.3302668E-04
   7106.00  1.1790246E-03
   7106.20  2.0739793E-02
   7106.40  4.7788136E-02
   7106.60  2.5061651E-03
   7106.80  3.7684323E-03
   7107.00  4.6122317E-03
   7107.20  1.2813048E-03
   7107.40  3.4152721E-03
   7107.60  4.3123781E-03
   7107.80  4.7269346E-03
   7108.00  1.5881417E-02
   7108.20  3.9531461E-02
   7108.40  2.4944536E-03
   7108.60  3.1161907E-03
   7108.80  2.1571570E-02
   7109.00  1.7210734E-02
   7109.20  1.2368161E-02
   7109.40  1.0521948E-02
   7109.60  1.2273583E-02
   7109.80  2.9857240E-02
   7110.00  7.0167865E-02
   7110.20  2.6794301E-02
   7110.40  1.1423987E-02
   7110.60  6.4233888E-03
   7110.80  5.6774594E-03
   7111.00  8.0999744E-03
   7111.20  9.3608545E-03
   7111.40  1.6590373E-02
   7111.60  1.0645298E-02
   7111.80  7.5899496E-03
   7112.00  7.3143808E-03
   7112.20  8.8988687E-03
   7112.40  1.0216290E-02
   7112.60  6.4443311E-03
   7112.80  3.0267334E-03
   7113.00  1.7264346E-03
   7113.20  1.2499104E-03
   7113.40  1.0810587E-03
   7113.60  1.0313974E-03
   7113.80  1.0930252E-03
   7114.00  2.1686871E-03
   7114.20  4.0150999E-03
   7114.40  9.6308965E-03
   7114.60  1.4398969E-03
   7114.80  6.3359758E-04
   7115.00  4.2351291E-04
   7115.20  3.3851397E-04
   7115.40  2.9704332E-04
   7115.60  2.7624908E-04
   7115.80  2.6814831E-04
   7116.00  2.6995214E-04
   7116.20  2.8132701E-04
   7116.40  3.0363491E-04
   7116.60  3.3974076E-04
   7116.80  3.9303176E-04
   7117.00  4.6240156E-04
   7117.20  5.3250390E-04
   7117.40  5.8419579E-04
   7117.60  6.2098704E-04
   7117.80  6.5020312E-04
   7118.00  6.7235691E-04
   7118.20  6.8796961E-04
   7118.40  6.9985241E-04
   7118.60  7.1235516E-04
   7118.80  7.3077773E-04
   7119.00  7.5822732E-04
   7119.20  7.9786689E-04
   7119.40  8.5107819E-04
   7119.60  9.1757619E-04
   7119.80  9.9562596E-04
   7120.00  1.0831984E-03
   7120.20  1.1801209E-03
   7120.40  1.2903395E-03
   7120.60  1.4220906E-03
   7120.80  1.5793728E-03
   7121.00  1.7322273E-03
   7121.20  1.8102038E-03
   7121.40  1.8316328E-03
   7121.60  1.8842318E-03
   7121.80  1.9950754E-03
   7122.00  2.1628629E-03
   7122.20  2.3909794E-03
   7122.40  2.6823330E-03
   7122.60  3.0488102E-03
   7122.80  3.5098940E-03
   7123.00  4.0875086E-03
   7123.20  4.7552486E-03
   7123.40  5.4055199E-03
   7123.60  6.0089604E-03
   7123.80  6.5911199E-03
   7124.00  7.1758051E-03
   7124.20  7.7470961E-03
   7124.40  8.2725152E-03
   7124.60  8.7097307E-03
   7124.80  9.0322614E-03
   7125.00  9.2248867E-03
   7125.20  9.3204702E-03
   7125.40  9.3855623E-03
   7125.60  9.5480778E-03
   7125.80  9.9796424E-03
   7126.00  1.0856974E-02
   7126.20  1.2312511E-02
   7126.40  1.4374152E-02
   7126.60  1.6886598E-02
   7126.80  1.9454856E-02
   7127.00  2.1505666E-02
   7127.20  2.2588925E-02
   7127.40  2.2750915E-02
   7127.60  2.2429711E-02
   7127.80  2.2023111E-02
   7128.00  2.1643913E-02
   7128.20  2.1374695E-02
   7128.40  2.1375117E-02
   7128.60  2.1928031E-02
   7128.80  2.3105415E-02
   7129.00  2.4729743E-02
   7129.20  2.6665341E-02
   7129.40  2.8874141E-02
   7129.60  3.1344837E-02
   7129.80  3.4053736E-02
   7130.00  3.6956977E-02
   7130.20  3.9988333E-02
   7130.40  4.3051176E-02
   7130.60  4.6022956E-02
   7130.80  4.8784233E-02
   7131.00  5.1260651E-02
   7131.20  5.3447906E-02
   7131.40  5.5400976E-02
   7131.60  5.7200373E-02
   7131.80  5.8918810E-02
   7132.00  6.0604480E-02
   7132.20  6.2278156E-02
   7132.40  6.3934935E-02
   7132.60  6.5533642E-02
   7132.80  6.6944998E-02
   7133.00  6.7849943E-02
   7133.20  6.7755675E-02
   7133.40  6.6512943E-02
   7133.60  6.5579450E-02
   7133.80  6.6317873E-02
   7134.00  6.8193408E-02
   7134.20  7.0627004E-02
   7134.40  7.2982608E-02
   7134.60  7.4317818E-02
   7134.80  7.4077308E-02
   7135.00  7.2465263E-02
   7135.20  7.0012236E-02
   7135.40  6.7186263E-02
   7135.60  6.4306187E-02
   7135.80  6.1544918E-02
   7136.00  5.8982150E-02
   7136.20  5.6641323E-02
   7136.40  5.4517917E-02
   7136.60  5.2598329E-02
   7136.80  5.0869921E-02
   7137.00  4.9323640E-02
   7137.20  4.7952228E-02
   7137.40  4.6747521E-02
   7137.60  4.5699150E-02
   7137.80  4.4794768E-02
   7138.00  4.4021538E-02
   7138.20  4.3367609E-02
   7138.40  4.2822913E-02
   7138.60  4.2379285E-02
   7138.80  4.2029911E-02
   7139.00  4.1768520E-02
   7139.20  4.1588526E-02
   7139.40  4.1482663E-02
   7139.60  4.1443405E-02
   7139.80  4.1463564E-02
   7140.00  4.1536767E-02
   7140.20  4.1658558E-02
   7140.40  4.1835662E-02
   7140.60  4.2050202E-02
   7140.80  4.2310074E-02
   7141.00  4.2614258E-02
   7141.20  4.2959597E-02
   7141.40  4.3339587E-02
   7141.60  4.3743539E-02
   7141.80  4.4156266E-02
   7142.00  4.4558832E-02
   7142.20  4.4930330E-02
   7142.40  4.5250499E-02
   7142.60  4.5498505E-02
   7142.80  4.5674626E-02
   7143.00  4.5775791E-02
   7143.20  4.5805549E-02
   7143.40  4.5772519E-02
   7143.60  4.5688201E-02
   7143.80  4.5564689E-02
   7144.00  4.5412647E-02
   7144.20  4.5240230E-02
   7144.40  4.5052606E-02
   7144.60  4.4852210E-02
   7144.80  4.4639589E-02
   7145.00  4.4414022E-02
   7145.20  4.4174578E-02
   7145.40  4.3920937E-02
   7145.60  4.3653797E-02
   7145.80  4.3375089E-02
   7146.00  4.3088108E-02
   7146.20  4.2797230E-02
   7146.40  4.2507529E-02
   7146.60  4.2224435E-02
   7146.80  4.1953360E-02
   7147.00  4.1699431E-02
   7147.20  4.1467157E-02
   7147.40  4.1260187E-02
   7147.60  4.1076066E-02
   7147.80  4.0927757E-02
   7148.00  4.0810593E-02
   7148.20  4.0725153E-02
   7148.40  4.0670879E-02
   7148.60  4.0646421E-02
   7148.80  4.0649842E-02
   7149.00  4.0678696E-02
   7149.20  4.0730192E-02
   7149.40  4.0801483E-02
   7149.60  4.0889966E-02
   7149.80  4.0993446E-02
   7150.00  4.1110694E-02
   7150.20  4.1241327E-02
   7150.40  4.1385976E-02
   7150.60  4.1542371E-02
   7150.80  4.1741922E-02
   7151.00  4.1922495E-02
   7151.20  4.2129959E-02
   7151.40  4.2342589E-02
   7151.60  4.2568069E-02
   7151.80  4.2801984E-02
   7152.00  4.3037936E-02
   7152.20  4.3267612E-02
   7152.40  4.3480968E-02
   7152.60  4.3666832E-02
   7152.80  4.3813564E-02
   7153.00  4.3909588E-02
   7153.20  4.3951349E-02
   7153.40  4.3913905E-02
   7153.60  4.3799231E-02
   7153.80  4.3603158E-02
   7154.00  4.3317104E-02
   7154.20  4.2953633E-02
   7154.40  4.2514738E-02
   7154.60  4.2005355E-02
   7154.80  4.1433427E-02
   7155.00  4.0808816E-02
   7155.20  4.0142717E-02
   7155.40  3.9444925E-02
   7155.60  3.8725561E-02
   7155.80  3.7993953E-02
   7156.00  3.7259053E-02
   7156.20  3.6527604E-02
   7156.40  3.5805264E-02
   7156.60  3.5096696E-02
   7156.80  3.4405257E-02
   7157.00  3.3733855E-02
   7157.20  3.3083260E-02
   7157.40  3.2453916E-02
   7157.60  3.1845730E-02
   7157.80  3.1258125E-02
   7158.00  3.0690217E-02
   7158.20  3.0141028E-02
   7158.40  2.9607762E-02
   7158.60  2.9092935E-02
   7158.80  2.8593512E-02
   7159.00  2.8108878E-02
   7159.20  2.7638843E-02
   7159.40  2.7183531E-02
   7159.60  2.6743291E-02
   7159.80  2.6318343E-02
   7160.00  2.5910842E-02
   7160.20  2.5519662E-02
   7160.40  2.5150650E-02
   7160.60  2.4802179E-02
   7160.80  2.4474825E-02
   7161.00  2.4168767E-02
   7161.20  2.3884098E-02
   7161.40  2.3619934E-02
   7161.60  2.3374903E-02
   7161.80  2.3147460E-02
   7162.00  2.2935700E-02
   7162.20  2.2737394E-02
   7162.40  2.2550071E-02
   7162.60  2.2371108E-02
   7162.80  2.2197838E-02
   7163.00  2.2027753E-02
   7163.20  2.1858542E-02
   7163.40  2.1687654E-02
   7163.60  2.1513156E-02
   7163.80  2.1333501E-02
   7164.00  2.1147541E-02
   7164.20  2.0954550E-02
   7164.40  2.0754307E-02
   7164.60  2.0546988E-02
   7164.80  2.0333067E-02
   7165.00  2.0113368E-02
   7165.20  1.9889256E-02
   7165.40  1.9661821E-02
   7165.60  1.9432456E-02
   7165.80  1.9202743E-02
   7166.00  1.8974300E-02
   7166.20  1.8748840E-02
   7166.40  1.8528033E-02
   7166.60  1.8313531E-02
   7166.80  1.8106879E-02
   7167.00  1.7909505E-02
   7167.20  1.7722731E-02
   7167.40  1.7547756E-02
   7167.60  1.7385774E-02
   7167.80  1.7237438E-02
   7168.00  1.7103479E-02
   7168.20  1.6984519E-02
   7168.40  1.6880925E-02
   7168.60  1.6792985E-02
   7168.80  1.6720978E-02
   7169.00  1.6665260E-02
   7169.20  1.6625515E-02
   7169.40  1.6601709E-02
   7169.60  1.6593665E-02
   7169.80  1.6601218E-02
   7170.00  1.6623970E-02
   7170.20  1.6661420E-02
   7170.40  1.6713143E-02
   7170.60  1.6778826E-02
   7170.80  1.6857874E-02
   7171.00  1.6949773E-02
   7171.20  1.7054036E-02
   7171.40  1.7170182E-02
   7171.60  1.7297997E-02
   7171.80  1.7437005E-02
   7172.00  1.7586804E-02
